1	130	2.75	4.689
2	133	2.66	6.039
3	136	2.72	5.797
4	133	2.61	6.074
5	132	2.92	5.108
6	132	2.25	5.922
7	135	2.30	6.087
8	133	2.24	5.432
9	136	2.87	5.968
10	138	3.06	6.727
11	137	3.03	6.281
12	138	3.05	6.752
13	137	2.65	6.508
14	136	2.97	5.652
15	133	2.24	5.519
16	132	2.43	5.159
17	130	2.04	5.465
18	130	2.20	4.764
19	132	2.16	5.846
20	129	2.88	4.940
21	126	1.85	4.360
22	126	2.62	4.657
23	125	2.72	4.389
24	125	2.37	4.452
25	126	2.17	4.198
26	125	2.33	4.498
27	122	2.45	4.237
28	124	2.07	4.880
29	122	2.70	4.081
30	120	2.47	4.435
31	120	2.14	4.104
32	122	2.26	4.614
33	122	2.42	3.858
34	125	2.15	4.028
35	126	2.07	4.363
36	125	2.03	4.131
37	124	1.87	4.440
38	125	2.21	4.678
39	128	2.72	5.376
40	125	2.52	4.443
41	124	1.77	4.017
42	123	2.16	4.722
43	123	1.94	4.425
44	125	1.88	4.174
45	128	2.61	4.719
46	130	2.90	4.946
47	133	2.71	5.356
48	136	2.87	6.513
49	133	2.74	5.489
50	132	2.55	5.790
51	132	2.71	5.362
52	131	2.89	5.717
53	133	2.26	5.461
54	134	2.26	6.039
55	133	2.82	5.352
56	133	2.38	5.975
57	131	2.22	5.000
58	132	2.10	5.723
59	134	2.33	6.270
60	133	2.80	5.186
61	133	2.19	5.722
62	133	2.75	5.600
63	130	2.43	5.512
64	127	2.84	4.620
65	126	2.71	4.945
66	128	2.83	5.106
67	130	2.91	4.778
68	131	2.45	5.057
69	133	2.24	5.863
70	133	2.94	6.075
71	136	2.26	5.846
72	137	2.34	6.625
73	138	3.07	6.044
74	140	2.41	6.452
75	140	2.49	6.451
76	138	2.65	6.381
77	141	2.99	7.230
78	139	2.42	6.556
79	141	3.33	6.839
80	142	2.90	7.198
81	144	2.68	7.596
82	147	3.24	8.050
83	148	3.31	9.080
84	149	2.78	9.288
85	151	3.07	9.205
86	151	2.99	9.442
87	153	3.59	10.112
88	156	3.39	10.910
89	159	3.49	11.597
90	161	4.19	12.577
91	163	3.89	13.407
92	163	4.03	13.028
93	165	4.04	14.310
94	163	3.46	13.286
95	161	4.00	12.727
96	161	4.06	12.363
97	159	3.86	11.458
98	161	3.81	12.791
99	164	3.71	13.899
100	166	4.20	14.728
101	165	3.93	14.444
102	163	3.39	13.794
103	166	4.31	14.738
104	165	3.61	14.396
105	168	4.48	15.846
106	167	4.18	15.334
107	165	4.38	14.562
108	162	4.15	13.197
109	159	3.52	11.587
110	160	3.88	12.305
111	158	3.49	11.095
112	158	3.24	12.004
113	160	3.77	11.962
114	161	3.75	13.011
115	164	3.55	14.211
116	161	3.65	12.283
117	164	4.18	14.208
118	161	4.08	13.119
119	160	3.66	12.527
120	163	3.88	13.899
121	160	3.72	11.953
122	161	4.04	12.540
123	163	4.17	13.788
124	161	3.77	12.511
125	158	3.46	11.601
126	160	3.93	11.952
127	160	3.35	12.616
128	163	3.45	13.504
129	161	3.98	12.827
130	163	3.95	12.974
131	161	3.56	12.474
132	161	3.54	12.706
133	163	3.82	13.439
134	165	4.24	14.721
135	163	4.18	12.970
136	165	4.22	14.024
137	164	4.02	13.763
138	162	3.51	13.497
139	159	3.22	12.139
140	162	3.58	13.209
141	162	3.84	12.770
142	162	3.59	13.204
143	162	3.43	12.786
144	160	3.30	11.798
145	161	3.29	13.037
146	163	3.70	13.048
147	161	3.30	12.702
148	158	3.69	11.212
149	157	3.81	11.572
150	155	3.52	10.974
151	157	3.09	11.133
152	157	3.72	11.693
153	157	3.61	11.670
154	154	3.29	9.997
155	155	3.11	10.145
156	156	3.19	10.970
157	155	3.00	10.939
158	152	3.02	9.590
159	149	3.52	8.597
160	149	3.62	8.573
161	150	3.43	8.920
162	151	3.26	9.214
163	153	2.92	9.570
164	150	3.21	8.720
165	148	3.42	8.287
166	148	2.64	8.891
167	149	3.52	8.450
168	146	3.25	8.479
169	143	3.05	7.041
170	146	3.32	7.951
171	148	2.95	8.371
172	145	3.24	7.823
173	142	2.50	7.599
174	141	2.54	6.699
175	144	3.18	7.382
176	145	2.90	8.292
177	145	2.95	8.267
178	147	2.95	8.153
179	144	2.60	7.179
180	147	3.40	8.495
181	149	3.45	8.414
182	149	3.48	8.384
183	149	3.31	8.373
184	148	3.27	8.961
185	150	3.69	8.715
186	148	3.61	8.406
187	147	3.45	8.207
188	145	3.18	7.466
189	142	2.63	7.614
190	140	3.00	6.820
191	141	2.49	6.644
192	140	2.91	6.613
193	143	2.74	7.235
194	141	3.23	7.511
195	141	2.93	7.057
196	138	2.75	6.942
197	135	2.25	5.707
198	135	2.61	5.650
199	135	2.79	5.894
200	133	2.79	5.130
201	134	2.62	5.796
202	132	2.94	5.174
203	131	2.33	4.991
204	133	2.31	5.471
205	130	1.97	5.637
206	133	2.71	5.634
207	135	2.18	5.499
208	135	2.64	5.583
209	138	2.45	6.734
210	141	2.35	7.360
211	142	3.02	6.996
212	143	3.09	7.881
213	144	3.09	7.841
214	146	2.77	8.278
215	147	3.07	7.999
216	149	2.73	8.642
217	146	2.63	8.594
218	147	3.23	8.438
219	147	3.02	8.686
220	149	2.85	8.550
221	152	3.46	9.840
222	151	3.50	9.801
223	153	3.47	10.258
224	151	3.32	9.744
225	154	3.30	10.075
226	154	3.48	9.928
227	152	3.22	10.161
228	154	2.92	10.088
229	151	3.26	9.842
230	153	3.72	10.017
231	156	3.42	10.651
232	153	3.16	10.252
233	150	2.75	9.447
234	151	3.36	9.506
235	149	3.09	8.593
236	150	2.85	8.998
237	150	2.77	9.335
238	150	3.67	9.027
239	153	3.58	10.166
240	154	2.97	10.437
241	151	3.46	9.851
242	150	3.01	9.561
243	152	3.39	9.940
244	151	3.75	9.530
245	151	2.90	9.249
246	150	3.29	9.128
247	151	3.53	9.276
248	148	2.98	8.311
249	151	3.69	9.205
250	151	2.95	9.672
251	152	3.12	9.779
252	154	3.22	9.930
253	155	3.48	10.163
254	157	3.52	11.640
255	157	3.96	11.646
256	160	3.47	12.285
257	160	3.60	12.199
258	160	3.57	12.495
259	157	3.40	11.242
260	156	3.25	11.074
261	155	3.40	10.383
262	152	3.06	9.417
263	151	3.16	9.379
264	154	3.00	10.101
265	155	3.23	10.241
266	157	3.18	10.951
267	160	3.88	12.149
268	157	3.48	11.559
269	155	3.79	10.813
270	156	3.55	10.853
271	156	3.29	10.847
272	154	2.98	10.051
273	153	3.04	10.409
274	151	3.09	9.481
275	153	3.56	10.125
276	155	3.25	10.582
277	157	3.42	11.206
278	160	3.50	11.785
279	157	3.39	11.065
280	157	3.64	11.589
281	160	3.52	12.748
282	161	4.14	12.867
283	163	3.97	13.361
284	162	4.00	13.127
285	162	3.91	13.264
286	163	4.33	13.459
287	160	4.17	12.746
288	157	3.99	11.674
289	158	4.07	11.066
290	159	3.53	11.530
291	160	4.17	11.982
292	162	4.20	12.531
293	160	3.94	12.157
294	162	3.67	12.602
295	163	4.20	13.906
296	161	3.66	13.020
297	158	4.09	11.776
298	158	3.34	11.794
299	158	3.95	11.080
300	161	3.43	12.200
301	164	3.84	14.152
302	163	3.39	13.232
303	160	4.06	12.733
304	163	3.45	13.780
305	166	3.73	14.852
306	168	4.65	15.627
307	170	4.55	16.312
308	172	4.17	17.755
309	171	4.68	17.232
310	173	4.11	18.163
311	175	4.64	19.457
312	178	5.13	20.945
313	179	5.12	21.817
314	176	4.73	19.989
315	176	4.99	20.223
316	176	5.13	20.168
317	178	4.53	21.399
318	178	5.17	21.481
319	175	4.94	19.596
320	172	4.17	17.281
321	175	4.30	19.226
322	178	4.50	21.544
323	178	5.04	21.705
324	178	4.98	20.797
325	177	5.01	21.116
326	177	4.46	20.578
327	174	4.36	19.291
328	177	4.39	20.489
329	179	4.48	21.845
330	180	5.41	22.729
331	180	5.15	23.138
332	178	4.94	21.372
333	176	4.99	20.048
334	176	4.56	20.230
335	178	4.51	21.343
336	181	5.25	23.010
337	182	5.47	23.933
338	183	5.49	24.999
339	183	4.94	24.912
340	186	5.87	27.799
341	185	5.67	26.904
342	183	4.90	24.578
343	180	5.45	22.997
344	183	5.31	25.215
345	180	4.57	23.020
346	181	5.46	23.606
347	181	5.23	23.124
348	180	5.07	22.554
349	178	4.81	21.058
350	177	4.91	20.463
351	179	4.96	21.644
352	182	5.39	24.161
353	180	4.97	22.297
354	177	5.17	21.055
355	177	4.65	20.613
356	177	4.62	20.536
357	177	5.19	20.834
358	175	4.62	19.640
359	175	4.14	19.148
360	175	4.95	19.886
361	178	4.87	21.598
362	178	5.04	21.562
363	177	4.29	20.732
364	180	4.51	22.503
365	183	5.32	24.463
366	184	5.62	25.240
367	185	5.40	26.176
368	185	5.46	26.197
369	185	5.51	26.288
370	183	5.48	25.216
371	181	5.09	23.246
372	179	4.62	21.498
373	182	5.46	24.537
374	183	5.33	25.365
375	182	5.23	23.666
376	184	4.93	25.640
377	184	4.99	25.317
378	181	5.15	23.358
379	184	5.15	25.879
380	186	5.77	26.938
381	188	5.63	29.179
382	187	5.95	27.927
383	186	5.93	27.292
384	185	4.92	26.251
385	183	5.69	25.346
386	181	5.48	23.150
387	182	5.42	24.033
388	179	4.71	21.599
389	182	4.94	24.150
390	183	4.83	24.763
391	181	5.01	23.502
392	178	5.20	21.523
393	176	4.86	19.935
394	178	5.11	21.219
395	177	5.18	20.566
396	175	5.12	19.243
397	177	5.22	20.985
398	175	4.90	19.818
399	172	4.59	17.285
400	171	4.35	17.379
401	173	4.41	17.865
402	174	4.83	18.384
403	173	4.96	17.765
404	170	4.59	16.509
405	170	4.06	16.266
406	172	4.17	17.883
407	169	4.00	16.023
408	166	3.91	14.979
409	164	3.81	14.323
410	163	3.96	13.156
411	165	3.65	14.154
412	164	4.39	14.010
413	166	4.37	14.986
414	168	3.86	15.322
415	171	3.87	17.462
416	171	4.47	17.171
417	169	4.40	15.970
418	167	4.40	15.419
419	166	3.79	14.434
420	168	3.75	15.766
421	171	4.72	17.154
422	170	4.40	16.869
423	172	4.09	17.191
424	169	4.26	16.259
425	172	4.61	17.617
426	170	4.01	16.918
427	169	4.44	16.328
428	169	4.57	16.420
429	166	4.33	14.954
430	168	4.65	15.497
431	165	4.31	14.599
432	163	3.48	13.668
433	166	3.90	14.377
434	165	4.17	14.628
435	166	3.58	14.864
436	169	4.63	15.712
437	172	4.11	17.415
438	171	4.34	17.480
439	174	4.92	19.036
440	176	5.12	19.774
441	174	5.06	19.228
442	175	4.14	18.970
443	175	4.83	19.197
444	173	4.13	17.765
445	174	4.09	18.353
446	173	4.64	18.684
447	175	4.81	19.869
448	173	4.96	18.375
449	173	4.93	17.962
450	172	4.54	17.907
451	172	4.83	17.357
452	174	5.05	18.784
453	174	4.65	19.183
454	173	4.27	17.868
455	170	4.13	16.776
456	168	3.69	15.523
457	169	4.00	15.640
458	168	3.87	15.438
459	165	3.75	14.257
460	163	3.39	13.566
461	163	3.90	13.041
462	166	4.32	14.404
463	168	4.23	15.299
464	165	3.55	14.055
465	162	3.68	13.216
466	161	4.27	12.772
467	160	3.44	11.989
468	159	3.83	11.755
469	157	3.93	11.663
470	159	3.45	11.726
471	160	4.05	12.108
472	160	3.70	12.088
473	157	3.76	10.976
474	160	3.62	12.405
475	160	4.00	12.581
476	161	3.55	12.584
477	158	3.39	11.068
478	161	3.85	12.337
479	161	3.70	12.944
480	162	3.65	13.395
481	165	4.24	14.093
482	165	3.60	14.626
483	164	3.56	13.835
484	162	3.45	12.638
485	161	4.18	12.769
486	160	3.95	12.304
487	158	3.26	11.258
488	156	3.35	11.315
489	154	3.05	10.227
490	155	3.65	10.664
491	153	3.37	9.453
492	154	3.44	9.840
493	156	3.02	11.106
494	154	3.51	10.591
495	157	3.68	11.592
496	159	3.34	12.153
497	161	4.18	12.402
498	162	3.84	12.979
499	164	3.49	13.331
500	162	3.92	13.239
501	159	3.33	12.067
502	156	3.04	10.955
503	158	3.21	11.760
504	160	3.63	12.117
505	161	3.46	12.676
506	163	3.46	13.666
507	163	4.10	13.586
508	162	3.41	12.585
509	165	4.47	13.948
510	165	3.83	13.785
511	164	3.95	13.331
512	167	4.47	14.787
513	167	3.92	15.554
514	166	3.95	14.741
515	169	4.54	16.021
516	168	4.27	15.935
517	170	4.06	17.059
518	169	4.12	15.878
519	170	3.89	16.978
520	171	3.98	17.435
521	174	4.50	19.119
522	177	4.88	21.044
523	178	5.22	21.657
524	177	4.35	21.086
525	178	5.18	20.943
526	178	4.40	21.240
527	180	5.32	22.183
528	181	4.91	23.134
529	184	5.72	25.700
530	182	5.15	24.183
531	183	4.81	24.880
532	181	4.96	23.372
533	184	5.78	25.357
534	184	5.29	25.561
535	183	4.96	24.867
536	180	5.19	22.723
537	182	4.85	23.764
538	184	5.00	25.277
539	183	5.68	24.828
540	181	5.18	23.057
541	183	5.23	24.755
542	184	4.84	26.015
543	181	4.79	23.757
544	182	5.21	23.818
545	181	5.25	23.356
546	182	5.64	23.946
547	181	4.82	23.620
548	181	4.69	23.826
549	183	5.18	25.145
550	181	5.42	23.512
551	184	4.96	25.726
552	183	5.33	25.169
553	183	4.74	25.249
554	185	5.68	26.523
555	185	5.59	26.220
556	187	5.41	28.163
557	190	5.73	30.726
558	193	6.20	34.313
559	196	6.76	37.727
560	198	6.21	40.092
561	195	6.06	36.354
562	194	6.05	35.027
563	191	6.12	31.530
564	194	6.46	35.601
565	194	6.63	34.718
566	196	6.84	37.481
567	197	6.65	38.855
568	200	7.15	42.693
569	197	6.29	38.734
570	198	6.68	40.325
571	198	6.68	39.674
572	197	6.80	39.088
573	195	6.22	36.528
574	192	5.56	32.878
575	190	5.90	31.279
576	188	5.84	29.106
577	188	5.47	29.227
578	185	5.52	26.791
579	182	5.11	24.424
580	183	4.83	24.359
581	184	4.94	25.465
582	181	5.37	23.431
583	181	4.81	23.602
584	179	5.21	22.009
585	180	4.61	22.653
586	180	5.27	22.567
587	180	4.77	22.819
588	183	5.16	24.909
589	181	5.50	23.793
590	181	5.20	22.928
591	182	4.78	24.248
592	179	5.28	21.453
593	180	4.84	22.840
594	180	4.89	22.758
595	182	5.13	24.181
596	181	5.27	22.936
597	178	5.09	21.096
598	178	4.81	21.614
599	176	4.47	19.757
600	179	4.92	22.213
601	181	5.03	23.637
602	181	5.11	23.832
603	178	4.87	21.628
604	176	5.08	19.825
605	178	4.44	21.540
606	179	5.11	21.628
607	177	4.41	20.816
608	176	4.63	19.557
609	179	4.82	21.840
610	180	4.72	22.522
611	182	5.21	24.115
612	184	5.55	26.035
613	185	5.77	26.209
614	185	4.96	26.320
615	188	6.12	28.587
616	188	5.61	29.123
617	187	5.85	28.355
618	186	4.99	27.406
619	187	5.67	28.158
620	189	6.22	29.549
621	189	5.71	29.668
622	189	5.91	30.253
623	188	5.81	29.194
624	190	5.80	31.410
625	189	5.37	29.509
626	192	6.39	32.568
627	195	6.34	36.468
628	195	6.75	36.367
629	195	6.40	36.607
630	195	6.45	35.814
631	194	5.82	35.353
632	193	6.09	33.602
633	194	6.07	35.154
634	193	6.24	34.397
635	190	6.04	30.504
636	188	5.71	29.300
637	189	5.36	30.068
638	191	5.82	32.301
639	189	5.67	29.812
640	190	5.97	31.322
641	193	5.95	33.638
642	193	5.81	33.785
643	196	6.80	37.655
644	195	6.12	36.135
645	196	6.46	37.009
646	197	6.58	38.388
647	198	6.30	40.326
648	200	6.46	42.183
649	199	6.60	41.316
650	200	6.53	42.889
651	197	5.97	39.100
652	199	6.89	41.023
653	200	6.88	42.704
654	200	6.42	42.540
655	198	6.43	39.573
656	197	6.22	38.620
657	196	6.35	37.283
658	194	5.94	35.412
659	192	6.18	32.558
660	189	6.17	30.281
661	188	5.41	28.631
662	191	6.31	32.171
663	190	6.09	30.664
664	188	5.32	29.132
665	185	5.31	26.318
666	187	5.64	28.562
667	188	5.75	29.491
668	186	5.69	26.921
669	185	5.21	26.664
670	183	5.64	25.192
671	185	5.44	26.062
672	185	5.03	26.813
673	183	4.73	25.060
674	185	5.13	26.618
675	183	5.06	24.747
676	185	5.11	26.081
677	186	5.44	27.175
678	187	5.97	28.152
679	184	5.13	26.092
680	185	4.93	26.008
681	184	5.68	25.347
682	185	5.82	26.795
683	184	5.70	26.119
684	184	5.17	26.060
685	181	4.62	22.954
686	180	4.89	22.125
687	178	4.40	21.286
688	179	5.24	22.027
689	181	5.02	23.058
690	180	4.71	23.006
691	177	4.83	20.589
692	176	4.35	19.794
693	173	4.11	18.262
694	176	4.53	19.466
695	177	4.37	20.175
696	175	4.41	19.365
697	176	4.43	20.411
698	178	5.09	21.564
699	178	4.92	21.604
700	181	4.58	23.038
701	178	4.64	21.395
702	179	5.20	22.395
703	179	5.12	21.564
704	181	4.74	23.093
705	178	5.10	21.428
706	180	5.15	22.581
707	178	5.27	21.469
708	178	4.95	20.860
709	176	5.08	19.724
710	174	4.09	18.671
711	173	4.26	17.928
712	171	4.55	16.728
713	170	4.25	16.862
714	170	4.29	16.410
715	172	4.72	17.692
716	173	4.55	18.364
717	173	4.34	17.855
718	175	4.94	18.891
719	172	4.05	17.446
720	175	4.58	18.867
721	178	4.70	21.168
722	176	4.29	19.950
723	178	4.65	21.724
724	178	5.27	20.993
725	181	4.78	23.524
726	182	5.16	24.531
727	182	5.57	24.202
728	182	4.93	23.620
729	181	5.40	23.143
730	184	5.20	25.566
731	185	5.00	26.578
732	183	5.28	25.190
733	181	5.43	23.657
734	184	4.92	25.983
735	185	5.35	26.166
736	185	5.15	26.560
737	188	5.69	28.873
738	189	5.25	30.118
739	187	5.96	27.775
740	190	5.56	31.314
741	193	6.11	33.862
742	196	6.09	37.521
743	196	6.37	37.038
744	194	5.93	35.574
745	197	6.54	38.351
746	197	6.61	38.990
747	200	6.40	42.490
748	197	6.54	38.413
749	197	6.40	38.864
750	200	6.40	42.378
751	200	6.32	42.630
752	197	6.06	38.890
753	194	6.27	34.821
754	196	6.16	37.459
755	199	6.86	40.726
756	200	7.23	42.053
757	200	6.81	42.838
758	199	6.94	41.285
759	200	6.30	42.489
760	200	6.70	42.721
761	200	7.24	42.041
762	200	7.01	42.626
763	200	6.37	42.697
764	200	7.25	42.539
765	197	6.82	38.487
766	200	6.32	42.714
767	199	6.37	41.089
768	200	7.10	42.715
769	200	7.06	42.279
770	197	6.34	38.178
771	197	6.77	38.516
772	194	5.92	35.296
773	192	6.34	33.289
774	191	6.09	32.348
775	192	5.85	32.941
776	195	6.74	36.079
777	192	5.53	33.045
778	189	5.62	29.860
779	191	5.58	31.621
780	194	5.71	34.843
781	196	5.98	37.215
782	198	6.34	39.854
783	198	6.27	39.776
784	196	5.91	37.427
785	195	5.85	36.010
786	192	5.96	32.529
787	192	5.83	32.735
788	193	6.07	33.850
789	195	5.90	36.264
790	198	6.22	39.467
791	200	7.24	42.514
792	200	6.42	42.761
793	200	7.26	42.362
794	200	6.30	42.587
795	200	6.52	42.645
796	200	6.27	42.443
797	199	6.51	40.681
798	200	6.62	42.099
799	198	6.25	40.320
800	195	6.40	36.026
801	193	5.64	34.268
802	196	6.57	37.681
803	198	6.18	40.171
804	198	6.83	39.418
805	198	6.93	39.524
806	197	6.77	38.139
807	199	6.36	41.674
808	199	6.96	41.211
809	196	6.51	37.439
810	197	6.68	39.011
811	200	6.52	42.389
812	200	7.11	42.651
813	200	6.66	42.392
814	198	6.63	39.906
815	200	6.63	42.034
816	200	6.42	42.605
817	200	6.93	43.005
818	200	7.02	42.951
819	199	7.14	40.978
820	200	7.00	42.787
821	198	6.35	40.052
822	199	6.44	40.980
823	200	6.33	42.089
824	200	6.39	42.403
825	198	6.87	39.454
826	197	6.78	38.863
827	197	6.48	38.590
828	198	6.37	40.182
829	195	6.10	36.393
830	194	6.29	34.648
831	194	6.51	35.273
832	193	6.17	34.152
833	196	6.01	37.195
834	196	6.27	36.979
835	195	5.96	35.865
836	198	7.05	39.441
837	198	6.31	40.279
838	198	6.99	39.522
839	197	6.08	39.036
840	197	6.38	39.014
841	199	6.39	40.893
842	196	6.42	37.917
843	194	6.53	34.768
844	195	6.72	36.225
845	198	6.46	39.778
846	198	6.71	39.547
847	199	6.36	41.229
848	200	6.88	42.145
849	200	6.68	42.923
850	199	6.79	40.740
851	200	6.96	42.602
852	200	6.34	42.349
853	199	7.12	41.035
854	200	6.67	42.350
855	199	7.14	41.173
856	197	6.59	38.778
857	198	7.04	39.465
858	199	6.78	41.311
859	200	6.99	42.776
860	199	6.20	41.175
861	200	6.52	42.006
862	197	6.05	38.722
863	196	6.21	36.930
864	196	6.19	37.000
865	197	6.45	39.001
866	197	6.67	38.286
867	195	5.94	36.560
868	194	6.39	35.011
869	197	6.21	38.875
870	194	6.02	35.187
871	196	6.71	37.513
872	198	6.81	40.086
873	197	6.23	38.307
874	197	6.58	38.436
875	197	6.04	38.206
876	196	6.74	37.009
877	196	6.28	37.263
878	199	6.34	41.415
879	199	7.04	41.329
880	200	6.56	42.385
881	197	6.43	38.805
882	194	6.25	34.644
883	192	5.98	32.771
884	191	5.81	32.222
885	190	5.82	30.686
886	187	5.69	28.271
887	190	5.31	30.940
888	190	6.17	30.645
889	192	6.07	32.858
890	191	5.85	32.382
891	191	5.51	31.797
892	190	5.41	31.097
893	192	6.47	32.742
894	193	6.21	34.338
895	190	5.72	30.683
896	191	5.59	31.850
897	190	6.22	30.762
898	189	5.66	29.483
899	188	5.24	28.976
900	191	5.53	31.691
901	193	6.41	34.136
902	192	6.01	32.695
903	195	6.73	35.912
904	193	6.56	33.799
905	195	6.06	36.475
906	194	5.88	34.716
907	196	6.27	37.655
908	199	6.73	41.541
909	198	6.75	40.027
910	198	6.60	39.775
911	195	6.00	36.525
912	194	5.91	35.236
913	192	5.70	32.826
914	195	6.53	35.924
915	197	6.85	38.743
916	200	6.66	42.331
917	200	6.64	42.668
918	200	7.24	42.628
919	200	6.59	42.753
920	200	6.53	42.533
921	197	6.21	38.403
922	199	6.22	41.066
923	198	6.40	40.152
924	197	6.32	38.359
925	200	6.45	42.854
926	200	6.51	42.791
927	198	6.71	39.705
928	197	6.65	39.116
929	194	6.63	35.056
930	192	5.84	32.752
931	190	6.20	31.249
932	192	5.68	32.929
933	192	5.98	33.359
934	189	6.14	29.490
935	186	5.07	27.668
936	186	5.62	26.962
937	186	5.96	26.827
938	187	5.95	28.299
939	187	6.01	28.427
940	189	5.42	29.559
941	191	6.15	31.486
942	193	6.13	34.267
943	193	6.54	33.945
944	194	5.91	35.151
945	194	6.40	35.588
946	191	6.04	31.540
947	190	5.82	31.313
948	190	6.27	31.100
949	192	5.70	33.309
950	191	5.47	32.136
951	190	5.60	31.291
952	187	5.15	28.413
953	186	5.88	26.977
954	183	5.33	25.291
955	180	4.84	22.585
956	182	4.86	24.406
957	182	5.08	24.377
958	182	4.83	24.169
959	180	5.21	22.809
960	177	4.89	20.124
961	180	4.65	22.774
962	181	4.81	22.987
963	181	4.69	22.821
964	179	4.82	22.001
965	181	5.12	23.460
966	182	5.21	24.068
967	180	5.18	22.689
968	177	4.72	20.975
969	180	5.48	22.774
970	182	4.79	24.432
971	184	5.20	25.463
972	187	5.12	28.122
973	189	6.16	29.977
974	190	5.57	30.973
975	192	5.59	33.425
976	189	5.68	30.120
977	190	5.83	30.490
978	191	5.59	32.131
979	188	6.05	28.596
980	190	5.74	30.623
981	192	5.71	33.438
982	193	6.14	34.027
983	193	5.77	33.898
984	196	6.43	37.258
985	195	6.74	36.343
986	197	6.06	38.342
987	198	6.52	40.015
988	197	6.82	38.178
989	199	7.01	41.209
990	196	6.12	37.398
991	195	5.81	36.215
992	192	5.72	33.009
993	189	5.98	30.258
994	189	5.66	29.873
995	191	6.16	32.228
996	191	5.61	31.453
997	190	5.31	30.577
998	187	5.10	28.493
999	189	5.59	29.897
1000	192	6.15	33.128
1001	190	5.39	31.001
1002	193	5.91	33.637
1003	195	6.07	36.227
1004	197	6.48	38.217
1005	194	5.70	35.241
1006	197	5.99	38.201
1007	197	6.18	38.445
1008	195	6.26	36.676
1009	195	5.96	35.998
1010	194	5.81	34.671
1011	197	6.04	38.930
1012	194	6.11	34.887
1013	195	6.13	36.394
1014	194	5.88	34.796
1015	194	6.43	35.240
1016	194	6.20	35.062
1017	197	6.16	38.260
1018	197	6.64	38.333
1019	195	6.55	36.105
1020	198	6.74	39.935
1021	198	6.20	40.012
1022	199	6.96	41.616
1023	197	6.66	38.962
1024	198	6.14	40.273
1025	200	6.80	42.479
1026	197	6.10	38.172
1027	198	6.96	39.503
1028	195	6.47	35.973
1029	196	5.99	37.476
1030	193	5.74	34.389
1031	195	6.12	35.956
1032	193	5.83	34.115
1033	194	6.10	34.805
1034	194	5.76	34.738
1035	195	6.38	35.752
1036	192	5.95	32.943
1037	194	6.05	35.009
1038	194	5.76	35.134
1039	192	5.97	33.127
1040	192	5.79	33.265
1041	195	6.48	36.691
1042	192	6.18	32.466
1043	190	5.39	30.735
1044	191	5.63	32.224
1045	194	6.20	35.257
1046	197	6.03	38.696
1047	196	6.45	37.198
1048	199	6.88	41.536
1049	198	6.65	39.849
1050	200	7.09	41.998
1051	200	7.18	42.029
1052	200	6.46	42.017
1053	200	6.68	42.448
1054	197	6.45	38.123
1055	200	6.44	42.099
1056	200	7.15	42.729
1057	200	6.92	42.552
1058	200	6.93	42.792
1059	199	6.98	40.863
1060	197	6.92	38.176
1061	200	7.06	42.418
1062	198	6.28	39.802
1063	197	6.08	38.616
1064	196	6.35	36.957
1065	196	6.50	37.533
1066	196	5.89	37.445
1067	195	6.39	36.013
1068	192	6.27	33.224
1069	193	6.43	33.614
1070	193	6.56	34.209
1071	191	6.24	31.430
1072	194	5.70	34.781
1073	196	6.85	37.070
1074	196	6.01	37.764
1075	193	6.31	33.875
1076	191	5.87	32.257
1077	192	6.07	32.473
1078	194	6.18	34.897
1079	195	6.72	35.937
1080	192	6.41	33.118
1081	194	6.40	35.140
1082	194	6.52	35.067
1083	194	6.28	34.620
1084	194	6.32	34.769
1085	193	5.73	33.526
1086	194	6.45	35.355
1087	195	6.12	36.039
1088	193	5.87	34.274
1089	193	5.77	34.138
1090	192	5.88	32.625
1091	193	6.31	34.051
1092	190	5.81	30.498
1093	189	5.30	29.827
1094	187	5.61	27.876
1095	188	5.33	28.896
1096	189	5.66	30.406
1097	191	6.27	32.037
1098	189	5.98	29.611
1099	187	5.74	27.629
1100	190	6.08	30.503
1101	191	5.68	31.617
1102	191	5.61	32.215
1103	191	5.80	31.799
1104	191	5.57	32.226
1105	188	6.02	29.029
1106	188	6.02	29.227
1107	188	5.79	28.603
1108	191	5.58	32.002
1109	189	6.14	29.637
1110	188	5.84	29.444
1111	187	5.80	27.902
1112	188	5.69	28.639
1113	190	5.66	31.305
1114	192	5.77	32.658
1115	190	5.92	30.910
1116	188	6.10	29.145
1117	185	5.73	26.384
1118	186	5.92	27.095
1119	184	5.41	25.434
1120	187	5.77	28.170
1121	186	5.56	26.963
1122	189	5.45	29.705
1123	189	5.84	30.378
1124	190	5.68	30.795
1125	190	5.58	30.962
1126	187	6.04	28.310
1127	190	6.19	30.428
1128	188	5.92	29.043
1129	187	5.12	28.180
1130	189	5.66	29.946
1131	191	5.69	32.369
1132	189	5.30	29.976
1133	186	5.75	26.933
1134	184	5.56	25.289
1135	187	5.08	28.587
1136	188	5.73	29.064
1137	191	6.17	31.432
1138	194	6.28	35.532
1139	195	6.24	36.204
1140	195	6.61	35.942
1141	198	6.64	40.046
1142	200	6.78	42.829
1143	199	6.33	40.873
1144	196	6.31	37.266
1145	197	6.05	38.215
1146	195	6.56	36.043
1147	192	5.67	33.050
1148	193	6.18	34.445
1149	191	6.28	31.731
1150	191	6.03	31.944
1151	191	6.16	31.414
1152	193	6.08	34.131
1153	194	6.23	35.442
1154	193	5.93	33.533
1155	195	6.26	36.623
1156	194	5.67	34.985
1157	192	5.50	32.795
1158	195	6.54	36.361
1159	195	5.90	36.365
1160	197	6.61	38.484
1161	196	6.57	37.713
1162	198	6.75	39.996
1163	200	6.40	42.364
1164	200	6.96	42.508
1165	200	6.38	42.864
1166	200	6.50	42.073
1167	200	7.04	42.483
1168	200	6.45	42.663
1169	199	6.42	40.756
1170	200	6.89	42.563
1171	200	6.64	42.653
1172	198	6.23	40.249
1173	198	6.45	39.918
1174	200	6.66	42.632
1175	200	6.45	42.337
1176	200	6.36	42.018
1177	197	6.86	38.386
1178	195	6.35	36.060
1179	192	6.31	33.181
1180	194	6.35	35.016
1181	197	6.29	38.560
1182	200	6.63	42.232
1183	200	6.52	42.836
1184	200	7.25	42.298
1185	199	7.12	40.810
1186	198	6.72	39.914
1187	200	6.28	42.891
1188	200	6.92	42.685
1189	200	6.69	42.382
1190	200	7.10	41.987
1191	197	6.01	38.971
1192	198	7.01	40.040
1193	199	7.03	40.780
1194	200	7.19	42.954
1195	199	6.56	41.204
1196	196	6.21	37.556
1197	198	6.80	40.334
1198	199	6.92	41.131
1199	199	7.16	40.736
1200	200	6.43	42.061
1201	200	6.86	42.697
1202	199	6.86	40.856
1203	199	6.27	40.798
1204	197	6.47	38.147
1205	197	6.36	38.372
1206	200	6.47	42.384
1207	200	6.74	42.478
1208	200	6.77	42.072
1209	200	6.48	42.641
1210	199	6.47	41.106
1211	196	6.57	37.676
1212	193	5.94	34.093
1213	195	6.40	35.918
1214	192	6.06	32.521
1215	194	6.17	35.236
1216	195	6.44	36.631
1217	193	6.22	34.438
1218	194	6.15	34.680
1219	191	6.20	32.395
1220	193	5.66	33.559
1221	192	6.09	32.527
1222	194	6.33	35.228
1223	191	6.28	32.388
1224	188	5.47	28.880
1225	190	5.48	30.741
1226	192	6.11	33.166
1227	189	5.94	29.538
1228	191	5.98	31.684
1229	190	5.65	31.080
1230	189	5.73	30.377
1231	192	6.32	33.091
1232	192	5.83	32.512
1233	191	6.03	32.041
1234	188	6.00	28.666
1235	188	5.72	29.501
1236	189	5.97	30.190
1237	190	6.26	30.864
1238	192	6.08	33.120
1239	192	6.15	32.891
1240	192	6.41	33.349
1241	189	5.71	30.344
1242	188	5.71	28.523
1243	190	6.23	31.393
1244	193	6.56	34.421
1245	193	6.22	34.291
1246	193	6.18	33.743
1247	195	5.82	36.207
1248	196	6.53	37.420
1249	194	6.39	34.635
1250	195	6.24	36.229
1251	197	6.40	38.868
1252	196	6.19	37.032
1253	194	6.44	34.810
1254	191	5.71	31.864
1255	192	6.47	33.133
1256	190	5.53	30.749
1257	190	6.19	30.489
1258	193	5.62	34.386
1259	193	6.22	33.735
1260	192	6.03	32.676
1261	195	6.00	36.670
1262	194	6.29	34.924
1263	197	6.84	38.152
1264	198	6.80	39.588
1265	198	6.85	40.150
1266	197	6.70	38.202
1267	200	6.48	42.890
1268	197	6.34	38.371
1269	194	6.02	35.051
1270	195	6.71	35.810
1271	196	6.84	36.921
1272	196	6.26	37.212
1273	198	6.13	40.273
1274	196	5.93	37.867
1275	199	6.44	41.471
1276	198	6.28	39.655
1277	197	6.62	38.369
1278	196	6.86	37.003
1279	194	6.29	35.488
1280	194	6.11	35.293
1281	194	5.88	35.043
1282	191	6.07	32.360
1283	188	5.53	28.999
1284	191	5.44	32.007
1285	190	5.83	31.065
1286	189	5.63	29.552
1287	188	6.09	29.061
1288	190	5.38	31.325
1289	188	5.55	28.823
1290	188	5.49	28.880
1291	186	5.87	26.787
1292	189	5.84	29.780
1293	188	5.45	28.770
1294	187	5.69	28.136
1295	185	5.72	26.713
1296	188	6.07	28.945
1297	187	5.39	28.483
1298	189	5.91	30.292
1299	192	5.75	32.858
1300	193	5.63	34.092
1301	193	5.91	34.273
1302	194	6.17	35.538
1303	191	5.89	31.746
1304	188	6.10	29.426
1305	188	5.44	28.851
1306	187	6.00	27.636
1307	186	5.01	27.560
1308	189	5.92	29.685
1309	190	5.52	30.815
1310	191	5.89	32.227
1311	193	6.52	33.484
1312	193	6.50	33.947
1313	191	5.93	31.652
1314	193	6.56	34.104
1315	190	6.30	31.059
1316	193	5.65	33.671
1317	195	6.46	36.343
1318	197	6.46	38.945
1319	199	7.05	41.031
1320	199	6.40	41.069
1321	198	6.38	40.311
1322	195	5.99	35.838
1323	195	6.42	36.586
1324	193	5.66	33.584
1325	192	5.78	33.068
1326	192	6.42	32.824
1327	195	5.90	36.671
1328	197	6.38	38.199
1329	199	6.88	40.767
1330	200	6.31	42.285
1331	198	6.36	39.453
1332	200	7.19	42.594
1333	200	6.96	42.740
1334	200	6.57	42.086
1335	197	6.26	38.543
1336	195	6.59	36.354
1337	197	6.28	38.891
1338	198	6.24	39.476
1339	195	6.63	35.879
1340	196	6.72	37.869
1341	198	6.55	39.474
1342	196	6.57	37.495
1343	198	7.04	40.250
1344	195	6.33	36.227
1345	197	6.19	38.467
1346	194	6.23	35.211
1347	196	6.85	37.653
1348	196	6.56	37.397
1349	199	6.28	41.258
1350	197	6.13	38.557
1351	199	6.50	41.607
1352	197	6.23	38.524
1353	197	6.77	38.254
1354	196	6.62	37.242
1355	193	6.49	34.279
1356	193	6.53	33.923
1357	195	5.99	36.356
1358	193	5.97	34.149
1359	191	6.15	31.749
1360	193	6.21	34.425
1361	191	5.97	32.325
1362	188	5.31	29.140
1363	190	5.63	31.239
1364	188	5.31	29.415
1365	189	5.45	29.773
1366	191	6.11	32.152
1367	189	5.82	29.754
1368	187	5.18	27.595
1369	186	5.57	27.067
1370	185	5.52	26.144
1371	188	5.23	29.306
1372	191	5.74	31.580
1373	189	5.66	29.795
1374	191	5.91	32.244
1375	191	5.81	32.107
1376	191	5.95	32.240
1377	191	5.61	31.575
1378	190	5.52	31.318
1379	193	5.71	33.689
1380	191	5.75	31.492
1381	190	5.31	31.193
1382	190	5.54	30.461
1383	190	5.49	31.283
1384	188	5.21	29.367
1385	185	5.67	26.706
1386	187	5.84	27.867
1387	184	5.37	25.838
1388	181	5.23	23.319
1389	182	5.16	24.069
1390	184	5.44	25.752
1391	186	5.89	27.300
1392	186	5.53	27.411
1393	189	5.74	30.315
1394	186	5.22	27.355
1395	188	5.76	29.036
1396	186	5.69	27.082
1397	183	5.19	24.861
1398	182	4.81	23.863
1399	184	4.81	25.913
1400	183	5.14	24.265
1401	180	5.11	22.359
1402	183	5.56	24.795
1403	185	5.65	26.395
1404	185	5.11	26.301
1405	186	5.94	27.646
1406	189	5.87	29.627
1407	191	5.86	31.644
1408	188	6.10	29.190
1409	190	6.02	30.898
1410	189	5.41	29.479
1411	187	5.69	28.332
1412	185	5.12	26.157
1413	184	5.26	25.363
1414	184	5.42	25.735
1415	183	4.86	24.346
1416	181	5.42	23.481
1417	179	4.85	21.482
1418	180	4.77	22.982
1419	183	5.57	24.649
1420	183	5.29	24.600
1421	185	4.96	25.901
1422	188	5.80	29.316
1423	187	5.95	27.987
1424	185	5.47	26.264
1425	184	5.79	25.279
1426	185	5.78	26.528
1427	184	5.36	25.854
1428	186	5.43	26.997
1429	189	6.08	29.952
1430	191	5.64	31.435
1431	191	6.02	31.567
1432	188	5.15	28.924
1433	189	5.91	30.403
1434	192	5.77	33.347
1435	190	6.26	30.957
1436	190	5.54	30.973
1437	188	5.65	29.444
1438	187	5.40	28.309
1439	189	5.82	29.785
1440	189	5.62	30.354
1441	189	5.86	29.873
1442	191	5.67	32.304
1443	188	5.34	29.192
1444	188	5.99	29.363
1445	190	5.62	31.198
1446	188	5.14	29.161
1447	189	5.25	29.934
1448	187	5.07	27.692
1449	188	5.78	29.297
1450	189	6.20	30.333
1451	187	5.86	27.844
1452	184	5.22	25.767
1453	184	5.52	25.217
1454	185	5.68	26.659
1455	183	5.00	24.657
1456	183	4.85	24.721
1457	181	5.24	23.480
1458	184	5.79	25.937
1459	184	5.67	25.735
1460	181	4.66	22.864
1461	183	4.76	24.436
1462	184	5.05	25.713
1463	186	5.81	26.801
1464	183	5.54	24.994
1465	184	4.97	25.327
1466	182	5.03	23.949
1467	184	5.43	25.314
1468	187	5.87	28.276
1469	185	5.59	26.684
1470	188	5.92	28.780
1471	186	5.18	27.161
1472	188	5.19	29.043
1473	188	5.16	28.759
1474	191	5.41	31.476
1475	190	5.85	30.408
1476	192	5.61	33.196
1477	189	5.97	30.178
1478	188	5.23	28.914
1479	188	5.78	28.767
1480	191	6.08	32.225
1481	188	5.71	29.464
1482	185	4.93	26.642
1483	184	5.29	25.383
1484	184	4.91	25.783
1485	185	5.17	26.454
1486	184	5.37	25.890
1487	187	5.82	27.694
1488	190	5.80	30.747
1489	193	6.52	34.070
1490	192	5.87	32.916
1491	190	5.71	30.760
1492	189	5.28	29.462
1493	187	5.44	28.339
1494	187	5.12	27.792
1495	184	5.04	25.892
1496	184	5.03	25.981
1497	183	4.94	24.442
1498	182	4.81	23.907
1499	184	4.92	25.453
1500	181	4.67	23.100
1501	181	4.93	23.101
1502	183	5.64	25.094
1503	184	5.21	25.177
1504	184	5.26	25.980
1505	187	5.70	27.838
1506	187	5.53	28.358
1507	189	5.86	29.420
1508	188	5.72	29.222
1509	186	5.11	27.439
1510	188	5.83	28.645
1511	188	5.39	28.589
1512	187	5.83	28.513
1513	186	5.90	27.205
1514	184	4.98	25.431
1515	187	5.57	28.024
1516	184	5.54	25.792
1517	184	5.72	25.495
1518	187	5.11	28.495
1519	185	5.85	26.424
1520	185	5.73	26.418
1521	184	5.47	25.750
1522	181	5.09	22.805
1523	182	5.17	23.792
1524	185	5.28	26.777
1525	187	5.79	28.070
1526	185	5.43	26.117
1527	188	5.78	28.715
1528	188	5.29	28.623
1529	191	5.84	31.755
1530	194	6.30	34.689
1531	195	6.76	36.112
1532	194	6.52	35.198
1533	192	6.34	32.688
1534	192	6.41	32.478
1535	191	5.77	32.223
1536	188	5.90	28.742
1537	191	5.71	32.347
1538	192	5.90	32.876
1539	191	5.85	31.568
1540	191	5.62	31.898
1541	191	5.74	32.311
1542	190	5.57	31.147
1543	191	5.85	31.531
1544	192	6.07	32.505
1545	189	6.09	30.232
1546	190	6.13	31.046
1547	187	5.38	27.787
1548	186	4.98	27.171
1549	188	5.34	28.760
1550	185	5.73	26.371
1551	185	5.40	26.235
1552	183	4.81	24.904
1553	180	4.62	22.782
1554	180	4.93	22.337
1555	183	5.37	24.895
1556	182	5.08	24.320
1557	185	5.59	26.732
1558	186	5.11	27.095
1559	187	5.91	28.271
1560	186	5.30	26.954
1561	185	5.48	26.173
1562	183	5.71	24.685
1563	186	5.05	27.164
1564	186	4.98	27.643
1565	185	5.18	26.447
1566	188	5.59	28.558
1567	189	5.89	30.394
1568	192	5.68	33.314
1569	191	6.04	32.227
1570	194	6.09	34.726
1571	195	6.68	36.498
1572	196	6.04	37.496
1573	196	5.88	37.313
1574	196	6.52	37.217
1575	195	6.33	36.435
1576	194	5.90	35.256
1577	195	6.02	36.382
1578	197	6.61	38.737
1579	196	6.67	37.701
1580	196	5.91	36.925
1581	198	7.01	39.970
1582	196	6.86	37.237
1583	199	6.93	41.535
1584	200	7.15	42.139
1585	200	6.98	42.458
1586	200	6.46	42.580
1587	200	6.88	42.710
1588	200	7.20	42.545
1589	200	6.66	41.982
1590	197	6.43	38.438
1591	199	6.94	40.834
1592	199	6.52	40.682
1593	199	6.41	41.247
1594	200	6.76	42.556
1595	199	7.12	41.540
1596	199	6.45	40.660
1597	200	6.55	42.627
1598	200	7.15	42.351
1599	197	6.29	38.628
1600	197	5.99	38.218
1601	200	6.86	42.043
1602	200	6.29	42.714
1603	199	7.11	41.262
1604	199	6.45	41.317
1605	200	6.45	42.286
1606	200	6.99	42.906
1607	200	6.70	42.044
1608	200	6.50	42.915
1609	200	6.58	42.233
1610	197	6.18	38.366
1611	198	6.25	39.642
1612	195	6.69	36.338
1613	197	6.85	38.202
1614	200	7.06	42.847
1615	200	6.66	42.257
1616	200	7.24	42.709
1617	200	6.37	42.541
1618	197	6.74	38.924
1619	195	6.00	35.992
1620	197	6.37	38.274
1621	199	6.51	40.860
1622	200	7.17	42.810
1623	197	6.95	38.225
1624	198	6.23	39.616
1625	198	6.83	39.874
1626	197	6.44	38.763
1627	197	6.71	38.342
1628	199	6.75	41.221
1629	197	5.99	38.896
1630	195	6.39	36.573
1631	196	6.16	37.119
1632	194	6.48	35.091
1633	191	6.05	31.863
1634	189	5.36	30.163
1635	190	5.58	30.650
1636	188	6.01	29.238
1637	189	6.01	29.445
1638	187	5.23	28.032
1639	185	4.99	26.196
1640	185	5.52	26.066
1641	182	4.88	23.740
1642	184	5.62	25.479
1643	185	5.13	26.411
1644	186	5.00	27.557
1645	184	4.90	25.495
1646	187	5.43	28.428
1647	190	6.16	31.304
1648	193	6.26	34.398
1649	192	6.22	32.423
1650	193	5.79	33.958
1651	194	6.42	35.477
1652	192	6.06	32.596
1653	189	5.66	29.423
1654	191	5.92	32.317
1655	190	5.38	30.618
1656	187	5.33	27.976
1657	190	6.14	31.353
1658	191	5.45	31.928
1659	194	6.10	35.084
1660	191	5.58	32.083
1661	192	5.67	33.116
1662	191	6.28	32.350
1663	194	5.88	35.141
1664	197	6.15	38.074
1665	197	6.50	38.948
1666	198	6.98	40.156
1667	196	5.98	37.163
1668	197	6.62	38.743
1669	197	6.24	38.063
1670	197	6.30	38.475
1671	200	7.06	42.422
1672	198	6.65	39.941
1673	195	6.25	36.371
1674	196	6.25	37.166
1675	197	6.09	38.883
1676	200	7.25	42.808
1677	200	6.86	41.959
1678	198	6.31	40.231
1679	200	6.80	42.448
1680	200	6.34	42.769
1681	200	6.72	42.161
1682	200	6.53	42.654
1683	200	6.64	42.807
1684	200	6.79	42.230
1685	200	6.51	42.654
1686	200	7.06	41.947
1687	199	6.53	41.552
1688	200	6.47	42.249
1689	200	7.09	42.826
1690	200	6.66	42.822
1691	200	6.46	42.613
1692	200	6.73	42.000
1693	198	6.85	39.418
1694	200	6.76	42.313
1695	200	6.77	42.103
1696	199	6.29	40.756
1697	200	6.39	42.607
1698	199	6.85	41.092
1699	198	6.56	39.620
1700	195	6.20	35.715
1701	193	6.52	33.539
1702	196	6.37	37.383
1703	199	6.40	40.955
1704	198	6.47	40.160
1705	200	7.08	42.241
1706	200	6.95	42.250
1707	199	7.09	41.539
1708	196	5.97	37.358
1709	194	5.69	34.851
1710	197	6.78	38.908
1711	196	6.26	37.576
1712	198	6.36	40.146
1713	200	6.96	42.304
1714	197	6.95	38.465
1715	196	6.56	37.670
1716	197	6.88	38.811
1717	197	6.01	38.452
1718	195	5.83	36.659
1719	193	6.28	34.167
1720	194	6.27	34.713
1721	191	6.00	32.318
1722	192	5.94	32.992
1723	191	6.00	31.949
1724	193	6.38	34.385
1725	192	5.95	32.958
1726	190	6.18	30.491
1727	193	5.67	34.220
1728	195	5.88	36.496
1729	192	5.64	33.106
1730	194	5.95	34.977
1731	191	6.30	31.750
1732	191	5.56	32.147
1733	189	5.98	29.981
1734	189	5.97	29.432
1735	186	4.99	26.963
1736	189	5.92	29.493
1737	186	5.80	27.549
1738	189	5.27	29.961
1739	188	5.24	29.282
1740	189	5.67	30.316
1741	186	5.79	27.493
1742	184	5.59	25.777
1743	181	4.99	23.048
1744	179	4.69	22.012
1745	181	5.51	23.700
1746	184	5.60	25.430
1747	182	5.19	24.378
1748	180	4.72	22.078
1749	183	4.75	25.086
1750	186	5.16	26.787
1751	187	5.97	27.617
1752	189	6.20	30.326
1753	187	5.29	27.800
1754	185	5.46	26.244
1755	185	5.24	26.244
1756	186	5.19	26.751
1757	183	5.61	24.984
1758	182	4.80	23.469
1759	180	5.06	22.264
1760	179	4.46	21.903
1761	178	4.52	21.275
1762	181	5.23	23.476
1763	183	5.59	24.922
1764	182	5.17	24.444
1765	182	5.37	24.109
1766	182	5.52	23.976
1767	179	4.60	21.894
1768	176	4.26	20.013
1769	177	5.24	20.826
1770	178	4.94	21.236
1771	179	5.29	21.490
1772	177	4.98	20.287
1773	174	4.38	18.856
1774	174	4.82	18.323
1775	173	4.76	18.339
1776	171	4.20	16.921
1777	171	4.58	17.354
1778	169	4.05	15.985
1779	167	4.48	15.167
1780	167	3.97	15.439
1781	166	4.20	14.929
1782	168	4.45	15.532
1783	168	3.82	15.023
1784	170	4.48	16.063
1785	169	3.77	16.467
1786	172	4.23	17.875
1787	169	3.74	16.151
1788	166	4.42	14.781
1789	164	3.69	13.691
1790	163	4.09	13.278
1791	164	4.26	13.623
1792	162	3.56	12.959
1793	164	4.38	14.094
1794	162	3.60	12.713
1795	161	3.64	12.259
1796	159	3.90	12.013
1797	161	3.91	12.382
1798	164	4.08	13.924
1799	162	3.80	13.109
1800	165	4.46	14.178
1801	165	3.80	13.811
1802	168	4.58	15.233
1803	167	3.94	14.570
1804	169	4.42	15.897
1805	170	4.33	16.913
1806	168	3.95	15.122
1807	165	4.04	13.824
1808	165	4.09	13.983
1809	167	4.56	15.110
1810	168	3.69	15.192
1811	171	4.56	16.563
1812	170	4.63	16.217
1813	172	4.15	17.349
1814	172	4.81	17.550
1815	170	3.99	16.953
1816	168	4.60	15.534
1817	171	4.43	17.140
1818	172	4.32	17.349
1819	173	4.73	18.405
1820	176	4.90	19.865
1821	174	4.22	18.377
1822	175	4.80	19.079
1823	178	4.64	21.532
1824	180	4.50	22.113
1825	179	5.09	21.743
1826	176	4.67	19.984
1827	178	5.20	21.594
1828	178	5.15	21.026
1829	179	5.12	22.073
1830	178	4.58	21.144
1831	177	4.36	20.929
1832	177	4.74	20.606
1833	179	5.28	21.338
1834	181	5.09	23.384
1835	183	4.72	24.875
1836	184	4.97	25.141
1837	187	5.73	27.901
1838	186	5.75	26.676
1839	184	5.36	25.741
1840	183	4.99	24.543
1841	186	5.88	26.696
1842	189	6.03	29.613
1843	190	5.97	31.293
1844	190	6.11	30.451
1845	188	5.16	29.142
1846	185	5.38	26.479
1847	188	5.23	28.751
1848	191	6.05	32.003
1849	194	6.40	35.285
1850	195	6.15	36.630
1851	195	6.16	36.632
1852	198	6.72	39.282
1853	199	6.63	40.612
1854	200	6.60	42.530
1855	200	6.89	42.047
1856	200	7.10	42.508
1857	200	6.56	42.760
1858	199	6.93	41.432
1859	200	7.06	41.966
1860	200	6.34	42.214
1861	200	7.07	41.981
1862	200	7.20	42.401
1863	200	6.72	42.662
1864	197	6.60	38.291
1865	198	6.83	39.313
1866	198	6.68	40.151
1867	195	6.08	35.949
1868	198	6.69	39.727
1869	200	6.70	42.274
1870	200	6.99	42.165
1871	200	6.71	42.862
1872	200	6.42	42.007
1873	200	7.12	42.600
1874	199	6.30	41.343
1875	200	7.25	42.180
1876	200	6.28	42.680
1877	197	5.97	38.087
1878	195	6.67	36.463
1879	195	6.30	35.791
1880	195	6.20	36.456
1881	197	6.42	38.757
1882	199	6.45	40.757
1883	196	6.32	37.455
1884	194	5.94	35.350
1885	196	6.50	37.119
1886	198	6.24	39.766
1887	199	7.11	40.981
1888	197	6.83	38.418
1889	196	6.47	37.802
1890	193	5.73	33.575
1891	192	5.68	32.965
1892	189	5.39	29.602
1893	188	6.10	29.189
1894	187	5.83	28.021
1895	186	5.69	27.493
1896	183	5.62	24.286
1897	183	5.60	24.584
1898	183	4.98	24.751
1899	181	4.80	22.800
1900	182	5.19	23.562
1901	182	5.63	24.327
1902	185	5.80	26.218
1903	183	5.53	24.606
1904	182	5.34	24.261
1905	185	5.35	26.683
1906	187	5.53	27.926
1907	186	5.60	27.483
1908	189	6.19	29.782
1909	188	5.85	28.963
1910	185	5.39	26.422
1911	182	5.35	24.269
1912	183	4.82	24.612
1913	184	4.83	25.661
1914	185	5.72	26.265
1915	185	5.77	26.778
1916	188	5.23	29.368
1917	188	5.24	28.512
1918	186	5.90	27.553
