1	129	2.74	4.936
2	128	2.15	5.107
3	126	2.56	4.975
4	124	2.59	4.092
5	124	2.25	4.396
6	122	2.21	4.336
7	123	1.88	4.250
8	123	2.62	4.677
9	126	1.88	4.785
10	127	1.99	5.234
11	130	2.53	5.413
12	128	1.89	4.607
13	130	2.29	4.714
14	129	2.89	5.165
15	132	2.11	5.460
16	129	2.21	5.024
17	132	2.91	5.665
18	135	2.30	5.474
19	132	2.77	5.735
20	129	2.37	5.148
21	128	2.26	5.393
22	129	2.51	5.330
23	131	2.36	5.272
24	132	2.45	5.423
25	131	2.81	5.163
26	129	2.15	5.416
27	128	2.70	4.800
28	128	2.40	4.584
29	129	2.30	4.786
30	129	2.22	5.143
31	128	2.23	5.103
32	130	2.06	5.443
33	128	2.63	4.427
34	125	2.41	4.038
35	124	1.94	4.006
36	127	2.12	4.439
37	126	2.41	5.053
38	124	2.07	4.112
39	127	1.99	4.570
40	126	2.25	4.835
41	128	2.14	4.846
42	130	2.52	4.682
43	128	2.71	4.742
44	126	2.08	4.214
45	126	2.05	4.466
46	128	2.62	4.498
47	130	2.39	4.793
48	128	2.09	5.079
49	131	2.43	5.179
50	129	2.07	5.423
51	128	2.39	4.889
52	126	2.63	4.648
53	129	2.02	5.117
54	128	2.70	5.027
55	131	2.65	5.653
56	128	2.60	4.854
57	131	2.38	4.855
58	129	1.95	4.954
59	131	2.81	5.014
60	129	2.75	5.314
61	131	1.99	5.469
62	130	2.55	4.691
63	133	3.00	5.176
64	133	2.89	5.747
65	133	2.99	5.895
66	135	2.90	6.049
67	138	2.96	6.437
68	138	3.17	6.849
69	135	2.23	6.404
70	136	2.99	6.251
71	139	2.78	6.913
72	142	2.72	7.276
73	139	3.14	6.668
74	138	2.38	6.019
75	139	2.74	6.369
76	140	2.41	7.061
77	142	3.08	7.349
78	144	3.37	7.858
79	141	2.37	7.154
80	143	2.73	7.906
81	145	2.69	7.840
82	147	2.62	8.065
83	150	3.43	9.287
84	148	2.64	8.847
85	145	3.39	7.483
86	143	3.09	7.298
87	146	3.37	8.597
88	148	3.60	8.209
89	151	3.33	9.455
90	153	3.51	10.162
91	155	3.70	10.601
92	157	3.87	10.840
93	154	3.09	10.698
94	156	3.75	10.862
95	153	2.89	10.158
96	156	3.75	10.975
97	155	3.02	10.234
98	158	4.00	11.183
99	159	3.56	11.923
100	160	3.94	11.919
101	163	3.50	13.274
102	166	4.50	14.241
103	169	4.28	15.746
104	167	4.16	15.651
105	166	4.25	14.484
106	166	3.82	14.767
107	166	3.91	14.695
108	163	3.89	13.420
109	162	4.11	13.118
110	159	4.10	11.585
111	156	3.23	11.041
112	159	3.66	11.565
113	156	3.28	11.181
114	153	3.62	9.491
115	153	3.20	9.774
116	153	3.49	10.180
117	154	3.41	10.098
118	157	3.95	10.861
119	160	3.77	11.822
120	157	3.07	10.961
121	160	4.20	12.093
122	163	3.65	13.175
123	166	4.26	14.375
124	168	4.43	15.398
125	166	4.54	14.989
126	165	4.38	13.897
127	163	3.39	13.712
128	160	3.23	12.548
129	162	3.61	12.824
130	164	3.81	14.286
131	165	4.35	14.748
132	164	4.40	14.160
133	164	3.46	14.082
134	165	3.96	14.363
135	163	4.22	13.160
136	164	3.84	13.465
137	165	3.71	14.243
138	167	4.33	15.577
139	170	3.92	16.919
140	173	4.45	17.809
141	170	4.28	16.459
142	171	4.35	17.422
143	172	4.45	17.982
144	175	5.10	19.053
145	173	4.37	18.223
146	175	4.69	19.526
147	175	4.97	19.533
148	176	4.68	20.130
149	175	4.54	19.069
150	177	4.72	20.793
151	177	4.52	20.546
152	180	5.36	22.620
153	182	5.38	23.987
154	179	4.53	22.297
155	178	4.84	21.473
156	176	4.92	20.240
157	179	5.22	21.630
158	182	5.09	24.263
159	185	5.21	26.734
160	187	5.23	28.173
161	187	5.19	28.326
162	187	6.04	28.549
163	185	5.26	26.188
164	185	5.17	26.219
165	187	5.72	28.100
166	184	5.53	25.362
167	181	4.97	23.311
168	179	4.73	21.500
169	180	5.42	22.770
170	180	4.82	22.438
171	180	5.04	22.755
172	182	5.33	23.906
173	179	4.91	21.611
174	178	4.43	21.355
175	181	5.14	23.854
176	182	4.65	23.812
177	179	4.80	21.818
178	179	4.92	22.007
179	181	5.32	22.941
180	181	5.00	23.751
181	183	5.66	24.756
182	185	5.11	26.730
183	186	5.68	27.622
184	186	5.81	27.482
185	189	6.17	29.815
186	186	5.36	26.910
187	187	5.74	28.144
188	188	5.32	29.445
189	188	5.52	29.240
190	191	5.77	32.420
191	191	5.63	31.740
192	188	6.07	28.862
193	189	5.78	30.069
194	190	5.93	31.091
195	191	6.21	32.399
196	190	6.06	31.001
197	188	5.31	29.175
198	187	5.99	27.945
199	185	5.36	26.333
200	185	5.31	26.221
201	188	5.49	29.285
202	187	5.13	28.573
203	188	5.81	29.506
204	189	5.58	29.641
205	190	5.58	30.935
206	191	5.64	32.240
207	188	6.01	29.458
208	188	5.27	29.587
209	185	5.80	26.478
210	186	5.27	27.653
211	183	5.21	25.160
212	183	5.57	25.157
213	186	5.52	27.503
214	184	5.39	25.702
215	184	5.53	25.254
216	187	5.31	28.048
217	190	5.91	30.893
218	192	5.54	33.389
219	194	5.83	35.530
220	193	5.62	33.684
221	192	5.91	33.506
222	189	5.85	29.826
223	190	5.43	31.239
224	191	6.19	32.286
225	190	5.50	31.232
226	188	5.44	29.265
227	188	6.09	28.675
228	188	5.26	29.474
229	186	5.53	27.274
230	186	5.01	26.988
231	189	5.35	30.403
232	188	5.88	28.880
233	187	5.41	28.114
234	190	5.86	31.446
235	189	5.51	30.098
236	186	5.31	27.273
237	186	5.59	27.744
238	184	5.14	25.607
239	183	4.99	25.265
240	183	5.10	25.215
241	182	5.27	24.501
242	180	5.05	22.702
243	179	4.95	21.548
244	176	4.62	19.858
245	175	4.72	19.857
246	172	4.34	17.199
247	170	3.80	16.288
248	170	3.92	16.169
249	170	4.55	17.100
250	173	4.23	17.893
251	170	4.55	16.634
252	171	4.57	17.526
253	172	4.40	18.035
254	169	4.02	16.184
255	169	3.75	16.174
256	171	4.62	17.467
257	173	4.05	17.879
258	175	5.11	19.021
259	172	4.15	17.194
260	175	4.28	19.763
261	177	4.90	20.608
262	174	4.50	19.279
263	175	4.87	19.413
264	174	4.73	18.617
265	177	4.96	20.302
266	179	4.87	21.832
267	179	5.18	21.991
268	181	5.01	23.669
269	181	5.23	23.140
270	178	4.71	21.661
271	179	4.70	21.486
272	180	4.82	22.677
273	183	5.45	24.785
274	184	5.70	25.816
275	186	4.99	27.023
276	184	5.66	25.349
277	182	5.00	23.994
278	183	5.21	24.839
279	183	5.08	24.746
280	185	5.70	26.412
281	187	5.43	28.396
282	189	5.51	30.522
283	192	6.45	32.955
284	189	5.38	29.653
285	192	6.32	33.258
286	191	5.61	32.389
287	192	5.63	33.461
288	192	5.53	32.556
289	195	6.43	36.339
290	194	5.76	35.508
291	191	6.15	32.019
292	193	6.51	34.456
293	195	6.44	36.153
294	196	6.45	37.699
295	198	6.44	39.768
296	195	6.50	36.521
297	193	6.52	34.091
298	191	5.60	32.111
299	194	5.86	35.439
300	192	6.15	32.943
301	195	6.20	36.789
302	193	6.12	34.351
303	190	5.46	31.005
304	187	5.86	28.148
305	188	5.56	29.481
306	188	5.95	29.255
307	191	5.42	31.973
308	194	6.49	35.587
309	196	6.55	37.161
310	195	6.33	35.967
311	195	6.02	36.378
312	193	5.94	34.301
313	195	6.72	36.488
314	196	6.38	37.705
315	197	6.69	38.464
316	195	6.74	36.338
317	197	6.24	38.438
318	199	6.62	41.450
319	198	6.83	39.471
320	200	7.24	42.427
321	199	6.55	41.550
322	197	6.36	38.916
323	199	6.48	41.096
324	200	7.25	42.404
325	198	6.39	39.446
326	197	6.09	38.525
327	195	6.21	36.061
328	195	6.24	36.378
329	193	6.54	34.036
330	194	5.80	34.931
331	197	6.26	38.227
332	194	6.35	35.125
333	195	6.52	36.456
334	195	6.70	36.327
335	194	6.25	34.924
336	197	6.22	38.825
337	199	6.51	41.373
338	196	6.45	37.222
339	193	5.87	34.461
340	196	6.23	37.699
341	197	6.72	38.336
342	197	6.83	39.044
343	198	6.14	40.334
344	198	6.19	40.342
345	197	6.81	38.473
346	194	5.81	34.874
347	197	6.08	38.974
348	197	6.93	38.971
349	195	6.53	36.530
350	192	6.28	33.203
351	192	5.82	32.967
352	194	6.30	35.291
353	195	5.84	35.946
354	198	6.55	39.514
355	199	6.25	40.842
356	197	6.72	39.048
357	200	7.16	42.304
358	200	6.60	42.724
359	200	7.01	42.217
360	200	6.35	42.377
361	200	6.93	42.954
362	200	7.22	42.059
363	197	6.38	38.929
364	195	5.77	36.650
365	194	5.74	35.366
366	192	5.97	32.670
367	191	6.15	32.141
368	193	6.41	34.251
369	191	5.81	31.878
370	189	5.30	30.021
371	189	5.54	29.581
372	186	5.92	26.904
373	184	5.14	25.653
374	185	5.65	26.470
375	185	5.37	26.354
376	183	4.92	24.518
377	185	5.08	26.902
378	183	5.42	24.720
379	182	5.02	23.717
380	181	4.81	23.708
381	178	4.56	21.624
382	181	4.60	23.409
383	184	5.41	26.074
384	187	5.21	27.951
385	186	5.27	26.931
386	183	5.65	24.599
387	185	5.66	26.695
388	185	5.84	26.621
389	186	5.86	26.873
390	186	5.10	26.998
391	187	5.11	28.601
392	188	6.06	28.680
393	189	5.73	29.526
394	188	5.22	29.022
395	187	5.51	28.313
396	184	5.07	25.958
397	186	4.99	27.497
398	187	5.80	28.166
399	188	5.20	29.341
400	185	5.71	26.157
401	183	4.76	24.711
402	183	5.23	24.627
403	181	4.92	23.475
404	181	5.36	23.617
405	182	4.97	23.815
406	180	4.55	22.673
407	183	5.05	24.491
408	183	5.71	24.861
409	184	4.82	25.293
410	184	5.13	26.075
411	187	5.88	28.620
412	184	5.25	25.739
413	181	5.44	23.378
414	184	5.71	25.172
415	186	5.71	27.589
416	184	5.11	25.917
417	185	5.54	26.181
418	186	5.34	27.333
419	187	5.69	28.392
420	190	5.89	31.125
421	193	6.22	33.586
422	191	5.46	32.134
423	192	6.08	33.166
424	191	5.54	32.038
425	188	5.93	29.195
426	191	5.67	32.233
427	190	5.47	30.642
428	193	6.04	33.606
429	193	5.59	33.582
430	190	5.69	30.743
431	188	5.68	29.284
432	185	5.85	26.793
433	185	5.29	26.454
434	187	5.53	27.698
435	185	5.30	26.762
436	182	4.78	24.485
437	179	4.76	21.745
438	177	4.42	20.478
439	180	5.23	22.813
440	177	4.58	20.520
441	178	5.07	20.887
442	175	4.48	19.007
443	175	4.25	18.888
444	178	5.07	21.381
445	177	4.53	20.615
446	179	4.76	21.705
447	180	5.00	23.089
448	179	4.63	21.862
449	176	5.18	19.784
450	174	4.59	19.074
451	176	4.46	19.627
452	173	4.40	17.949
453	175	4.89	19.176
454	173	4.89	18.142
455	171	4.36	17.607
456	170	4.66	16.172
457	167	4.22	15.322
458	168	3.71	15.464
459	169	3.75	15.646
460	168	4.48	15.916
461	170	3.80	16.904
462	170	4.71	16.374
463	170	3.83	16.337
464	170	3.94	16.529
465	173	4.79	17.807
466	173	4.31	18.492
467	174	4.95	18.670
468	173	4.56	18.435
469	171	4.71	16.745
470	173	4.24	18.490
471	176	4.49	20.306
472	177	4.70	20.747
473	178	4.69	21.116
474	179	4.89	22.301
475	180	5.24	22.918
476	182	4.78	23.724
477	183	5.45	24.621
478	181	5.56	23.020
479	181	5.43	23.176
480	180	5.01	22.227
481	177	4.32	20.696
482	175	4.15	19.063
483	176	4.80	19.961
484	179	5.31	22.058
485	180	5.12	22.139
486	183	4.73	24.449
487	183	5.03	25.323
488	181	4.87	23.499
489	180	5.04	22.906
490	177	4.78	20.724
491	177	4.85	20.288
492	175	4.56	19.269
493	173	4.97	18.109
494	176	4.74	19.978
495	173	4.65	18.454
496	176	4.89	20.417
497	176	4.58	20.268
498	174	4.89	18.380
499	173	4.00	17.909
500	174	4.22	19.086
501	177	4.94	20.359
502	176	4.49	20.240
503	174	4.92	19.277
504	174	4.91	18.941
505	172	4.52	17.188
506	169	4.48	15.753
507	168	4.02	15.123
508	165	3.90	14.423
509	167	4.02	15.446
510	170	4.29	16.384
511	167	4.26	15.560
512	167	3.88	15.517
513	170	4.31	16.886
514	173	4.72	18.062
515	172	4.62	18.046
516	169	3.86	16.075
517	172	4.43	17.286
518	170	4.36	16.935
519	172	4.49	17.551
520	175	5.00	19.234
521	178	4.39	20.854
522	179	4.58	21.595
523	178	5.30	21.568
524	178	4.78	21.618
525	181	4.80	22.986
526	181	5.24	23.771
527	184	5.64	25.798
528	181	4.86	23.020
529	180	4.75	22.514
530	177	4.98	20.746
531	174	4.58	18.904
532	175	4.39	19.492
533	178	5.17	20.950
534	179	4.92	22.312
535	182	4.95	24.187
536	179	4.98	21.860
537	181	5.32	22.891
538	180	5.34	22.127
539	183	5.56	25.106
540	183	5.62	24.849
541	181	5.24	22.935
542	179	5.31	21.544
543	181	5.33	22.858
544	184	5.18	25.635
545	183	4.95	25.177
546	181	5.50	23.772
547	184	4.90	25.736
548	182	4.86	23.585
549	183	5.34	24.632
550	186	5.31	27.602
551	185	4.98	26.598
552	185	5.84	26.531
553	184	5.06	25.847
554	187	6.01	28.472
555	189	5.90	30.303
556	187	5.75	28.021
557	186	5.06	27.055
558	185	4.98	26.946
559	186	5.59	26.950
560	185	5.21	26.694
561	188	5.18	28.694
562	190	5.64	31.233
563	193	6.46	33.962
564	191	5.47	32.357
565	191	5.68	31.776
566	194	6.42	34.714
567	191	6.00	31.486
568	190	5.50	30.769
569	189	5.46	30.157
570	188	5.62	28.940
571	188	5.95	29.547
572	186	5.08	27.662
573	187	5.30	27.830
574	185	5.84	26.895
575	183	5.56	24.817
576	182	5.23	24.098
577	184	5.33	25.388
578	184	4.97	25.658
579	187	5.91	28.297
580	190	5.62	31.180
581	189	5.31	29.559
582	192	5.79	33.263
583	194	6.60	34.824
584	197	6.24	38.537
585	197	6.62	39.017
586	196	6.79	37.734
587	199	6.83	41.694
588	197	6.86	38.762
589	200	7.20	42.312
590	199	6.72	41.474
591	196	5.91	37.641
592	198	7.02	40.196
593	199	6.68	41.031
594	196	6.48	37.336
595	198	6.75	39.772
596	200	6.43	42.738
597	198	6.93	40.362
598	196	6.30	37.157
599	196	6.75	37.764
600	196	6.11	37.601
601	198	6.76	39.460
602	195	6.20	36.067
603	194	6.57	35.393
604	191	5.66	32.154
605	192	6.41	33.446
606	192	6.41	33.368
607	189	5.56	29.875
608	187	5.93	28.655
609	185	4.88	26.733
610	187	5.65	28.414
611	187	5.31	27.986
612	190	5.54	30.965
613	190	6.16	30.571
614	193	6.05	33.629
615	190	5.60	30.902
616	190	5.38	30.525
617	188	6.08	29.315
618	190	6.03	30.527
619	189	5.39	30.117
620	188	5.67	28.834
621	190	6.15	30.641
622	190	6.08	31.192
623	187	5.76	28.461
624	187	5.84	28.037
625	189	5.31	30.294
626	190	5.31	31.302
627	193	6.53	34.073
628	194	6.36	35.333
629	196	6.17	37.400
630	199	6.99	40.852
631	196	6.59	37.717
632	195	6.51	36.396
633	192	5.75	33.171
634	191	5.56	31.698
635	189	6.05	29.720
636	189	5.43	30.468
637	192	6.21	33.203
638	191	5.64	31.503
639	191	5.96	31.960
640	193	6.07	33.650
641	193	6.52	33.975
642	191	5.68	31.878
643	190	5.72	30.628
644	188	6.02	29.471
645	188	5.73	28.774
646	186	5.66	27.730
647	187	5.11	28.445
648	190	6.03	30.915
649	189	5.95	29.727
650	190	5.84	31.373
651	187	5.50	28.434
652	189	5.42	30.380
653	189	5.78	30.366
654	189	5.72	30.174
655	188	5.52	29.220
656	189	5.41	29.990
657	191	5.73	32.030
658	191	6.03	31.759
659	190	5.87	30.721
660	192	6.35	33.090
661	195	6.35	36.101
662	196	6.19	37.482
663	199	7.06	40.963
664	199	6.47	41.247
665	199	6.66	41.399
666	198	6.85	39.930
667	197	6.93	38.991
668	197	6.67	38.300
669	200	6.38	42.416
670	200	6.83	42.775
671	198	6.20	39.659
672	200	7.20	42.974
673	200	6.64	42.552
674	198	6.94	40.191
675	197	6.24	38.292
676	200	6.38	42.797
677	200	7.13	42.522
678	200	6.87	42.923
679	199	6.53	40.953
680	200	7.15	42.375
681	200	7.15	42.050
682	199	6.83	40.844
683	196	6.00	37.519
684	199	7.00	40.966
685	199	7.10	40.865
686	196	6.55	37.861
687	194	6.41	35.331
688	194	6.39	35.461
689	191	5.53	32.164
690	191	5.40	31.841
691	191	5.99	31.670
692	190	5.57	31.255
693	191	5.87	32.421
694	188	6.05	29.002
695	185	5.80	26.490
696	187	5.08	28.074
697	184	5.30	25.879
698	182	5.28	23.928
699	185	5.85	26.445
700	184	5.74	25.235
701	184	5.21	25.224
702	181	5.19	23.380
703	182	5.32	24.369
704	185	5.59	26.742
705	186	5.03	27.042
706	183	5.03	25.271
707	181	5.07	23.040
708	181	4.77	23.415
709	179	5.16	22.175
710	179	4.66	21.751
711	177	5.05	20.333
712	174	4.21	19.223
713	173	4.14	18.245
714	175	4.74	19.120
715	174	4.39	18.578
716	175	4.57	19.700
717	177	4.55	20.449
718	180	5.43	22.432
719	183	5.71	24.866
720	181	4.84	23.462
721	181	5.22	23.005
722	179	4.66	21.966
723	180	4.69	22.656
724	177	5.09	20.989
725	174	4.78	18.973
726	171	4.85	16.869
727	170	4.43	16.507
728	169	3.79	15.942
729	172	4.88	17.205
730	171	3.96	17.475
731	174	4.33	18.490
732	174	4.66	18.985
733	173	4.02	17.884
734	170	4.15	16.665
735	173	4.89	18.068
736	171	3.89	16.961
737	170	3.89	16.801
738	170	4.66	16.831
739	169	3.74	16.069
740	167	3.78	14.634
741	170	4.61	16.925
742	173	4.11	17.959
743	171	4.26	16.653
744	169	4.34	15.973
745	169	3.87	15.591
746	167	4.48	15.372
747	167	4.02	15.306
748	167	3.92	15.362
749	168	4.59	15.600
750	168	4.32	15.173
751	169	4.43	15.752
752	168	4.02	15.644
753	169	4.51	16.187
754	168	4.18	15.489
755	165	4.36	14.048
756	162	3.44	12.922
757	159	3.71	11.408
758	157	3.21	11.619
759	160	3.63	11.818
760	160	3.46	12.336
761	160	3.33	11.735
762	157	3.93	11.358
763	157	3.61	11.105
764	156	3.30	11.089
765	153	3.56	10.293
766	152	3.75	9.786
767	154	3.25	10.451
768	155	3.05	10.346
769	154	3.45	9.841
770	155	3.82	10.400
771	156	3.19	10.948
772	156	3.72	10.954
773	156	3.97	10.932
774	154	3.19	9.896
775	151	3.10	9.832
776	151	3.17	8.961
777	154	3.00	9.844
778	156	3.63	10.969
779	154	3.26	9.986
780	156	3.95	11.239
781	157	3.26	11.393
782	159	3.22	12.075
783	161	3.38	12.796
784	160	3.41	12.159
785	161	3.54	12.882
786	159	3.65	11.476
787	157	3.77	11.509
788	156	3.42	10.547
789	159	3.78	12.143
790	161	3.36	12.441
791	159	4.11	11.939
792	158	3.66	11.102
793	157	3.30	11.401
794	158	3.50	11.212
795	155	3.60	10.355
796	153	3.33	10.101
797	155	3.67	10.350
798	152	3.79	9.625
799	152	2.99	9.841
800	149	2.82	8.300
801	150	3.00	9.372
802	150	3.52	9.469
803	153	3.28	9.457
804	154	3.77	10.291
805	155	3.03	10.663
806	155	3.82	10.244
807	156	3.44	10.959
808	154	3.84	10.097
809	151	3.04	9.089
810	153	3.76	9.874
811	152	2.92	9.167
812	152	3.31	9.446
813	155	3.63	10.908
814	156	3.48	10.528
815	154	3.75	10.169
816	154	3.82	10.570
817	152	3.19	9.311
818	149	3.61	8.608
819	150	3.52	8.670
820	147	2.79	8.091
821	148	2.65	8.254
822	145	2.94	7.720
823	144	2.47	7.571
824	144	2.85	7.308
825	142	3.15	7.108
826	142	3.26	6.823
827	145	3.10	7.577
828	148	3.13	8.292
829	149	3.62	9.023
830	151	2.92	9.563
831	148	2.65	8.416
832	146	2.87	8.145
833	148	2.89	8.301
834	148	2.96	8.772
835	150	2.85	9.113
836	153	3.49	10.232
837	152	3.63	9.216
838	149	2.75	9.181
839	152	3.77	9.692
840	155	3.64	10.545
841	155	3.90	10.954
842	152	3.38	9.530
843	149	3.26	8.765
844	149	3.03	9.161
845	151	3.47	9.562
846	152	3.57	9.247
847	152	3.33	9.470
848	153	3.32	9.507
849	155	3.03	10.893
850	156	3.90	10.338
851	159	3.81	12.309
852	162	3.72	13.196
853	163	3.57	13.758
854	164	4.34	13.445
855	167	3.95	15.062
856	169	4.18	16.519
857	170	3.89	16.716
858	169	3.80	16.262
859	171	3.99	16.948
860	173	4.19	18.625
861	173	4.06	17.724
862	173	4.80	18.152
863	172	4.77	17.507
864	171	4.55	16.678
865	172	4.15	18.097
866	174	4.75	19.138
867	174	4.65	19.072
868	177	4.42	20.705
869	179	4.66	21.418
870	177	5.00	20.745
871	175	4.85	19.441
872	175	4.91	19.468
873	173	4.65	18.551
874	175	4.74	19.014
875	173	4.70	17.970
876	175	4.25	19.777
877	177	4.80	20.822
878	179	5.33	22.310
879	176	4.30	20.326
880	175	4.66	19.659
881	176	5.07	19.601
882	178	5.08	21.528
883	177	4.54	20.529
884	174	5.06	19.083
885	172	4.64	17.864
886	174	4.55	19.226
887	172	3.94	17.781
888	169	4.56	16.413
889	169	4.31	15.878
890	172	4.61	17.341
891	173	4.31	18.549
892	172	3.99	17.764
893	173	4.87	18.354
894	171	4.26	17.109
895	174	4.80	18.424
896	172	4.38	18.100
897	170	4.25	16.956
898	172	4.28	17.422
899	175	4.32	19.196
900	177	4.32	20.459
901	179	4.94	21.707
902	179	4.49	21.526
903	179	5.10	22.286
904	180	4.91	22.889
905	178	5.34	21.273
906	175	4.24	19.828
907	173	4.80	17.867
908	170	4.60	16.361
909	167	3.82	15.473
910	170	4.63	16.491
911	168	3.78	15.666
912	170	3.81	16.419
913	167	3.90	14.742
914	169	4.42	15.848
915	172	4.28	17.791
916	170	4.31	16.845
917	169	4.13	16.072
918	168	3.80	15.514
919	169	4.36	15.786
920	171	3.99	17.344
921	174	5.00	19.230
922	176	4.65	19.734
923	174	4.98	18.516
924	176	4.63	20.417
925	175	5.04	19.565
926	174	4.47	19.160
927	173	4.75	18.367
928	170	3.84	17.040
929	169	4.00	16.536
930	168	4.37	15.715
931	165	3.75	13.984
932	168	3.98	15.143
933	165	4.30	14.221
934	168	3.98	15.848
935	169	4.23	15.821
936	171	4.51	16.915
937	172	4.56	17.977
938	170	4.42	16.123
939	168	4.34	15.509
940	166	4.52	15.105
941	168	4.30	15.163
942	165	3.78	14.054
943	165	3.89	14.563
944	166	4.27	14.481
945	168	4.40	15.584
946	167	3.93	15.173
947	165	3.51	13.894
948	164	3.93	13.533
949	167	4.59	15.480
950	165	4.18	13.779
951	167	3.88	15.463
952	164	4.10	13.907
953	166	3.58	14.344
954	168	4.34	15.808
955	170	4.05	16.234
956	171	4.03	17.275
957	170	4.24	16.945
958	172	4.02	17.701
959	175	4.15	19.773
960	177	5.13	20.586
961	174	4.24	19.009
962	174	4.17	18.518
963	172	4.54	17.277
964	171	4.12	16.837
965	170	3.82	16.484
966	170	4.05	16.180
967	172	3.93	17.389
968	169	3.75	16.265
969	170	4.77	16.449
970	167	4.42	14.877
971	168	4.57	15.788
972	166	3.66	14.667
973	167	3.62	14.869
974	165	3.52	14.600
975	163	4.12	13.767
976	166	4.28	14.466
977	169	4.05	16.525
978	170	4.63	16.741
979	170	4.71	16.214
980	169	4.11	15.619
981	172	4.22	17.178
982	171	3.88	16.949
983	171	4.09	17.536
984	168	4.62	15.932
985	167	3.99	15.531
986	166	3.81	15.115
987	163	3.73	13.741
988	163	4.26	13.792
989	163	3.46	13.116
990	161	3.72	12.180
991	164	3.70	14.038
992	163	3.43	13.532
993	161	3.31	12.272
994	158	3.48	11.201
995	160	3.59	12.270
996	162	3.69	12.985
997	160	3.76	11.797
998	158	3.55	11.611
999	155	3.62	10.824
1000	153	3.55	9.576
1001	152	2.89	9.584
1002	149	3.20	8.397
1003	146	2.93	8.137
1004	148	3.11	8.613
1005	149	3.26	8.543
1006	148	3.54	8.738
1007	145	2.99	7.504
1008	146	3.37	8.114
1009	145	2.96	7.422
1010	146	3.37	8.493
1011	149	3.67	8.664
1012	148	2.64	8.971
1013	147	3.46	8.418
1014	145	3.14	7.556
1015	144	3.14	7.351
1016	143	2.98	7.329
1017	146	2.67	7.927
1018	148	3.60	8.914
1019	145	2.68	8.289
1020	146	2.98	7.731
1021	143	3.22	7.301
1022	140	2.41	6.390
1023	140	2.96	7.179
1024	137	2.21	6.005
1025	139	2.29	6.550
1026	140	2.89	6.388
1027	139	2.73	6.586
1028	141	2.98	6.607
1029	141	2.83	7.169
1030	143	2.47	7.832
1031	146	3.06	7.853
1032	143	3.17	7.582
1033	143	2.53	6.917
1034	143	2.70	7.240
1035	140	3.29	6.462
1036	139	2.72	6.400
1037	137	2.60	5.998
1038	139	3.08	6.281
1039	139	2.67	6.602
1040	136	2.82	6.269
1041	138	2.80	6.614
1042	138	2.87	6.173
1043	138	2.46	5.911
1044	140	2.87	6.802
1045	141	3.07	6.903
1046	142	3.15	6.964
1047	139	2.54	6.624
1048	136	2.60	6.497
1049	135	3.02	5.967
1050	134	2.30	6.000
1051	136	2.55	6.418
1052	137	2.79	6.212
1053	134	2.43	5.827
1054	135	2.60	5.697
1055	132	2.90	5.773
1056	135	2.69	6.322
1057	135	2.51	5.383
1058	135	2.30	6.111
1059	133	2.77	5.041
1060	130	2.12	5.320
1061	128	2.63	5.095
1062	127	2.21	4.948
1063	129	2.62	4.702
1064	128	2.40	4.489
1065	126	2.38	4.977
1066	126	2.25	4.858
1067	129	2.81	4.490
1068	126	2.21	4.473
1069	124	2.15	4.190
1070	121	2.59	4.137
1071	120	1.93	4.012
1072	123	2.42	3.842
1073	126	1.98	4.879
1074	125	1.92	4.167
1075	128	2.63	4.403
1076	130	2.30	4.773
1077	130	2.00	4.634
1078	132	2.91	4.962
1079	130	2.33	4.641
1080	132	2.62	5.726
1081	133	2.23	5.617
1082	134	2.48	6.116
1083	136	2.80	6.257
1084	135	3.10	5.752
1085	135	3.02	5.948
1086	132	2.91	5.588
1087	132	2.36	5.350
1088	133	2.93	5.042
1089	133	2.89	5.198
1090	134	2.39	6.063
1091	132	2.11	5.009
1092	135	3.01	6.106
1093	134	2.73	5.866
1094	132	2.27	5.777
1095	130	2.79	5.441
1096	132	2.53	4.885
1097	129	2.36	4.605
1098	127	2.14	4.730
1099	128	2.51	5.293
1100	126	2.59	4.278
1101	126	2.06	4.826
1102	128	1.92	4.947
1103	131	2.60	4.816
1104	129	2.25	4.838
1105	132	2.30	5.799
1106	134	3.06	6.110
1107	136	2.16	6.265
1108	135	2.66	5.823
1109	134	3.06	5.613
1110	131	2.18	5.670
1111	131	2.45	5.010
1112	130	2.19	4.850
1113	127	2.10	5.033
1114	125	2.64	4.270
1115	124	1.77	4.462
1116	124	2.46	4.776
1117	127	1.87	5.153
1118	125	2.08	4.486
1119	127	2.06	4.769
1120	125	1.96	4.137
1121	125	2.07	4.160
1122	128	2.03	4.678
1123	128	2.45	4.657
1124	126	2.26	4.309
1125	124	2.21	4.736
1126	127	2.54	4.327
1127	130	2.00	5.514
1128	131	2.18	4.901
1129	134	2.13	5.440
1130	134	2.48	5.808
1131	136	2.47	6.192
1132	135	2.19	5.443
1133	136	2.70	5.805
1134	135	2.86	6.067
1135	136	2.83	5.760
1136	134	3.02	5.254
1137	131	2.48	4.859
1138	128	2.26	4.846
1139	130	2.89	5.474
1140	131	2.10	5.310
1141	132	2.56	5.835
1142	133	2.29	5.818
1143	135	2.16	6.026
1144	136	3.01	6.268
1145	138	2.28	5.921
1146	138	2.51	6.559
1147	135	2.83	5.637
1148	132	2.97	5.428
1149	133	2.10	5.252
1150	130	2.16	5.310
1151	130	2.88	5.133
1152	128	2.84	5.019
1153	128	2.11	4.743
1154	131	2.09	5.659
1155	129	2.89	5.373
1156	131	2.13	4.806
1157	130	2.65	5.129
1158	128	2.36	4.949
1159	130	2.24	5.280
1160	132	2.98	5.351
1161	130	2.71	5.205
1162	128	2.75	5.075
1163	128	2.28	4.490
1164	125	1.81	4.766
1165	125	2.13	4.037
1166	127	1.97	4.626
1167	127	1.96	5.159
1168	127	2.43	4.723
1169	128	2.18	4.331
1170	130	2.93	4.615
1171	128	2.84	4.344
1172	126	1.87	4.758
1173	124	2.52	4.075
1174	125	2.77	4.358
1175	124	2.16	4.614
1176	122	2.56	3.760
1177	121	1.70	3.776
1178	119	2.61	3.728
1179	118	2.49	3.696
1180	115	2.44	3.509
1181	116	1.87	3.913
1182	118	1.70	3.775
1183	118	2.24	3.415
1184	118	1.64	4.007
1185	121	2.33	4.363
1186	122	2.44	4.552
1187	119	2.14	4.246
1188	122	2.27	3.701
1189	122	2.35	3.928
1190	124	2.59	4.606
1191	126	2.48	4.897
1192	123	1.76	3.839
1193	122	2.33	4.429
1194	123	2.14	4.215
1195	125	2.58	4.386
1196	123	2.20	4.160
1197	126	2.53	4.048
1198	128	2.00	4.885
1199	130	2.43	5.159
1200	133	2.86	5.225
1201	136	2.73	6.251
1202	136	2.39	6.014
1203	137	2.82	5.734
1204	140	3.28	6.854
1205	141	2.71	6.647
1206	143	2.58	7.250
1207	143	2.92	7.681
1208	143	2.95	7.505
1209	146	3.02	8.255
1210	149	2.96	9.205
1211	150	2.88	8.690
1212	147	2.89	8.041
1213	150	3.56	9.079
1214	150	2.75	9.310
1215	149	3.66	9.203
1216	150	3.33	9.350
1217	151	3.32	9.202
1218	149	3.45	9.226
1219	150	3.69	9.346
1220	152	3.73	9.071
1221	155	3.73	10.453
1222	152	3.02	9.929
1223	154	3.85	9.842
1224	151	2.91	9.180
1225	151	3.36	9.173
1226	150	3.02	8.627
1227	151	3.71	9.412
1228	152	3.61	9.153
1229	155	3.31	10.566
1230	158	3.44	11.589
1231	155	3.05	10.940
1232	157	3.95	10.976
1233	157	3.42	10.752
1234	159	3.30	12.190
1235	156	3.71	10.641
1236	157	3.46	11.583
1237	156	3.08	10.648
1238	158	3.77	11.019
1239	161	3.55	12.060
1240	159	3.37	11.747
1241	156	3.07	11.187
1242	158	3.33	11.653
1243	160	3.52	11.821
1244	158	3.18	11.805
1245	160	3.39	12.238
1246	157	3.78	10.687
1247	156	3.14	10.544
1248	155	3.10	10.043
1249	156	3.90	10.578
1250	157	3.15	11.052
1251	157	3.26	11.060
1252	159	3.93	12.142
1253	156	3.74	11.120
1254	159	3.88	11.640
1255	161	3.80	12.883
1256	164	3.51	13.299
1257	161	4.17	12.466
1258	158	3.40	11.779
1259	157	3.18	11.097
1260	159	3.49	11.627
1261	161	3.43	12.078
1262	159	3.94	12.017
1263	157	4.02	11.417
1264	160	3.89	12.569
1265	161	4.02	12.943
1266	162	3.60	12.532
1267	165	4.35	14.374
1268	162	3.40	13.154
1269	164	4.15	14.115
1270	161	4.25	12.880
1271	158	3.77	11.859
1272	160	4.16	12.372
1273	157	3.10	10.899
1274	159	3.21	11.951
1275	157	3.48	11.451
1276	159	3.98	12.133
1277	156	3.82	10.955
1278	159	3.80	11.904
1279	157	4.02	11.599
1280	157	3.67	11.216
1281	160	4.12	11.755
1282	163	3.97	13.450
1283	160	3.26	11.721
1284	159	3.82	12.158
1285	157	3.90	11.039
1286	155	3.95	10.393
1287	156	3.45	11.114
1288	156	3.39	11.158
1289	157	3.99	11.354
1290	157	4.00	10.886
1291	159	3.49	11.954
1292	162	3.63	12.668
1293	159	3.18	11.652
1294	162	4.21	12.565
1295	160	3.52	12.338
1296	162	3.94	13.132
1297	163	3.89	13.760
1298	165	3.71	13.708
1299	163	3.44	13.292
1300	161	4.13	12.721
1301	160	3.41	12.644
1302	159	3.27	12.014
1303	160	3.47	11.862
1304	160	4.00	12.144
1305	161	3.59	12.285
1306	164	4.14	14.087
1307	161	3.79	12.578
1308	159	3.19	11.879
1309	156	3.83	10.884
1310	159	3.34	12.291
1311	156	3.18	10.674
1312	157	3.84	11.085
1313	154	3.12	10.356
1314	151	3.71	9.648
1315	153	3.73	10.330
1316	153	3.53	9.931
1317	151	3.46	9.751
1318	148	3.23	8.201
1319	149	2.86	8.398
1320	146	3.36	7.901
1321	145	3.14	8.038
1322	144	3.14	7.471
1323	143	2.71	7.065
1324	143	2.87	6.984
1325	146	2.65	7.731
1326	144	3.17	7.577
1327	144	2.80	7.653
1328	145	2.72	7.763
1329	145	3.12	7.733
1330	148	3.11	8.133
1331	147	2.94	8.115
1332	144	2.98	7.510
1333	142	3.09	6.816
1334	144	2.83	7.954
1335	143	2.92	7.547
1336	141	3.24	7.201
1337	140	3.21	6.959
1338	143	2.95	7.261
1339	142	3.09	7.264
1340	141	2.73	6.859
1341	143	2.76	7.380
1342	144	3.26	7.066
1343	147	3.05	8.657
1344	145	2.55	7.422
1345	146	2.71	8.451
1346	143	2.75	7.355
1347	144	2.71	7.463
1348	143	2.61	6.864
1349	144	3.32	7.914
1350	141	3.27	6.834
1351	141	2.98	6.432
1352	144	3.01	7.153
1353	144	3.24	7.079
1354	145	3.38	7.440
1355	143	3.19	7.488
1356	140	2.81	6.961
1357	139	2.66	6.510
1358	140	3.13	6.674
1359	139	2.52	6.693
1360	137	2.75	6.037
1361	137	2.68	6.232
1362	139	2.71	6.688
1363	139	2.68	6.143
1364	137	2.43	5.845
1365	138	2.41	6.342
1366	141	2.42	6.873
1367	138	2.60	6.756
1368	135	2.89	5.656
1369	136	3.11	5.691
1370	138	2.48	6.191
1371	140	3.20	6.345
1372	142	2.77	7.036
1373	144	2.72	7.737
1374	142	2.84	6.739
1375	139	3.25	6.745
1376	140	2.65	7.003
1377	143	2.58	7.062
1378	144	3.32	7.442
1379	144	3.41	7.325
1380	145	3.04	7.856
1381	144	2.74	7.852
1382	141	2.56	7.390
1383	139	2.31	6.590
1384	136	2.97	5.720
1385	134	2.79	6.117
1386	132	2.57	5.591
1387	131	2.16	5.362
1388	129	2.17	5.351
1389	128	2.16	4.689
1390	127	2.41	5.132
1391	125	1.91	4.172
1392	126	1.91	4.741
1393	125	2.66	4.224
1394	124	2.61	3.820
1395	122	2.44	4.023
1396	124	1.94	3.947
1397	125	2.55	4.258
1398	126	1.96	4.163
1399	128	2.09	5.251
1400	127	2.11	4.874
1401	130	2.49	4.544
1402	128	2.06	5.148
1403	130	2.55	5.303
1404	127	2.67	5.040
1405	126	2.32	4.589
1406	123	2.43	3.664
1407	121	2.35	3.441
1408	123	2.47	3.677
1409	125	2.59	3.999
1410	125	1.87	4.192
1411	122	2.01	3.764
1412	122	2.01	4.294
1413	121	1.85	4.110
1414	120	1.79	3.470
1415	120	2.34	4.130
1416	117	1.95	3.292
1417	120	2.09	4.323
1418	121	2.07	3.652
1419	120	2.34	4.055
1420	119	1.87	3.959
1421	117	2.14	3.930
1422	116	2.32	3.028
1423	119	1.91	3.770
1424	122	1.78	4.472
1425	119	2.43	4.060
1426	120	2.53	3.708
1427	117	1.69	3.404
1428	116	1.79	3.380
1429	113	2.28	2.723
1430	116	1.57	3.616
1431	117	2.25	3.802
1432	114	1.95	3.734
1433	112	1.87	3.007
1434	115	1.95	3.829
1435	117	2.10	3.315
1436	118	2.32	3.922
1437	117	1.77	3.979
1438	118	2.14	3.553
1439	118	1.65	3.706
1440	120	2.32	3.922
1441	117	1.65	3.867
1442	118	2.50	3.314
1443	115	2.16	3.732
1444	118	2.08	3.842
1445	118	2.13	3.553
1446	118	2.50	4.025
1447	119	2.45	4.160
1448	117	2.22	3.387
1449	120	2.30	3.667
1450	117	1.64	3.216
1451	117	1.93	3.676
1452	117	1.97	3.182
1453	115	2.00	3.517
1454	118	1.65	3.539
1455	118	1.66	3.342
1456	116	2.32	3.656
1457	113	2.33	3.508
1458	115	1.92	3.166
1459	114	1.56	3.224
1460	117	2.20	4.015
1461	115	1.72	3.007
1462	112	2.29	2.828
1463	113	1.74	3.037
1464	112	2.31	2.812
1465	110	1.98	2.490
1466	113	1.99	3.535
1467	110	1.61	2.494
1468	108	2.14	2.840
1469	111	1.46	2.570
1470	108	1.80	2.949
1471	111	2.20	2.981
1472	113	2.27	2.893
1473	116	1.89	3.704
1474	119	2.37	3.839
1475	121	2.20	4.142
1476	119	2.33	4.077
1477	116	2.14	2.998
1478	117	1.61	3.360
1479	116	2.01	2.946
1480	114	2.29	3.741
1481	116	1.87	3.648
1482	119	1.95	3.955
1483	121	1.88	4.415
1484	119	2.00	4.191
1485	116	2.34	3.614
1486	114	2.43	3.379
1487	113	2.25	3.305
1488	112	2.40	3.520
1489	114	2.40	2.960
1490	114	1.56	3.614
1491	113	1.96	3.350
1492	110	2.02	3.021
1493	110	2.29	3.270
1494	109	1.58	3.288
1495	111	1.63	3.244
1496	113	2.04	2.825
1497	113	2.36	3.242
1498	111	1.89	2.541
1499	108	2.08	3.171
1500	108	1.97	2.811
1501	109	1.47	2.978
1502	107	1.63	2.470
1503	106	1.52	2.458
1504	105	1.59	2.167
1505	102	1.38	2.889
1506	104	2.26	2.131
1507	107	1.74	2.504
1508	104	2.21	2.259
1509	106	1.69	2.876
1510	108	1.75	2.584
1511	110	1.83	2.488
1512	111	2.23	3.124
1513	111	2.11	3.365
1514	108	1.59	2.611
1515	110	1.63	2.530
1516	113	2.05	2.821
1517	112	2.31	3.181
1518	109	2.29	3.034
1519	106	2.28	3.088
1520	103	1.65	2.809
1521	102	1.99	1.999
1522	105	1.95	2.911
1523	105	1.68	2.436
1524	102	1.23	2.633
1525	102	1.59	2.321
1526	100	1.70	2.078
1527	100	1.43	1.860
1528	101	1.60	2.049
1529	100	1.56	1.919
1530	98	2.11	1.886
1531	95	1.41	1.901
1532	95	1.88	1.752
1533	96	2.08	2.270
1534	96	1.60	1.685
1535	97	1.49	1.912
1536	98	1.94	2.514
1537	101	1.46	2.805
1538	104	1.91	2.668
1539	104	1.56	2.427
1540	101	1.36	2.667
1541	102	2.16	2.659
1542	100	1.38	2.327
1543	102	1.86	1.996
1544	100	1.76	2.004
1545	97	1.14	1.953
1546	100	1.56	2.280
1547	99	2.16	2.418
1548	97	1.82	1.789
1549	95	1.83	2.419
1550	93	1.22	2.278
1551	96	1.59	2.194
1552	93	1.17	2.067
1553	94	1.13	1.539
1554	95	1.88	1.670
1555	94	1.29	2.328
1556	92	1.79	2.088
1557	95	1.58	1.776
1558	93	1.75	1.849
1559	92	1.90	1.928
1560	93	1.31	2.375
1561	93	1.49	2.324
1562	93	1.51	2.087
1563	96	1.31	2.468
1564	93	1.18	2.083
1565	90	1.71	1.548
1566	89	1.67	1.326
1567	89	1.87	1.810
1568	89	1.52	1.597
1569	91	1.25	1.348
1570	93	1.21	1.539
1571	94	2.02	2.459
1572	91	1.62	2.197
1573	89	1.46	1.438
1574	88	1.75	1.637
1575	88	1.52	1.937
1576	89	1.38	1.405
1577	87	0.97	1.486
1578	88	1.35	1.996
1579	89	1.68	2.227
1580	88	1.71	1.425
1581	87	1.19	2.047
1582	84	1.01	1.526
1583	87	1.86	1.448
1584	88	1.72	2.176
1585	85	0.95	1.391
1586	83	1.43	1.834
1587	82	1.18	1.600
1588	85	0.97	1.471
1589	83	1.74	1.754
1590	80	1.03	1.652
1591	80	1.52	1.298
1592	81	1.74	1.844
1593	84	0.95	1.546
1594	86	1.63	1.662
1595	89	1.44	1.883
1596	91	1.25	2.023
1597	94	1.51	2.215
1598	97	2.04	1.972
1599	95	1.87	2.274
1600	95	1.31	1.737
1601	97	1.93	2.131
1602	97	1.84	1.913
1603	95	2.09	2.293
1604	96	2.08	2.022
1605	98	1.64	2.581
1606	100	1.88	2.150
1607	98	1.94	2.654
1608	100	1.80	2.611
1609	99	1.26	2.081
1610	102	1.99	2.385
1611	102	1.28	2.460
1612	105	2.19	2.423
1613	106	2.11	2.300
1614	109	1.54	2.379
1615	110	1.69	2.872
1616	107	2.04	2.668
1617	106	1.90	2.496
1618	107	2.11	2.778
1619	105	1.55	2.423
1620	105	1.40	2.406
1621	105	1.93	2.864
1622	106	2.13	2.723
1623	106	1.39	2.136
1624	103	1.79	2.325
1625	101	1.56	1.998
1626	98	1.25	1.693
1627	98	1.26	1.834
1628	99	1.41	2.098
1629	101	2.13	2.103
1630	102	1.73	2.233
1631	103	1.75	2.103
1632	102	1.51	1.938
1633	100	1.50	1.777
1634	97	1.59	2.028
1635	99	2.11	2.430
1636	100	1.94	2.158
1637	103	1.85	2.488
1638	105	2.18	2.199
1639	104	1.91	2.176
1640	103	1.94	2.626
1641	105	1.34	3.049
1642	104	1.90	2.966
1643	107	1.50	2.749
1644	104	2.26	2.700
1645	104	2.23	2.757
1646	102	1.85	2.689
1647	101	1.50	2.608
1648	101	1.45	2.081
1649	100	2.09	1.834
1650	102	1.34	1.900
1651	101	1.69	1.924
1652	98	1.70	1.844
1653	101	1.56	2.750
1654	104	1.68	2.925
1655	107	1.68	2.439
1656	107	2.27	2.786
1657	110	1.41	3.200
1658	109	1.87	2.923
1659	110	1.88	2.567
1660	113	1.92	3.292
1661	113	1.47	2.908
1662	113	1.75	3.532
1663	111	2.00	3.484
1664	109	2.33	2.441
1665	106	2.15	2.217
1666	109	1.81	2.619
1667	107	1.52	2.850
1668	104	1.81	2.958
1669	105	1.41	2.481
1670	103	1.96	2.188
1671	101	2.11	1.845
1672	103	1.83	2.572
1673	102	1.79	2.552
1674	102	1.35	2.856
1675	100	2.04	2.739
1676	100	1.35	2.257
1677	103	2.03	2.677
1678	101	1.61	2.178
1679	98	1.49	2.548
1680	100	1.87	2.617
1681	98	1.51	2.533
1682	95	1.57	1.662
1683	97	1.14	1.750
1684	98	1.41	1.751
1685	101	1.40	2.290
1686	100	1.83	2.149
1687	99	1.44	2.343
1688	100	2.17	2.579
1689	101	1.54	2.570
1690	102	1.67	2.449
1691	99	1.94	2.227
1692	99	1.32	2.638
1693	98	1.93	2.635
1694	101	1.86	2.079
1695	98	2.02	1.695
1696	100	1.49	2.091
1697	97	1.80	2.582
1698	99	1.94	2.138
1699	96	1.38	2.521
1700	97	1.91	1.719
1701	94	1.63	1.938
1702	91	1.58	1.942
1703	92	2.00	1.645
1704	91	1.92	2.272
1705	92	1.65	2.168
1706	92	1.78	1.391
1707	94	2.00	2.014
1708	93	1.88	2.207
1709	93	1.25	2.313
1710	90	1.41	1.848
1711	88	1.85	1.861
1712	89	1.66	1.530
1713	86	1.83	1.669
1714	85	1.82	1.919
1715	85	1.43	1.870
1716	83	1.11	1.521
1717	80	0.89	1.482
1718	82	1.10	1.446
1719	79	1.54	0.976
1720	80	1.34	1.052
1721	82	1.65	1.659
1722	81	1.56	1.548
1723	82	1.37	1.038
1724	82	1.73	1.662
1725	83	1.14	1.420
1726	85	1.39	1.913
1727	82	1.79	1.927
1728	82	1.86	1.675
1729	84	1.86	1.591
1730	83	1.02	1.342
1731	81	1.85	1.200
1732	82	0.88	1.431
1733	81	1.27	1.385
1734	83	1.41	1.060
1735	81	0.94	1.068
1736	83	1.00	1.934
1737	86	1.29	1.249
1738	84	1.78	1.470
1739	87	1.21	2.059
1740	84	1.01	1.140
1741	82	0.98	1.333
1742	80	1.84	1.457
1743	83	1.88	1.325
1744	86	1.04	1.362
1745	84	1.59	1.411
1746	82	1.50	1.446
1747	80	1.77	1.509
1748	79	1.37	1.314
1749	79	1.59	1.892
1750	81	1.21	1.279
1751	80	1.64	1.264
1752	80	1.39	1.069
1753	83	1.01	1.339
1754	85	1.66	1.208
1755	87	1.83	1.627
1756	90	1.49	2.119
1757	90	1.62	1.418
1758	93	1.86	1.760
1759	92	1.63	1.706
1760	94	1.12	2.373
1761	95	1.73	2.251
1762	98	1.38	1.859
1763	96	1.62	1.626
1764	99	2.06	1.872
1765	102	1.26	1.895
1766	105	2.01	2.196
1767	107	2.15	2.670
1768	109	1.54	3.108
1769	107	2.14	2.267
1770	107	1.62	2.924
1771	110	2.12	2.904
1772	107	2.11	3.078
1773	105	1.40	2.206
1774	108	1.62	2.449
1775	109	1.97	2.611
1776	112	2.05	2.974
1777	110	2.39	2.829
1778	113	2.37	3.321
1779	115	2.10	3.699
1780	118	1.73	3.128
1781	115	2.29	3.167
1782	117	2.52	3.609
1783	117	1.83	3.372
1784	117	2.23	3.426
1785	117	2.31	3.913
1786	115	2.41	2.932
1787	118	2.33	3.514
1788	120	2.15	3.658
1789	121	2.57	4.139
1790	120	1.92	3.663
1791	118	2.14	3.921
1792	115	2.35	3.688
1793	113	2.45	2.879
1794	115	2.49	3.184
1795	117	2.55	3.992
1796	115	1.65	3.711
1797	112	2.23	3.308
1798	110	1.99	3.032
1799	112	2.40	2.640
1800	110	2.03	3.355
1801	111	1.42	3.381
1802	113	1.55	3.506
1803	114	1.69	3.303
1804	113	1.95	2.814
1805	116	2.02	3.461
1806	118	2.45	3.230
1807	120	1.81	4.225
1808	118	1.83	4.066
1809	119	2.56	3.381
1810	118	2.01	4.082
1811	120	1.99	4.144
1812	120	2.47	3.518
1813	120	2.35	3.823
1814	120	2.06	3.410
1815	117	2.08	3.989
1816	120	2.08	3.324
1817	119	1.72	3.282
1818	120	1.72	3.333
1819	123	1.86	3.804
1820	121	2.41	3.897
1821	124	2.37	4.247
1822	122	2.27	3.584
1823	121	2.11	4.077
1824	124	2.07	4.708
1825	126	2.19	4.936
1826	129	2.36	4.637
1827	128	2.15	4.928
1828	125	2.21	4.577
1829	123	1.90	4.337
1830	123	2.32	3.861
1831	124	2.60	4.526
1832	125	2.15	4.017
1833	123	2.71	4.031
1834	120	2.64	3.569
1835	120	1.99	3.637
1836	120	1.91	3.546
1837	123	1.92	4.438
1838	123	1.93	4.111
1839	121	2.30	3.673
1840	119	1.94	3.364
1841	119	2.17	3.869
1842	120	1.68	3.348
1843	122	2.02	3.710
1844	124	2.15	4.714
1845	126	2.24	4.322
1846	124	1.79	4.143
1847	125	1.92	4.604
1848	124	2.67	4.313
1849	122	2.55	3.701
1850	123	2.50	4.579
1851	122	2.00	4.354
1852	121	1.79	3.904
1853	124	2.11	4.429
1854	125	1.98	4.059
1855	124	2.49	4.456
1856	125	2.19	4.038
1857	123	2.52	4.104
1858	121	2.25	3.834
1859	118	2.47	3.650
1860	120	1.74	4.269
1861	119	2.19	3.308
1862	118	2.28	3.417
1863	115	1.67	2.886
1864	118	2.24	3.285
1865	121	2.27	3.425
1866	120	1.67	3.719
1867	123	2.55	4.100
1868	122	1.96	3.675
1869	122	1.84	4.289
1870	122	2.39	3.851
1871	123	2.38	4.210
1872	125	2.34	4.278
1873	124	2.34	3.979
1874	126	2.10	4.765
1875	128	2.65	4.559
1876	128	2.20	4.620
1877	129	2.74	4.751
1878	131	2.59	5.519
1879	132	2.32	5.190
1880	130	2.71	4.593
1881	128	2.51	5.201
1882	125	2.72	4.077
1883	122	1.92	4.343
1884	124	2.66	4.006
1885	125	2.54	4.770
1886	127	1.91	4.689
1887	130	2.59	5.176
1888	132	2.37	5.010
1889	131	2.30	4.942
1890	134	2.47	5.868
1891	135	3.07	6.095
1892	137	2.89	5.721
1893	134	2.30	5.902
1894	136	2.31	5.648
1895	137	2.67	5.934
1896	139	2.29	6.919
1897	136	2.66	6.263
1898	139	2.35	6.488
1899	139	2.83	6.054
1900	140	2.60	7.132
1901	137	2.41	6.154
1902	138	3.06	6.615
1903	135	2.58	5.975
1904	138	2.44	6.412
1905	141	2.56	6.974
1906	143	2.88	7.290
1907	140	2.76	7.095
1908	141	2.44	6.819
1909	138	2.43	6.493
1910	139	3.05	6.243
1911	141	3.16	6.644
1912	140	3.07	6.444
1913	143	2.44	6.921
1914	142	3.32	7.035
1915	145	3.48	7.624
1916	146	2.94	8.173
1917	143	2.96	7.581
1918	144	2.59	7.544
1919	141	2.66	7.057
1920	143	3.32	7.309
1921	141	2.69	7.178
1922	141	2.83	7.330
1923	140	2.46	6.409
1924	140	3.26	6.798
1925	142	3.01	7.110
1926	145	3.19	7.301
1927	147	3.26	8.001
1928	148	3.34	8.400
1929	145	2.90	7.266
1930	147	3.43	8.425
1931	145	2.82	8.206
1932	145	2.76	7.906
1933	146	3.32	8.031
1934	145	2.95	7.698
1935	146	3.52	7.517
1936	146	3.54	8.410
1937	145	3.08	7.771
1938	146	2.98	7.742
1939	148	3.52	8.802
1940	147	2.68	8.166
1941	148	3.31	8.648
1942	148	2.83	8.556
1943	147	3.30	8.533
1944	145	3.41	7.288
1945	143	2.43	7.554
1946	146	3.54	7.716
1947	147	3.39	7.882
1948	148	3.13	8.832
1949	146	3.52	7.870
1950	148	2.71	8.770
1951	150	2.74	9.051
1952	148	3.12	8.659
1953	146	3.05	8.369
1954	149	3.48	8.510
1955	148	3.47	8.041
1956	151	3.10	9.353
1957	154	3.61	9.921
1958	151	3.62	8.894
1959	154	3.79	9.857
1960	156	3.47	10.685
1961	153	3.65	10.029
1962	150	3.26	8.899
1963	150	2.76	8.661
1964	152	3.62	9.972
1965	155	3.73	10.809
1966	158	3.78	10.898
1967	155	3.88	10.351
1968	156	3.07	10.486
1969	156	3.81	11.089
1970	154	3.06	10.207
1971	151	3.25	9.341
1972	149	2.97	8.859
1973	146	3.24	7.980
1974	147	3.38	8.315
1975	149	2.92	8.634
1976	148	2.66	8.216
1977	148	2.96	8.273
1978	150	3.72	8.758
1979	150	3.38	8.909
1980	149	3.52	8.820
1981	151	3.39	9.667
1982	153	3.86	9.901
1983	150	3.10	8.570
1984	152	3.13	9.338
1985	149	3.09	8.223
1986	150	2.98	8.769
1987	148	2.98	8.539
1988	151	3.06	9.530
1989	152	2.83	9.052
1990	152	2.82	9.871
1991	150	3.62	9.159
1992	153	2.95	9.576
1993	152	3.56	9.462
1994	150	3.06	9.138
1995	149	2.86	8.952
1996	152	3.65	9.069
1997	151	3.35	9.621
1998	153	3.58	9.490
1999	153	3.59	9.286
2000	152	3.43	9.549
2001	153	3.50	9.661
2002	153	3.80	9.316
2003	153	3.70	9.987
2004	153	3.27	9.757
2005	150	3.31	8.760
2006	148	3.31	8.267
2007	147	3.20	8.283
2008	148	3.42	8.113
2009	146	2.85	7.633
2010	143	2.54	7.028
2011	142	2.78	6.960
2012	143	3.14	6.788
2013	143	2.52	7.533
2014	145	3.45	7.929
2015	142	2.90	7.230
2016	141	2.65	6.413
2017	143	2.48	7.580
2018	144	3.38	7.175
2019	143	2.58	7.184
2020	144	3.18	7.111
2021	145	3.44	7.271
2022	145	2.60	7.309
2023	148	3.43	8.291
2024	151	3.60	9.254
2025	153	3.39	9.467
2026	154	3.63	9.630
2027	155	3.13	10.070
2028	153	3.59	9.943
2029	150	3.18	9.029
2030	151	3.06	9.191
2031	150	3.21	8.507
2032	147	3.00	8.215
2033	150	2.85	9.257
2034	153	3.50	9.838
2035	154	3.25	9.914
2036	155	3.79	10.171
2037	157	3.59	10.915
2038	160	3.53	11.612
2039	162	4.15	13.231
2040	159	3.55	11.250
2041	158	3.91	11.517
2042	161	4.07	12.932
2043	164	3.87	13.378
2044	165	3.70	14.072
2045	164	4.41	13.320
2046	161	3.34	12.428
2047	158	4.07	11.363
2048	161	3.41	12.005
2049	162	4.07	12.660
2050	164	4.31	13.787
2051	163	4.13	13.413
2052	161	3.89	12.316
2053	160	4.03	11.645
2054	158	3.56	11.363
2055	158	3.60	11.552
2056	155	3.86	10.219
2057	154	3.87	10.566
2058	155	3.93	10.816
2059	154	3.17	10.536
2060	156	3.59	10.917
2061	156	3.49	10.669
2062	154	3.01	10.058
2063	154	3.60	9.779
2064	153	3.65	10.190
2065	155	3.83	10.267
2066	152	3.42	9.055
2067	152	3.74	9.119
2068	151	2.82	9.366
2069	154	3.82	9.836
2070	153	3.05	9.299
2071	152	3.69	9.899
2072	155	3.10	10.074
2073	156	3.39	10.712
2074	154	3.65	9.993
2075	152	3.72	9.006
2076	150	3.01	9.178
2077	150	3.41	9.167
2078	150	2.93	9.216
2079	149	3.43	8.540
2080	149	3.41	9.149
2081	146	2.93	7.693
2082	147	3.30	7.853
2083	147	3.31	8.138
2084	149	2.76	8.169
2085	152	3.66	9.580
2086	152	3.63	9.287
2087	152	2.82	9.686
2088	149	2.90	8.909
2089	152	2.92	9.752
2090	150	3.53	8.815
2091	147	3.21	8.097
2092	148	3.50	8.024
2093	146	3.17	7.641
2094	148	3.40	8.553
2095	145	2.69	8.003
2096	148	3.22	8.886
2097	149	2.98	8.412
2098	146	2.74	7.918
2099	147	3.00	7.836
2100	147	3.00	8.360
2101	146	3.27	7.894
2102	148	3.49	8.710
2103	145	3.22	7.752
2104	147	2.84	8.565
2105	145	2.75	7.865
2106	146	3.35	7.613
2107	147	3.02	7.950
2108	145	2.51	7.878
2109	142	3.16	7.530
2110	144	2.96	7.085
2111	147	2.88	7.778
2112	147	3.27	8.566
2113	145	2.83	8.103
2114	148	3.33	7.990
2115	145	3.16	8.170
2116	144	3.05	7.474
2117	141	3.30	6.607
2118	140	2.46	6.897
2119	140	2.43	6.973
2120	139	2.85	6.351
2121	142	2.99	7.066
2122	144	3.29	7.909
2123	142	2.95	6.872
2124	140	3.02	6.472
2125	137	3.02	6.398
2126	137	2.89	5.967
2127	137	2.73	6.148
2128	134	2.63	5.472
2129	135	2.81	6.111
2130	132	2.62	5.021
2131	133	2.85	5.135
2132	134	2.80	5.342
2133	135	2.54	6.232
2134	134	2.17	5.430
2135	135	2.24	5.397
2136	135	2.29	5.340
2137	137	3.09	5.873
2138	135	3.03	6.153
2139	132	2.08	5.113
2140	131	2.61	5.203
2141	129	2.51	4.471
2142	127	2.43	4.259
2143	128	2.87	4.278
2144	130	2.08	4.485
2145	133	2.47	5.639
2146	130	2.91	5.000
2147	127	2.67	4.646
2148	125	2.35	4.773
2149	128	2.67	4.776
2150	127	2.29	4.658
2151	129	2.91	4.508
2152	132	2.81	4.871
2153	133	2.82	5.674
2154	133	2.99	5.246
2155	133	2.95	5.770
2156	130	2.80	5.326
2157	129	2.45	5.102
2158	126	2.31	4.484
2159	128	2.40	4.516
2160	128	2.21	5.167
2161	131	2.58	4.863
2162	132	2.50	5.582
2163	133	2.96	4.954
2164	130	2.52	4.998
2165	127	2.40	4.097
2166	130	2.55	4.690
2167	129	2.73	5.218
2168	127	2.07	4.607
2169	128	2.20	4.645
2170	126	2.46	4.536
2171	125	1.81	4.076
2172	125	2.17	4.284
2173	128	2.44	4.808
2174	131	2.07	5.228
2175	129	2.10	4.590
2176	127	2.25	4.212
2177	128	2.45	4.304
2178	126	2.50	4.088
2179	123	2.61	4.204
2180	123	1.94	3.604
2181	122	2.03	3.768
2182	120	2.00	3.584
2183	121	1.88	3.808
2184	119	1.84	3.873
2185	121	2.61	3.670
2186	119	2.08	3.491
2187	121	2.07	3.863
2188	124	2.13	4.558
2189	121	2.01	3.948
2190	118	2.10	3.094
2191	116	2.28	3.809
2192	113	1.99	3.457
2193	111	2.18	2.868
2194	113	2.33	2.618
2195	111	1.74	3.125
2196	113	2.47	3.492
2197	115	1.81	3.726
2198	115	1.59	3.708
2199	116	1.84	3.240
2200	117	2.12	3.183
2201	114	1.96	2.725
2202	113	2.12	3.479
2203	116	1.61	3.304
2204	113	2.08	3.552
2205	114	2.39	2.852
2206	113	1.48	2.905
2207	110	1.82	2.977
2208	112	1.80	2.693
2209	114	2.29	3.364
2210	113	1.94	3.419
2211	110	1.96	2.817
2212	111	1.53	3.319
2213	108	1.49	2.238
2214	107	2.07	2.841
2215	108	1.53	3.115
2216	108	1.48	2.904
2217	108	1.60	2.810
2218	110	2.16	3.248
2219	108	1.76	2.884
2220	109	1.81	2.483
2221	107	2.23	3.075
2222	109	1.75	2.776
2223	106	1.73	2.395
2224	103	1.55	1.908
2225	100	1.30	2.677
2226	99	1.25	1.678
2227	99	1.52	2.531
2228	100	2.18	2.048
2229	102	1.55	2.675
2230	99	1.95	2.312
2231	96	1.81	2.032
2232	93	1.95	2.266
2233	95	1.31	2.054
2234	97	1.69	2.326
2235	97	1.44	2.289
2236	99	2.07	1.749
2237	97	1.33	2.253
2238	94	1.66	1.887
2239	97	1.61	2.348
2240	98	1.33	1.914
2241	100	1.85	2.572
2242	98	1.98	1.700
2243	96	1.27	2.209
2244	95	1.15	2.297
2245	92	1.55	1.627
2246	90	1.70	1.810
2247	91	1.67	2.225
2248	88	1.45	1.905
2249	91	1.39	2.068
2250	89	1.65	1.532
2251	87	1.56	1.814
2252	86	1.82	1.929
2253	88	1.77	2.030
2254	88	1.81	1.543
2255	85	1.74	1.538
2256	84	1.25	1.071
2257	85	1.77	1.319
2258	83	1.21	1.115
2259	84	1.54	1.827
2260	83	1.33	0.985
2261	83	1.74	1.779
2262	86	0.97	1.688
2263	87	1.81	1.434
2264	85	1.88	1.159
2265	83	1.50	1.036
2266	81	1.71	1.393
2267	81	1.00	1.160
2268	84	0.98	1.985
2269	81	1.63	0.923
2270	80	1.37	1.291
2271	83	1.66	1.003
2272	83	1.82	1.368
2273	81	1.37	1.112
2274	84	1.04	1.576
2275	86	1.07	2.016
2276	85	1.27	1.103
2277	88	1.39	2.086
2278	89	1.57	1.219
2279	86	1.28	2.016
2280	88	1.95	1.317
2281	89	1.34	2.002
2282	89	1.74	1.849
2283	88	1.76	1.270
2284	91	1.42	1.754
2285	89	1.97	1.883
2286	86	1.75	1.215
2287	87	1.07	2.086
2288	85	1.04	2.006
2289	82	1.31	0.934
2290	82	1.04	1.102
2291	85	1.49	1.673
2292	82	1.58	1.068
2293	80	1.77	1.135
2294	83	1.71	1.782
2295	81	1.30	1.226
2296	79	1.60	1.793
2297	80	1.29	1.627
2298	81	1.48	1.604
2299	79	1.00	1.262
2300	79	1.01	1.533
2301	76	0.84	1.189
2302	74	1.14	1.591
2303	71	1.44	1.259
2304	73	0.78	0.878
2305	70	1.11	1.077
2306	73	1.70	0.930
2307	75	1.29	1.653
2308	72	0.97	0.957
2309	69	0.79	1.461
2310	69	1.54	0.814
2311	69	0.71	0.769
2312	69	1.03	1.365
2313	67	1.41	1.141
2314	68	1.49	1.034
2315	67	1.04	1.003
2316	66	1.30	1.374
2317	66	1.55	1.181
2318	63	1.10	1.426
2319	60	1.27	1.221
2320	63	1.33	1.007
2321	60	0.82	1.390
2322	58	0.63	1.082
2323	59	1.54	1.048
2324	59	0.66	1.041
2325	58	0.63	1.085
2326	55	1.54	1.094
2327	52	1.50	1.274
2328	54	0.85	0.645
2329	57	1.39	0.452
2330	56	1.57	0.952
2331	55	1.35	0.347
2332	53	1.09	1.216
2333	56	1.36	1.283
2334	56	1.39	1.162
2335	54	1.10	1.216
2336	52	0.86	0.550
2337	53	0.85	0.500
2338	52	1.40	0.542
2339	51	1.52	0.664
2340	50	1.04	0.884
2341	52	0.93	0.966
2342	50	1.08	0.771
2343	53	1.39	0.653
2344	54	1.11	0.737
2345	56	1.04	0.379
2346	53	1.01	0.456
2347	51	1.31	0.830
2348	50	1.40	1.052
2349	52	0.59	1.222
2350	51	1.41	1.031
2351	50	1.05	0.490
2352	50	0.90	0.272
2353	52	1.19	0.419
2354	55	1.15	0.804
2355	55	1.16	1.293
2356	54	1.08	0.743
2357	56	1.13	1.176
2358	53	1.28	0.379
2359	54	1.09	0.359
2360	52	1.22	0.700
2361	50	0.63	1.120
2362	53	0.90	0.360
2363	52	1.46	1.260
2364	53	0.88	0.958
2365	56	0.64	0.743
2366	58	1.19	0.475
2367	55	1.50	0.531
2368	54	1.47	0.795
2369	53	1.00	0.840
2370	56	1.19	0.432
2371	53	0.88	0.385
2372	50	1.24	1.224
2373	52	0.58	0.877
2374	54	0.79	0.978
2375	51	1.38	1.003
2376	50	0.73	0.973
2377	50	1.04	1.050
2378	50	0.70	1.173
2379	51	0.64	1.134
2380	53	0.79	0.947
2381	50	1.38	0.495
2382	50	1.42	0.351
2383	51	1.50	1.114
2384	50	0.90	0.797
2385	50	0.57	0.347
2386	52	1.26	0.283
2387	55	1.40	0.408
2388	52	1.07	0.919
2389	50	1.20	0.436
2390	53	1.20	1.081
2391	54	1.44	1.114
2392	55	1.17	0.598
2393	58	0.74	0.761
2394	58	1.01	1.265
2395	60	0.86	1.053
2396	60	1.19	0.749
2397	62	1.35	0.511
2398	65	1.47	1.075
2399	62	0.90	1.159
2400	65	1.51	1.244
2401	64	0.65	0.917
2402	66	1.16	1.015
2403	67	0.78	0.825
2404	65	1.50	0.506
2405	68	1.31	1.118
2406	65	0.69	1.312
2407	65	0.77	0.979
2408	63	0.93	1.136
2409	65	0.78	0.766
2410	65	1.00	1.050
2411	68	0.90	1.286
2412	71	0.80	0.924
2413	68	1.10	0.943
2414	65	0.98	0.698
2415	66	0.70	0.790
2416	68	1.22	1.022
2417	66	0.69	0.551
2418	65	1.17	0.517
2419	68	0.72	0.724
2420	67	0.78	0.669
2421	68	1.51	1.223
2422	65	1.11	1.282
2423	66	1.40	0.991
2424	63	0.71	0.938
2425	64	1.17	1.124
2426	63	1.00	1.054
2427	61	0.85	0.865
2428	64	1.19	1.268
2429	66	1.51	0.896
2430	69	1.68	1.379
2431	66	0.91	0.951
2432	68	1.13	1.157
2433	71	1.16	1.082
2434	68	1.44	1.057
2435	68	1.39	0.881
2436	70	1.15	1.351
2437	67	1.30	0.696
2438	64	1.07	0.520
2439	62	1.43	0.737
2440	65	0.90	1.198
2441	64	1.21	1.408
2442	66	1.08	1.230
2443	64	1.45	1.400
2444	64	1.14	1.201
2445	67	0.81	1.218
2446	66	1.53	0.511
2447	63	0.78	0.767
2448	60	1.34	0.912
2449	57	1.52	1.066
2450	54	0.85	0.818
2451	51	1.47	1.199
2452	51	0.97	0.850
2453	53	0.63	1.037
2454	50	1.40	0.252
2455	50	1.49	1.027
2456	53	0.56	0.801
2457	53	1.05	0.606
2458	56	1.43	0.642
2459	55	0.80	1.152
2460	55	1.54	0.356
2461	56	1.56	1.184
2462	55	1.14	0.942
2463	57	0.66	0.378
2464	58	1.24	0.892
2465	56	0.65	0.930
2466	56	1.12	0.847
2467	55	1.12	0.859
2468	57	0.77	0.691
2469	57	0.85	1.040
2470	58	1.48	1.349
2471	61	1.52	0.725
2472	59	1.07	0.695
2473	56	1.11	1.059
2474	55	0.75	0.562
2475	54	0.78	0.596
2476	51	1.16	1.038
2477	50	1.41	0.937
2478	52	1.20	1.091
2479	50	0.80	0.392
2480	51	1.32	0.883
2481	52	0.77	0.594
2482	51	0.71	0.297
2483	52	1.51	0.393
2484	53	1.28	1.193
2485	56	1.35	0.390
2486	59	0.61	0.548
2487	57	1.15	0.759
2488	58	1.33	0.749
2489	56	1.17	0.505
2490	57	1.08	0.457
2491	60	1.58	1.046
2492	61	1.07	0.522
2493	63	0.81	0.956
2494	63	1.11	1.089
2495	64	1.31	1.117
2496	65	1.17	0.816
2497	64	0.71	1.393
2498	62	1.56	1.354
2499	63	0.81	0.571
2500	65	1.02	1.458
2501	64	0.70	1.323
2502	62	1.35	1.049
2503	62	0.75	1.311
2504	62	1.19	0.968
2505	60	0.65	0.968
2506	60	1.28	0.736
2507	60	0.93	0.798
2508	63	0.66	0.756
2509	63	0.74	0.673
2510	64	0.68	0.707
2511	65	1.63	0.979
2512	64	0.99	0.511
2513	66	1.52	1.379
2514	66	0.91	0.924
2515	65	1.14	0.821
2516	66	1.60	1.163
2517	65	1.15	0.834
2518	62	0.71	0.977
2519	63	1.59	1.128
2520	64	1.06	0.467
2521	64	0.66	1.323
2522	62	0.77	1.023
2523	59	1.58	0.988
2524	59	1.22	0.946
2525	59	1.56	1.220
2526	62	0.83	0.883
2527	59	0.61	0.435
2528	61	1.26	0.986
2529	59	0.87	1.364
2530	56	1.30	0.718
2531	58	1.03	1.073
2532	60	1.02	0.822
2533	57	1.07	1.336
2534	60	1.01	1.201
2535	63	0.82	0.747
2536	63	0.71	1.021
2537	61	1.35	0.950
2538	61	0.71	0.992
2539	64	1.56	1.220
2540	66	1.64	0.635
2541	63	1.35	0.608
2542	63	1.52	0.681
2543	61	0.74	1.058
2544	62	1.28	0.715
2545	62	0.83	1.403
2546	63	0.95	1.394
2547	63	0.65	1.208
2548	61	0.95	0.991
2549	63	1.33	1.078
2550	66	1.29	1.464
2551	66	1.44	1.373
2552	65	0.74	0.656
2553	68	0.77	0.806
2554	71	1.47	1.058
2555	70	0.81	1.196
2556	69	1.49	0.601
2557	72	1.25	0.917
2558	71	1.68	1.448
2559	73	1.20	0.747
2560	73	0.80	1.222
2561	71	1.44	0.786
2562	68	1.04	0.920
2563	69	1.47	1.052
2564	72	1.37	1.566
2565	72	1.21	0.698
2566	69	1.15	1.550
2567	71	1.37	1.364
2568	69	1.64	1.357
2569	68	1.53	1.054
2570	69	1.66	1.331
2571	68	1.53	1.075
2572	67	0.92	0.597
2573	65	1.34	0.532
2574	62	1.03	0.588
2575	65	1.12	0.478
2576	66	0.98	0.777
2577	68	0.81	0.982
2578	66	1.67	0.739
2579	69	1.47	1.339
2580	69	1.09	1.251
2581	66	1.59	1.338
2582	65	1.44	1.053
2583	62	1.42	1.417
2584	61	0.70	0.613
2585	61	1.42	0.695
2586	62	0.65	1.263
2587	62	1.03	0.801
2588	60	0.61	1.377
2589	57	1.55	0.571
2590	59	0.62	0.474
2591	62	0.80	0.724
2592	65	1.11	0.719
2593	67	1.35	1.332
2594	65	1.55	1.013
2595	65	1.58	1.448
2596	66	0.93	0.835
2597	68	1.07	0.882
2598	70	0.91	0.809
2599	70	1.28	0.750
2600	71	1.09	1.548
2601	72	0.81	1.386
2602	71	1.22	0.633
2603	68	1.38	0.897
2604	69	0.88	0.954
2605	72	0.75	1.107
2606	75	1.03	1.457
2607	73	0.94	0.825
2608	76	1.53	0.785
2609	77	1.46	1.363
2610	80	1.49	0.957
2611	80	1.43	1.795
2612	78	1.37	0.880
2613	76	1.58	1.158
2614	78	1.33	1.606
2615	75	1.65	1.313
2616	72	1.36	0.815
2617	72	1.36	1.319
2618	69	1.37	0.647
2619	72	1.63	0.886
2620	74	0.82	0.964
2621	71	1.15	0.702
2622	71	1.12	1.367
2623	72	1.06	1.543
2624	74	0.94	1.596
2625	71	1.28	1.114
2626	74	0.98	0.784
2627	74	1.76	0.974
2628	75	0.79	1.136
2629	78	1.72	0.782
2630	79	1.28	0.810
2631	79	1.09	1.229
2632	80	1.49	1.284
2633	78	1.74	1.283
2634	79	1.49	1.073
2635	82	1.19	1.281
2636	85	1.77	1.887
2637	87	1.91	1.991
2638	86	1.23	1.313
2639	83	1.77	1.498
2640	86	1.77	1.496
2641	84	0.99	0.966
2642	85	1.51	1.668
2643	83	1.61	1.619
2644	81	0.90	1.233
2645	80	1.76	0.942
2646	82	1.79	1.317
2647	79	0.97	0.908
2648	77	1.58	1.739
2649	78	0.86	1.031
2650	76	1.70	1.713
2651	78	1.13	1.610
2652	81	1.53	1.205
2653	78	1.38	1.175
2654	79	1.61	1.718
2655	82	1.33	1.491
2656	85	1.27	1.276
2657	86	1.29	1.919
2658	85	0.99	1.608
2659	87	1.39	1.293
2660	85	1.80	1.058
2661	83	1.23	1.898
2662	82	1.57	1.653
2663	80	1.44	1.557
2664	81	1.29	1.206
2665	80	1.57	1.529
2666	79	1.78	1.409
2667	78	1.01	1.215
2668	75	1.43	0.820
2669	75	1.57	1.619
2670	75	1.30	1.103
2671	78	0.92	1.682
2672	79	1.66	1.778
2673	79	1.61	0.819
2674	76	1.65	0.887
2675	77	1.01	0.778
2676	80	0.96	1.758
2677	81	0.91	1.607
2678	78	1.50	1.743
2679	79	0.97	1.317
2680	78	1.57	0.920
2681	76	1.52	0.964
2682	75	1.04	1.226
2683	72	1.32	1.359
2684	71	1.63	0.788
2685	72	1.03	0.703
2686	74	1.28	0.711
2687	73	1.49	0.968
2688	72	1.25	1.018
2689	75	0.80	1.517
2690	74	0.89	0.902
2691	74	1.77	1.345
2692	75	1.62	1.234
2693	78	0.97	1.060
2694	79	1.00	1.768
2695	78	1.48	1.684
2696	77	1.74	1.506
2697	75	1.71	1.224
2698	78	1.54	0.913
2699	81	1.60	1.065
2700	80	1.82	0.955
2701	81	1.67	1.362
2702	78	1.26	1.299
2703	78	1.40	1.534
2704	81	1.30	1.424
2705	83	1.51	1.606
2706	80	1.76	1.623
2707	77	1.17	1.204
2708	77	1.18	0.857
2709	78	0.94	1.333
2710	76	1.78	0.990
2711	77	1.59	1.080
2712	77	1.52	1.405
2713	80	1.42	1.630
2714	82	1.71	1.115
2715	79	1.00	1.179
2716	76	1.68	1.279
2717	79	1.73	0.842
2718	81	1.58	1.798
2719	80	1.07	1.530
2720	80	0.98	1.663
2721	82	1.18	1.009
2722	83	1.00	1.096
2723	86	1.22	1.180
2724	86	1.14	1.290
2725	88	1.57	1.747
2726	86	1.03	1.685
2727	87	1.05	1.979
2728	89	1.34	1.167
2729	86	0.96	2.005
2730	88	1.26	1.949
2731	87	1.95	1.237
2732	89	1.13	1.317
2733	86	1.37	1.867
2734	83	1.10	0.963
2735	85	1.38	1.638
2736	88	1.89	1.193
2737	86	1.34	1.767
2738	89	1.83	1.186
2739	86	1.70	1.320
2740	85	1.73	1.681
2741	86	1.07	1.918
2742	89	1.94	1.539
2743	87	1.73	1.247
2744	85	1.14	1.062
2745	83	1.39	1.546
2746	80	1.74	1.028
2747	78	1.53	1.095
2748	81	1.11	1.262
2749	79	0.89	1.527
2750	79	1.28	1.432
2751	81	1.45	1.346
2752	80	1.21	1.410
2753	78	1.64	0.816
2754	77	1.36	1.588
2755	80	0.86	1.790
2756	78	1.23	1.684
2757	75	1.01	0.977
2758	72	0.86	1.312
2759	75	1.27	0.821
2760	73	1.40	1.016
2761	73	1.24	1.216
2762	71	1.53	0.806
2763	71	1.23	0.674
2764	70	1.70	0.893
2765	72	0.98	0.948
2766	73	1.39	1.526
2767	76	1.35	1.253
2768	75	0.93	0.764
2769	76	1.35	1.507
2770	74	0.85	1.496
2771	75	1.06	1.667
2772	72	1.10	0.649
2773	74	0.96	1.274
2774	77	1.73	1.025
2775	74	1.51	1.042
2776	75	1.29	1.676
2777	76	0.83	1.611
2778	73	0.97	1.244
2779	73	0.77	0.857
2780	73	1.55	1.401
2781	73	1.44	1.123
2782	74	1.08	1.102
2783	76	1.02	1.697
2784	73	1.04	1.517
2785	74	0.86	1.166
2786	73	1.13	0.765
2787	74	1.63	0.938
2788	74	1.45	1.025
2789	71	1.57	0.737
2790	69	1.12	1.366
2791	67	1.07	0.572
2792	64	0.65	0.505
2793	63	0.90	1.279
2794	63	1.01	0.447
2795	61	0.97	0.569
2796	62	1.22	0.534
2797	60	1.31	0.709
2798	59	0.75	0.896
2799	59	1.23	1.057
2800	59	1.22	0.870
2801	62	0.76	0.876
2802	63	0.88	0.882
2803	65	0.69	1.381
2804	63	1.41	1.132
2805	65	1.61	1.341
2806	66	1.08	1.462
2807	69	1.05	1.393
2808	72	0.97	1.013
2809	75	1.27	1.616
2810	72	1.55	1.261
2811	70	1.05	0.986
2812	71	1.32	1.111
2813	69	1.52	0.659
2814	72	1.67	1.483
2815	72	1.39	1.049
2816	72	1.74	0.908
2817	70	0.99	0.827
2818	69	0.81	1.029
2819	70	1.13	1.359
2820	70	1.41	1.300
2821	71	1.66	1.260
2822	73	1.57	0.713
2823	73	1.12	0.777
2824	71	0.96	0.693
2825	72	1.58	1.571
2826	72	1.12	0.845
2827	70	1.25	1.002
2828	72	1.05	1.463
2829	74	1.16	1.585
2830	77	1.02	0.874
2831	80	1.18	1.532
2832	81	0.93	0.903
2833	84	1.56	1.442
2834	86	1.81	1.801
2835	84	1.31	1.081
2836	86	1.78	1.093
2837	87	1.39	1.413
2838	89	1.12	1.828
2839	87	1.61	1.107
2840	85	1.57	1.848
2841	82	1.50	1.824
2842	85	1.81	1.712
2843	88	1.45	1.723
2844	91	1.49	1.325
2845	93	1.34	2.047
2846	96	1.75	1.993
2847	98	1.47	2.442
2848	99	1.59	1.905
2849	98	1.34	1.874
2850	96	1.14	1.839
2851	93	1.13	1.615
2852	93	1.69	1.453
2853	95	1.58	1.779
2854	92	1.87	1.567
2855	92	1.45	1.903
2856	89	1.59	1.608
2857	87	1.22	1.743
2858	87	1.30	1.719
2859	90	1.18	1.589
2860	92	1.77	1.338
2861	90	1.56	1.755
2862	92	1.31	1.529
2863	92	2.00	1.452
2864	90	1.10	1.983
2865	89	1.56	1.161
2866	86	1.29	1.599
2867	85	1.09	1.711
2868	85	0.94	1.835
2869	83	1.10	1.026
2870	82	1.28	1.558
2871	81	0.88	1.310
2872	82	1.16	1.090
2873	85	1.36	1.904
2874	83	1.77	1.098
2875	85	1.16	1.948
2876	83	1.22	1.737
2877	80	1.82	0.866
2878	83	1.84	1.344
2879	83	1.66	1.828
2880	81	1.45	1.707
2881	84	1.00	1.361
2882	81	1.50	0.959
2883	82	1.02	1.326
2884	82	1.10	1.705
2885	80	1.82	0.995
2886	83	1.61	1.759
2887	81	1.56	1.161
2888	80	0.98	1.189
2889	80	0.94	1.332
2890	83	1.17	1.723
2891	81	1.39	0.921
2892	80	0.94	1.677
2893	80	1.64	1.056
2894	81	1.44	1.314
2895	80	1.22	1.707
2896	82	1.63	1.075
2897	82	0.89	1.334
2898	79	1.47	1.093
2899	79	0.93	0.921
2900	76	1.71	0.716
2901	76	1.77	1.315
2902	76	1.37	0.740
2903	79	1.38	1.084
2904	77	0.95	1.701
2905	76	0.85	1.642
2906	73	0.91	0.804
2907	76	1.50	0.724
2908	73	1.00	0.744
2909	71	1.58	0.890
2910	68	1.54	1.274
2911	71	1.50	1.550
2912	70	1.28	0.703
2913	72	1.16	0.937
2914	70	1.28	0.710
2915	73	1.62	1.255
2916	73	1.66	1.281
2917	75	1.01	1.642
2918	75	1.49	1.649
2919	77	1.70	1.190
2920	74	1.06	0.641
2921	76	1.33	0.748
2922	75	1.05	1.639
2923	77	1.26	0.836
2924	74	1.10	0.757
2925	71	1.31	0.848
2926	68	1.21	1.008
2927	69	1.31	0.539
2928	72	0.80	1.516
2929	73	0.90	1.474
2930	72	1.62	0.622
2931	74	1.17	0.767
2932	77	0.82	1.501
2933	80	1.82	1.401
2934	77	1.71	1.697
2935	77	1.36	0.738
2936	75	1.16	1.582
2937	76	1.52	1.210
2938	76	1.03	1.669
2939	75	1.60	1.119
2940	78	1.21	1.310
2941	76	1.64	1.169
2942	77	0.95	1.471
2943	74	1.24	1.499
2944	71	1.65	0.780
2945	73	1.58	1.507
2946	74	0.85	1.451
2947	73	1.04	1.167
2948	75	1.76	1.655
2949	72	1.40	0.804
2950	71	1.39	1.429
2951	73	1.24	1.605
2952	76	1.04	1.430
2953	73	1.59	0.996
2954	70	1.12	1.469
2955	69	1.63	1.311
2956	72	1.28	1.564
2957	71	1.70	1.046
2958	72	1.62	0.811
2959	75	1.18	0.763
2960	78	1.17	0.904
2961	76	1.14	1.206
2962	79	1.74	0.943
2963	76	0.93	1.627
2964	78	1.24	1.494
2965	76	0.92	1.006
2966	73	1.45	1.390
2967	75	1.28	1.102
2968	75	1.47	0.988
2969	73	0.97	1.456
2970	76	1.61	1.521
2971	76	1.45	1.354
2972	75	1.03	1.446
2973	77	0.85	1.713
2974	74	0.82	0.860
2975	72	1.68	0.934
2976	73	0.79	0.921
2977	75	0.98	0.710
2978	74	0.82	1.416
2979	72	1.41	1.056
2980	74	0.85	1.297
2981	72	0.88	1.551
2982	73	1.35	0.885
2983	73	1.55	1.158
2984	70	1.16	1.055
2985	73	1.10	1.501
2986	71	1.04	1.056
2987	71	0.80	1.093
2988	71	1.00	1.391
2989	70	1.65	1.181
2990	70	1.18	0.734
2991	67	0.94	1.421
2992	65	1.61	1.235
2993	64	0.99	0.422
2994	66	0.68	1.105
2995	67	1.12	1.068
2996	70	1.41	1.264
2997	68	0.96	1.264
2998	65	1.19	1.301
2999	63	1.13	0.680
3000	62	1.48	0.908
3001	61	1.25	1.088
3002	61	1.54	0.402
3003	64	1.15	0.727
3004	65	0.90	0.897
3005	66	1.20	0.989
3006	69	1.53	1.364
3007	72	1.31	1.525
3008	72	1.48	1.559
3009	72	1.38	1.530
3010	70	0.74	1.010
3011	68	0.75	0.598
3012	66	1.15	0.705
3013	66	0.93	0.645
3014	65	1.63	1.248
3015	65	1.20	1.420
3016	63	1.08	0.571
3017	60	1.23	0.494
3018	62	1.32	0.537
3019	60	1.02	1.148
3020	57	1.24	0.670
3021	60	1.31	0.610
3022	60	1.08	1.057
3023	61	0.81	1.187
3024	58	1.55	0.893
3025	61	1.25	1.123
3026	63	0.70	1.072
3027	60	1.01	0.769
3028	59	0.88	0.878
3029	61	1.55	0.975
3030	63	0.77	0.455
3031	65	0.90	0.971
3032	63	1.27	0.434
3033	63	0.94	1.142
3034	66	1.07	1.214
3035	67	0.99	0.574
3036	67	0.92	1.057
3037	66	0.77	0.797
3038	64	1.05	0.503
3039	61	1.06	0.740
3040	60	0.99	0.624
3041	62	1.51	0.421
3042	61	1.21	1.068
3043	59	0.80	1.229
3044	59	1.22	0.693
3045	62	1.50	0.625
3046	60	1.17	0.562
3047	60	0.84	1.116
3048	57	1.15	0.452
3049	58	0.73	0.360
3050	61	1.34	0.612
3051	61	1.12	0.690
3052	62	0.95	1.116
3053	63	1.01	1.083
3054	63	1.07	0.786
3055	62	0.74	0.719
3056	62	1.08	0.731
3057	59	1.25	0.452
3058	62	1.47	0.789
3059	62	0.76	0.626
3060	64	1.13	0.454
3061	62	1.02	0.760
3062	60	0.86	0.860
3063	61	1.01	0.630
3064	63	1.02	1.378
3065	65	0.67	0.989
3066	64	1.31	0.740
3067	62	1.23	1.236
3068	65	1.17	1.156
3069	67	0.90	1.411
3070	67	1.22	0.528
3071	69	1.55	0.555
3072	69	1.55	0.851
3073	71	1.25	1.429
3074	68	0.82	0.585
3075	69	1.22	0.854
3076	70	1.07	1.103
3077	71	0.83	1.366
3078	72	0.95	1.113
3079	71	0.79	1.382
3080	73	1.42	0.858
3081	70	0.73	0.779
3082	69	1.54	1.154
3083	69	1.27	1.183
3084	67	1.26	1.151
3085	66	1.65	1.175
3086	64	0.68	1.219
3087	61	0.79	0.842
3088	61	1.55	0.999
3089	59	1.39	1.024
3090	61	0.84	1.202
3091	62	1.43	1.207
3092	61	0.77	1.319
3093	59	1.13	0.669
3094	56	1.41	0.419
3095	57	0.92	1.013
3096	56	1.19	0.588
3097	53	0.56	0.619
3098	52	1.22	0.910
3099	55	0.93	0.708
3100	57	0.71	0.432
3101	55	1.22	0.841
3102	52	0.93	0.593
3103	55	0.83	0.891
3104	58	1.17	0.776
3105	56	0.84	0.798
3106	56	1.47	0.977
3107	57	1.06	0.977
3108	57	0.87	0.623
3109	58	0.87	0.805
3110	58	0.88	0.732
3111	56	0.85	1.018
3112	55	0.94	1.080
3113	58	0.70	1.125
3114	59	1.10	1.221
3115	60	0.64	1.222
3116	61	1.35	0.513
3117	59	1.16	0.737
3118	58	0.94	1.077
3119	60	1.50	0.491
3120	60	1.25	1.296
3121	61	1.45	0.485
3122	61	0.94	0.661
3123	64	1.56	0.948
3124	64	0.76	1.381
3125	66	1.01	0.717
3126	64	1.29	1.068
3127	66	0.85	1.326
3128	69	1.44	1.210
3129	68	0.98	0.599
3130	70	1.29	1.137
3131	67	1.42	0.749
3132	70	1.50	0.812
3133	69	0.84	0.883
3134	72	1.04	1.225
3135	74	1.19	1.259
3136	75	1.65	1.612
3137	74	0.83	1.476
3138	75	1.23	0.655
3139	77	0.94	1.321
3140	80	1.75	1.339
3141	77	1.66	1.378
3142	79	1.03	1.553
3143	78	1.19	1.245
3144	75	1.14	1.033
3145	78	1.30	1.100
3146	75	1.65	0.704
3147	74	0.82	1.350
3148	72	1.65	1.205
3149	73	1.03	1.244
3150	72	1.19	1.516
3151	75	1.65	1.392
3152	78	1.18	0.912
3153	80	1.09	1.751
3154	77	1.38	1.219
3155	79	1.78	1.155
3156	82	0.93	1.358
3157	79	0.88	1.713
3158	82	1.50	1.067
3159	84	0.96	1.090
3160	81	1.78	1.045
3161	78	1.75	1.098
3162	76	1.08	1.306
3163	73	1.57	1.057
3164	76	0.99	1.664
3165	78	1.70	1.240
3166	79	1.15	1.137
3167	78	1.73	1.071
3168	77	1.73	1.138
3169	76	1.71	1.310
3170	79	1.67	1.020
3171	80	1.18	1.601
3172	79	1.52	0.902
3173	79	1.08	1.693
3174	76	1.64	1.567
3175	79	1.48	0.984
3176	82	1.23	1.674
3177	82	1.21	1.215
3178	80	1.24	1.015
3179	80	1.33	1.680
3180	77	1.61	0.822
3181	74	1.16	0.695
3182	71	1.03	1.416
3183	68	1.58	0.982
3184	67	0.73	0.736
3185	66	0.87	1.216
3186	69	1.04	1.181
3187	70	1.49	1.414
3188	72	1.04	1.275
3189	70	1.04	1.096
3190	73	0.84	0.701
3191	71	1.54	1.323
3192	73	1.50	0.631
3193	76	1.07	0.963
3194	79	1.07	1.417
3195	76	1.55	1.435
3196	74	1.38	1.589
3197	73	1.50	1.370
3198	74	1.37	1.069
3199	71	0.83	0.711
3200	68	1.47	1.201
3201	67	1.29	0.675
3202	67	1.18	0.543
3203	70	1.53	1.124
3204	71	1.40	0.842
3205	70	0.79	1.175
3206	72	1.35	0.725
3207	69	1.07	0.684
3208	71	0.98	1.140
3209	74	1.77	0.911
3210	77	1.27	1.217
3211	76	1.43	1.619
3212	77	0.86	0.970
3213	80	1.06	1.089
3214	83	1.48	1.439
3215	83	1.78	0.945
3216	85	1.35	1.654
3217	88	1.39	1.335
3218	91	1.03	1.217
3219	91	1.17	1.523
3220	94	1.98	2.256
3221	92	1.95	1.435
3222	89	1.74	1.459
3223	88	1.52	1.730
3224	85	1.49	1.576
3225	88	1.34	2.005
3226	88	1.89	1.239
3227	90	1.79	1.581
3228	89	1.80	1.863
3229	90	1.87	1.905
3230	88	1.25	1.480
3231	90	1.17	1.735
3232	92	1.74	1.610
3233	95	1.81	1.412
3234	93	1.90	2.199
3235	92	1.33	1.721
3236	92	1.18	1.444
3237	89	0.99	1.631
3238	86	1.62	1.209
3239	85	1.49	1.056
3240	85	1.57	0.967
3241	82	1.26	1.743
3242	84	1.06	1.259
3243	87	1.32	1.150
3244	84	1.71	1.161
3245	83	1.23	1.616
3246	81	1.45	1.664
3247	80	1.44	1.348
3248	78	1.42	1.672
3249	77	1.08	0.998
3250	74	1.61	0.901
3251	74	1.52	1.475
3252	71	0.84	0.899
3253	72	1.44	0.644
3254	73	1.59	1.157
3255	72	1.33	1.380
3256	73	1.10	1.119
3257	72	1.43	0.779
3258	72	1.10	0.820
3259	69	1.41	0.675
3260	69	0.82	1.404
3261	72	1.73	0.743
3262	71	1.59	1.268
3263	72	1.27	1.219
3264	71	1.17	1.303
3265	70	0.99	1.003
3266	67	1.27	1.400
3267	66	0.90	0.896
3268	67	0.85	1.213
3269	70	1.48	0.837
3270	71	1.31	1.169
3271	69	1.70	1.423
3272	70	0.75	1.344
3273	73	1.45	1.375
3274	73	0.94	0.886
3275	74	1.58	1.057
3276	72	0.82	1.363
3277	71	1.42	1.288
3278	68	1.25	1.190
3279	69	1.69	0.855
3280	67	1.36	0.949
3281	68	1.23	1.021
3282	69	1.28	0.793
3283	71	0.87	1.272
3284	70	1.23	0.737
3285	69	1.32	0.695
3286	72	1.13	0.902
3287	70	1.62	1.270
3288	67	1.43	1.027
3289	65	1.62	0.633
3290	68	1.52	1.026
3291	70	1.04	1.274
3292	70	0.87	1.493
3293	73	1.72	1.316
3294	76	1.48	1.146
3295	77	1.00	1.126
3296	79	1.74	0.858
3297	81	1.54	1.105
3298	78	1.39	1.704
3299	76	0.98	0.901
3300	77	1.34	1.030
3301	78	1.31	0.853
3302	79	1.21	1.093
3303	77	1.14	1.580
3304	74	1.15	1.404
3305	71	1.50	0.612
3306	70	0.75	0.629
3307	70	0.80	0.782
3308	69	1.26	0.951
3309	72	1.17	1.523
3310	73	1.69	0.700
3311	75	1.66	1.089
3312	73	0.89	1.459
3313	73	1.53	0.704
3314	70	1.66	1.372
3315	68	1.33	0.551
3316	65	0.85	0.956
3317	65	1.61	0.563
3318	62	0.65	0.657
3319	60	0.63	0.840
3320	61	1.03	0.977
3321	64	1.51	0.922
3322	61	1.14	0.893
3323	61	1.14	0.478
3324	62	1.59	1.255
3325	65	1.59	1.199
3326	68	1.13	0.570
3327	66	1.65	0.802
3328	63	1.53	1.172
3329	64	0.98	0.680
3330	64	1.40	0.501
3331	65	0.88	1.205
3332	63	0.97	0.709
3333	60	1.45	0.324
3334	58	1.54	0.531
3335	61	1.23	0.717
3336	62	1.48	0.967
3337	63	0.75	1.102
3338	66	1.01	1.021
3339	63	0.96	0.900
3340	62	0.89	1.252
3341	63	1.18	0.819
3342	63	0.84	1.348
3343	62	1.29	1.247
3344	60	1.58	0.951
3345	57	1.38	1.054
3346	56	0.72	0.501
3347	55	1.14	0.813
3348	53	0.92	0.841
3349	56	1.24	0.305
3350	56	0.93	0.417
3351	55	1.21	0.889
3352	56	1.31	1.081
3353	54	1.03	0.558
3354	54	1.40	0.602
3355	56	1.26	0.987
3356	56	1.52	0.843
3357	53	1.19	0.247
3358	50	1.15	1.010
3359	50	1.04	0.751
3360	50	1.31	1.065
3361	50	1.12	0.313
3362	50	1.04	0.844
3363	51	0.60	0.294
3364	54	0.81	0.980
3365	53	1.52	1.159
3366	53	0.66	0.654
3367	56	0.58	0.368
3368	54	1.39	0.939
3369	55	1.23	0.466
3370	54	0.89	0.517
3371	51	1.47	1.131
3372	52	1.50	0.980
3373	52	1.53	0.988
3374	53	1.03	0.587
3375	55	1.39	0.872
3376	57	1.24	0.725
3377	55	1.31	0.953
3378	56	1.18	0.857
3379	55	1.23	0.931
3380	56	0.61	0.882
3381	58	1.10	1.126
3382	57	0.70	0.389
3383	58	1.55	0.698
3384	55	1.33	1.074
3385	56	1.52	0.486
3386	57	0.66	1.028
3387	57	0.66	0.885
3388	59	1.06	0.863
3389	56	1.43	0.384
3390	55	1.47	0.805
3391	52	1.53	1.028
3392	50	1.21	0.207
3393	50	0.62	0.968
3394	50	1.14	0.457
3395	51	1.50	0.673
3396	51	0.63	0.582
3397	52	1.08	0.309
3398	55	0.79	0.265
3399	52	1.51	0.336
3400	53	1.21	1.142
3401	51	0.95	1.159
3402	52	0.87	0.851
3403	55	1.48	0.653
3404	52	0.66	0.428
3405	50	0.52	0.237
3406	52	0.94	0.595
3407	54	1.51	1.056
3408	52	0.84	0.916
3409	55	0.83	0.854
3410	55	0.94	0.649
3411	56	0.65	0.300
3412	56	1.06	0.313
3413	55	1.10	0.579
3414	56	0.78	0.565
3415	58	1.02	0.773
3416	61	0.83	1.147
3417	59	0.98	1.054
3418	59	1.41	0.727
3419	61	0.70	0.317
3420	62	1.09	1.268
3421	62	1.01	1.224
3422	62	1.16	1.133
3423	59	1.08	1.107
3424	57	1.31	0.298
3425	55	1.20	0.752
3426	57	1.54	0.260
3427	54	0.74	0.257
3428	55	0.80	0.395
3429	55	1.49	0.265
3430	53	1.16	1.117
3431	50	0.60	0.311
3432	51	1.13	1.105
3433	50	0.57	0.384
3434	51	0.83	0.628
3435	53	1.02	0.443
3436	54	1.03	0.991
3437	56	1.02	0.286
3438	56	0.68	1.061
3439	55	0.64	0.553
3440	56	1.52	0.442
3441	58	0.70	0.708
3442	61	1.02	0.556
3443	61	1.14	1.121
3444	60	0.72	0.539
3445	59	0.65	0.710
3446	56	1.51	0.504
3447	58	0.73	1.208
3448	59	0.85	1.076
3449	59	1.43	0.763
3450	57	0.76	0.287
3451	59	1.60	0.781
3452	62	0.66	0.368
3453	61	1.54	0.610
3454	59	0.80	1.118
3455	61	1.49	1.122
3456	58	1.25	1.195
3457	58	0.95	0.634
3458	55	1.00	0.783
3459	57	0.73	0.881
3460	54	0.89	1.201
3461	54	0.64	0.428
3462	54	1.20	1.148
3463	52	1.05	1.043
3464	54	0.76	0.531
3465	53	0.88	0.591
3466	52	1.09	0.231
3467	52	1.33	0.428
3468	50	0.67	0.324
3469	52	0.82	0.426
3470	50	0.65	0.330
3471	50	1.25	0.547
3472	53	1.34	0.510
3473	52	1.19	0.367
3474	53	0.85	0.668
3475	52	1.18	1.047
3476	51	1.41	0.584
