1	128	0.05	0
2	128	0.94	1
3	127	2.68	4
4	129	1.96	6
5	126	2.59	8
6	125	2.84	11
7	123	2.01	13
8	124	2.33	15
9	127	1.76	17
10	126	0.53	18
11	125	0.72	18
12	127	1.76	20
13	128	1.62	22
14	127	0.29	22
15	126	2.10	24
16	125	2.41	27
17	128	1.67	28
18	126	2.19	30
19	127	0.41	31
20	124	0.35	31
21	125	1.71	33
22	128	2.94	36
23	129	0.45	36
24	127	1.59	38
25	129	1.96	40
26	130	2.93	43
27	128	1.31	44
28	131	2.42	46
29	134	1.29	48
30	132	2.78	51
31	131	0.27	51
32	133	1.27	52
33	136	2.36	54
34	133	2.83	57
35	135	2.32	60
36	136	1.97	62
37	135	2.25	64
38	133	1.89	66
39	133	1.32	67
40	131	0.65	68
41	130	2.98	71
42	131	0.63	71
43	129	2.87	74
44	130	1.22	75
45	132	2.45	78
46	130	0.97	79
47	130	0.37	79
48	131	1.95	81
49	131	2.71	84
50	134	0.26	84
51	134	1.34	85
52	133	2.57	88
53	132	1.95	90
54	135	0.29	90
55	138	1.67	92
56	141	0.34	92
57	143	2.36	95
58	141	0.07	95
59	138	1.11	96
60	139	0.32	96
61	141	2.26	98
62	143	0.30	99
63	142	2.35	101
64	140	0.82	102
65	143	1.78	104
66	140	0.63	104
67	140	2.99	107
68	140	0.41	108
69	138	0.62	108
70	137	2.84	111
71	136	2.51	114
72	134	2.85	117
73	133	0.55	117
74	131	0.58	118
75	134	0.36	118
76	132	0.56	119
77	129	0.24	119
78	126	0.71	120
79	126	2.62	122
80	125	1.51	124
81	128	1.04	125
82	126	0.30	125
83	125	1.60	127
84	126	1.94	129
85	129	1.83	130
86	129	0.57	131
87	126	1.70	133
88	128	0.57	133
89	127	2.42	136
90	126	2.13	138
91	124	1.00	139
92	124	1.97	141
93	125	0.33	141
94	127	2.29	143
95	126	2.58	146
96	127	2.00	148
97	124	0.61	149
98	121	2.52	151
99	122	2.52	154
100	121	1.62	155
101	124	2.29	158
102	125	0.33	158
103	128	1.02	159
104	127	2.47	161
105	128	1.06	162
106	131	2.56	165
107	134	0.61	166
108	135	2.60	168
109	133	0.43	169
110	132	1.16	170
111	131	0.98	171
112	131	1.04	172
113	131	1.83	174
114	128	1.63	175
115	128	0.73	176
116	128	1.71	178
117	129	2.15	180
118	128	0.35	180
119	130	2.76	183
120	129	0.31	183
121	132	1.19	184
122	134	2.26	187
123	136	0.96	188
124	137	1.68	189
125	135	1.45	191
126	137	2.83	194
127	135	1.53	195
128	133	1.28	196
129	136	2.42	199
130	133	0.45	199
131	133	2.24	202
132	132	0.68	202
133	135	1.68	204
134	136	1.61	206
135	134	1.69	207
136	135	0.98	208
137	133	0.60	209
138	130	0.33	209
139	132	2.05	211
140	135	1.81	213
141	138	2.50	215
142	139	2.70	218
143	136	0.08	218
144	134	0.06	218
145	136	1.04	219
146	137	0.12	219
147	134	2.54	222
148	137	0.14	222
149	134	1.70	224
150	135	0.13	224
151	132	2.53	226
152	132	2.76	229
153	130	2.39	232
154	129	1.69	233
155	131	1.95	235
156	131	2.79	238
157	133	2.46	241
158	131	0.07	241
159	131	2.19	243
160	130	1.46	244
161	127	0.76	245
162	129	0.81	246
163	126	1.45	247
164	127	0.44	248
165	128	1.22	249
166	131	2.34	251
167	134	0.26	252
168	137	0.54	252
169	135	2.88	255
170	133	2.69	258
171	133	0.94	259
172	130	0.24	259
173	131	1.50	260
174	130	0.90	261
175	132	0.61	262
176	131	0.17	262
177	132	2.25	264
178	134	2.41	267
179	136	0.72	267
180	137	2.26	270
181	138	1.77	271
182	137	1.59	273
183	137	2.21	275
184	140	0.59	276
185	142	0.72	277
186	142	2.73	279
187	143	1.81	281
188	145	1.85	283
189	144	1.51	284
190	142	1.62	286
191	143	2.50	289
192	145	1.01	290
193	147	2.27	292
194	147	0.03	292
195	144	0.95	293
196	143	0.24	293
197	144	2.39	295
198	147	2.79	298
199	146	1.41	300
200	143	2.13	302
201	141	1.56	303
202	141	0.72	304
203	142	0.95	305
204	141	0.03	305
205	141	1.65	307
206	138	2.38	309
207	138	2.40	311
208	138	2.55	314
209	137	2.21	316
210	135	1.58	318
211	132	2.08	320
212	131	1.05	321
213	132	1.01	322
214	129	1.81	324
215	126	2.89	327
216	125	2.18	329
217	124	1.78	331
218	126	0.33	331
219	126	0.13	331
220	124	1.80	333
221	126	2.18	335
222	128	0.70	336
223	129	0.57	336
224	131	2.03	338
225	128	2.91	341
226	125	1.04	342
227	123	2.19	345
228	126	1.29	346
229	125	1.70	348
230	124	1.87	349
231	121	1.26	351
232	123	0.39	351
233	126	2.51	354
234	129	0.91	354
235	132	2.60	357
236	132	1.31	358
237	130	0.29	359
238	132	0.10	359
239	134	2.28	361
240	134	0.30	361
241	132	0.82	362
242	129	1.61	364
243	132	1.37	365
244	135	1.48	367
245	136	0.78	367
246	136	2.28	370
247	138	0.52	370
248	140	2.10	372
249	142	0.01	372
250	141	1.65	374
251	143	0.95	375
252	140	1.84	377
253	137	0.04	377
254	139	0.86	378
255	138	0.70	378
256	138	0.95	379
257	139	0.49	380
258	137	1.26	381
259	139	0.10	381
260	137	2.07	383
261	138	2.45	386
262	139	1.53	387
263	138	2.75	390
264	140	0.59	391
265	137	2.66	393
266	134	1.46	395
267	133	1.30	396
268	131	2.94	399
269	132	1.38	400
270	132	0.62	401
271	134	1.24	402
272	132	2.44	405
273	135	0.40	405
274	135	1.21	406
275	132	1.04	407
276	130	0.19	407
277	127	0.18	408
278	130	0.24	408
279	128	0.12	408
280	127	0.88	409
281	129	1.22	410
282	132	2.66	413
283	132	2.87	416
284	131	0.36	416
285	128	2.72	419
286	128	0.86	419
287	128	0.38	420
288	130	1.30	421
289	133	0.03	421
290	133	1.11	422
291	133	1.93	424
292	131	0.60	425
293	130	2.42	427
294	130	1.39	429
295	133	2.16	431
296	135	1.02	432
297	133	2.45	434
298	136	0.72	435
299	136	1.04	436
300	138	2.85	439
301	139	1.74	441
302	142	1.47	442
303	144	0.59	443
304	144	2.10	445
305	143	1.93	447
306	143	0.71	447
307	142	1.12	449
308	144	2.05	451
309	147	1.03	452
310	146	0.08	452
311	149	1.36	453
312	148	1.39	454
313	150	2.80	457
314	149	1.46	459
315	146	2.98	462
316	146	2.99	465
317	143	1.73	466
318	144	2.40	469
319	146	2.68	471
320	145	0.74	472
321	143	2.13	474
322	142	2.83	477
323	144	1.21	478
324	145	0.37	479
325	146	2.46	481
326	146	0.99	482
327	148	1.75	484
328	149	2.79	487
329	150	0.07	487
330	150	0.91	488
331	150	0.02	488
332	148	0.04	488
333	151	1.23	489
334	152	1.51	491
335	151	1.43	492
336	151	2.68	495
337	151	2.75	497
338	148	1.01	498
339	146	1.33	500
340	146	2.62	502
341	148	2.15	505
342	146	2.29	507
343	145	2.30	509
344	144	2.85	512
345	141	0.93	513
346	142	1.92	515
347	145	2.44	517
348	147	2.51	520
349	145	2.80	523
350	148	1.92	524
351	146	0.85	525
352	144	2.25	528
353	146	0.31	528
354	146	0.55	528
355	144	2.28	531
356	147	0.38	531
357	148	0.99	532
358	150	1.71	534
359	153	2.84	537
360	154	0.14	537
361	152	0.25	537
362	149	1.61	539
363	148	1.00	540
364	148	0.77	540
365	146	1.47	542
366	143	2.26	544
367	144	2.25	546
368	141	2.41	549
369	143	0.63	549
370	142	2.38	552
371	142	1.12	553
372	144	2.49	555
373	144	1.12	557
374	142	1.70	558
375	143	2.19	560
376	146	1.70	562
377	143	2.53	565
378	141	0.40	565
379	138	0.53	566
380	138	2.79	568
381	141	0.14	569
382	138	0.27	569
383	136	1.84	571
384	136	1.10	572
385	139	1.52	573
386	138	0.64	574
387	139	1.52	575
388	136	0.12	576
389	139	1.37	577
390	139	2.14	579
391	137	2.74	582
392	134	1.44	583
393	132	1.60	585
394	134	2.00	587
395	137	1.56	588
396	140	1.11	590
397	141	2.92	592
398	140	2.51	595
399	137	1.30	596
400	135	0.73	597
401	135	2.80	600
402	132	1.46	601
403	131	2.76	604
404	131	0.23	604
405	132	2.99	607
406	129	2.01	609
407	126	0.17	609
408	124	1.11	611
409	121	0.14	611
410	122	0.06	611
411	123	1.10	612
412	126	0.78	613
413	128	1.91	615
414	129	1.00	616
415	132	0.37	616
416	129	1.13	617
417	126	0.72	618
418	127	1.30	619
419	125	2.00	621
420	124	2.02	623
421	125	0.76	624
422	128	2.03	626
423	131	0.19	626
424	133	1.75	628
425	136	2.62	630
426	138	2.72	633
427	140	1.85	635
428	142	0.45	635
429	144	2.84	638
430	147	2.36	641
431	144	0.31	641
432	141	2.47	643
433	140	0.60	644
434	143	0.63	645
435	140	1.83	646
436	140	2.91	649
437	141	2.05	651
438	142	0.59	652
439	142	2.54	655
440	142	1.95	656
441	145	1.81	658
442	142	1.64	660
443	140	2.61	663
444	141	1.51	664
445	138	0.06	664
446	139	1.94	666
447	140	1.18	667
448	139	0.40	668
449	140	1.39	669
450	139	2.95	672
451	142	2.14	674
452	145	0.47	675
453	145	2.10	677
454	145	1.46	678
455	145	0.04	678
456	146	1.39	680
457	144	0.85	680
458	142	2.47	683
459	144	1.33	684
460	141	2.56	687
461	139	1.89	689
462	141	0.19	689
463	139	0.20	689
464	137	0.62	690
465	136	1.08	691
466	134	1.08	692
467	135	1.52	693
468	137	0.62	694
469	134	2.69	697
470	137	1.28	698
471	138	0.51	698
472	138	2.09	701
473	136	0.85	701
474	134	0.91	702
475	137	1.32	704
476	137	1.34	705
477	137	1.86	707
478	139	2.37	709
479	136	1.13	710
480	133	0.96	711
481	130	2.64	714
482	127	2.56	717
483	124	1.06	718
484	124	0.35	718
485	122	1.53	719
486	123	1.12	721
487	124	1.00	722
488	121	2.39	724
489	122	1.13	725
490	125	0.64	726
491	126	1.15	727
492	128	0.09	727
493	126	1.94	729
494	123	0.84	730
495	121	2.66	732
496	124	2.03	734
497	124	0.88	735
498	123	2.35	738
499	124	2.45	740
500	125	2.04	742
501	128	2.10	744
502	125	0.16	744
503	122	1.90	746
504	124	1.36	748
505	123	0.37	748
506	126	0.75	749
507	129	2.60	751
508	130	1.39	753
509	131	1.82	755
510	130	1.13	756
511	128	0.42	756
512	131	2.51	759
513	133	2.92	762
514	134	0.24	762
515	137	1.19	763
516	136	0.74	764
517	134	2.69	766
518	137	2.50	769
519	134	1.23	770
520	133	0.94	771
521	130	1.77	773
522	127	0.94	774
523	128	0.50	774
524	125	1.03	775
525	128	2.87	778
526	131	0.58	779
527	132	0.32	779
528	131	2.24	781
529	132	2.36	784
530	134	1.57	785
531	137	1.33	787
532	140	1.44	788
533	137	0.63	789
534	140	2.66	791
535	141	1.35	793
536	140	0.16	793
537	143	2.09	795
538	146	2.48	797
539	149	2.27	800
540	151	0.56	800
541	154	0.75	801
542	154	2.41	803
543	153	0.57	804
544	154	1.47	805
545	151	2.34	808
546	153	1.86	810
547	156	0.22	810
548	157	0.84	811
549	158	2.56	813
550	157	0.20	813
551	159	2.63	816
552	160	2.25	818
553	158	0.56	819
554	157	2.94	822
555	160	2.59	824
556	158	1.58	826
557	156	2.08	828
558	159	0.42	829
559	158	1.74	830
560	156	0.43	831
561	154	0.38	831
562	153	1.54	833
563	151	2.79	835
564	150	1.83	837
565	148	0.33	838
566	147	1.40	839
567	145	0.08	839
568	145	2.06	841
569	148	2.94	844
570	150	0.18	844
571	151	2.29	847
572	148	0.25	847
573	146	1.59	848
574	144	0.15	849
575	145	1.28	850
576	146	0.42	850
577	148	0.62	851
578	150	1.98	853
579	149	1.22	854
580	149	1.51	856
581	148	2.33	858
582	145	1.15	859
583	145	0.58	860
584	144	0.56	860
585	143	2.18	862
586	143	1.45	864
587	142	2.96	867
588	142	1.12	868
589	140	0.56	868
590	138	1.84	870
591	135	2.90	873
592	134	0.95	874
593	135	1.04	875
594	137	0.31	875
595	136	1.95	877
596	136	2.84	880
597	135	0.66	881
598	133	2.68	884
599	134	2.99	887
600	135	1.29	888
601	134	0.44	888
602	134	2.49	891
603	131	2.33	893
604	133	1.68	895
605	133	3.00	898
606	134	1.93	900
607	135	2.64	902
608	137	0.11	903
609	134	1.32	904
610	136	0.26	904
611	133	1.88	906
612	131	0.56	907
613	129	1.01	908
614	128	0.97	909
615	128	0.98	909
616	128	0.31	910
617	131	0.52	910
618	129	2.42	913
619	129	0.48	913
620	130	2.03	915
621	133	0.57	916
622	136	0.88	917
623	136	1.56	918
624	139	0.41	919
625	137	2.55	921
626	137	1.56	923
627	138	0.50	923
628	140	0.12	923
629	139	2.03	925
630	141	1.35	927
631	142	2.38	929
632	139	1.02	930
633	139	0.37	931
634	139	0.19	931
635	140	1.01	932
636	139	2.55	934
637	139	0.83	935
638	140	1.96	937
639	137	0.85	938
640	135	2.94	941
641	137	2.14	943
642	135	0.63	944
643	134	2.79	946
644	137	2.61	949
645	140	1.25	950
646	141	1.49	952
647	140	2.01	954
648	137	2.20	956
649	137	1.28	957
650	136	0.78	958
651	137	0.50	959
652	137	0.32	959
653	134	1.28	960
654	131	2.42	963
655	128	0.60	963
656	127	0.17	963
657	126	1.64	965
658	127	1.60	967
659	127	2.46	969
660	127	1.77	971
661	129	0.54	971
662	128	0.15	972
663	128	1.29	973
664	129	1.80	975
665	126	0.39	975
666	127	2.50	978
667	126	0.51	978
668	127	0.14	978
669	126	2.14	980
670	124	0.24	981
671	127	2.19	983
672	124	2.30	985
673	123	2.74	988
674	124	1.30	989
675	121	1.43	990
676	124	2.69	993
677	125	2.07	995
678	123	2.25	997
679	123	0.46	998
680	122	1.44	999
681	125	1.35	1001
682	123	1.33	1002
683	120	2.20	1004
684	117	0.23	1005
685	115	0.52	1005
686	117	0.91	1006
687	117	1.69	1008
688	118	2.14	1010
689	117	0.78	1011
690	117	1.83	1012
691	115	0.60	1013
692	114	2.85	1016
693	111	1.00	1017
694	114	2.04	1019
695	112	0.18	1019
696	111	1.52	1021
697	110	1.24	1022
698	110	1.14	1023
699	113	1.05	1024
700	115	0.99	1025
701	116	0.89	1026
702	115	2.05	1028
703	118	2.72	1031
704	119	2.00	1033
705	120	2.52	1035
706	119	0.47	1036
707	117	1.08	1037
708	119	2.42	1039
709	121	1.20	1040
710	124	0.91	1041
711	121	1.65	1043
712	124	1.96	1045
713	127	0.92	1046
714	130	0.66	1046
715	128	2.77	1049
716	130	0.28	1050
717	130	2.40	1052
718	128	1.01	1053
719	127	0.37	1053
720	130	2.18	1055
721	133	1.89	1057
722	136	0.43	1058
723	136	1.41	1059
724	135	2.39	1062
725	138	1.53	1063
726	136	1.74	1065
727	138	0.24	1065
728	136	0.68	1066
729	135	2.56	1068
730	133	0.78	1069
731	134	0.57	1070
732	134	0.43	1070
733	134	2.00	1072
734	137	0.85	1073
735	134	1.04	1074
736	131	1.99	1076
737	131	0.01	1076
738	129	0.66	1077
739	127	0.54	1077
740	125	0.24	1077
741	126	1.39	1079
742	125	1.03	1080
743	127	1.60	1081
744	129	0.87	1082
745	131	1.88	1084
746	132	0.15	1084
747	129	2.08	1086
748	130	2.65	1089
749	128	2.50	1092
750	126	1.04	1093
751	123	0.46	1093
752	121	2.70	1096
753	121	1.72	1098
754	119	1.94	1099
755	118	0.91	1100
756	117	0.08	1100
757	116	1.27	1102
758	114	1.05	1103
759	116	2.26	1105
760	116	2.69	1108
761	115	0.62	1108
762	116	1.26	1110
763	115	0.12	1110
764	112	1.91	1112
765	110	0.70	1112
766	111	1.18	1113
767	114	1.26	1115
768	117	1.22	1116
769	118	1.62	1118
770	118	2.47	1120
771	119	0.15	1120
772	119	1.43	1122
773	121	0.19	1122
774	119	1.04	1123
775	120	2.91	1126
776	117	0.14	1126
777	119	0.30	1126
778	118	1.05	1127
779	120	2.98	1130
780	119	2.34	1133
781	122	1.99	1135
782	124	0.95	1136
783	126	2.16	1138
784	123	0.31	1138
785	126	2.00	1140
786	129	0.80	1141
787	132	1.32	1142
788	130	0.75	1143
789	128	2.23	1145
790	131	1.45	1147
791	133	0.53	1147
792	135	2.50	1150
793	133	2.00	1152
794	135	0.30	1152
795	132	0.01	1152
796	133	2.65	1155
797	130	1.27	1156
798	129	0.68	1156
799	127	0.30	1157
800	130	1.30	1158
801	128	0.04	1158
802	125	1.25	1159
803	127	1.21	1161
804	130	0.13	1161
805	133	2.49	1163
806	136	2.10	1165
807	134	2.70	1168
808	136	2.60	1171
809	137	2.01	1173
810	137	0.48	1173
811	137	0.71	1174
812	138	0.37	1174
813	140	1.84	1176
814	137	2.49	1179
815	135	1.39	1180
816	138	1.81	1182
817	140	0.60	1182
818	139	2.34	1185
819	138	1.69	1186
820	136	0.59	1187
821	133	1.97	1189
822	136	0.17	1189
823	138	2.38	1191
824	139	1.78	1193
825	140	0.29	1193
826	143	0.08	1194
827	140	1.10	1195
828	138	1.94	1197
829	141	1.88	1198
830	138	2.52	1201
831	136	2.70	1204
832	134	0.17	1204
833	134	1.38	1205
834	134	1.60	1207
835	131	2.89	1210
836	131	1.12	1211
837	128	1.13	1212
838	125	2.42	1214
839	125	1.56	1216
840	122	2.80	1219
841	123	0.91	1220
842	123	2.33	1222
843	122	0.36	1222
844	123	2.65	1225
845	123	0.07	1225
846	126	2.39	1228
847	129	0.98	1228
848	127	2.53	1231
849	128	2.71	1234
850	129	2.34	1236
851	127	2.31	1238
852	125	1.59	1240
853	127	2.80	1243
854	128	0.02	1243
855	127	2.09	1245
856	130	1.85	1247
857	131	2.44	1249
858	134	0.35	1250
859	135	0.14	1250
860	138	1.57	1251
861	139	2.40	1254
862	141	2.33	1256
863	143	0.26	1256
864	145	1.43	1258
865	147	0.43	1258
866	146	2.07	1260
867	144	0.59	1261
868	142	0.56	1261
869	142	0.77	1262
870	143	0.35	1262
871	146	2.09	1265
872	146	2.42	1267
873	148	2.60	1270
874	145	1.85	1271
875	146	2.60	1274
876	144	0.77	1275
877	145	0.52	1275
878	142	0.45	1276
879	140	1.37	1277
880	143	0.74	1278
881	146	0.51	1278
882	146	1.64	1280
883	147	1.52	1282
884	147	1.26	1283
885	147	1.74	1285
886	150	2.50	1287
887	147	2.89	1290
888	150	1.25	1291
889	147	2.51	1294
890	144	1.37	1295
891	142	1.40	1296
892	144	2.85	1299
893	147	1.78	1301
894	149	1.26	1302
895	149	1.31	1304
896	151	2.42	1306
897	154	2.15	1308
898	157	2.54	1311
899	157	1.82	1313
900	159	0.88	1313
901	158	0.03	1313
902	160	2.46	1316
903	161	2.58	1319
904	158	2.78	1321
905	156	1.04	1322
906	153	0.69	1323
907	155	1.25	1324
908	155	2.86	1327
909	153	2.11	1329
910	155	1.63	1331
911	152	2.81	1334
912	154	0.57	1334
913	153	1.77	1336
914	154	0.34	1336
915	151	2.60	1339
916	151	0.92	1340
917	152	0.60	1341
918	154	2.77	1343
919	151	2.46	1346
920	153	2.78	1349
921	151	1.55	1350
922	153	1.50	1352
923	151	2.28	1354
924	154	2.30	1356
925	155	1.28	1357
926	152	2.20	1360
927	151	2.99	1363
928	148	1.74	1364
929	146	2.52	1367
930	143	1.14	1368
931	140	0.45	1368
932	141	1.96	1370
933	143	0.04	1370
934	140	2.54	1373
935	142	0.84	1374
936	142	2.52	1376
937	144	1.14	1378
938	146	0.19	1378
939	144	2.43	1380
940	143	1.88	1382
941	144	2.31	1384
942	141	2.98	1387
943	144	0.33	1388
944	146	0.96	1389
945	146	0.22	1389
946	146	0.75	1390
947	146	2.56	1392
948	149	2.13	1394
949	150	1.02	1395
950	147	2.73	1398
951	150	0.18	1398
952	147	1.08	1399
953	148	1.67	1401
954	151	2.23	1403
955	153	0.23	1403
956	156	0.41	1404
957	158	1.16	1405
958	160	0.53	1406
959	158	1.66	1407
960	155	0.40	1408
961	157	2.75	1410
962	158	1.92	1412
963	161	0.60	1413
964	158	1.12	1414
965	160	0.89	1415
966	161	0.67	1416
967	159	2.97	1419
968	157	1.05	1420
969	160	2.49	1422
970	157	2.32	1424
971	158	1.24	1426
972	158	0.39	1426
973	159	2.56	1429
974	157	2.34	1431
975	159	0.64	1432
976	157	0.32	1432
977	154	2.51	1434
978	154	2.28	1437
979	155	0.49	1437
980	157	0.46	1438
981	159	0.72	1438
982	156	2.68	1441
983	154	1.29	1442
984	152	1.46	1444
985	151	0.15	1444
986	154	2.50	1446
987	153	2.12	1449
988	152	1.99	1451
989	155	1.29	1452
990	157	0.28	1452
991	158	2.28	1454
992	160	0.22	1455
993	158	1.47	1456
994	158	1.37	1457
995	160	2.34	1460
996	157	2.73	1463
997	154	2.33	1465
998	157	1.50	1466
999	160	2.02	1468
1000	160	2.73	1471
1001	158	1.28	1472
1002	156	2.78	1475
1003	155	1.53	1477
1004	154	1.67	1478
1005	152	0.20	1479
1006	150	2.10	1481
1007	152	2.40	1483
1008	151	0.37	1483
1009	154	2.01	1485
1010	156	2.38	1488
1011	159	1.05	1489
1012	162	0.78	1490
1013	160	1.24	1491
1014	157	2.08	1493
1015	159	1.78	1495
1016	156	0.49	1495
1017	156	1.39	1497
1018	159	1.26	1498
1019	157	1.60	1499
1020	157	2.56	1502
1021	155	2.37	1504
1022	154	1.85	1506
1023	153	1.10	1507
1024	151	0.41	1508
1025	148	2.10	1510
1026	151	0.89	1511
1027	152	2.45	1513
1028	152	0.06	1513
1029	154	1.95	1515
1030	154	2.52	1518
1031	151	2.53	1520
1032	148	0.52	1521
1033	148	1.02	1522
1034	145	1.60	1523
1035	147	2.28	1526
1036	146	0.48	1526
1037	145	1.57	1528
1038	145	2.41	1530
1039	142	1.52	1532
1040	143	1.69	1533
1041	142	1.95	1535
1042	143	1.09	1536
1043	143	1.88	1538
1044	144	0.72	1539
1045	146	1.59	1541
1046	147	2.12	1543
1047	145	0.97	1544
1048	146	2.28	1546
1049	147	0.01	1546
1050	149	1.84	1548
1051	147	0.07	1548
1052	144	0.95	1549
1053	147	0.02	1549
1054	149	2.78	1552
1055	148	2.30	1554
1056	150	1.94	1556
1057	150	1.22	1557
1058	153	0.15	1557
1059	153	1.44	1559
1060	156	0.60	1559
1061	157	2.20	1561
1062	158	0.85	1562
1063	158	2.40	1565
1064	160	1.60	1566
1065	161	2.15	1568
1066	159	2.76	1571
1067	158	1.28	1573
1068	156	1.79	1574
1069	153	2.11	1576
1070	150	2.65	1579
1071	148	2.54	1582
1072	148	0.75	1582
1073	151	1.96	1584
1074	150	1.67	1586
1075	147	1.90	1588
1076	147	1.74	1590
1077	144	2.86	1592
1078	141	1.20	1594
1079	142	2.21	1596
1080	143	1.39	1597
1081	141	2.64	1600
1082	141	2.22	1602
1083	139	1.72	1604
1084	142	1.19	1605
1085	140	2.24	1607
1086	140	0.32	1608
1087	139	2.74	1610
1088	138	0.53	1611
1089	135	0.15	1611
1090	134	0.21	1611
1091	131	0.04	1611
1092	131	0.83	1612
1093	128	2.25	1614
1094	131	1.47	1616
1095	131	2.11	1618
1096	133	2.86	1621
1097	133	2.23	1623
1098	136	0.87	1624
1099	136	0.30	1624
1100	137	1.73	1626
1101	135	0.12	1626
1102	135	2.05	1628
1103	138	1.23	1629
1104	139	0.15	1629
1105	136	1.00	1630
1106	137	0.67	1631
1107	138	2.57	1634
1108	137	2.97	1637
1109	135	0.00	1637
1110	138	2.65	1639
1111	141	0.32	1640
1112	143	0.21	1640
1113	144	1.41	1641
1114	146	0.52	1642
1115	145	1.16	1643
1116	143	2.56	1646
1117	142	0.58	1646
1118	140	1.94	1648
1119	137	0.26	1648
1120	138	2.83	1651
1121	135	1.03	1652
1122	134	1.76	1654
1123	134	0.16	1654
1124	134	0.42	1655
1125	136	1.45	1656
1126	135	2.14	1658
1127	138	0.43	1659
1128	141	1.67	1660
1129	141	2.95	1663
1130	138	2.53	1666
1131	141	0.44	1666
1132	143	0.74	1667
1133	144	1.35	1668
1134	141	0.93	1669
1135	144	1.97	1671
1136	143	2.98	1674
1137	140	0.93	1675
1138	143	2.53	1678
1139	144	1.96	1680
1140	141	2.00	1682
1141	139	2.01	1684
1142	137	0.97	1685
1143	139	2.00	1687
1144	139	1.93	1688
1145	139	2.03	1690
1146	138	1.14	1692
1147	138	1.52	1693
1148	135	1.69	1695
1149	138	1.71	1697
1150	135	1.31	1698
1151	132	2.45	1700
1152	132	1.96	1702
1153	134	2.35	1705
1154	136	0.99	1706
1155	138	1.56	1707
1156	139	2.40	1710
1157	140	0.62	1710
1158	143	1.90	1712
1159	145	2.34	1714
1160	145	1.87	1716
1161	146	1.33	1718
1162	149	0.09	1718
1163	146	1.52	1719
1164	149	0.65	1720
1165	148	0.46	1720
1166	147	1.92	1722
1167	150	0.20	1722
1168	150	1.49	1724
1169	152	2.11	1726
1170	153	2.62	1729
1171	156	1.25	1730
1172	159	1.12	1731
1173	162	0.06	1731
1174	162	0.12	1731
1175	163	0.03	1731
1176	161	2.66	1734
1177	158	1.18	1735
1178	156	2.37	1737
1179	154	2.90	1740
1180	157	1.94	1742
1181	155	2.94	1745
1182	153	3.00	1748
1183	153	2.32	1751
1184	151	2.00	1753
1185	153	2.11	1755
1186	156	2.47	1757
1187	154	2.36	1759
1188	155	1.20	1761
1189	155	2.19	1763
1190	157	0.99	1764
1191	155	2.82	1767
1192	154	0.22	1767
1193	152	0.39	1767
1194	154	0.65	1768
1195	155	0.45	1768
1196	153	1.69	1770
1197	152	0.89	1771
1198	154	2.17	1773
1199	153	1.30	1774
1200	156	1.52	1776
1201	153	0.21	1776
1202	155	1.87	1778
1203	153	1.35	1779
1204	152	2.78	1782
1205	149	0.33	1782
1206	149	1.25	1784
1207	147	2.27	1786
1208	150	2.24	1788
1209	152	1.77	1790
1210	154	2.38	1792
1211	152	2.48	1795
1212	153	1.95	1797
1213	155	2.95	1800
1214	155	0.47	1800
1215	155	1.90	1802
1216	152	2.03	1804
1217	150	2.73	1807
1218	148	1.15	1808
1219	149	1.10	1809
1220	150	0.34	1809
1221	148	0.76	1810
1222	149	1.79	1812
1223	149	0.06	1812
1224	147	2.68	1815
1225	146	2.93	1818
1226	148	1.67	1819
1227	145	2.58	1822
1228	145	1.04	1823
1229	142	2.85	1826
1230	145	2.43	1828
1231	148	2.28	1831
1232	148	0.33	1831
1233	147	0.76	1832
1234	149	1.29	1833
1235	149	0.10	1833
1236	150	1.42	1834
1237	147	1.55	1836
1238	147	1.78	1838
1239	149	2.66	1840
1240	147	0.15	1841
1241	149	2.62	1843
1242	148	1.15	1844
1243	151	1.64	1846
1244	152	1.19	1847
1245	152	0.59	1848
1246	151	1.01	1849
1247	151	0.61	1849
1248	154	1.44	1851
1249	155	0.81	1852
1250	157	0.28	1852
1251	157	2.05	1854
1252	159	1.08	1855
1253	157	2.44	1858
1254	155	0.39	1858
1255	156	1.12	1859
1256	159	2.07	1861
1257	161	2.24	1863
1258	161	2.35	1866
1259	164	2.38	1868
1260	163	2.41	1870
1261	166	1.97	1872
1262	163	1.21	1874
1263	166	1.88	1876
1264	163	0.17	1876
1265	166	0.38	1876
1266	167	1.38	1877
1267	164	2.16	1880
1268	165	2.58	1882
1269	168	2.89	1885
1270	170	2.72	1888
1271	171	2.03	1890
1272	173	2.62	1892
1273	175	1.34	1894
1274	177	2.78	1897
1275	178	1.43	1898
1276	178	2.93	1901
1277	181	0.74	1902
1278	183	1.30	1903
1279	181	1.23	1904
1280	178	0.25	1904
1281	177	0.09	1905
1282	179	1.45	1906
1283	178	0.98	1907
1284	180	2.44	1909
1285	178	2.89	1912
1286	177	1.86	1914
1287	179	2.42	1917
1288	182	0.96	1918
1289	183	2.65	1920
1290	183	1.64	1922
1291	185	0.31	1922
1292	184	0.99	1923
1293	182	2.34	1925
1294	181	0.70	1926
1295	178	0.83	1927
1296	178	2.48	1929
1297	181	0.23	1930
1298	181	2.39	1932
1299	179	2.00	1934
1300	179	0.08	1934
1301	181	2.22	1936
1302	181	2.66	1939
1303	178	2.04	1941
1304	176	0.06	1941
1305	177	0.53	1942
1306	175	1.54	1943
1307	173	2.09	1945
1308	171	0.86	1946
1309	173	0.37	1947
1310	171	0.58	1947
1311	174	1.60	1949
1312	177	2.62	1951
1313	174	2.48	1954
1314	172	2.49	1956
1315	170	0.89	1957
1316	167	2.50	1960
1317	169	0.11	1960
1318	170	1.58	1961
1319	168	2.77	1964
1320	166	1.93	1966
1321	163	1.47	1968
1322	161	1.36	1969
1323	162	2.31	1971
1324	161	2.71	1974
1325	163	2.95	1977
1326	163	1.83	1979
1327	166	1.64	1980
1328	164	1.06	1981
1329	161	0.02	1981
1330	158	1.68	1983
1331	160	0.90	1984
1332	163	0.22	1984
1333	161	2.24	1987
1334	159	1.82	1988
1335	156	0.86	1989
1336	159	0.53	1990
1337	159	1.16	1991
1338	162	1.29	1992
1339	165	0.51	1993
1340	164	2.26	1995
1341	166	0.10	1995
1342	168	0.47	1995
1343	168	1.44	1997
1344	170	0.84	1998
1345	167	2.63	2000
1346	167	2.16	2003
1347	168	1.20	2004
1348	168	1.84	2006
1349	166	1.51	2007
1350	168	2.88	2010
1351	167	0.50	2010
1352	164	1.16	2012
1353	165	0.94	2013
1354	166	0.28	2013
1355	167	0.57	2013
1356	170	1.70	2015
1357	171	0.41	2016
1358	169	1.98	2018
1359	172	1.14	2019
1360	169	2.14	2021
1361	169	0.89	2022
1362	172	0.65	2022
1363	172	2.70	2025
1364	170	1.79	2027
1365	167	0.41	2027
1366	169	2.75	2030
1367	168	0.21	2030
1368	166	2.12	2032
1369	168	0.88	2033
1370	170	0.74	2034
1371	169	2.66	2037
1372	167	2.20	2039
1373	164	1.06	2040
1374	163	1.03	2041
1375	162	2.46	2043
1376	159	0.16	2044
1377	156	2.62	2046
1378	158	1.27	2047
1379	158	2.36	2050
1380	161	1.09	2051
1381	161	2.57	2053
1382	160	2.30	2056
1383	158	1.54	2057
1384	156	1.46	2059
1385	157	0.31	2059
1386	158	0.17	2059
1387	159	1.98	2061
1388	156	0.26	2061
1389	154	2.50	2064
1390	152	2.71	2067
1391	149	2.55	2069
1392	151	0.67	2070
1393	152	2.50	2072
1394	153	2.24	2075
1395	153	1.41	2076
1396	156	0.71	2077
1397	153	1.75	2079
1398	150	1.41	2080
1399	148	2.70	2083
1400	151	1.84	2084
1401	149	1.75	2086
1402	148	1.86	2088
1403	149	1.08	2089
1404	150	0.95	2090
1405	152	1.74	2092
1406	150	2.35	2094
1407	149	2.12	2096
1408	152	2.62	2099
1409	151	0.80	2100
1410	154	0.94	2101
1411	157	0.26	2101
1412	160	1.66	2103
1413	160	1.15	2104
1414	159	1.10	2105
1415	159	0.18	2105
1416	160	0.76	2106
1417	159	2.66	2108
1418	158	0.61	2109
1419	158	2.91	2112
1420	161	1.16	2113
1421	160	1.01	2114
1422	163	0.14	2114
1423	162	1.57	2116
1424	161	2.65	2119
1425	161	1.00	2120
1426	158	1.23	2121
1427	159	0.47	2121
1428	162	2.56	2124
1429	161	0.15	2124
1430	158	2.92	2127
1431	157	1.44	2128
1432	155	2.01	2130
1433	158	1.41	2132
1434	155	2.94	2135
1435	154	2.39	2137
1436	154	2.49	2140
1437	153	0.18	2140
1438	153	1.92	2142
1439	155	0.02	2142
1440	154	1.19	2143
1441	152	1.88	2145
1442	152	0.50	2145
1443	154	1.16	2146
1444	157	1.61	2148
1445	157	1.19	2149
1446	156	1.48	2151
1447	156	2.84	2154
1448	153	1.00	2155
1449	153	0.84	2155
1450	150	2.20	2158
1451	149	1.62	2159
1452	148	0.00	2159
1453	148	2.29	2161
1454	147	1.32	2163
1455	147	2.08	2165
1456	146	1.87	2167
1457	143	1.45	2168
1458	144	2.65	2171
1459	142	1.13	2172
1460	141	0.64	2173
1461	138	1.41	2174
1462	137	2.43	2176
1463	139	2.01	2178
1464	140	1.46	2180
1465	143	2.35	2182
1466	146	1.39	2184
1467	143	1.86	2186
1468	145	0.43	2186
1469	144	0.90	2187
1470	146	2.06	2189
1471	144	1.12	2190
1472	142	1.14	2191
1473	141	1.19	2192
1474	139	1.51	2194
1475	137	0.10	2194
1476	138	2.81	2197
1477	141	0.72	2197
1478	139	2.14	2200
1479	136	1.48	2201
1480	137	0.28	2201
1481	136	1.54	2203
1482	134	0.04	2203
1483	132	0.89	2204
1484	133	1.91	2206
1485	132	1.18	2207
1486	132	2.67	2210
1487	133	1.61	2211
1488	131	1.14	2212
1489	132	1.72	2214
1490	129	1.00	2215
1491	127	2.14	2217
1492	129	1.41	2219
1493	126	1.76	2220
1494	129	1.84	2222
1495	127	2.44	2225
1496	126	0.61	2225
1497	129	2.30	2228
1498	128	0.30	2228
1499	129	2.96	2231
1500	127	1.68	2233
1501	129	2.44	2235
1502	129	2.80	2238
1503	128	2.52	2240
1504	128	1.91	2242
1505	126	1.77	2244
1506	127	0.87	2245
1507	129	2.99	2248
1508	131	0.12	2248
1509	128	1.24	2249
1510	127	2.58	2252
1511	127	2.51	2254
1512	128	2.66	2257
1513	131	2.56	2260
1514	134	1.09	2261
1515	137	2.24	2263
1516	139	0.76	2264
1517	136	1.85	2265
1518	133	1.85	2267
1519	134	2.81	2270
1520	136	2.25	2272
1521	137	1.71	2274
1522	137	2.86	2277
1523	138	1.84	2279
1524	141	1.82	2281
1525	139	0.29	2281
1526	138	2.00	2283
1527	135	0.29	2283
1528	136	2.36	2286
1529	134	0.68	2286
1530	136	1.12	2287
1531	136	0.62	2288
1532	134	2.30	2290
1533	132	1.99	2292
1534	129	2.85	2295
1535	127	2.45	2298
1536	126	0.44	2298
1537	123	2.35	2300
1538	120	0.19	2301
1539	121	1.47	2302
1540	118	2.07	2304
1541	120	2.21	2306
1542	122	2.19	2308
1543	125	2.99	2311
1544	125	2.85	2314
1545	122	2.52	2317
1546	119	1.51	2318
1547	121	0.95	2319
1548	119	2.55	2322
1549	120	0.59	2322
1550	120	0.51	2323
1551	117	0.93	2324
1552	120	1.70	2326
1553	119	2.91	2328
1554	118	2.75	2331
1555	119	2.45	2334
1556	120	0.56	2334
1557	121	0.71	2335
1558	121	1.84	2337
1559	124	0.88	2338
1560	126	2.72	2340
1561	125	1.03	2341
1562	122	1.39	2343
1563	125	1.64	2344
1564	125	2.51	2347
1565	122	1.42	2348
1566	123	1.06	2349
1567	123	0.25	2350
1568	126	1.65	2351
1569	129	1.15	2352
1570	126	3.00	2355
1571	129	2.06	2358
1572	132	2.18	2360
1573	131	2.04	2362
1574	134	2.78	2365
1575	134	2.75	2367
1576	134	0.18	2367
1577	135	2.13	2370
1578	135	1.92	2372
1579	137	0.20	2372
1580	134	1.56	2373
1581	136	0.29	2374
1582	137	0.25	2374
1583	140	0.66	2374
1584	137	1.30	2376
1585	134	1.77	2378
1586	131	1.57	2379
1587	128	0.46	2380
1588	126	2.90	2382
1589	124	1.87	2384
1590	127	2.20	2387
1591	125	2.21	2389
1592	124	1.41	2390
1593	125	0.86	2391
1594	124	1.91	2393
1595	122	0.91	2394
1596	123	0.09	2394
1597	126	1.63	2396
1598	129	1.48	2397
1599	131	1.40	2398
1600	130	1.21	2400
1601	130	2.53	2402
1602	129	1.08	2403
1603	128	0.54	2404
1604	131	1.34	2405
1605	131	1.67	2407
1606	131	2.28	2409
1607	129	1.11	2410
1608	129	0.44	2411
1609	132	0.55	2411
1610	130	1.95	2413
1611	128	1.97	2415
1612	127	1.73	2417
1613	127	2.89	2420
1614	128	2.23	2422
1615	129	1.84	2424
1616	127	2.74	2427
1617	127	1.94	2428
1618	125	0.24	2429
1619	126	1.29	2430
1620	129	0.44	2430
1621	132	2.45	2433
1622	133	2.45	2435
1623	136	1.02	2436
1624	138	1.82	2438
1625	138	0.32	2438
1626	140	0.25	2439
1627	138	2.72	2441
1628	140	2.37	2444
1629	140	1.71	2446
1630	139	2.01	2448
1631	142	0.80	2448
1632	141	2.75	2451
1633	139	2.22	2453
1634	138	2.14	2455
1635	136	1.70	2457
1636	136	0.96	2458
1637	137	1.19	2459
1638	136	1.06	2460
1639	138	2.18	2463
1640	140	0.94	2464
1641	139	1.86	2465
1642	139	2.98	2468
1643	142	2.63	2471
1644	139	0.12	2471
1645	136	2.91	2474
1646	133	0.32	2474
1647	130	2.35	2477
1648	131	1.62	2478
1649	128	0.52	2479
1650	129	1.76	2481
1651	131	1.40	2482
1652	128	2.46	2484
1653	126	1.20	2486
1654	124	1.86	2488
1655	123	2.94	2490
1656	122	1.31	2492
1657	120	2.10	2494
1658	120	1.89	2496
1659	117	2.97	2499
1660	119	0.08	2499
1661	118	0.22	2499
1662	120	0.22	2499
1663	120	0.76	2500
1664	118	2.39	2502
1665	117	1.86	2504
1666	118	2.48	2507
1667	119	2.16	2509
1668	121	2.74	2512
1669	120	1.67	2513
1670	119	1.66	2515
1671	116	2.89	2518
1672	119	1.62	2519
1673	120	2.71	2522
1674	123	2.55	2525
1675	122	1.15	2526
1676	123	2.77	2529
1677	120	1.65	2530
1678	119	2.07	2532
1679	117	1.38	2534
1680	119	2.00	2536
1681	122	1.22	2537
1682	119	0.05	2537
1683	122	1.17	2538
1684	119	1.24	2539
1685	118	2.27	2542
1686	115	0.88	2543
1687	114	0.74	2543
1688	111	1.61	2545
1689	108	0.20	2545
1690	109	2.79	2548
1691	110	1.04	2549
1692	110	2.61	2552
1693	113	2.56	2554
1694	112	1.99	2556
1695	112	0.61	2557
1696	114	2.10	2559
1697	117	2.22	2561
1698	119	1.12	2562
1699	120	1.51	2564
1700	123	2.47	2566
1701	120	0.27	2566
1702	122	2.64	2569
1703	123	0.50	2570
1704	124	1.96	2571
1705	122	1.16	2573
1706	122	1.40	2574
1707	123	0.54	2575
1708	123	0.04	2575
1709	124	2.39	2577
1710	126	2.70	2580
1711	128	1.03	2581
1712	131	2.71	2583
1713	132	0.50	2584
1714	132	2.08	2586
1715	130	1.47	2588
1716	127	1.78	2589
1717	126	0.86	2590
1718	128	0.15	2590
1719	125	1.94	2592
1720	126	0.53	2593
1721	126	0.59	2593
1722	129	1.17	2595
1723	131	2.74	2597
1724	130	2.55	2600
1725	127	1.64	2601
1726	130	1.33	2603
1727	127	2.77	2606
1728	125	2.24	2608
1729	127	2.26	2610
1730	126	0.62	2611
1731	124	2.06	2613
1732	124	2.83	2616
1733	127	0.29	2616
1734	130	2.44	2618
1735	130	1.15	2619
1736	128	2.70	2622
1737	130	1.63	2624
1738	127	2.92	2627
1739	124	0.78	2627
1740	121	2.64	2630
1741	119	2.22	2632
1742	119	2.63	2635
1743	116	0.91	2636
1744	118	2.72	2639
1745	117	2.66	2641
1746	116	2.79	2644
1747	114	1.88	2646
1748	116	2.13	2648
1749	113	1.87	2650
1750	115	2.17	2652
1751	115	1.05	2653
1752	113	0.94	2654
1753	113	2.60	2657
1754	110	0.97	2658
1755	107	0.96	2659
1756	104	1.08	2660
1757	105	1.70	2661
1758	103	2.31	2664
1759	104	1.03	2665
1760	105	0.85	2666
1761	102	2.45	2668
1762	99	0.38	2668
1763	101	1.93	2670
1764	98	1.75	2672
1765	95	1.86	2674
1766	98	0.44	2674
1767	95	1.90	2676
1768	98	2.70	2679
1769	99	1.79	2681
1770	98	0.82	2682
1771	98	1.50	2683
1772	101	1.76	2685
1773	102	1.09	2686
1774	104	1.55	2688
1775	101	1.80	2689
1776	100	1.83	2691
1777	98	2.63	2694
1778	101	1.83	2696
1779	101	1.60	2697
1780	104	2.50	2700
1781	105	2.92	2703
1782	102	0.54	2703
1783	99	2.59	2706
1784	99	0.75	2706
1785	99	1.51	2708
1786	100	0.12	2708
1787	99	0.79	2709
1788	102	2.34	2711
1789	100	0.36	2712
1790	102	0.39	2712
1791	103	2.40	2714
1792	103	2.04	2716
1793	105	2.66	2719
1794	108	2.45	2722
1795	108	0.63	2722
1796	108	2.56	2725
1797	110	2.81	2728
1798	111	2.34	2730
1799	109	0.11	2730
1800	108	0.21	2730
1801	111	1.74	2732
1802	112	2.03	2734
1803	114	2.25	2736
1804	116	1.40	2738
1805	116	0.85	2739
1806	114	2.32	2741
1807	115	2.30	2743
1808	113	2.67	2746
1809	113	0.24	2746
1810	110	0.06	2746
1811	110	1.07	2747
1812	108	1.18	2748
1813	107	0.50	2749
1814	110	0.48	2749
1815	111	1.65	2751
1816	114	2.61	2754
1817	116	1.02	2755
1818	114	1.78	2756
1819	117	2.77	2759
1820	120	2.56	2762
1821	121	2.11	2764
1822	123	2.16	2766
1823	121	0.51	2766
1824	119	2.12	2769
1825	122	2.93	2772
1826	123	2.61	2774
1827	120	2.89	2777
1828	117	0.19	2777
1829	118	1.60	2779
1830	118	2.83	2782
1831	119	2.77	2784
1832	118	0.67	2785
1833	121	1.94	2787
1834	120	2.70	2790
1835	122	1.12	2791
1836	121	0.71	2792
1837	123	2.77	2794
1838	121	1.22	2796
1839	124	1.57	2797
1840	121	1.35	2799
1841	121	1.25	2800
1842	124	1.16	2801
1843	121	1.77	2803
1844	121	0.56	2803
1845	121	2.75	2806
1846	121	0.73	2807
1847	121	1.56	2808
1848	121	2.31	2811
1849	123	1.63	2812
1850	125	1.74	2814
1851	124	0.65	2815
1852	122	1.80	2816
1853	123	1.28	2818
1854	122	1.85	2820
1855	120	0.33	2820
1856	118	1.49	2821
1857	115	2.17	2824
1858	115	2.51	2826
1859	118	2.97	2829
1860	118	2.51	2832
1861	117	1.00	2833
1862	118	1.67	2834
1863	121	2.28	2836
1864	122	1.53	2838
1865	122	2.66	2841
1866	120	0.27	2841
1867	123	1.17	2842
1868	123	1.06	2843
1869	123	1.04	2844
1870	126	1.94	2846
1871	129	1.40	2848
1872	132	2.18	2850
1873	131	0.06	2850
1874	129	0.23	2850
1875	128	0.15	2850
1876	127	0.07	2850
1877	125	1.52	2852
1878	126	2.22	2854
1879	127	1.20	2855
1880	125	0.40	2856
1881	126	1.13	2857
1882	127	2.37	2859
1883	129	1.09	2860
1884	127	2.34	2863
1885	127	0.67	2863
1886	124	1.56	2865
1887	127	1.63	2866
1888	125	0.67	2867
1889	128	1.63	2869
1890	126	0.66	2869
1891	128	0.79	2870
1892	128	0.08	2870
1893	125	0.66	2871
1894	123	0.91	2872
1895	121	1.18	2873
1896	120	2.26	2875
1897	119	0.47	2876
1898	121	1.79	2878
1899	118	2.08	2880
1900	116	0.52	2880
1901	119	1.99	2882
1902	120	2.23	2884
1903	117	0.07	2884
1904	114	2.03	2886
1905	112	0.21	2887
1906	113	2.31	2889
1907	112	0.72	2890
1908	110	1.64	2891
1909	107	2.98	2894
1910	108	2.95	2897
1911	107	2.43	2900
1912	104	2.15	2902
1913	103	2.25	2904
1914	105	0.07	2904
1915	107	1.00	2905
1916	106	0.94	2906
1917	109	0.56	2907
1918	112	0.13	2907
1919	114	1.57	2908
1920	116	0.33	2909
1921	114	2.99	2912
1922	116	0.85	2912
1923	115	1.66	2914
1924	117	0.64	2915
1925	114	1.72	2917
1926	112	0.32	2917
1927	114	0.98	2918
1928	112	1.36	2919
1929	112	0.09	2919
1930	111	1.07	2920
1931	110	1.95	2922
1932	112	2.79	2925
1933	112	2.65	2928
1934	113	0.34	2928
1935	111	1.51	2930
1936	109	1.08	2931
1937	108	2.30	2933
1938	108	0.10	2933
1939	106	2.00	2935
1940	104	1.85	2937
1941	102	0.14	2937
1942	100	0.12	2937
1943	97	1.02	2938
1944	94	2.49	2941
1945	95	1.13	2942
1946	98	0.92	2943
1947	96	1.73	2944
1948	99	2.32	2947
1949	99	1.39	2948
1950	102	0.80	2949
1951	99	2.48	2951
1952	102	2.38	2954
1953	100	0.22	2954
1954	103	0.13	2954
1955	106	1.47	2956
1956	105	2.01	2958
1957	108	2.46	2960
1958	105	0.83	2961
1959	104	1.79	2963
1960	105	2.60	2965
1961	106	2.29	2968
1962	108	1.45	2969
1963	106	1.55	2971
1964	109	2.19	2973
1965	110	2.88	2976
1966	112	0.24	2976
1967	112	1.56	2977
1968	110	1.16	2979
1969	112	1.60	2980
1970	112	0.41	2981
1971	113	0.98	2982
1972	115	2.67	2984
1973	115	0.70	2985
1974	114	0.23	2985
1975	116	1.48	2987
1976	116	2.92	2990
1977	119	1.11	2991
1978	121	0.93	2992
1979	121	2.04	2994
1980	121	2.61	2996
1981	123	2.20	2998
1982	124	0.67	2999
1983	123	2.10	3001
1984	123	1.67	3003
1985	120	0.02	3003
1986	123	1.11	3004
1987	123	2.34	3006
1988	123	1.10	3007
1989	121	0.23	3008
1990	123	2.58	3010
1991	126	0.10	3010
1992	123	2.76	3013
1993	125	2.76	3016
1994	126	1.30	3017
1995	123	1.01	3018
1996	122	2.02	3020
1997	122	0.90	3021
1998	122	1.95	3023
1999	121	0.27	3023
2000	121	2.74	3026
2001	124	0.36	3026
2002	123	1.72	3028
2003	120	2.83	3031
2004	120	1.57	3033
2005	117	1.64	3034
2006	114	0.65	3035
2007	117	1.45	3036
2008	116	0.52	3037
2009	115	0.54	3037
2010	115	1.78	3039
2011	116	2.77	3042
2012	118	1.72	3044
2013	121	0.95	3045
2014	124	1.31	3046
2015	125	2.61	3049
2016	122	2.84	3051
2017	121	2.47	3054
2018	121	0.52	3054
2019	122	1.54	3056
2020	123	2.37	3058
2021	125	0.38	3059
2022	123	2.73	3061
2023	125	1.51	3063
2024	128	1.86	3065
2025	125	0.03	3065
2026	126	2.24	3067
2027	124	2.58	3070
2028	124	0.40	3070
2029	126	1.29	3071
2030	124	1.79	3073
2031	127	2.07	3075
2032	130	2.61	3078
2033	131	0.89	3079
2034	132	2.16	3081
2035	131	1.70	3082
2036	131	0.51	3083
2037	128	1.75	3085
2038	130	2.04	3087
2039	133	0.44	3087
2040	133	0.86	3088
2041	132	0.47	3089
2042	129	0.81	3089
2043	130	1.92	3091
2044	127	0.50	3092
2045	129	0.19	3092
2046	129	0.23	3092
2047	130	1.16	3093
2048	130	2.40	3096
2049	128	0.86	3097
2050	129	2.72	3099
2051	132	1.98	3101
2052	132	1.12	3102
2053	130	1.09	3104
2054	131	0.82	3104
2055	131	2.71	3107
2056	129	1.21	3108
2057	126	0.13	3108
2058	126	1.28	3110
2059	123	2.52	3112
2060	122	2.12	3114
2061	122	2.55	3117
2062	121	0.46	3117
2063	123	0.34	3118
2064	125	0.72	3118
2065	122	0.27	3119
2066	125	2.58	3121
2067	125	2.73	3124
2068	123	0.02	3124
2069	124	0.26	3124
2070	126	1.60	3126
2071	129	0.86	3127
2072	127	1.58	3128
2073	127	2.69	3131
2074	130	1.18	3132
2075	132	2.64	3135
2076	130	1.29	3136
2077	132	1.33	3137
2078	135	2.94	3140
2079	138	1.80	3142
2080	137	1.73	3144
2081	138	0.46	3144
2082	136	0.58	3145
2083	137	1.49	3146
2084	136	2.20	3149
2085	134	1.67	3150
2086	131	1.54	3152
2087	130	2.76	3155
2088	130	0.14	3155
2089	130	1.27	3156
2090	132	2.44	3158
2091	132	0.19	3159
2092	132	1.21	3160
2093	129	0.23	3160
2094	132	0.85	3161
2095	131	2.85	3164
2096	134	2.28	3166
2097	133	2.71	3169
2098	134	0.05	3169
2099	134	1.19	3170
2100	134	0.53	3171
2101	133	2.29	3173
2102	131	2.27	3175
2103	133	0.79	3176
2104	136	1.60	3177
2105	133	0.91	3178
2106	133	1.54	3180
2107	132	0.69	3181
2108	130	0.64	3181
2109	130	1.43	3183
2110	129	2.74	3185
2111	128	0.59	3186
2112	129	0.61	3187
2113	132	1.39	3188
2114	135	0.08	3188
2115	134	2.60	3191
2116	134	0.08	3191
2117	136	2.95	3194
2118	133	1.82	3196
2119	134	2.90	3198
2120	137	0.48	3199
2121	135	1.09	3200
2122	137	0.10	3200
2123	139	1.12	3201
2124	137	1.98	3203
2125	139	1.16	3204
2126	136	1.32	3206
2127	138	0.91	3207
2128	138	0.18	3207
2129	137	2.56	3209
2130	138	1.79	3211
2131	136	2.96	3214
2132	134	2.38	3216
2133	136	2.90	3219
2134	138	1.04	3220
2135	135	1.71	3222
2136	133	1.11	3223
2137	130	0.86	3224
2138	127	0.15	3224
2139	128	1.80	3226
2140	131	1.99	3228
2141	134	2.73	3231
2142	133	1.75	3233
2143	130	0.13	3233
2144	127	0.01	3233
2145	125	0.31	3233
2146	127	0.26	3233
2147	124	1.11	3234
2148	121	1.98	3236
2149	124	0.31	3237
2150	126	0.52	3237
2151	129	2.96	3240
2152	129	1.87	3242
2153	127	0.37	3242
2154	124	1.00	3243
2155	126	2.19	3246
2156	123	1.62	3247
2157	122	0.36	3248
2158	124	0.97	3248
2159	126	0.07	3249
2160	124	1.53	3250
2161	121	2.47	3253
2162	120	2.28	3255
2163	118	0.16	3255
2164	115	0.63	3256
2165	113	1.66	3257
2166	111	1.50	3259
2167	112	0.88	3260
2168	115	1.80	3261
2169	114	1.80	3263
2170	114	0.17	3263
2171	114	2.48	3266
2172	111	1.00	3267
2173	108	2.49	3269
2174	110	1.77	3271
2175	112	3.00	3274
2176	115	1.31	3275
2177	118	2.18	3278
2178	115	2.10	3280
2179	116	1.52	3281
2180	113	1.18	3282
2181	113	0.28	3283
2182	112	0.92	3284
2183	109	2.51	3286
2184	108	2.54	3289
2185	105	0.07	3289
2186	103	2.99	3292
2187	104	1.67	3293
2188	106	0.63	3294
2189	103	1.37	3295
2190	102	0.51	3296
2191	103	2.63	3299
2192	100	1.49	3300
2193	99	1.04	3301
2194	100	1.00	3302
2195	100	2.89	3305
2196	98	1.62	3307
2197	100	1.79	3308
2198	102	0.06	3308
2199	103	2.54	3311
2200	104	1.25	3312
2201	103	0.02	3312
2202	103	2.24	3315
2203	100	2.15	3317
2204	102	2.04	3319
2205	103	1.63	3320
2206	100	2.30	3323
2207	101	1.77	3324
2208	101	1.86	3326
2209	99	1.46	3328
2210	101	2.75	3330
2211	102	1.41	3332
2212	102	1.38	3333
2213	103	1.19	3334
2214	103	1.76	3336
2215	106	0.56	3337
2216	105	1.76	3339
2217	102	2.33	3341
2218	99	0.17	3341
2219	99	0.85	3342
2220	101	1.68	3344
2221	100	1.14	3345
2222	102	0.62	3345
2223	99	2.02	3347
2224	96	2.69	3350
2225	95	2.04	3352
2226	98	1.78	3354
2227	98	0.34	3354
2228	97	2.27	3356
2229	98	1.14	3358
2230	100	2.18	3360
2231	102	0.78	3361
2232	102	2.68	3363
2233	99	1.49	3365
2234	97	0.74	3365
2235	99	0.66	3366
2236	101	2.30	3368
2237	98	2.63	3371
2238	97	0.31	3371
2239	97	2.89	3374
2240	97	0.21	3374
2241	96	1.03	3375
2242	95	0.42	3376
2243	96	1.73	3378
2244	93	0.88	3379
2245	90	1.42	3380
2246	89	2.51	3382
2247	88	1.32	3384
2248	85	2.71	3386
2249	82	2.15	3389
2250	84	1.58	3390
2251	84	1.33	3392
2252	82	1.21	3393
2253	83	1.58	3394
2254	85	2.64	3397
2255	88	2.54	3399
2256	90	1.64	3401
2257	91	2.63	3404
2258	90	0.24	3404
2259	93	0.85	3405
2260	92	2.05	3407
2261	90	0.44	3407
2262	88	0.31	3408
2263	90	1.56	3409
2264	87	0.36	3410
2265	89	2.35	3412
2266	91	1.95	3414
2267	91	2.47	3416
2268	92	0.56	3417
2269	94	0.81	3418
2270	94	2.71	3420
2271	96	0.15	3421
2272	98	1.31	3422
2273	96	0.57	3422
2274	96	2.98	3425
2275	93	0.00	3425
2276	93	2.78	3428
2277	91	2.89	3431
2278	94	0.08	3431
2279	93	0.36	3432
2280	95	1.90	3433
2281	98	1.17	3435
2282	101	2.63	3437
2283	103	1.51	3439
2284	105	1.99	3441
2285	103	2.26	3443
2286	104	2.65	3446
2287	106	2.98	3449
2288	103	2.67	3451
2289	103	1.07	3452
2290	105	2.12	3454
2291	107	2.43	3457
2292	107	0.21	3457
2293	105	0.54	3458
2294	107	1.81	3459
2295	106	0.80	3460
2296	106	2.85	3463
2297	105	2.17	3465
2298	107	2.53	3468
2299	109	0.07	3468
2300	108	2.52	3470
2301	106	1.27	3472
2302	103	1.56	3473
2303	106	1.47	3475
2304	103	0.76	3475
2305	106	2.43	3478
2306	106	1.81	3480
2307	109	1.84	3482
2308	106	2.63	3484
2309	108	1.47	3486
2310	108	0.91	3487
2311	107	0.12	3487
2312	109	2.07	3489
2313	107	1.04	3490
2314	104	1.26	3491
2315	106	0.38	3491
2316	107	2.84	3494
2317	108	0.92	3495
2318	108	1.47	3497
2319	106	1.62	3498
2320	108	2.41	3501
2321	105	0.39	3501
2322	107	0.61	3502
2323	104	1.20	3503
2324	103	0.36	3503
2325	101	0.43	3504
2326	99	2.35	3506
2327	98	1.54	3508
2328	96	1.17	3509
2329	97	2.24	3511
2330	99	0.26	3511
2331	98	0.17	3511
2332	99	2.67	3514
2333	96	2.86	3517
2334	98	2.88	3520
2335	96	0.33	3520
2336	95	1.55	3522
2337	93	0.14	3522
2338	90	1.31	3523
2339	92	1.48	3525
2340	91	1.64	3526
2341	90	1.90	3528
2342	88	2.39	3531
2343	85	0.42	3531
2344	88	1.10	3532
2345	89	0.38	3532
2346	89	2.30	3535
2347	87	1.36	3536
2348	84	0.14	3536
2349	83	1.39	3538
2350	81	0.79	3538
2351	84	2.96	3541
2352	82	2.16	3544
2353	85	0.77	3544
2354	83	2.26	3547
2355	83	2.98	3550
2356	86	2.60	3552
2357	86	2.27	3554
2358	84	0.14	3555
2359	85	2.40	3557
2360	86	0.74	3558
2361	85	0.63	3558
2362	82	0.82	3559
2363	80	2.72	3562
2364	82	2.59	3564
2365	84	0.26	3565
2366	85	2.25	3567
2367	88	2.32	3569
2368	88	0.52	3570
2369	89	2.02	3572
2370	91	1.89	3574
2371	89	1.11	3575
2372	90	0.13	3575
2373	88	1.89	3577
2374	90	1.36	3578
2375	92	2.63	3581
2376	90	1.08	3582
2377	90	1.16	3583
2378	89	0.85	3584
2379	86	0.21	3584
2380	88	2.88	3587
2381	90	0.53	3588
2382	91	1.60	3589
2383	93	1.14	3590
2384	90	1.97	3592
2385	88	0.92	3593
2386	90	2.90	3596
2387	87	2.92	3599
2388	85	2.34	3601
2389	86	1.48	3603
2390	85	0.52	3603
2391	84	2.08	3605
2392	82	0.23	3606
2393	83	1.58	3607
2394	81	0.51	3608
2395	81	0.03	3608
2396	80	0.40	3608
2397	83	2.15	3610
2398	83	2.12	3612
2399	84	1.86	3614
2400	87	1.74	3616
2401	87	2.93	3619
2402	89	0.69	3620
2403	89	2.26	3622
2404	87	0.62	3623
2405	84	0.66	3623
2406	83	2.22	3625
2407	86	1.33	3627
2408	84	0.92	3628
2409	84	2.39	3630
2410	82	1.11	3631
2411	79	2.69	3634
2412	78	2.54	3636
2413	79	1.58	3638
2414	82	0.64	3639
2415	80	0.43	3639
2416	78	1.98	3641
2417	76	1.59	3643
2418	74	0.48	3643
2419	72	0.44	3644
2420	75	1.36	3645
2421	72	2.42	3647
2422	69	2.88	3650
2423	67	1.37	3652
2424	65	1.29	3653
2425	62	1.32	3654
2426	65	1.16	3655
2427	64	1.09	3656
2428	65	1.75	3658
2429	63	0.72	3659
2430	63	2.15	3661
2431	64	2.37	3663
2432	61	2.73	3666
2433	64	2.14	3668
2434	61	1.69	3670
2435	59	2.17	3672
2436	60	1.61	3674
2437	57	0.24	3674
2438	60	0.65	3675
2439	58	1.24	3676
2440	55	0.91	3677
2441	55	2.62	3679
2442	52	2.60	3682
2443	54	1.09	3683
2444	51	2.85	3686
2445	51	1.83	3688
2446	52	2.86	3691
2447	51	1.95	3693
2448	50	1.72	3694
2449	50	1.25	3696
2450	51	2.43	3698
2451	51	2.34	3700
2452	50	1.42	3702
2453	50	0.74	3703
2454	50	2.20	3705
2455	50	2.14	3707
2456	50	2.84	3710
2457	50	1.61	3711
2458	50	2.85	3714
2459	50	1.81	3716
2460	50	2.38	3718
2461	53	2.75	3721
2462	53	1.96	3723
2463	54	2.80	3726
2464	53	2.06	3728
2465	50	0.46	3728
2466	50	0.34	3729
2467	53	2.01	3731
2468	50	2.65	3733
2469	52	1.75	3735
2470	53	2.27	3737
2471	51	1.44	3739
2472	51	2.12	3741
2473	50	1.48	3742
2474	50	2.87	3745
2475	52	1.61	3747
2476	50	1.24	3748
2477	50	1.97	3750
2478	50	0.59	3751
2479	50	1.39	3752
2480	53	1.40	3754
2481	51	2.66	3756
2482	50	0.45	3757
2483	50	1.25	3758
2484	50	0.27	3758
2485	52	1.04	3759
2486	50	1.91	3761
2487	50	2.87	3764
2488	50	1.31	3765
2489	50	2.10	3767
2490	50	2.90	3770
2491	52	2.88	3773
2492	53	1.14	3774
2493	55	1.11	3775
2494	57	0.31	3776
2495	54	1.13	3777
2496	52	0.42	3777
2497	53	0.35	3778
2498	51	1.54	3779
2499	53	2.93	3782
2500	53	2.69	3785
2501	50	2.24	3787
2502	51	1.84	3789
2503	54	2.81	3792
2504	52	2.34	3794
2505	50	2.30	3796
2506	50	0.60	3797
2507	50	2.38	3799
2508	53	1.06	3800
2509	51	2.12	3802
2510	50	1.78	3804
2511	50	1.17	3805
2512	50	1.70	3807
2513	50	1.84	3809
2514	50	1.10	3810
2515	51	2.71	3813
2516	50	2.52	3815
2517	50	2.54	3818
2518	50	0.88	3819
2519	53	1.09	3820
2520	52	1.61	3821
2521	53	0.26	3822
2522	52	2.27	3824
2523	54	2.68	3827
2524	57	1.09	3828
2525	56	0.75	3828
2526	58	1.92	3830
2527	57	0.70	3831
2528	60	0.24	3831
2529	63	0.57	3832
2530	60	0.15	3832
2531	59	2.20	3834
2532	61	0.07	3834
2533	61	0.30	3835
2534	58	1.51	3836
2535	55	1.39	3838
2536	55	0.78	3838
2537	55	2.66	3841
2538	54	2.71	3844
2539	54	2.96	3847
2540	52	1.58	3848
2541	51	1.83	3850
2542	50	0.42	3850
2543	50	1.77	3852
2544	50	0.29	3853
2545	53	2.57	3855
2546	53	2.28	3857
2547	55	2.57	3860
2548	52	2.85	3863
2549	50	1.11	3864
2550	50	1.34	3865
2551	52	1.28	3867
2552	50	0.24	3867
2553	50	2.27	3869
2554	53	0.51	3870
2555	52	1.17	3871
2556	53	0.57	3871
2557	50	2.94	3874
2558	50	2.70	3877
2559	52	1.20	3878
2560	53	0.47	3879
2561	56	2.50	3881
2562	56	2.78	3884
2563	58	2.78	3887
2564	59	1.34	3888
2565	61	2.02	3890
2566	58	2.43	3892
2567	57	0.22	3893
2568	55	1.96	3895
2569	55	0.39	3895
2570	58	1.94	3897
2571	56	2.29	3899
2572	59	0.11	3899
2573	59	2.20	3902
2574	59	2.41	3904
2575	58	0.48	3904
2576	59	1.56	3906
2577	60	1.09	3907
2578	57	2.03	3909
2579	58	2.11	3911
2580	56	0.33	3912
2581	59	2.37	3914
2582	58	0.90	3915
2583	59	0.05	3915
2584	58	1.57	3916
2585	57	1.73	3918
2586	56	0.62	3919
2587	55	2.21	3921
2588	57	2.22	3923
2589	54	2.55	3926
2590	52	1.15	3927
2591	50	1.35	3928
2592	53	1.23	3930
2593	53	1.82	3931
2594	56	2.50	3934
2595	53	1.45	3935
2596	52	1.91	3937
2597	51	2.92	3940
2598	51	1.51	3942
2599	53	0.55	3942
2600	55	0.11	3942
2601	56	2.23	3945
2602	53	2.21	3947
2603	54	1.55	3948
2604	57	1.94	3950
2605	59	2.79	3953
2606	58	1.02	3954
2607	57	0.05	3954
2608	54	2.24	3956
2609	51	0.19	3957
2610	50	0.93	3957
2611	50	2.40	3960
2612	52	2.45	3962
2613	55	1.91	3964
2614	53	0.10	3964
2615	54	1.29	3966
2616	52	2.81	3968
2617	50	0.43	3969
2618	50	2.16	3971
2619	50	2.11	3973
2620	50	0.42	3974
2621	51	0.32	3974
2622	52	0.32	3974
2623	52	2.08	3976
2624	51	2.79	3979
2625	54	1.27	3980
2626	53	1.35	3982
2627	56	2.33	3984
2628	57	1.95	3986
2629	56	2.82	3989
2630	58	2.05	3991
2631	58	1.33	3992
2632	55	1.29	3993
2633	58	2.17	3996
2634	60	2.45	3998
2635	60	0.07	3998
2636	61	2.34	4000
2637	58	2.80	4003
2638	57	0.19	4003
2639	57	1.23	4005
2640	56	0.26	4005
2641	57	2.09	4007
2642	57	2.63	4010
2643	60	2.03	4012
2644	61	1.33	4013
2645	60	1.59	4015
2646	60	2.80	4017
2647	61	0.80	4018
2648	60	0.51	4019
2649	57	2.92	4022
2650	58	0.99	4023
2651	55	2.82	4025
2652	52	1.15	4027
2653	53	2.98	4030
2654	53	0.71	4030
2655	51	0.93	4031
2656	50	0.03	4031
2657	53	1.08	4032
2658	50	0.55	4033
2659	51	0.64	4034
2660	50	0.26	4034
2661	50	1.29	4035
2662	51	0.87	4036
2663	50	0.20	4036
2664	50	2.17	4038
2665	50	1.65	4040
2666	53	2.15	4042
2667	54	0.62	4043
2668	54	0.20	4043
2669	52	0.67	4044
2670	51	1.49	4045
2671	54	0.91	4046
2672	55	1.29	4047
2673	55	0.07	4047
2674	54	2.84	4050
2675	56	0.70	4051
2676	54	0.56	4051
2677	55	2.83	4054
2678	56	2.76	4057
2679	56	0.47	4058
2680	58	2.63	4060
2681	57	1.39	4062
2682	54	0.24	4062
2683	54	2.69	4064
2684	56	1.77	4066
2685	59	1.36	4068
2686	56	0.20	4068
2687	56	1.68	4069
2688	55	2.36	4072
2689	52	1.49	4073
2690	55	1.20	4075
2691	57	0.06	4075
2692	57	0.08	4075
2693	57	2.99	4078
2694	54	1.46	4079
2695	54	1.38	4081
2696	56	2.17	4083
2697	55	1.45	4084
2698	56	2.50	4087
2699	56	0.33	4087
2700	55	1.22	4088
2701	56	1.93	4090
2702	56	1.39	4091
2703	56	2.09	4094
2704	53	1.09	4095
2705	50	1.36	4096
2706	53	2.08	4098
2707	53	0.71	4099
2708	51	1.74	4101
2709	52	1.71	4102
2710	51	0.26	4103
2711	52	0.21	4103
2712	51	1.56	4104
2713	50	0.93	4105
2714	50	1.67	4107
2715	50	1.31	4108
2716	50	2.82	4111
2717	50	2.88	4114
2718	53	1.25	4115
2719	50	2.33	4117
2720	51	2.41	4120
2721	51	1.92	4122
2722	51	0.94	4123
2723	53	1.26	4124
2724	53	0.08	4124
2725	52	2.79	4127
2726	50	1.38	4128
2727	50	0.28	4129
2728	50	1.20	4130
2729	53	1.49	4131
2730	53	0.59	4132
2731	52	1.43	4133
2732	50	2.54	4136
2733	50	2.44	4138
2734	50	0.29	4139
2735	50	0.88	4139
2736	50	0.92	4140
2737	52	0.61	4141
2738	54	1.65	4143
2739	53	2.39	4145
2740	55	1.24	4146
2741	57	0.11	4146
2742	57	2.58	4149
2743	55	2.51	4151
2744	58	2.40	4154
2745	58	0.39	4154
2746	55	1.45	4156
2747	56	0.35	4156
2748	55	0.56	4157
2749	57	1.38	4158
2750	57	1.43	4159
2751	60	0.16	4160
2752	60	0.99	4160
2753	62	1.27	4162
2754	63	0.65	4162
2755	66	0.68	4163
2756	66	0.90	4164
2757	68	1.41	4165
2758	68	2.24	4168
2759	67	1.34	4169
2760	67	0.65	4170
2761	67	1.61	4171
2762	65	1.21	4172
2763	65	2.90	4175
2764	65	1.42	4177
2765	66	2.81	4180
2766	65	0.75	4180
2767	62	1.21	4182
2768	63	0.33	4182
2769	65	2.62	4184
2770	68	1.64	4186
2771	69	2.34	4188
2772	68	2.19	4191
2773	67	0.30	4191
2774	67	0.22	4191
2775	65	2.25	4193
2776	66	1.38	4195
2777	66	0.15	4195
2778	66	2.64	4198
2779	68	0.02	4198
2780	66	2.61	4200
2781	66	1.65	4202
2782	67	2.43	4204
2783	67	2.95	4207
2784	64	1.37	4209
2785	67	2.58	4211
2786	69	2.69	4214
2787	67	1.20	4215
2788	68	1.61	4217
2789	68	1.55	4218
2790	66	0.52	4219
2791	65	1.54	4220
2792	65	2.85	4223
2793	64	2.22	4225
2794	63	2.22	4228
2795	62	2.52	4230
2796	62	1.60	4232
2797	65	2.09	4234
2798	66	2.53	4236
2799	65	0.96	4237
2800	65	0.29	4238
2801	63	1.64	4239
2802	61	2.11	4241
2803	58	0.11	4241
2804	55	2.07	4244
2805	55	0.61	4244
2806	55	1.12	4245
2807	56	1.43	4247
2808	55	2.95	4250
2809	54	0.35	4250
2810	55	1.81	4252
2811	55	0.65	4252
2812	53	1.52	4254
2813	51	2.33	4256
2814	52	2.13	4258
2815	52	1.71	4260
2816	50	0.96	4261
2817	51	1.96	4263
2818	53	1.77	4265
2819	52	1.51	4266
2820	53	2.03	4268
2821	54	1.45	4270
2822	53	1.58	4271
2823	51	0.52	4272
2824	52	1.77	4274
2825	54	2.88	4277
2826	56	0.10	4277
2827	54	2.53	4279
2828	56	3.00	4282
2829	59	1.81	4284
2830	61	1.04	4285
2831	63	2.33	4287
2832	60	0.85	4288
2833	62	1.12	4289
2834	59	2.09	4291
2835	60	1.82	4293
2836	60	1.16	4294
2837	57	1.64	4296
2838	56	1.23	4297
2839	58	1.65	4299
2840	61	1.73	4301
2841	62	2.70	4303
2842	65	0.86	4304
2843	67	2.63	4307
2844	65	2.01	4309
2845	66	2.74	4312
2846	67	0.24	4312
2847	68	2.87	4315
2848	65	0.30	4315
2849	67	1.59	4317
2850	65	1.51	4318
2851	65	1.28	4319
2852	65	0.68	4320
2853	62	1.89	4322
2854	65	2.81	4325
2855	67	2.67	4327
2856	65	0.63	4328
2857	63	0.17	4328
2858	62	1.97	4330
2859	63	1.60	4332
2860	65	2.14	4334
2861	63	1.60	4336
2862	60	2.47	4338
2863	57	2.52	4341
2864	59	2.26	4343
2865	57	1.70	4344
2866	54	1.62	4346
2867	51	2.67	4349
2868	53	1.62	4350
2869	50	2.96	4353
2870	50	1.62	4355
2871	50	2.90	4358
2872	50	1.68	4360
2873	50	0.38	4360
2874	53	1.27	4361
2875	51	1.41	4363
2876	51	2.98	4366
2877	52	0.57	4366
2878	54	2.79	4369
2879	57	0.30	4369
2880	54	0.43	4370
2881	52	2.01	4372
2882	52	1.45	4373
2883	51	0.48	4374
2884	54	2.69	4376
2885	54	2.32	4379
2886	52	1.97	4381
2887	54	0.90	4382
2888	55	1.37	4383
2889	52	1.75	4385
2890	50	2.35	4387
2891	52	2.45	4389
2892	54	2.48	4392
2893	55	2.69	4395
2894	54	2.26	4397
2895	56	2.07	4399
2896	54	2.52	4401
2897	55	1.14	4403
2898	57	0.66	4403
2899	60	2.00	4405
2900	61	1.09	4406
2901	60	1.16	4407
2902	58	0.37	4408
2903	61	0.50	4408
2904	64	1.02	4409
2905	63	2.52	4412
2906	60	1.18	4413
2907	62	1.19	4414
2908	59	1.75	4416
2909	59	1.73	4418
2910	58	2.29	4420
2911	56	1.21	4421
2912	55	2.43	4424
2913	54	0.39	4424
2914	55	1.97	4426
2915	58	2.56	4429
2916	61	1.87	4430
2917	63	2.45	4433
2918	66	1.62	4435
2919	67	0.90	4435
2920	65	2.55	4438
2921	63	1.78	4440
2922	60	1.91	4442
2923	58	0.35	4442
2924	56	2.59	4445
2925	54	2.60	4447
2926	54	0.40	4448
2927	51	2.83	4450
2928	52	0.04	4451
2929	50	2.70	4453
2930	50	1.17	4454
2931	50	1.71	4456
2932	50	0.59	4457
2933	50	2.25	4459
2934	50	0.55	4459
2935	50	0.23	4460
2936	50	1.23	4461
2937	50	0.60	4462
2938	51	2.05	4464
2939	50	0.28	4464
2940	52	0.61	4464
2941	51	1.05	4466
2942	54	1.76	4467
2943	52	0.77	4468
2944	52	0.53	4469
2945	52	2.23	4471
2946	55	2.97	4474
2947	54	0.69	4474
2948	57	1.33	4476
2949	59	2.09	4478
2950	62	2.91	4481
2951	64	0.52	4481
2952	63	2.01	4483
2953	64	2.88	4486
2954	66	1.75	4488
2955	63	2.00	4490
2956	66	2.74	4493
2957	69	2.44	4495
2958	72	2.46	4498
2959	69	2.01	4500
2960	70	0.46	4500
2961	69	2.10	4502
2962	66	2.95	4505
2963	64	2.50	4508
2964	61	2.08	4510
2965	61	1.60	4511
2966	62	2.28	4514
2967	65	2.42	4516
2968	64	0.15	4516
2969	61	2.91	4519
2970	63	0.79	4520
2971	62	1.40	4521
2972	64	1.75	4523
2973	62	2.87	4526
2974	65	2.65	4528
2975	62	0.69	4529
2976	65	2.99	4532
2977	68	2.15	4534
2978	67	2.52	4537
2979	68	0.15	4537
2980	70	1.08	4538
2981	69	1.22	4539
2982	69	0.65	4540
2983	68	0.85	4541
2984	66	0.73	4542
2985	64	2.83	4544
2986	63	0.99	4545
2987	60	1.87	4547
2988	59	2.48	4550
2989	60	0.60	4550
2990	60	1.99	4552
2991	60	0.89	4553
2992	60	0.58	4554
2993	59	0.16	4554
2994	57	1.11	4555
2995	60	1.03	4556
2996	58	1.31	4557
2997	56	2.57	4560
2998	54	1.80	4562
2999	51	0.21	4562
3000	50	0.08	4562
3001	50	2.55	4565
3002	50	2.47	4567
3003	50	0.79	4568
3004	52	2.80	4571
3005	51	0.25	4571
3006	50	2.41	4573
3007	50	1.06	4574
3008	51	2.51	4577
3009	53	1.36	4578
3010	56	0.48	4579
3011	53	0.74	4579
3012	56	2.49	4582
3013	56	2.87	4585
3014	53	1.15	4586
3015	56	2.88	4589
3016	58	2.14	4591
3017	60	0.46	4591
3018	60	0.19	4592
3019	62	1.21	4593
3020	61	1.30	4594
3021	62	0.04	4594
3022	59	2.60	4597
3023	56	1.88	4599
3024	55	2.82	4602
3025	56	2.90	4604
3026	53	2.53	4607
3027	56	2.79	4610
3028	54	2.17	4612
3029	54	2.91	4615
3030	52	0.88	4616
3031	51	0.34	4616
3032	54	1.70	4618
3033	56	2.62	4620
3034	59	0.91	4621
3035	57	1.47	4623
3036	57	2.78	4626
3037	55	0.60	4626
3038	57	2.04	4628
3039	58	0.86	4629
3040	58	0.17	4629
3041	55	1.75	4631
3042	55	1.46	4632
3043	58	0.89	4633
3044	58	2.24	4636
3045	57	1.93	4637
3046	58	2.24	4640
3047	57	0.52	4640
3048	60	1.62	4642
3049	62	1.00	4643
3050	64	2.45	4645
3051	67	1.11	4646
3052	68	2.08	4648
3053	65	1.04	4650
3054	68	0.51	4650
3055	66	2.86	4653
3056	65	1.26	4654
3057	62	1.96	4656
3058	65	2.29	4658
3059	63	2.04	4660
3060	64	2.07	4663
3061	67	0.49	4663
3062	65	0.90	4664
3063	62	1.17	4665
3064	61	1.79	4667
3065	64	0.63	4667
3066	61	2.31	4670
3067	61	1.96	4672
3068	63	2.30	4674
3069	66	2.90	4677
3070	68	0.92	4678
3071	65	2.77	4681
3072	64	1.76	4682
3073	67	1.73	4684
3074	70	2.56	4687
3075	68	2.35	4689
3076	66	2.32	4691
3077	65	2.16	4694
3078	62	2.03	4696
3079	65	1.82	4697
3080	62	0.71	4698
3081	61	2.51	4701
3082	60	0.41	4701
3083	61	1.81	4703
3084	61	2.44	4705
3085	60	2.80	4708
3086	60	2.22	4710
3087	60	1.87	4712
3088	60	0.62	4713
3089	61	0.91	4714
3090	62	0.90	4715
3091	63	1.60	4716
3092	60	1.57	4718
3093	61	2.44	4720
3094	60	2.70	4723
3095	57	2.07	4725
3096	59	1.66	4727
3097	61	2.77	4729
3098	59	0.72	4730
3099	56	0.44	4731
3100	55	0.43	4731
3101	55	1.51	4732
3102	57	1.95	4734
3103	55	2.79	4737
3104	53	0.76	4738
3105	52	0.34	4738
3106	55	0.35	4739
3107	57	0.99	4740
3108	58	0.99	4741
3109	55	2.60	4743
3110	53	1.57	4745
3111	51	0.74	4746
3112	50	2.82	4748
3113	50	0.19	4749
3114	53	1.78	4750
3115	51	0.19	4751
3116	50	0.45	4751
3117	50	1.00	4752
3118	50	2.13	4754
3119	51	2.50	4757
3120	50	1.88	4759
3121	50	1.47	4760
3122	50	1.91	4762
3123	52	2.67	4765
3124	50	1.71	4766
3125	50	1.91	4768
3126	50	1.60	4770
3127	51	2.62	4772
3128	50	1.78	4774
3129	53	2.41	4777
3130	51	0.13	4777
3131	54	1.71	4778
3132	53	2.64	4781
3133	52	2.25	4783
3134	54	0.73	4784
3135	57	2.56	4787
3136	59	2.48	4789
3137	57	0.56	4790
3138	55	2.92	4793
3139	52	1.71	4794
3140	54	1.67	4796
3141	56	2.02	4798
3142	59	1.16	4799
3143	60	1.88	4801
3144	58	2.75	4804
3145	55	0.76	4805
3146	58	2.23	4807
3147	61	1.37	4808
3148	64	0.59	4809
3149	64	1.19	4810
3150	66	0.51	4810
3151	65	2.33	4813
3152	64	2.63	4815
3153	64	0.43	4816
3154	63	0.48	4816
3155	66	2.85	4819
3156	65	0.86	4820
3157	68	1.96	4822
3158	68	1.01	4823
3159	68	2.72	4826
3160	69	1.76	4827
3161	67	0.81	4828
3162	67	0.58	4829
3163	66	0.19	4829
3164	65	2.58	4832
3165	67	0.18	4832
3166	68	0.66	4832
3167	71	0.05	4832
3168	73	1.14	4834
3169	72	2.82	4836
3170	75	1.53	4838
3171	76	0.99	4839
3172	77	2.86	4842
3173	75	1.56	4843
3174	74	2.77	4846
3175	74	2.70	4849
3176	75	2.82	4852
3177	74	1.36	4853
3178	74	2.88	4856
3179	72	0.22	4856
3180	70	1.00	4857
3181	67	2.57	4860
3182	70	0.37	4860
3183	72	1.21	4861
3184	69	0.34	4862
3185	70	2.57	4864
3186	70	1.68	4866
3187	68	2.61	4868
3188	67	1.44	4870
3189	69	1.16	4871
3190	68	0.98	4872
3191	66	1.35	4873
3192	64	2.51	4876
3193	62	0.60	4877
3194	64	2.69	4879
3195	64	0.28	4880
3196	65	1.62	4881
3197	67	1.08	4882
3198	69	2.53	4885
3199	68	0.77	4886
3200	69	1.94	4887
3201	70	2.32	4890
3202	68	1.36	4891
3203	69	2.33	4893
3204	66	0.30	4894
3205	68	1.60	4895
3206	68	0.91	4896
3207	71	2.87	4899
3208	69	2.36	4902
3209	66	2.94	4904
3210	69	1.65	4906
3211	70	1.29	4907
3212	71	0.76	4908
3213	72	0.05	4908
3214	73	1.36	4910
3215	71	2.70	4912
3216	70	1.05	4913
3217	73	0.43	4914
3218	72	0.26	4914
3219	70	0.80	4915
3220	73	0.85	4916
3221	73	1.41	4917
3222	72	0.91	4918
3223	71	1.91	4920
3224	69	2.04	4922
3225	71	0.83	4923
3226	74	2.14	4925
3227	75	0.31	4925
3228	73	0.63	4926
3229	73	2.08	4928
3230	73	1.36	4929
3231	72	1.09	4930
3232	71	1.30	4932
3233	73	1.53	4933
3234	76	2.45	4936
3235	77	1.58	4937
3236	75	0.51	4938
3237	76	0.18	4938
3238	79	1.55	4939
3239	76	1.25	4941
3240	77	2.31	4943
3241	77	0.82	4944
3242	80	1.61	4945
3243	81	2.82	4948
3244	80	2.83	4951
3245	77	0.58	4952
3246	75	1.11	4953
3247	75	2.30	4955
3248	72	1.53	4957
3249	69	0.41	4957
3250	71	2.40	4959
3251	69	1.35	4961
3252	72	2.00	4963
3253	73	0.27	4963
3254	76	2.11	4965
3255	73	2.78	4968
3256	72	1.78	4970
3257	70	2.86	4973
3258	69	0.54	4973
3259	67	0.23	4973
3260	64	2.47	4976
3261	62	0.73	4977
3262	60	2.37	4979
3263	62	1.02	4980
3264	61	0.13	4980
3265	64	1.36	4981
3266	65	0.88	4982
3267	63	2.59	4985
3268	61	1.87	4987
3269	64	0.96	4988
3270	65	1.45	4989
3271	67	0.11	4989
3272	65	0.46	4990
3273	64	1.97	4992
3274	63	0.76	4992
3275	63	2.54	4995
3276	60	2.38	4997
3277	59	2.73	5000
3278	59	0.68	5001
3279	58	0.38	5001
3280	58	2.89	5004
3281	58	2.65	5007
3282	57	1.72	5008
3283	57	2.62	5011
3284	59	0.91	5012
3285	58	0.91	5013
3286	56	1.89	5015
3287	54	0.34	5015
3288	57	2.43	5018
3289	57	1.28	5019
3290	55	0.85	5020
3291	56	2.99	5023
3292	57	2.55	5025
3293	54	0.33	5026
3294	57	1.70	5027
3295	56	0.00	5027
3296	59	1.66	5029
3297	59	1.66	5031
3298	56	1.14	5032
3299	58	1.13	5033
3300	58	0.35	5033
3301	56	0.35	5034
3302	54	0.59	5034
3303	55	1.98	5036
3304	57	0.07	5036
3305	60	0.15	5036
3306	57	2.32	5039
3307	55	2.09	5041
3308	58	0.54	5041
3309	57	2.28	5044
3310	54	0.34	5044
3311	55	0.78	5045
3312	56	0.34	5045
3313	53	0.77	5046
3314	56	2.81	5049
3315	56	2.61	5051
3316	59	0.57	5052
3317	58	2.81	5055
3318	56	1.28	5056
3319	58	1.85	5058
3320	61	2.43	5060
3321	58	0.38	5061
3322	55	0.04	5061
3323	58	1.48	5062
3324	56	0.18	5062
3325	55	1.34	5064
3326	54	1.64	5065
3327	52	0.23	5065
3328	53	0.49	5066
3329	56	0.01	5066
