1	132	2.95	3
2	135	0.93	4
3	134	1.44	5
4	133	1.44	7
5	136	1.06	8
6	133	0.28	8
7	136	1.86	10
8	133	2.80	13
9	134	0.44	13
10	134	0.98	14
11	136	2.47	17
12	133	2.43	19
13	133	2.21	21
14	136	1.64	23
15	135	0.81	24
16	132	0.27	24
17	132	0.12	24
18	135	0.34	24
19	138	1.05	26
20	139	0.68	26
21	141	2.40	29
22	144	1.19	30
23	141	0.31	30
24	138	0.66	31
25	140	2.72	33
26	141	0.58	34
27	143	0.89	35
28	146	0.50	35
29	147	0.94	36
30	146	2.61	39
31	145	1.00	40
32	148	1.00	41
33	150	2.58	44
34	152	1.51	45
35	150	2.61	48
36	152	2.04	50
37	151	2.78	52
38	149	1.21	54
39	151	1.10	55
40	150	2.65	57
41	147	2.91	60
42	144	2.81	63
43	144	0.48	64
44	145	2.19	66
45	147	0.89	67
46	148	2.83	70
47	145	0.09	70
48	146	0.62	70
49	144	0.34	71
50	145	2.25	73
51	145	1.08	74
52	147	0.62	75
53	146	1.32	76
54	145	1.27	77
55	148	2.14	79
56	145	2.97	82
57	144	2.49	85
58	141	1.10	86
59	141	0.23	86
60	138	1.40	87
61	136	0.76	88
62	138	0.65	89
63	138	0.00	89
64	139	2.66	92
65	137	0.79	92
66	139	1.22	94
67	138	2.19	96
68	136	2.75	98
69	136	0.78	99
70	135	1.54	101
71	135	1.27	102
72	134	1.00	103
73	137	0.51	104
74	138	0.76	104
75	139	2.93	107
76	137	2.92	110
77	136	2.70	113
78	133	0.20	113
79	131	3.00	116
80	133	1.62	118
81	135	0.99	119
82	132	1.20	120
83	130	0.94	121
84	128	2.52	123
85	130	0.84	124
86	130	1.15	125
87	133	0.12	125
88	130	1.06	127
89	131	1.32	128
90	131	2.97	131
91	133	0.39	131
92	132	0.38	132
93	130	2.05	134
94	133	0.56	134
95	136	2.69	137
96	136	0.98	138
97	135	0.19	138
98	134	2.11	140
99	131	1.74	142
100	131	2.81	145
101	133	2.75	147
102	131	2.85	150
103	134	2.17	152
104	131	1.53	154
105	130	0.59	155
106	129	0.49	155
107	130	2.54	158
108	133	0.10	158
109	130	1.62	159
110	131	2.05	161
111	131	1.51	163
112	130	2.93	166
113	127	2.69	169
114	124	0.66	169
115	127	2.03	171
116	130	2.41	174
117	128	0.91	175
118	127	2.16	177
119	125	0.71	177
120	124	2.84	180
121	127	1.48	182
122	127	2.71	184
123	126	2.22	187
124	125	2.14	189
125	122	2.20	191
126	124	0.87	192
127	124	1.82	194
128	123	0.36	194
129	122	2.01	196
130	121	0.15	196
131	119	2.96	199
132	116	0.42	200
133	119	1.40	201
134	117	2.70	204
135	117	0.85	205
136	114	1.52	206
137	111	1.80	208
138	110	0.28	208
139	109	1.71	210
140	109	0.34	210
141	106	2.39	213
142	108	2.84	215
143	108	2.74	218
144	109	1.82	220
145	111	2.44	222
146	114	1.74	224
147	114	1.85	226
148	115	1.75	228
149	112	0.84	229
150	111	0.73	229
151	112	1.04	230
152	109	1.12	231
153	110	2.59	234
154	110	2.53	237
155	111	1.38	238
156	110	2.12	240
157	113	0.87	241
158	111	1.37	242
159	112	1.88	244
160	114	2.13	246
161	113	2.45	249
162	110	2.23	251
163	112	1.31	252
164	115	2.00	254
165	112	1.96	256
166	114	0.03	256
167	112	1.64	258
168	114	2.97	261
169	112	1.25	262
170	115	2.52	265
171	113	2.05	267
172	115	0.14	267
173	115	1.58	268
174	113	0.22	269
175	110	2.19	271
176	107	1.19	272
177	109	2.68	275
178	107	2.47	277
179	109	0.16	277
180	112	2.74	280
181	112	0.48	281
182	112	2.14	283
183	112	2.59	285
184	109	1.22	287
185	112	2.88	289
186	114	0.70	290
187	114	1.17	291
188	113	2.72	294
189	114	1.36	295
190	117	1.26	297
191	117	0.36	297
192	115	1.83	299
193	113	1.93	301
194	111	1.89	303
195	108	0.38	303
196	110	0.26	303
197	112	1.64	305
198	114	1.59	307
199	112	1.41	308
200	109	1.88	310
201	109	0.11	310
202	107	0.74	311
203	106	2.08	313
204	106	1.36	314
205	109	0.52	315
206	110	0.02	315
207	110	2.62	317
208	107	0.36	318
209	107	2.70	320
210	106	2.39	323
211	108	1.04	324
212	108	1.80	326
213	107	1.19	327
214	108	2.28	329
215	109	2.44	331
216	109	2.25	334
217	110	0.68	334
218	110	0.16	335
219	108	0.47	335
220	111	0.95	336
221	111	2.77	339
222	114	0.52	339
223	112	2.38	342
224	109	1.28	343
225	111	0.39	343
226	113	2.90	346
227	110	2.42	349
228	113	1.94	351
229	111	0.12	351
230	108	1.64	352
231	109	1.51	354
232	108	2.25	356
233	107	0.64	357
234	104	1.81	359
235	102	1.61	360
236	100	1.70	362
237	97	0.90	363
238	96	2.16	365
239	96	2.47	367
240	95	1.06	368
241	97	1.16	370
242	96	1.49	371
243	97	0.04	371
244	96	0.65	372
245	96	0.05	372
246	95	2.31	374
247	95	0.56	375
248	96	2.63	377
249	94	2.64	380
250	96	0.38	380
251	96	1.50	382
252	99	0.58	382
253	98	1.92	384
254	95	2.72	387
255	94	0.98	388
256	92	2.96	391
257	92	1.96	393
258	90	1.57	395
259	89	1.33	396
260	92	2.57	398
261	93	1.73	400
262	94	0.98	401
263	96	0.82	402
264	99	1.41	403
265	100	2.84	406
266	100	1.63	408
267	101	0.77	409
268	102	2.94	412
269	102	0.18	412
270	104	0.72	412
271	102	0.46	413
272	100	0.14	413
273	101	2.45	415
274	104	0.47	416
275	101	1.41	417
276	98	2.53	420
277	100	2.08	422
278	103	1.71	424
279	106	1.94	426
280	107	1.66	427
281	104	0.46	428
282	103	2.13	430
283	101	2.80	433
284	102	1.24	434
285	104	0.93	435
286	106	0.15	435
287	107	1.32	436
288	107	2.05	438
289	110	0.59	439
290	111	2.36	441
291	113	0.22	442
292	116	2.25	444
293	114	1.68	445
294	111	2.37	448
295	113	0.43	448
296	113	1.30	450
297	115	2.64	452
298	118	1.41	454
299	120	0.94	455
300	117	2.19	457
301	120	1.08	458
302	119	2.51	460
303	116	1.63	462
304	116	0.16	462
305	114	0.09	462
306	117	1.24	463
307	114	2.70	466
308	113	0.85	467
309	115	2.54	470
310	117	0.93	470
311	117	1.02	471
312	117	0.27	472
313	119	1.15	473
314	121	2.32	475
315	120	0.70	476
316	120	0.86	477
317	123	1.62	478
318	123	0.32	479
319	120	0.48	479
320	121	0.87	480
321	123	0.76	481
322	123	0.94	482
323	123	2.10	484
324	126	1.01	485
325	128	1.72	487
326	127	2.83	489
327	124	2.19	492
328	124	2.76	494
329	124	1.88	496
330	125	0.01	496
331	123	1.65	498
332	125	0.23	498
333	128	1.71	500
334	131	0.50	500
335	129	1.72	502
336	130	1.42	503
337	129	1.34	505
338	126	0.78	506
339	128	0.74	506
340	129	2.80	509
341	126	2.28	511
342	125	1.75	513
343	128	0.51	514
344	125	1.04	515
345	125	0.40	515
346	124	0.94	516
347	124	2.84	519
348	123	0.41	519
349	126	0.52	520
350	128	1.46	521
351	131	0.67	522
352	130	1.18	523
353	128	0.40	524
354	129	2.28	526
355	130	2.24	528
356	128	1.71	530
357	129	2.51	532
358	128	0.41	533
359	131	0.80	533
360	128	2.43	536
361	129	0.13	536
362	131	0.62	537
363	134	2.22	539
364	134	1.48	540
365	136	2.12	542
366	135	0.75	543
367	133	2.82	546
368	135	2.41	548
369	132	2.44	551
370	134	2.77	554
371	136	2.19	556
372	138	2.67	559
373	136	1.60	560
374	138	0.18	560
375	141	1.63	562
376	141	1.95	564
377	144	2.68	567
378	142	1.95	568
379	143	0.82	569
380	140	1.04	570
381	137	2.89	573
382	135	2.02	575
383	135	0.33	576
384	134	2.23	578
385	136	0.95	579
386	135	0.25	579
387	135	1.29	580
388	134	1.60	582
389	133	1.58	584
390	135	2.34	586
391	133	1.96	588
392	132	2.33	590
393	129	2.63	593
394	127	1.45	594
395	128	1.30	596
396	127	1.93	597
397	125	1.47	599
398	124	1.98	601
399	124	0.57	601
400	122	2.57	604
401	119	0.30	604
402	116	0.83	605
403	118	2.15	607
404	118	0.60	608
405	118	0.34	608
406	118	2.93	611
407	119	1.90	613
408	121	2.24	615
409	123	1.78	617
410	122	0.75	618
411	122	2.88	621
412	119	0.00	621
413	117	0.12	621
414	119	2.62	623
415	118	0.58	624
416	115	1.17	625
417	118	2.46	628
418	119	2.37	630
419	116	1.45	632
420	118	1.50	633
421	117	2.08	635
422	120	2.06	637
423	119	1.11	638
424	119	0.07	638
425	121	0.89	639
426	118	2.86	642
427	115	1.59	644
428	112	2.90	647
429	110	1.79	648
430	109	0.78	649
431	112	2.40	652
432	113	0.21	652
433	113	1.16	653
434	116	0.84	654
435	116	2.82	657
436	119	1.04	658
437	116	2.19	660
438	115	1.01	661
439	113	0.14	661
440	111	1.05	662
441	109	0.83	663
442	109	2.22	665
443	107	1.51	667
444	109	2.20	669
445	111	1.52	670
446	111	1.26	672
447	108	0.93	672
448	107	2.92	675
449	107	2.36	678
450	105	2.25	680
451	108	1.58	682
452	107	2.79	684
453	110	0.73	685
454	113	1.34	686
455	116	2.33	689
456	118	1.92	691
457	116	1.28	692
458	113	0.16	692
459	116	1.50	694
460	114	2.72	696
461	114	2.50	699
462	113	0.39	699
463	110	0.53	700
464	113	0.11	700
465	113	2.69	703
466	115	2.37	705
467	116	2.87	708
468	117	2.85	711
469	116	1.00	712
470	114	2.38	714
471	117	0.62	715
472	120	2.08	717
473	123	2.76	720
474	121	1.12	721
475	121	2.11	723
476	123	2.82	726
477	122	1.51	727
478	119	0.96	728
479	121	2.16	730
480	123	2.66	733
481	125	1.12	734
482	122	2.18	736
483	123	2.16	738
484	120	2.03	740
485	122	0.70	741
486	121	2.30	743
487	119	0.42	744
488	120	1.41	745
489	117	1.95	747
490	117	0.55	748
491	117	1.36	749
492	120	0.29	749
493	121	0.17	749
494	123	0.82	750
495	124	1.63	752
496	125	2.62	755
497	122	0.23	755
498	119	0.81	756
499	119	2.38	758
500	119	1.72	760
501	121	2.26	762
502	119	2.15	764
503	121	2.48	767
504	121	1.67	768
505	124	1.40	770
506	127	1.75	771
507	125	0.69	772
508	124	0.99	773
509	127	0.08	773
510	128	0.04	773
511	129	0.58	774
512	127	2.06	776
513	125	0.99	777
514	127	0.29	777
515	127	1.37	779
516	129	1.21	780
517	131	1.98	782
518	133	0.41	782
519	134	0.14	782
520	134	1.72	784
521	134	1.06	785
522	135	2.34	787
523	135	1.30	789
524	132	0.90	790
525	130	0.52	790
526	127	1.93	792
527	130	2.62	795
528	133	0.36	795
529	134	1.64	797
530	134	1.01	798
531	132	2.65	800
532	130	0.46	801
533	131	2.00	803
534	128	2.92	806
535	125	1.06	807
536	128	2.43	809
537	129	2.23	811
538	132	0.39	812
539	135	0.08	812
540	136	0.59	812
541	139	2.69	815
542	137	1.07	816
543	137	1.91	818
544	138	0.46	819
545	141	2.44	821
546	144	0.53	822
547	146	0.01	822
548	145	0.72	822
549	145	2.39	825
550	144	1.48	826
551	147	0.83	827
552	145	0.16	827
553	147	0.51	828
554	149	2.04	830
555	149	0.48	830
556	150	0.75	831
557	149	0.37	831
558	152	2.27	834
559	154	1.88	835
560	157	1.75	837
561	159	1.07	838
562	158	1.83	840
563	159	2.34	842
564	162	2.01	844
565	165	0.59	845
566	167	2.14	847
567	169	2.61	850
568	167	2.86	853
569	169	2.55	855
570	167	1.47	857
571	166	1.93	859
572	168	0.07	859
573	169	1.66	860
574	168	0.43	861
575	166	1.20	862
576	167	1.83	864
577	167	0.08	864
578	167	1.44	865
579	167	1.64	867
580	167	2.77	870
581	166	0.08	870
582	164	2.86	873
583	166	2.92	876
584	169	2.30	878
585	169	0.52	878
586	167	0.65	879
587	170	1.02	880
588	169	2.18	882
589	171	0.49	883
590	171	1.97	885
591	171	0.51	885
592	173	2.55	888
593	173	1.21	889
594	171	1.71	891
595	173	1.57	892
596	173	0.34	893
597	171	2.01	895
598	173	2.46	897
599	171	0.23	897
600	169	1.51	899
601	167	0.30	899
602	170	1.61	901
603	168	2.07	903
604	171	2.94	906
605	168	2.33	908
606	169	2.81	911
607	172	1.30	912
608	171	1.70	914
609	168	2.50	916
610	168	1.92	918
611	168	2.71	921
612	168	2.72	924
613	171	1.40	925
614	174	2.93	928
615	174	1.78	930
616	172	1.43	931
617	170	0.69	932
618	170	0.72	933
619	169	1.89	935
620	168	2.52	937
621	171	1.90	939
622	168	0.86	940
623	167	1.89	942
624	167	1.91	944
625	166	2.57	946
626	166	2.29	948
627	163	1.88	950
628	166	1.77	952
629	167	0.48	953
630	168	0.12	953
631	167	2.12	955
632	169	1.60	956
633	167	0.66	957
634	166	0.49	958
635	166	0.71	958
636	164	2.79	961
637	167	0.14	961
638	164	0.57	962
639	161	2.41	964
640	162	1.55	966
641	165	1.32	967
642	163	2.82	970
643	162	0.12	970
644	161	0.49	971
645	160	0.99	972
646	158	1.82	973
647	161	0.47	974
648	161	0.81	975
649	159	1.66	976
650	158	2.95	979
651	157	2.15	981
652	159	1.59	983
653	161	2.49	985
654	158	0.78	986
655	155	2.75	989
656	154	0.90	990
657	153	2.08	992
658	150	1.09	993
659	150	1.83	995
660	151	0.80	996
661	150	0.48	996
662	147	1.68	998
663	144	0.88	999
664	142	2.02	1001
665	139	0.75	1001
666	138	1.00	1002
667	137	2.09	1005
668	136	0.02	1005
669	136	1.52	1006
670	133	0.78	1007
671	131	1.30	1008
672	130	0.46	1009
673	127	1.95	1011
674	126	1.73	1012
675	125	2.20	1015
676	122	1.11	1016
677	125	1.24	1017
678	128	1.15	1018
679	126	1.51	1020
680	125	1.23	1021
681	125	2.14	1023
682	125	0.71	1024
683	128	1.47	1025
684	126	2.07	1027
685	124	2.92	1030
686	127	2.99	1033
687	124	0.56	1034
688	122	2.49	1036
689	119	2.29	1038
690	118	0.32	1039
691	116	1.93	1041
692	118	1.50	1042
693	115	1.13	1043
694	116	1.29	1045
695	113	1.33	1046
696	115	0.48	1046
697	114	1.30	1048
698	116	0.59	1048
699	114	0.23	1049
700	111	1.91	1050
701	111	1.89	1052
702	112	0.42	1053
703	110	2.38	1055
704	113	0.44	1056
705	112	2.84	1058
706	114	1.72	1060
707	114	0.20	1060
708	114	0.53	1061
709	111	0.40	1061
710	110	0.27	1062
711	111	1.96	1064
712	112	2.98	1066
713	112	0.78	1067
714	110	2.62	1070
715	112	2.89	1073
716	114	1.46	1074
717	115	2.73	1077
718	113	0.40	1077
719	112	0.77	1078
720	112	2.68	1081
721	113	1.59	1082
722	111	0.49	1083
723	109	0.97	1084
724	108	0.02	1084
725	109	1.26	1085
726	108	1.62	1087
727	107	0.22	1087
728	109	2.23	1089
729	109	1.83	1091
730	108	0.77	1092
731	110	2.82	1095
732	109	1.21	1096
733	112	1.59	1097
734	110	2.48	1100
735	107	0.09	1100
736	109	0.85	1101
737	107	1.32	1102
738	105	1.06	1103
739	103	0.18	1103
740	102	2.22	1106
741	103	1.03	1107
742	103	0.22	1107
743	106	0.80	1108
744	107	2.74	1110
745	108	2.64	1113
746	110	0.42	1113
747	109	2.72	1116
748	109	1.38	1118
749	111	2.00	1120
750	111	1.63	1121
751	110	0.80	1122
752	109	2.53	1125
753	109	2.47	1127
754	107	1.22	1128
755	108	0.00	1128
756	109	2.21	1130
757	106	0.85	1131
758	107	2.66	1134
759	109	1.89	1136
760	111	2.87	1139
761	111	1.89	1141
762	112	1.19	1142
763	113	0.85	1143
764	114	0.17	1143
765	113	0.84	1144
766	116	0.83	1144
767	114	2.30	1147
768	111	0.39	1147
769	108	1.47	1149
770	108	0.94	1150
771	106	2.90	1152
772	107	1.37	1154
773	105	0.12	1154
774	105	2.86	1157
775	107	1.13	1158
776	110	1.79	1160
777	108	1.91	1162
778	107	1.44	1163
779	108	2.73	1166
780	109	0.69	1167
781	110	0.62	1167
782	110	2.73	1170
783	112	1.70	1172
784	112	1.35	1173
785	110	2.57	1175
786	108	2.64	1178
787	105	2.69	1181
788	106	1.14	1182
789	105	2.19	1184
790	107	2.56	1187
791	110	2.74	1189
792	108	0.43	1190
793	110	0.85	1191
794	108	1.42	1192
795	107	0.77	1193
796	110	0.72	1194
797	108	0.97	1195
798	109	1.17	1196
799	112	2.64	1198
800	112	1.78	1200
801	114	1.20	1201
802	113	2.55	1204
803	115	1.50	1205
804	114	0.67	1206
805	115	0.88	1207
806	117	1.23	1208
807	118	1.54	1210
808	119	1.41	1211
809	119	2.36	1214
810	117	1.03	1215
811	118	2.12	1217
812	120	2.34	1219
813	120	1.32	1220
814	117	1.87	1222
815	115	0.45	1223
816	115	2.56	1225
817	116	2.82	1228
818	113	1.05	1229
819	113	2.62	1232
820	114	2.95	1235
821	113	0.47	1235
822	111	0.44	1236
823	108	1.05	1237
824	106	2.47	1239
825	108	1.00	1240
826	109	1.97	1242
827	110	2.90	1245
828	107	0.70	1246
829	104	1.47	1247
830	102	1.06	1248
831	99	1.14	1249
832	99	2.82	1252
833	98	0.71	1253
834	97	2.81	1256
835	99	1.18	1257
836	96	2.38	1259
837	97	1.13	1260
838	95	0.86	1261
839	93	1.60	1263
840	95	0.15	1263
841	98	2.72	1266
842	95	0.71	1266
843	93	0.62	1267
844	94	0.80	1268
845	96	0.32	1268
846	97	2.97	1271
847	95	2.08	1273
848	93	1.08	1274
849	92	0.03	1274
850	89	2.91	1277
851	91	2.07	1279
852	89	1.93	1281
853	88	1.96	1283
854	89	0.79	1284
855	89	0.35	1284
856	92	1.23	1286
857	89	1.60	1287
858	89	1.63	1289
859	91	1.59	1290
860	93	2.96	1293
861	90	2.72	1296
862	87	0.72	1297
863	90	0.72	1298
864	93	1.63	1299
865	92	1.07	1300
866	89	1.57	1302
867	88	2.63	1304
868	89	0.72	1305
869	86	0.15	1305
870	86	2.51	1308
871	83	2.51	1310
872	80	2.51	1313
873	79	1.42	1314
874	80	2.60	1317
875	82	0.23	1317
876	79	1.79	1319
877	77	0.75	1320
878	78	0.23	1320
879	81	2.24	1322
880	81	0.56	1323
881	83	0.07	1323
882	86	2.57	1325
883	84	1.06	1326
884	84	0.65	1327
885	85	0.34	1327
886	83	1.13	1328
887	80	2.65	1331
888	81	1.11	1332
889	80	2.84	1335
890	79	0.81	1336
891	79	2.65	1339
892	80	0.56	1339
893	83	1.68	1341
894	82	0.63	1341
895	83	1.92	1343
896	81	2.66	1346
897	81	2.67	1349
898	79	0.72	1349
899	82	2.82	1352
900	84	0.90	1353
901	82	1.19	1354
902	83	0.55	1355
903	85	0.18	1355
904	88	1.25	1356
905	86	1.76	1358
906	88	0.34	1358
907	87	0.53	1359
908	88	1.24	1360
909	89	0.48	1361
910	88	2.25	1363
911	88	0.12	1363
912	88	0.86	1364
913	91	0.73	1365
914	93	0.77	1365
915	94	2.11	1367
916	93	2.59	1370
917	94	0.48	1370
918	95	2.18	1373
919	93	0.19	1373
920	93	2.25	1375
921	91	2.83	1378
922	93	2.71	1381
923	90	1.35	1382
924	88	2.96	1385
925	86	1.65	1387
926	89	2.85	1389
927	90	0.06	1390
928	88	2.29	1392
929	87	1.40	1393
930	85	1.74	1395
931	83	2.90	1398
932	85	1.04	1399
933	83	0.48	1399
934	86	2.23	1402
935	88	1.19	1403
936	89	2.32	1405
937	89	2.08	1407
938	86	1.74	1409
939	83	1.69	1411
940	86	2.79	1413
941	84	0.75	1414
942	87	2.33	1416
943	86	1.80	1418
944	88	2.14	1420
945	90	0.41	1421
946	88	2.39	1423
947	85	0.74	1424
948	84	2.97	1427
949	85	2.58	1430
950	85	0.99	1430
951	84	0.99	1431
952	81	0.81	1432
953	78	1.93	1434
954	78	1.09	1435
955	78	1.47	1437
956	79	2.75	1440
957	77	0.59	1440
958	78	2.89	1443
959	77	3.00	1446
960	79	1.59	1448
961	79	0.42	1448
962	82	0.25	1448
963	83	0.55	1449
964	80	2.39	1451
965	78	2.14	1453
966	80	2.45	1456
967	77	0.53	1456
968	79	1.38	1458
969	81	1.95	1460
970	83	0.68	1460
971	83	2.74	1463
972	85	2.72	1466
973	86	2.99	1469
974	85	2.41	1471
975	87	1.89	1473
976	84	0.40	1473
977	86	1.80	1475
978	84	0.57	1476
979	86	2.50	1478
980	89	2.07	1480
981	88	1.14	1482
982	86	0.39	1482
983	89	2.43	1484
984	88	2.83	1487
985	86	0.45	1488
986	85	1.07	1489
987	85	0.17	1489
988	84	1.81	1491
989	85	1.44	1492
990	88	2.80	1495
991	91	1.92	1497
992	91	1.44	1498
993	93	0.82	1499
994	92	0.13	1499
995	90	1.43	1501
996	92	1.20	1502
997	89	1.49	1503
998	91	0.67	1504
999	90	1.05	1505
1000	92	2.73	1508
1001	91	0.49	1508
1002	93	2.77	1511
1003	94	1.66	1513
1004	94	2.21	1515
1005	97	2.37	1517
1006	98	0.30	1518
1007	97	2.12	1520
1008	98	2.03	1522
1009	97	0.84	1523
1010	100	2.73	1525
1011	99	1.09	1526
1012	101	2.03	1528
1013	104	0.68	1529
1014	105	1.99	1531
1015	104	0.17	1531
1016	101	1.78	1533
1017	99	0.60	1534
1018	101	2.32	1536
1019	104	0.51	1537
1020	103	0.68	1537
1021	102	1.56	1539
1022	99	2.92	1542
1023	98	0.45	1542
1024	98	2.33	1544
1025	97	0.13	1545
1026	98	2.42	1547
1027	99	0.41	1547
1028	97	1.96	1549
1029	100	1.13	1550
1030	102	2.19	1553
1031	100	0.72	1553
1032	101	1.72	1555
1033	103	2.97	1558
1034	104	1.60	1560
1035	102	1.87	1562
1036	101	0.23	1562
1037	102	0.92	1563
1038	104	1.31	1564
1039	103	2.42	1566
1040	103	0.43	1567
1041	103	0.57	1567
1042	105	1.47	1569
1043	108	2.88	1572
1044	110	0.33	1572
1045	108	1.81	1574
1046	111	2.91	1577
1047	113	0.70	1578
1048	114	1.61	1579
1049	112	2.49	1582
1050	110	1.91	1584
1051	111	1.27	1585
1052	113	2.87	1588
1053	111	0.10	1588
1054	111	2.88	1591
1055	111	1.09	1592
1056	109	1.59	1593
1057	107	2.64	1596
1058	110	0.41	1596
1059	110	1.54	1598
1060	110	1.56	1600
1061	107	0.22	1600
1062	109	0.27	1600
1063	106	0.87	1601
1064	105	1.03	1602
1065	104	0.75	1603
1066	105	2.70	1605
1067	105	0.31	1606
1068	106	1.02	1607
1069	108	0.39	1607
1070	106	1.83	1609
1071	106	2.14	1611
1072	107	2.37	1613
1073	104	0.38	1614
1074	106	1.28	1615
1075	109	1.70	1617
1076	111	2.99	1620
1077	113	0.46	1620
1078	111	2.58	1623
1079	108	2.74	1626
1080	110	1.60	1627
1081	107	0.80	1628
1082	109	0.74	1629
1083	108	1.46	1630
1084	105	2.63	1633
1085	107	1.14	1634
1086	109	1.06	1635
1087	106	2.65	1638
1088	106	0.90	1639
1089	105	2.90	1641
1090	108	0.20	1642
1091	109	0.93	1643
1092	110	2.07	1645
1093	113	1.66	1646
1094	113	1.67	1648
1095	112	1.37	1649
1096	114	2.18	1652
1097	112	1.41	1653
1098	114	2.42	1655
1099	116	2.37	1658
1100	114	0.12	1658
1101	117	1.14	1659
1102	114	0.47	1659
1103	112	2.52	1662
1104	114	0.48	1662
1105	117	0.34	1663
1106	117	2.01	1665
1107	118	2.27	1667
1108	116	1.93	1669
1109	114	2.36	1671
1110	116	0.39	1672
1111	115	0.28	1672
1112	112	0.80	1673
1113	110	1.83	1675
1114	112	1.09	1676
1115	111	0.26	1676
1116	110	1.97	1678
1117	108	1.28	1679
1118	111	2.74	1682
1119	111	2.66	1685
1120	114	0.29	1685
1121	111	1.60	1687
1122	112	1.46	1688
1123	111	0.39	1688
1124	108	1.31	1690
1125	111	0.63	1690
1126	112	2.56	1693
1127	112	2.04	1695
1128	111	1.01	1696
1129	112	2.19	1698
1130	110	1.24	1699
1131	113	0.89	1700
1132	111	1.97	1702
1133	112	0.05	1702
1134	113	0.44	1703
1135	110	0.81	1704
1136	110	0.84	1704
1137	108	1.09	1705
1138	105	1.01	1706
1139	105	2.58	1709
1140	103	0.93	1710
1141	103	1.99	1712
1142	100	1.71	1714
1143	97	2.12	1716
1144	96	0.67	1716
1145	98	1.71	1718
1146	100	0.73	1719
1147	98	1.40	1720
1148	96	0.70	1721
1149	94	0.96	1722
1150	91	2.54	1725
1151	94	2.94	1727
1152	96	2.87	1730
1153	94	2.94	1733
1154	93	2.56	1736
1155	94	0.83	1737
1156	97	0.72	1737
1157	98	0.99	1738
1158	95	1.56	1740
1159	95	1.48	1741
1160	97	0.08	1742
1161	96	1.81	1743
1162	93	0.12	1743
1163	92	0.66	1744
1164	94	2.63	1747
1165	96	1.13	1748
1166	94	2.41	1750
1167	92	0.13	1750
1168	95	1.72	1752
1169	98	0.17	1752
1170	97	0.23	1753
1171	95	2.95	1755
1172	98	2.00	1757
1173	98	1.17	1759
1174	95	2.88	1762
1175	98	2.14	1764
1176	96	2.11	1766
1177	99	2.36	1768
1178	98	1.05	1769
1179	99	1.56	1771
1180	97	2.28	1773
1181	95	1.07	1774
1182	92	1.88	1776
1183	94	1.98	1778
1184	91	1.80	1780
1185	90	0.32	1780
1186	87	2.80	1783
1187	87	2.10	1785
1188	87	0.23	1785
1189	85	0.88	1786
1190	82	2.23	1788
1191	80	0.25	1789
1192	79	2.66	1791
1193	76	1.52	1793
1194	73	2.72	1795
1195	72	1.56	1797
1196	70	0.73	1798
1197	68	1.05	1799
1198	71	2.86	1802
1199	71	2.85	1805
1200	74	1.68	1806
1201	76	1.13	1807
1202	78	1.03	1808
1203	76	2.23	1811
1204	74	2.39	1813
1205	73	0.58	1814
1206	71	1.33	1815
1207	74	1.72	1817
1208	74	0.82	1817
1209	75	0.12	1818
1210	73	1.27	1819
1211	71	1.50	1820
1212	74	1.40	1822
1213	77	0.25	1822
1214	80	0.97	1823
1215	79	2.03	1825
1216	81	1.52	1827
1217	81	2.11	1829
1218	79	1.15	1830
1219	80	1.62	1831
1220	79	2.28	1834
1221	82	0.47	1834
1222	82	1.41	1836
1223	82	0.84	1836
1224	79	1.70	1838
1225	78	2.88	1841
1226	78	2.87	1844
1227	79	0.91	1845
1228	79	0.36	1845
1229	77	2.58	1848
1230	79	1.45	1849
1231	82	1.14	1850
1232	85	1.22	1852
1233	88	0.66	1852
1234	88	1.77	1854
1235	85	0.57	1855
1236	83	2.69	1857
1237	81	2.51	1860
1238	78	1.04	1861
1239	76	1.74	1862
1240	78	1.25	1864
1241	77	1.26	1865
1242	74	0.02	1865
1243	75	1.88	1867
1244	76	1.02	1868
1245	76	2.50	1870
1246	78	2.20	1873
1247	79	0.33	1873
1248	77	2.45	1875
1249	77	2.90	1878
1250	79	0.08	1878
1251	76	2.95	1881
1252	73	1.78	1883
1253	73	0.39	1884
1254	73	2.50	1886
1255	71	1.50	1888
1256	71	1.45	1889
1257	73	1.85	1891
1258	71	2.39	1893
1259	68	2.04	1895
1260	68	1.04	1896
1261	69	0.05	1896
1262	67	0.05	1896
1263	68	0.13	1896
1264	67	0.38	1897
1265	64	0.13	1897
1266	66	0.00	1897
1267	67	0.62	1898
1268	66	1.83	1899
1269	69	1.12	1901
1270	70	2.27	1903
1271	69	2.10	1905
1272	71	1.83	1907
1273	74	1.70	1908
1274	75	1.83	1910
1275	76	1.29	1912
1276	79	0.67	1912
1277	79	0.55	1913
1278	79	2.88	1916
1279	78	0.12	1916
1280	77	1.83	1918
1281	74	2.62	1920
1282	75	2.28	1923
1283	78	2.77	1925
1284	78	0.27	1926
1285	77	1.35	1927
1286	80	0.02	1927
1287	80	0.85	1928
1288	77	0.32	1928
1289	79	1.43	1930
1290	79	2.73	1932
1291	82	0.70	1933
1292	84	0.07	1933
1293	81	2.89	1936
1294	83	0.97	1937
1295	85	0.90	1938
1296	82	1.78	1940
1297	84	1.36	1941
1298	82	0.60	1942
1299	85	0.59	1942
1300	86	1.93	1944
1301	89	1.77	1946
1302	91	0.35	1946
1303	94	1.95	1948
1304	95	1.30	1949
1305	97	2.41	1952
1306	94	2.56	1954
1307	91	2.36	1957
1308	90	1.49	1958
1309	90	2.25	1961
1310	89	0.53	1961
1311	86	1.59	1963
1312	88	2.29	1965
1313	87	0.32	1965
1314	86	2.13	1967
1315	89	2.67	1970
1316	86	2.69	1973
1317	84	2.50	1975
1318	84	2.45	1978
1319	83	2.49	1980
1320	85	2.60	1983
1321	86	2.70	1985
1322	88	1.46	1987
1323	86	2.89	1990
1324	89	0.70	1991
1325	89	2.83	1993
1326	87	1.12	1995
1327	87	2.73	1997
1328	89	1.00	1998
1329	92	2.14	2000
1330	92	2.58	2003
1331	94	1.12	2004
1332	96	1.25	2005
1333	95	0.12	2005
1334	95	2.56	2008
1335	96	0.04	2008
1336	98	2.55	2011
1337	101	1.46	2012
1338	103	2.51	2015
1339	106	1.16	2016
1340	107	1.77	2018
1341	105	2.60	2020
1342	107	1.58	2022
1343	107	2.54	2024
1344	106	0.62	2025
1345	106	1.30	2026
1346	106	2.53	2029
1347	104	2.40	2031
1348	102	2.29	2033
1349	99	2.63	2036
1350	98	0.26	2036
1351	96	2.39	2039
1352	94	0.77	2039
1353	92	2.50	2042
1354	89	1.66	2044
1355	89	1.56	2045
1356	87	1.01	2046
1357	86	0.82	2047
1358	88	1.33	2048
1359	86	0.78	2049
1360	88	2.35	2051
1361	85	0.97	2052
1362	87	2.20	2055
1363	87	0.00	2055
1364	90	2.65	2057
1365	92	1.47	2059
1366	90	0.83	2060
1367	87	0.51	2060
1368	88	1.25	2061
1369	89	2.23	2064
1370	86	2.76	2066
1371	84	1.76	2068
1372	87	2.37	2070
1373	90	0.55	2071
1374	88	2.96	2074
1375	91	0.07	2074
1376	91	0.85	2075
1377	94	2.63	2077
1378	94	0.66	2078
1379	91	1.72	2080
1380	94	1.09	2081
1381	96	0.38	2081
1382	96	1.17	2082
1383	94	2.76	2085
1384	92	1.03	2086
1385	94	2.52	2089
1386	96	1.38	2090
1387	96	2.55	2093
1388	99	0.66	2093
1389	98	0.57	2094
1390	96	1.06	2095
1391	94	1.43	2096
1392	93	1.76	2098
1393	94	2.78	2101
1394	92	0.12	2101
1395	94	2.32	2103
1396	91	1.93	2105
1397	89	0.35	2106
1398	87	2.76	2108
1399	88	1.80	2110
1400	88	0.61	2111
1401	90	1.84	2113
1402	88	1.14	2114
1403	87	2.47	2116
1404	88	0.23	2117
1405	87	2.11	2119
1406	84	0.12	2119
1407	84	0.84	2120
1408	87	1.47	2121
1409	87	1.38	2122
1410	84	1.20	2124
1411	86	0.02	2124
1412	83	1.99	2126
1413	83	2.25	2128
1414	86	1.95	2130
1415	86	1.71	2132
1416	83	0.86	2132
1417	80	2.73	2135
1418	78	2.89	2138
1419	77	2.48	2141
1420	75	0.85	2141
1421	73	2.49	2144
1422	76	1.80	2146
1423	76	1.79	2147
1424	75	0.64	2148
1425	74	2.97	2151
1426	72	1.00	2152
1427	69	0.53	2153
1428	72	0.19	2153
1429	75	1.70	2155
1430	74	2.37	2157
1431	77	2.79	2160
1432	74	1.02	2161
1433	71	0.03	2161
1434	72	1.81	2163
1435	70	2.94	2165
1436	68	1.72	2167
1437	71	2.95	2170
1438	72	1.37	2172
1439	75	0.92	2172
1440	74	1.76	2174
1441	71	1.76	2176
1442	68	2.62	2179
1443	71	2.39	2181
1444	74	0.77	2182
1445	77	2.09	2184
1446	79	2.31	2186
1447	80	1.16	2187
1448	78	2.91	2190
1449	76	0.50	2191
1450	77	2.24	2193
1451	77	0.03	2193
1452	79	2.37	2195
1453	77	2.25	2198
1454	77	1.96	2200
1455	79	1.98	2202
1456	76	2.71	2204
1457	79	1.88	2206
1458	78	1.23	2207
1459	76	2.81	2210
1460	79	2.66	2213
1461	82	0.22	2213
1462	85	2.11	2215
1463	83	1.09	2216
1464	82	2.54	2219
1465	81	2.16	2221
1466	78	0.80	2222
1467	75	0.99	2223
1468	78	0.05	2223
1469	77	0.06	2223
1470	75	2.18	2225
1471	76	1.98	2227
1472	73	2.38	2229
1473	70	1.43	2231
1474	69	2.90	2234
1475	71	0.73	2234
1476	72	0.18	2235
1477	74	1.56	2236
1478	74	2.97	2239
1479	73	2.92	2242
1480	71	2.77	2245
1481	69	1.83	2247
1482	68	0.44	2247
1483	65	1.53	2249
1484	62	0.83	2249
1485	60	0.12	2250
1486	63	0.83	2250
1487	60	1.42	2252
1488	58	0.45	2252
1489	60	2.03	2254
1490	58	2.80	2257
1491	59	0.25	2257
1492	60	0.27	2258
1493	60	1.91	2260
1494	57	0.31	2260
1495	58	0.85	2261
1496	55	2.80	2263
1497	54	0.46	2264
1498	51	2.68	2267
1499	54	2.42	2269
1500	57	2.34	2271
1501	57	2.74	2274
1502	59	1.25	2275
1503	61	2.00	2277
1504	61	2.97	2280
1505	63	2.21	2283
1506	62	1.26	2284
1507	63	0.16	2284
1508	63	1.30	2285
1509	66	2.31	2288
1510	67	1.85	2289
1511	66	1.88	2291
1512	69	2.70	2294
1513	66	0.79	2295
1514	66	1.13	2296
1515	63	2.81	2299
1516	64	0.90	2300
1517	65	0.92	2301
1518	65	0.67	2301
1519	62	1.73	2303
1520	60	2.43	2305
1521	63	0.24	2306
1522	64	2.43	2308
1523	62	0.67	2309
1524	64	1.34	2310
1525	66	0.50	2311
1526	67	0.77	2311
1527	64	0.84	2312
1528	65	2.94	2315
1529	63	1.67	2317
1530	60	2.89	2320
1531	62	1.79	2321
1532	63	0.36	2322
1533	65	1.23	2323
1534	63	1.60	2325
1535	65	1.52	2326
1536	65	1.64	2328
1537	65	2.10	2330
1538	67	2.93	2333
1539	70	2.34	2335
1540	71	2.49	2338
1541	74	1.42	2339
1542	77	1.50	2341
1543	78	0.05	2341
1544	75	1.84	2342
1545	78	0.66	2343
1546	79	2.22	2345
1547	82	2.88	2348
1548	82	1.31	2350
1549	79	0.12	2350
1550	79	0.82	2350
1551	80	0.77	2351
1552	81	0.20	2351
1553	78	2.34	2354
1554	78	1.97	2356
1555	77	1.14	2357
1556	74	1.29	2358
1557	74	2.82	2361
1558	75	1.49	2362
1559	75	1.62	2364
1560	76	2.58	2367
1561	78	1.03	2368
1562	78	0.32	2368
1563	76	1.36	2369
1564	73	0.59	2370
1565	72	1.78	2372
1566	74	0.64	2372
1567	77	2.46	2375
1568	77	1.30	2376
1569	75	2.54	2379
1570	77	2.13	2381
1571	74	1.29	2382
1572	72	0.49	2383
1573	75	1.68	2384
1574	72	1.94	2386
1575	69	1.42	2388
1576	68	0.43	2388
1577	65	2.07	2390
1578	63	1.78	2392
1579	64	1.32	2393
1580	63	1.44	2395
1581	66	0.04	2395
1582	63	0.70	2395
1583	65	1.81	2397
1584	66	2.61	2400
1585	68	0.43	2400
1586	67	0.12	2400
1587	66	1.13	2402
1588	65	2.04	2404
1589	68	0.23	2404
1590	68	2.42	2406
1591	69	0.31	2407
1592	70	2.66	2409
1593	68	2.40	2412
1594	66	0.74	2412
1595	69	1.75	2414
1596	68	2.50	2417
1597	66	2.63	2419
1598	64	0.58	2420
1599	63	1.61	2421
1600	64	1.55	2423
1601	64	1.90	2425
1602	61	2.48	2427
1603	58	2.68	2430
1604	57	0.45	2430
1605	54	2.01	2432
1606	53	0.43	2433
1607	53	1.68	2435
1608	55	0.28	2435
1609	58	0.10	2435
1610	55	0.36	2435
1611	52	2.10	2437
1612	50	0.69	2438
1613	50	2.19	2440
1614	52	0.56	2441
1615	53	0.53	2441
1616	56	2.33	2444
1617	57	0.76	2444
1618	60	0.95	2445
1619	63	1.29	2447
1620	62	0.07	2447
1621	64	1.66	2448
1622	63	1.97	2450
1623	65	1.73	2452
1624	63	0.79	2453
1625	61	2.12	2455
1626	61	2.22	2457
1627	64	0.04	2457
1628	62	0.16	2458
1629	65	1.69	2459
1630	62	0.30	2459
1631	62	0.82	2460
1632	63	0.22	2461
1633	62	1.47	2462
1634	64	1.06	2463
1635	67	2.50	2466
1636	68	1.15	2467
1637	70	1.30	2468
1638	71	2.52	2471
1639	72	0.78	2471
1640	69	0.16	2471
1641	72	2.87	2474
1642	72	2.24	2477
1643	69	2.19	2479
1644	66	0.64	2479
1645	65	2.19	2482
1646	68	0.15	2482
1647	67	0.04	2482
1648	67	2.43	2484
1649	64	0.02	2484
1650	67	1.70	2486
1651	70	1.52	2487
1652	72	0.88	2488
1653	74	2.06	2490
1654	76	0.27	2491
1655	76	1.69	2492
1656	79	1.41	2494
1657	82	1.11	2495
1658	81	0.97	2496
1659	80	0.03	2496
1660	82	2.42	2498
1661	82	2.65	2501
1662	81	2.70	2504
1663	84	1.74	2505
1664	82	2.83	2508
1665	79	0.36	2509
1666	76	2.92	2512
1667	76	1.48	2513
1668	78	1.84	2515
1669	81	0.48	2515
1670	82	1.12	2516
1671	80	0.47	2517
1672	80	2.67	2520
1673	81	1.12	2521
1674	82	2.38	2523
1675	79	1.45	2525
1676	80	0.91	2525
1677	80	0.30	2526
1678	77	0.88	2527
1679	78	1.58	2528
1680	76	0.28	2528
1681	77	0.72	2529
1682	75	0.84	2530
1683	74	0.73	2531
1684	73	1.59	2532
1685	70	2.33	2535
1686	72	2.39	2537
1687	72	1.12	2538
1688	73	0.99	2539
1689	76	2.28	2541
1690	76	1.23	2543
1691	75	0.91	2544
1692	74	2.45	2546
1693	77	2.35	2548
1694	79	2.90	2551
1695	76	2.07	2553
1696	76	1.69	2555
1697	74	1.57	2557
1698	71	2.66	2559
1699	71	2.83	2562
1700	73	1.20	2563
1701	70	1.89	2565
1702	67	0.12	2565
1703	66	0.95	2566
1704	65	1.23	2568
1705	68	0.21	2568
1706	70	0.03	2568
1707	67	0.61	2568
1708	69	2.55	2571
1709	70	0.52	2571
1710	68	1.31	2573
1711	68	1.29	2574
1712	71	2.69	2577
1713	69	1.61	2578
1714	69	0.73	2579
1715	71	0.45	2580
1716	72	0.50	2580
1717	72	0.36	2580
1718	72	1.80	2582
1719	75	0.59	2583
1720	73	2.88	2586
1721	76	0.95	2587
1722	75	2.53	2589
1723	76	2.07	2591
1724	74	1.90	2593
1725	77	2.77	2596
1726	78	1.77	2598
1727	75	0.79	2598
1728	74	1.59	2600
1729	75	2.69	2603
1730	75	1.61	2604
1731	77	2.10	2606
1732	75	2.62	2609
1733	77	2.24	2611
1734	74	1.60	2613
1735	74	2.64	2615
1736	72	2.94	2618
1737	69	2.04	2620
1738	68	1.94	2622
1739	67	2.06	2624
1740	67	2.35	2627
1741	70	1.44	2628
1742	71	0.94	2629
1743	74	1.77	2631
1744	74	1.33	2632
1745	77	2.36	2635
1746	75	1.87	2637
1747	76	0.86	2637
1748	77	0.95	2638
1749	74	1.25	2640
1750	72	2.60	2642
1751	73	2.54	2645
1752	71	0.84	2646
1753	71	2.35	2648
1754	73	0.98	2649
1755	75	1.25	2650
1756	76	1.51	2652
1757	75	0.66	2652
1758	76	2.83	2655
1759	73	2.46	2658
1760	71	0.01	2658
1761	73	0.49	2658
1762	74	1.17	2659
1763	77	1.47	2661
1764	74	2.81	2664
1765	77	1.40	2665
1766	76	1.65	2667
1767	75	1.26	2668
1768	77	0.18	2668
1769	80	2.13	2670
1770	79	2.08	2672
1771	76	2.33	2675
1772	78	0.75	2675
1773	79	1.47	2677
1774	82	1.07	2678
1775	81	2.45	2680
1776	82	2.74	2683
1777	84	1.91	2685
1778	85	2.99	2688
1779	87	2.49	2690
1780	85	1.26	2692
1781	84	1.12	2693
1782	85	1.61	2694
1783	86	1.50	2696
1784	89	2.63	2699
1785	90	0.77	2699
1786	87	0.74	2700
1787	88	1.86	2702
1788	89	0.68	2703
1789	86	0.57	2703
1790	89	2.41	2706
1791	92	1.08	2707
1792	89	1.57	2708
1793	89	1.84	2710
1794	88	0.39	2710
1795	91	1.82	2712
1796	88	2.72	2715
1797	90	3.00	2718
1798	92	1.93	2720
1799	89	2.40	2722
1800	88	0.97	2723
1801	90	1.59	2725
1802	87	2.17	2727
1803	87	0.69	2728
1804	86	2.36	2730
1805	83	1.60	2732
1806	83	2.34	2734
1807	86	0.28	2734
1808	85	2.68	2737
1809	82	2.02	2739
1810	83	1.56	2741
1811	80	0.90	2742
1812	81	1.31	2743
1813	81	0.96	2744
1814	81	1.13	2745
1815	82	1.50	2746
1816	81	1.11	2748
1817	78	2.57	2750
1818	79	1.27	2751
1819	79	1.90	2753
1820	79	1.74	2755
1821	81	0.84	2756
1822	84	1.87	2758
1823	84	2.08	2760
1824	83	1.88	2762
1825	82	0.21	2762
1826	80	0.17	2762
1827	79	0.31	2762
1828	81	1.87	2764
1829	82	1.69	2766
1830	85	0.06	2766
1831	84	2.27	2768
1832	83	1.86	2770
1833	86	1.07	2771
1834	85	0.58	2772
1835	88	2.81	2775
1836	91	1.72	2776
1837	93	0.83	2777
1838	92	1.76	2779
1839	93	2.96	2782
1840	93	1.23	2783
1841	91	1.72	2785
1842	89	2.36	2787
1843	88	2.00	2789
1844	91	1.84	2791
1845	92	2.09	2793
1846	95	1.51	2795
1847	92	2.20	2797
1848	91	0.91	2798
1849	88	2.07	2800
1850	85	0.79	2801
1851	86	1.99	2803
1852	89	1.07	2804
1853	90	2.21	2806
1854	92	2.25	2808
1855	90	1.55	2810
1856	93	1.94	2812
1857	93	2.18	2814
1858	94	2.33	2816
1859	95	2.70	2819
1860	98	2.82	2822
1861	95	0.48	2822
1862	97	2.44	2825
1863	100	0.60	2825
1864	99	1.12	2826
1865	96	0.12	2826
1866	96	0.17	2827
1867	94	0.78	2827
1868	92	2.73	2830
1869	90	1.20	2831
1870	91	0.72	2832
1871	90	2.45	2834
1872	91	0.38	2835
1873	94	0.28	2835
1874	94	2.37	2837
1875	92	1.82	2839
1876	93	0.54	2840
1877	91	0.52	2840
1878	88	2.69	2843
1879	90	0.24	2843
1880	87	2.52	2846
1881	88	2.82	2849
1882	89	0.88	2849
1883	91	1.37	2851
1884	88	2.93	2854
1885	90	1.48	2855
1886	88	2.05	2857
1887	89	1.96	2859
1888	87	1.16	2860
1889	90	1.96	2862
1890	90	0.12	2862
1891	91	2.11	2865
1892	93	2.36	2867
1893	92	1.49	2868
1894	91	0.37	2869
1895	94	0.01	2869
1896	94	2.39	2871
1897	94	1.54	2873
1898	92	2.73	2875
1899	93	2.18	2878
1900	90	1.87	2880
1901	88	0.84	2880
1902	88	1.82	2882
1903	86	1.06	2883
1904	89	2.83	2886
1905	89	2.52	2889
1906	90	1.70	2890
1907	92	0.56	2891
1908	92	1.89	2893
1909	93	0.57	2893
1910	96	2.28	2896
1911	95	0.63	2896
1912	95	0.08	2896
1913	96	1.77	2898
1914	97	2.93	2901
1915	94	2.67	2904
1916	95	1.37	2905
1917	92	0.99	2906
1918	94	2.90	2909
1919	95	2.24	2911
1920	97	1.59	2913
1921	95	2.98	2916
1922	95	0.38	2916
1923	96	1.29	2917
1924	98	2.27	2920
1925	101	0.97	2921
1926	100	0.56	2921
1927	102	2.52	2924
1928	105	0.72	2924
1929	103	1.68	2926
1930	101	2.36	2929
1931	104	1.40	2930
1932	106	2.12	2932
1933	108	1.64	2934
1934	109	1.08	2935
1935	107	1.74	2936
1936	108	2.92	2939
1937	111	2.19	2942
1938	114	0.39	2942
1939	117	2.58	2945
1940	117	1.26	2946
1941	120	2.55	2948
1942	117	1.71	2950
1943	120	2.72	2953
1944	117	2.60	2955
1945	120	0.01	2955
1946	123	0.16	2956
1947	120	0.85	2956
1948	122	1.56	2958
1949	123	2.82	2961
1950	121	1.31	2962
1951	118	2.70	2965
1952	119	2.73	2968
1953	116	1.16	2969
1954	116	1.70	2970
1955	117	1.30	2972
1956	118	0.96	2973
1957	117	2.40	2975
1958	118	0.47	2976
1959	117	0.57	2976
1960	114	2.69	2979
1961	117	0.20	2979
1962	120	2.96	2982
1963	118	0.79	2983
1964	120	1.02	2984
1965	120	0.62	2984
1966	117	0.41	2985
1967	115	2.21	2987
1968	116	0.69	2988
1969	118	2.84	2991
1970	120	0.52	2991
1971	122	2.20	2993
1972	123	1.77	2995
1973	121	0.39	2995
1974	121	0.22	2996
1975	119	2.09	2998
1976	119	2.10	3000
1977	122	2.76	3003
1978	122	0.11	3003
1979	122	1.33	3004
1980	125	1.52	3006
1981	125	2.58	3008
1982	127	2.16	3010
1983	126	2.25	3013
1984	126	0.95	3014
1985	128	1.75	3015
1986	127	1.73	3017
1987	130	1.83	3019
1988	132	2.30	3021
1989	132	0.58	3022
1990	131	3.00	3025
1991	131	2.55	3027
1992	132	1.16	3028
1993	134	0.62	3029
1994	132	2.90	3032
1995	131	1.85	3034
1996	129	0.78	3035
1997	130	0.96	3036
1998	130	0.15	3036
1999	127	1.46	3037
2000	124	2.91	3040
2001	123	0.29	3040
2002	124	1.66	3042
2003	123	0.94	3043
2004	120	1.06	3044
2005	118	2.28	3046
2006	116	2.01	3048
2007	115	1.04	3049
2008	118	0.44	3050
2009	115	2.53	3052
2010	112	0.46	3053
2011	115	1.81	3055
2012	117	2.40	3057
2013	120	0.65	3058
2014	121	1.94	3060
2015	121	2.25	3062
2016	124	2.26	3064
2017	125	2.72	3067
2018	126	0.76	3068
2019	129	1.97	3070
2020	128	0.26	3070
2021	131	1.08	3071
2022	132	1.62	3072
2023	135	2.96	3075
2024	135	0.74	3076
2025	134	0.32	3076
2026	135	2.32	3079
2027	136	0.37	3079
2028	135	0.76	3080
2029	134	2.78	3083
2030	131	0.70	3083
2031	132	2.49	3086
2032	135	1.32	3087
2033	132	0.05	3087
2034	129	1.45	3089
2035	131	1.93	3091
2036	131	0.25	3091
2037	134	1.38	3092
2038	134	1.93	3094
2039	135	0.95	3095
2040	138	1.71	3097
2041	136	0.93	3098
2042	135	1.83	3100
2043	136	2.29	3102
2044	136	0.42	3102
2045	139	2.68	3105
2046	136	1.43	3106
2047	135	1.63	3108
2048	134	2.51	3111
2049	133	2.02	3113
2050	134	1.32	3114
2051	134	1.52	3115
2052	137	2.13	3118
2053	140	2.04	3120
2054	143	1.03	3121
2055	146	1.09	3122
2056	146	0.33	3122
2057	144	0.94	3123
2058	144	2.91	3126
2059	147	2.10	3128
2060	150	0.70	3129
2061	151	0.12	3129
2062	152	0.12	3129
2063	152	1.45	3130
2064	149	1.12	3132
2065	148	2.90	3134
2066	148	0.96	3135
2067	148	1.01	3136
2068	150	1.93	3138
2069	147	0.90	3139
2070	148	0.47	3140
2071	146	1.48	3141
2072	144	0.71	3142
2073	143	0.61	3143
2074	146	0.96	3143
2075	144	2.68	3146
2076	143	0.16	3146
2077	143	1.05	3147
2078	142	1.23	3149
2079	141	0.80	3149
2080	138	0.28	3150
2081	141	2.69	3152
2082	142	2.41	3155
2083	144	1.29	3156
2084	141	1.24	3157
2085	143	2.72	3160
2086	141	0.68	3161
2087	144	0.83	3162
2088	141	0.48	3162
2089	139	0.11	3162
2090	142	1.21	3163
2091	142	0.24	3164
2092	145	2.08	3166
2093	147	1.99	3168
2094	148	1.67	3169
2095	146	2.84	3172
2096	149	1.82	3174
2097	150	2.53	3177
2098	150	2.45	3179
2099	151	2.60	3182
2100	153	1.93	3184
2101	156	1.17	3185
2102	157	1.31	3186
2103	159	2.26	3188
2104	162	1.04	3189
2105	163	0.23	3190
2106	166	1.31	3191
2107	167	1.39	3192
2108	170	0.42	3193
2109	169	0.93	3194
2110	170	0.13	3194
2111	167	1.68	3195
2112	167	2.86	3198
2113	168	1.30	3200
2114	166	2.51	3202
2115	164	2.28	3204
2116	166	0.24	3205
2117	166	2.76	3207
2118	169	0.97	3208
2119	172	0.72	3209
2120	174	2.60	3212
2121	174	1.38	3213
2122	173	2.70	3216
2123	172	1.76	3217
2124	173	0.97	3218
2125	172	2.55	3221
2126	169	1.19	3222
2127	169	0.41	3223
2128	171	2.59	3225
2129	169	0.99	3226
2130	171	2.24	3228
2131	172	2.36	3231
2132	173	0.34	3231
2133	171	0.71	3232
2134	169	1.28	3233
2135	170	1.29	3234
2136	171	0.66	3235
2137	169	1.94	3237
2138	166	1.39	3238
2139	169	0.27	3239
2140	168	1.89	3241
2141	170	1.18	3242
2142	168	2.77	3244
2143	171	1.62	3246
2144	169	0.42	3247
2145	168	1.02	3248
2146	169	1.73	3249
2147	167	0.68	3250
2148	167	2.31	3252
2149	169	2.85	3255
2150	167	0.18	3255
2151	169	1.86	3257
2152	167	2.75	3260
2153	168	1.49	3261
2154	167	2.52	3264
2155	170	2.49	3266
2156	171	2.92	3269
2157	168	0.27	3270
2158	166	2.97	3273
2159	165	0.60	3273
2160	164	2.16	3275
2161	163	1.45	3277
2162	160	0.11	3277
2163	162	0.86	3278
2164	165	2.13	3280
2165	163	0.97	3281
2166	165	0.40	3281
2167	168	0.56	3282
2168	165	0.72	3283
2169	165	1.08	3284
2170	164	1.25	3285
2171	161	1.60	3286
2172	161	2.76	3289
2173	163	2.71	3292
2174	160	0.58	3292
2175	163	0.72	3293
2176	165	1.05	3294
2177	165	2.52	3297
2178	167	0.51	3297
2179	168	0.69	3298
2180	166	1.26	3299
2181	167	0.09	3299
2182	164	2.36	3302
2183	166	1.32	3303
2184	166	2.46	3305
2185	165	0.08	3306
2186	164	1.51	3307
2187	165	0.14	3307
2188	166	1.07	3308
2189	166	0.07	3308
2190	164	0.25	3309
2191	167	1.66	3310
2192	166	0.06	3310
2193	164	2.64	3313
2194	164	1.77	3315
2195	164	0.02	3315
2196	165	0.70	3315
2197	163	0.57	3316
2198	164	2.51	3319
2199	166	2.89	3321
2200	164	1.26	3323
2201	164	0.42	3323
2202	164	0.10	3323
2203	167	1.69	3325
2204	166	0.75	3326
2205	163	2.15	3328
2206	164	1.33	3329
2207	163	0.31	3329
2208	161	1.48	3331
2209	160	0.09	3331
2210	157	2.38	3333
2211	154	2.42	3336
2212	152	0.75	3337
2213	151	0.76	3337
2214	153	2.26	3340
2215	152	1.41	3341
2216	155	0.07	3341
2217	155	2.26	3343
2218	152	2.87	3346
2219	149	2.54	3349
2220	146	1.42	3350
2221	149	0.98	3351
2222	148	2.42	3354
2223	149	1.28	3355
2224	149	2.86	3358
2225	150	0.06	3358
2226	150	2.63	3360
2227	147	2.00	3362
2228	149	2.15	3365
2229	147	1.87	3366
2230	150	2.54	3369
2231	150	0.74	3370
2232	148	1.12	3371
2233	147	2.52	3373
2234	144	0.52	3374
2235	147	2.14	3376
2236	144	2.07	3378
2237	147	2.12	3380
2238	148	1.16	3381
2239	145	2.71	3384
2240	145	0.74	3385
2241	143	1.70	3386
2242	143	0.76	3387
2243	143	0.01	3387
2244	144	1.36	3389
2245	145	2.49	3391
2246	144	1.81	3393
2247	145	1.07	3394
2248	148	0.03	3394
2249	145	1.08	3395
2250	145	0.14	3395
2251	143	2.98	3398
2252	142	2.64	3401
2253	140	1.01	3402
2254	141	0.19	3402
2255	139	0.45	3403
2256	141	1.96	3404
2257	140	0.67	3405
2258	137	1.55	3407
2259	136	0.98	3408
2260	136	0.32	3408
2261	135	2.48	3410
2262	136	1.99	3412
2263	135	0.51	3413
2264	133	0.14	3413
2265	136	1.57	3415
2266	137	1.62	3416
2267	140	0.14	3416
2268	137	0.25	3417
2269	134	1.95	3419
2270	133	2.51	3421
2271	135	1.81	3423
2272	137	1.03	3424
2273	138	0.62	3425
2274	137	0.37	3425
2275	139	1.05	3426
2276	141	1.65	3428
2277	138	1.49	3429
2278	136	2.94	3432
2279	135	0.57	3433
2280	132	0.28	3433
2281	133	1.78	3435
2282	131	1.68	3436
2283	130	2.79	3439
2284	130	0.76	3440
2285	132	1.19	3441
2286	134	1.66	3443
2287	133	2.75	3446
2288	130	2.46	3448
2289	128	0.17	3448
2290	131	2.25	3450
2291	128	1.21	3452
2292	127	1.31	3453
2293	128	0.64	3454
2294	129	1.57	3455
2295	130	1.21	3456
2296	132	1.85	3458
2297	135	1.06	3459
2298	138	1.47	3461
2299	136	1.15	3462
2300	136	1.14	3463
2301	136	0.65	3464
2302	138	1.99	3466
2303	141	1.23	3467
2304	141	2.25	3469
2305	143	0.58	3470
2306	141	2.55	3472
2307	140	0.24	3473
2308	138	2.80	3475
2309	139	0.72	3476
2310	137	1.05	3477
2311	135	2.09	3479
2312	132	1.00	3480
2313	129	0.40	3481
2314	131	2.85	3483
2315	130	2.53	3486
2316	130	0.97	3487
2317	130	2.52	3490
2318	128	0.06	3490
2319	130	0.76	3490
2320	129	2.74	3493
2321	132	2.95	3496
2322	134	0.23	3496
2323	136	1.21	3497
2324	137	0.63	3498
2325	137	0.27	3498
2326	140	0.63	3499
2327	143	2.70	3502
2328	141	0.19	3502
2329	141	1.24	3503
2330	142	2.73	3506
2331	139	0.63	3506
2332	141	2.51	3509
2333	142	2.65	3512
2334	144	2.46	3514
2335	147	2.37	3516
2336	144	0.92	3517
2337	144	2.99	3520
2338	144	0.17	3521
2339	147	0.73	3521
2340	146	0.29	3522
2341	144	2.92	3524
2342	144	2.35	3527
2343	144	1.28	3528
2344	145	2.99	3531
2345	146	1.84	3533
2346	148	0.45	3533
2347	150	2.20	3536
2348	148	1.50	3537
2349	148	1.87	3539
2350	147	1.63	3541
2351	150	0.19	3541
2352	152	1.58	3542
2353	149	0.86	3543
2354	150	2.85	3546
2355	149	1.13	3547
2356	151	1.51	3549
2357	149	0.46	3549
2358	149	2.92	3552
2359	146	0.55	3553
2360	145	0.65	3553
2361	147	2.36	3556
2362	146	1.04	3557
2363	143	1.89	3559
2364	145	0.01	3559
2365	144	2.29	3561
2366	143	1.92	3563
2367	140	2.95	3566
2368	138	0.56	3566
2369	140	0.63	3567
2370	141	2.27	3569
2371	142	1.04	3570
2372	141	2.56	3573
2373	144	0.17	3573
2374	142	1.61	3575
2375	140	1.09	3576
2376	138	1.44	3577
2377	139	2.26	3579
2378	142	0.62	3580
2379	145	0.41	3580
2380	145	0.42	3581
2381	145	1.41	3582
2382	148	0.36	3583
2383	146	1.27	3584
2384	147	1.32	3585
2385	150	0.09	3585
2386	153	1.76	3587
2387	155	0.32	3587
2388	155	0.30	3588
2389	156	2.84	3591
2390	157	0.36	3591
2391	154	2.49	3593
2392	152	0.09	3593
2393	149	1.12	3595
2394	147	0.82	3595
2395	144	0.60	3596
2396	147	1.80	3598
2397	145	2.01	3600
2398	145	2.41	3602
2399	146	2.70	3605
2400	146	2.31	3607
2401	145	0.36	3608
2402	142	1.21	3609
2403	145	1.94	3611
2404	146	1.51	3612
2405	144	2.33	3615
2406	145	2.05	3617
2407	143	0.29	3617
2408	140	1.89	3619
2409	141	2.41	3621
2410	143	2.82	3624
2411	142	2.76	3627
2412	143	0.99	3628
2413	143	2.95	3631
2414	141	1.32	3632
2415	144	0.63	3633
2416	143	0.02	3633
2417	141	2.23	3635
2418	141	0.63	3636
2419	143	0.67	3636
2420	140	2.54	3639
2421	140	0.59	3639
2422	139	0.21	3640
2423	139	1.15	3641
2424	137	2.31	3643
2425	134	2.16	3645
2426	137	1.52	3647
2427	140	0.39	3647
2428	141	1.20	3648
2429	143	0.57	3649
2430	144	1.01	3650
2431	146	1.62	3651
2432	148	1.81	3653
2433	147	2.11	3655
2434	146	0.52	3656
2435	143	0.87	3657
2436	144	0.54	3657
2437	142	2.47	3660
2438	144	0.96	3661
2439	144	1.84	3663
2440	143	1.84	3664
2441	145	0.61	3665
2442	143	0.23	3665
2443	141	1.33	3667
2444	143	1.66	3668
2445	143	0.39	3669
2446	140	2.98	3672
2447	137	0.07	3672
2448	136	0.86	3673
2449	135	0.29	3673
2450	132	0.49	3673
2451	129	2.30	3676
2452	129	1.22	3677
2453	127	2.87	3680
2454	127	0.75	3681
2455	125	2.72	3683
2456	123	2.49	3686
2457	125	2.93	3689
2458	127	2.70	3691
2459	126	1.82	3693
2460	123	1.55	3695
2461	120	1.77	3696
2462	119	3.00	3699
2463	121	0.78	3700
2464	118	2.42	3703
2465	115	1.56	3704
2466	116	2.92	3707
2467	118	2.73	3710
2468	118	1.72	3712
2469	115	0.11	3712
2470	113	0.55	3712
2471	113	1.54	3714
2472	115	0.57	3714
2473	116	2.50	3717
2474	113	1.95	3719
2475	115	0.97	3720
2476	116	1.30	3721
2477	113	2.45	3724
2478	112	1.86	3725
2479	112	1.61	3727
2480	110	2.73	3730
2481	113	1.85	3732
2482	113	2.03	3734
2483	116	1.09	3735
2484	113	0.31	3735
2485	116	1.59	3737
2486	114	2.86	3739
2487	111	0.04	3739
2488	111	0.32	3740
2489	114	1.93	3742
2490	111	2.86	3745
2491	112	2.49	3747
2492	113	0.51	3748
2493	116	1.77	3749
2494	116	1.53	3751
2495	118	0.81	3752
2496	116	2.75	3754
2497	118	1.53	3756
2498	117	0.67	3757
2499	114	1.32	3758
2500	113	2.68	3761
2501	116	1.41	3762
2502	116	1.43	3763
2503	118	1.15	3765
2504	116	2.77	3767
2505	116	0.47	3768
2506	118	1.77	3770
2507	118	1.74	3771
2508	117	2.67	3774
2509	115	1.18	3775
2510	115	0.57	3776
2511	113	2.55	3778
2512	116	1.13	3779
2513	115	2.58	3782
2514	115	2.22	3784
2515	115	1.75	3786
2516	114	1.82	3788
2517	116	1.84	3790
2518	118	0.09	3790
2519	116	0.24	3790
2520	118	0.74	3791
2521	116	1.40	3792
2522	118	0.86	3793
2523	117	2.31	3795
2524	120	2.32	3798
2525	119	2.83	3801
2526	117	2.81	3803
2527	117	1.66	3805
2528	117	0.36	3805
2529	116	1.13	3806
2530	117	1.66	3808
2531	118	2.30	3810
2532	117	0.67	3811
2533	114	1.69	3813
2534	113	0.92	3814
2535	116	0.44	3814
2536	116	1.49	3816
2537	117	2.52	3818
2538	115	0.75	3819
2539	117	0.91	3820
2540	119	1.60	3821
2541	121	1.44	3823
2542	124	2.62	3825
2543	125	0.27	3826
2544	128	0.28	3826
2545	130	2.80	3829
2546	131	0.44	3829
2547	129	1.05	3830
2548	130	1.65	3832
2549	129	1.04	3833
2550	127	0.56	3834
2551	124	2.85	3836
2552	125	1.61	3838
2553	122	1.66	3840
2554	120	2.41	3842
2555	118	0.36	3842
2556	120	0.89	3843
2557	122	0.71	3844
2558	119	0.40	3844
2559	122	1.97	3846
2560	119	1.36	3848
2561	121	0.76	3849
2562	119	0.10	3849
2563	117	0.76	3849
2564	120	1.41	3851
2565	121	0.10	3851
2566	122	1.24	3852
2567	121	0.57	3853
2568	122	2.38	3855
2569	122	2.02	3857
2570	119	2.91	3860
2571	117	2.10	3862
2572	117	1.70	3864
2573	114	1.11	3865
2574	113	1.90	3867
2575	115	2.59	3869
2576	118	2.33	3872
2577	115	2.14	3874
2578	118	2.49	3876
2579	116	0.96	3877
2580	119	2.03	3879
2581	122	0.29	3880
2582	119	1.80	3881
2583	121	1.57	3883
2584	122	2.39	3885
2585	124	2.61	3888
2586	124	0.43	3888
2587	123	2.51	3891
2588	120	0.51	3891
2589	121	1.18	3893
2590	123	0.24	3893
2591	126	1.20	3894
2592	127	2.23	3896
2593	126	2.62	3899
2594	125	0.26	3899
2595	125	0.22	3899
2596	128	1.29	3901
2597	128	0.88	3902
2598	130	1.05	3903
2599	129	0.16	3903
2600	129	0.37	3903
2601	126	2.74	3906
2602	128	1.32	3907
2603	129	1.84	3909
2604	131	2.20	3911
2605	132	2.29	3914
2606	132	1.21	3915
2607	129	0.68	3915
2608	126	0.20	3916
2609	125	2.23	3918
2610	127	2.61	3921
2611	128	1.71	3922
2612	130	0.55	3923
2613	130	0.76	3924
2614	130	2.18	3926
2615	131	0.52	3926
2616	128	2.12	3928
2617	125	1.74	3930
2618	126	2.49	3933
2619	129	1.44	3934
2620	128	2.33	3936
2621	131	2.63	3939
2622	128	0.59	3940
2623	130	1.73	3941
2624	130	2.65	3944
2625	129	2.30	3946
2626	129	2.43	3949
2627	128	2.37	3951
2628	128	1.14	3952
2629	127	1.15	3953
2630	129	0.68	3954
2631	127	1.04	3955
2632	128	2.55	3958
2633	126	1.27	3959
2634	128	2.89	3962
2635	126	1.33	3963
2636	123	0.70	3964
2637	122	1.09	3965
2638	122	2.10	3967
2639	124	2.24	3969
2640	123	0.96	3970
2641	125	2.04	3972
2642	122	2.62	3975
2643	123	1.10	3976
2644	124	2.57	3979
2645	126	2.87	3981
2646	126	1.68	3983
2647	127	2.08	3985
2648	126	2.67	3988
2649	124	1.37	3989
2650	121	1.80	3991
2651	123	2.22	3993
2652	123	0.10	3993
2653	123	0.24	3994
2654	125	0.22	3994
2655	124	2.88	3997
2656	125	0.35	3997
2657	128	0.03	3997
2658	129	1.81	3999
2659	127	0.62	3999
2660	130	2.55	4002
2661	132	1.91	4004
2662	129	2.14	4006
2663	127	2.04	4008
2664	130	2.20	4010
2665	131	0.97	4011
2666	134	0.08	4011
2667	131	2.79	4014
2668	129	1.86	4016
2669	131	2.13	4018
2670	128	2.26	4020
2671	128	1.20	4022
2672	125	0.66	4022
2673	123	2.99	4025
2674	120	1.17	4026
2675	118	0.50	4027
2676	116	0.15	4027
2677	114	1.15	4028
2678	116	1.76	4030
2679	119	2.21	4032
2680	117	2.16	4034
2681	119	1.01	4035
2682	118	2.84	4038
2683	117	1.50	4040
2684	119	0.05	4040
2685	116	0.63	4040
2686	113	1.07	4041
2687	112	2.67	4044
2688	114	0.66	4045
2689	111	2.43	4047
2690	112	1.25	4048
2691	110	2.26	4051
2692	112	2.39	4053
2693	115	2.66	4056
2694	113	2.69	4058
2695	116	1.00	4059
2696	117	1.09	4061
2697	114	0.62	4061
2698	117	1.06	4062
2699	116	1.99	4064
2700	114	1.21	4065
2701	113	0.30	4066
2702	111	0.20	4066
2703	112	2.95	4069
2704	109	2.78	4072
2705	110	0.30	4072
2706	112	2.55	4074
2707	110	2.19	4077
2708	113	1.07	4078
2709	116	1.29	4079
2710	119	2.72	4082
2711	116	1.20	4083
2712	119	0.89	4084
2713	120	0.41	4084
2714	117	0.72	4085
2715	117	0.87	4086
2716	120	2.41	4088
2717	122	0.34	4089
2718	122	0.38	4089
2719	122	2.86	4092
2720	124	0.15	4092
2721	121	0.80	4093
2722	123	1.83	4095
2723	120	0.52	4095
2724	120	1.85	4097
2725	120	0.49	4097
2726	121	0.76	4098
2727	121	0.08	4098
2728	121	1.27	4100
2729	118	2.89	4102
2730	117	2.65	4105
2731	114	0.97	4106
2732	117	0.34	4106
2733	114	0.00	4106
2734	111	0.02	4106
2735	109	1.49	4108
2736	110	2.07	4110
2737	113	2.36	4112
2738	113	2.05	4114
2739	114	2.75	4117
2740	115	1.04	4118
2741	118	2.11	4120
2742	115	2.27	4123
2743	115	2.25	4125
2744	112	2.77	4128
2745	115	1.23	4129
2746	115	0.21	4129
2747	114	1.17	4130
2748	114	2.63	4133
2749	115	1.78	4135
2750	114	0.02	4135
2751	116	1.74	4136
2752	119	2.93	4139
2753	118	2.70	4142
2754	116	2.20	4144
2755	115	2.54	4147
2756	117	2.98	4150
2757	119	1.58	4151
2758	122	0.89	4152
2759	119	0.38	4153
2760	116	0.81	4153
2761	119	1.07	4154
2762	119	2.01	4157
2763	121	0.87	4157
2764	121	1.29	4159
2765	120	1.80	4160
2766	121	0.04	4161
2767	123	0.65	4161
2768	124	2.72	4164
2769	123	1.46	4165
2770	123	2.33	4168
2771	122	2.57	4170
2772	120	0.43	4171
2773	120	2.84	4173
2774	121	2.54	4176
2775	120	1.40	4177
2776	121	2.43	4180
2777	120	1.59	4181
2778	120	0.06	4182
2779	122	0.91	4182
2780	119	0.21	4183
2781	116	0.59	4183
2782	118	2.01	4185
2783	117	0.16	4185
2784	117	1.76	4187
2785	117	0.23	4187
2786	115	2.84	4190
2787	118	1.34	4192
2788	115	0.78	4192
2789	116	1.01	4193
2790	118	2.25	4196
2791	118	0.48	4196
2792	117	1.54	4198
2793	119	1.67	4199
2794	119	2.81	4202
2795	118	2.95	4205
2796	118	0.37	4205
2797	121	0.68	4206
2798	122	1.45	4208
2799	121	0.23	4208
2800	124	2.46	4210
2801	126	1.21	4211
2802	126	2.11	4214
2803	129	0.99	4215
2804	132	2.30	4217
2805	133	1.13	4218
2806	134	2.59	4221
2807	135	0.84	4221
2808	136	1.07	4222
2809	139	2.61	4225
2810	138	0.23	4225
2811	139	2.41	4228
2812	140	2.98	4231
2813	138	1.02	4232
2814	140	0.83	4233
2815	143	2.65	4235
2816	141	2.06	4237
2817	139	1.78	4239
2818	142	2.31	4241
2819	145	1.16	4243
2820	146	2.60	4245
2821	148	1.14	4246
2822	151	1.68	4248
2823	148	2.59	4251
2824	146	0.77	4251
2825	145	2.27	4254
2826	148	1.62	4255
2827	149	2.80	4258
2828	147	2.72	4261
2829	149	0.30	4261
2830	151	0.56	4262
2831	151	1.44	4263
2832	151	0.51	4264
2833	149	1.04	4265
2834	147	2.33	4267
2835	150	0.96	4268
2836	151	2.87	4271
2837	148	0.64	4271
2838	147	0.53	4272
2839	150	2.13	4274
2840	150	0.51	4275
2841	152	2.84	4277
2842	149	1.12	4278
2843	152	1.22	4280
2844	149	1.53	4281
2845	146	0.37	4282
2846	147	0.92	4283
2847	145	0.80	4283
2848	145	0.20	4284
2849	142	0.91	4284
2850	142	2.86	4287
2851	145	1.02	4288
2852	146	0.64	4289
2853	144	2.28	4291
2854	145	0.94	4292
2855	145	2.29	4294
2856	147	0.61	4295
2857	150	1.05	4296
2858	152	0.47	4297
2859	153	0.09	4297
2860	151	1.17	4298
2861	154	1.65	4300
2862	153	1.93	4301
2863	151	1.93	4303
2864	149	2.74	4306
2865	151	1.41	4308
2866	152	2.77	4310
2867	149	0.23	4311
2868	149	2.92	4313
2869	146	1.70	4315
2870	149	0.61	4316
2871	148	1.71	4317
2872	145	1.46	4319
2873	148	2.20	4321
2874	145	0.45	4322
2875	147	2.06	4324
2876	146	1.28	4325
2877	143	2.37	4327
2878	144	0.43	4328
2879	142	0.12	4328
2880	140	1.96	4330
2881	137	0.03	4330
2882	134	0.09	4330
2883	135	0.01	4330
2884	137	0.16	4330
2885	135	2.80	4333
2886	134	0.91	4334
2887	136	2.24	4336
2888	137	0.04	4336
2889	137	0.85	4337
2890	140	0.66	4338
2891	143	0.99	4339
2892	145	1.43	4340
2893	142	2.58	4343
2894	143	2.03	4345
2895	141	2.88	4348
2896	141	0.65	4348
2897	142	0.71	4349
2898	144	2.68	4352
2899	142	0.40	4352
2900	145	1.09	4353
2901	143	0.80	4354
2902	144	2.97	4357
2903	143	2.09	4359
2904	142	1.45	4360
2905	142	2.80	4363
2906	142	2.18	4365
2907	143	1.07	4366
2908	145	1.92	4368
2909	142	2.28	4371
2910	144	0.42	4371
2911	145	0.31	4371
2912	145	1.19	4373
2913	144	2.36	4375
2914	143	0.95	4376
2915	142	0.89	4377
2916	144	0.30	4377
2917	142	2.53	4380
2918	142	1.63	4381
2919	142	2.86	4384
2920	140	1.40	4385
2921	142	1.46	4387
2922	144	1.75	4389
2923	143	2.40	4391
2924	140	1.32	4392
2925	142	0.35	4393
2926	142	2.09	4395
2927	140	1.11	4396
2928	137	0.30	4396
2929	135	2.89	4399
2930	134	2.92	4402
2931	133	2.14	4404
2932	133	0.34	4405
2933	131	0.74	4405
2934	131	2.94	4408
2935	131	2.47	4411
2936	130	2.02	4413
2937	132	1.09	4414
2938	130	0.99	4415
2939	129	2.37	4417
2940	130	1.50	4419
2941	133	1.81	4420
2942	132	2.77	4423
2943	130	2.56	4426
2944	130	0.27	4426
2945	132	1.82	4428
2946	133	0.69	4429
2947	134	1.63	4430
2948	132	0.21	4430
2949	134	0.38	4431
2950	132	2.93	4434
2951	133	1.35	4435
2952	130	1.36	4436
2953	133	1.91	4438
2954	134	2.07	4440
2955	131	1.51	4442
2956	129	2.77	4445
2957	132	2.69	4447
2958	129	1.28	4449
2959	126	0.61	4449
2960	125	2.48	4452
2961	122	2.53	4454
2962	122	2.82	4457
2963	122	0.45	4458
2964	125	0.94	4458
2965	128	2.35	4461
2966	129	2.01	4463
2967	130	1.27	4464
2968	128	2.01	4466
2969	126	2.80	4469
2970	129	0.86	4470
2971	128	1.94	4472
2972	131	1.51	4473
2973	131	0.68	4474
2974	133	0.03	4474
2975	131	2.44	4476
2976	133	0.33	4477
2977	135	2.06	4479
2978	135	1.40	4480
2979	132	0.80	4481
2980	131	1.15	4482
2981	130	1.54	4484
2982	128	2.33	4486
2983	127	2.87	4489
2984	125	3.00	4492
2985	127	2.71	4495
2986	127	2.45	4497
2987	126	1.96	4499
2988	124	2.43	4501
2989	121	2.92	4504
2990	120	0.66	4505
2991	118	1.22	4506
2992	115	1.26	4507
2993	112	2.97	4510
2994	113	0.82	4511
2995	112	2.60	4514
2996	110	2.29	4516
2997	111	1.04	4517
2998	113	0.21	4517
2999	111	0.84	4518
3000	111	1.93	4520
3001	114	0.12	4520
3002	113	0.73	4521
3003	112	2.21	4523
3004	112	1.94	4525
3005	110	1.06	4526
3006	107	1.98	4528
3007	108	1.54	4530
3008	105	1.91	4532
3009	105	0.21	4532
3010	103	2.32	4534
3011	104	2.84	4537
3012	103	1.60	4539
3013	105	0.36	4539
3014	103	1.14	4540
3015	100	0.56	4541
3016	98	0.22	4541
3017	99	0.13	4541
3018	96	1.90	4543
3019	97	0.65	4544
3020	97	0.86	4544
3021	97	2.83	4547
3022	95	0.90	4548
3023	94	1.56	4550
3024	94	2.45	4552
3025	92	0.13	4552
3026	95	1.44	4554
3027	98	1.14	4555
3028	96	2.68	4558
3029	96	0.96	4559
3030	99	0.37	4559
3031	97	2.39	4561
3032	100	0.65	4562
3033	98	0.40	4562
3034	95	0.03	4562
3035	98	2.49	4565
3036	99	2.98	4568
3037	98	2.78	4571
3038	95	2.44	4573
3039	92	0.20	4573
3040	93	2.97	4576
3041	95	0.72	4577
3042	98	2.74	4580
3043	98	2.36	4582
3044	98	1.03	4583
3045	99	0.98	4584
3046	98	0.49	4585
3047	99	1.40	4586
3048	97	1.16	4587
3049	95	2.10	4589
3050	92	1.67	4591
3051	91	0.77	4592
3052	89	2.86	4595
3053	88	2.01	4597
3054	88	1.64	4598
3055	85	1.99	4600
3056	82	2.35	4602
3057	79	2.69	4605
3058	81	1.75	4607
3059	80	0.05	4607
3060	83	2.18	4609
3061	83	1.48	4611
3062	85	2.84	4613
3063	88	1.71	4615
3064	89	1.18	4616
3065	90	0.69	4617
3066	89	2.06	4619
3067	87	1.61	4621
3068	88	1.90	4623
3069	90	1.44	4624
3070	87	1.99	4626
3071	90	2.10	4628
3072	92	1.36	4630
3073	93	1.89	4631
3074	90	1.11	4633
3075	90	2.08	4635
3076	92	0.29	4635
3077	95	0.53	4635
3078	95	1.99	4637
3079	96	0.05	4637
3080	99	2.84	4640
3081	97	0.24	4641
3082	94	2.85	4643
3083	97	0.29	4644
3084	95	2.11	4646
3085	95	0.47	4646
3086	95	0.15	4646
3087	96	2.62	4649
3088	95	0.78	4650
3089	93	1.52	4651
3090	96	1.35	4653
3091	98	2.03	4655
3092	96	2.95	4658
3093	96	2.24	4660
3094	98	2.58	4662
3095	96	2.01	4665
3096	97	1.01	4666
3097	96	0.62	4666
3098	96	1.59	4668
3099	95	1.17	4669
3100	98	1.27	4670
3101	97	2.36	4673
3102	95	0.74	4673
3103	97	2.95	4676
3104	95	2.56	4679
3105	96	1.69	4680
3106	96	2.70	4683
3107	96	1.25	4684
3108	97	2.18	4687
3109	96	2.95	4690
3110	97	0.08	4690
3111	94	2.77	4692
3112	92	1.71	4694
3113	95	0.32	4694
3114	93	1.23	4696
3115	91	2.92	4699
3116	94	2.00	4701
3117	97	1.76	4702
3118	96	0.59	4703
3119	94	1.05	4704
3120	91	1.61	4706
3121	94	1.31	4707
3122	94	1.02	4708
3123	92	0.17	4708
3124	93	2.28	4710
3125	96	1.33	4712
3126	95	0.92	4713
3127	92	1.01	4714
3128	90	1.91	4716
3129	92	1.52	4717
3130	91	2.31	4719
3131	88	2.51	4722
3132	86	0.78	4723
3133	86	0.75	4723
3134	87	1.04	4724
3135	90	2.04	4726
3136	91	1.81	4728
3137	91	2.23	4731
3138	92	1.22	4732
3139	95	1.71	4733
3140	98	2.42	4736
3141	95	1.33	4737
3142	94	0.65	4738
3143	94	0.93	4739
3144	91	2.11	4741
3145	94	1.90	4743
3146	91	0.57	4743
3147	89	1.07	4744
3148	92	1.68	4746
3149	90	0.05	4746
3150	87	2.78	4749
3151	86	0.34	4749
3152	85	2.21	4751
3153	83	0.95	4752
3154	85	1.05	4753
3155	88	1.65	4755
3156	90	2.15	4757
3157	92	1.93	4759
3158	92	2.71	4762
3159	90	0.60	4763
3160	88	0.76	4763
3161	88	1.99	4765
3162	88	0.54	4766
3163	90	0.39	4766
3164	88	0.73	4767
3165	86	2.83	4770
3166	83	2.54	4772
3167	86	2.93	4775
3168	88	0.60	4776
3169	90	0.40	4776
3170	91	1.45	4778
3171	91	1.55	4779
3172	89	2.53	4782
3173	92	0.43	4782
3174	91	1.35	4784
3175	92	2.47	4786
3176	90	1.07	4787
3177	89	0.30	4787
3178	87	0.47	4788
3179	90	1.29	4789
3180	87	0.54	4790
3181	88	1.13	4791
3182	89	2.26	4793
3183	91	0.56	4794
3184	93	2.07	4796
3185	94	2.02	4798
3186	95	1.92	4800
3187	92	2.07	4802
3188	92	1.65	4803
3189	89	2.57	4806
3190	88	1.30	4807
3191	89	2.68	4810
3192	87	2.52	4812
3193	84	2.13	4815
3194	82	0.10	4815
3195	83	0.50	4815
3196	80	0.10	4815
3197	77	1.10	4816
3198	75	0.11	4816
3199	76	0.80	4817
3200	76	1.05	4818
3201	76	1.91	4820
3202	77	1.46	4822
3203	76	0.22	4822
3204	79	2.74	4825
3205	76	1.16	4826
3206	79	0.61	4826
3207	77	0.20	4827
3208	79	1.95	4829
3209	79	1.03	4830
3210	81	0.02	4830
3211	82	0.44	4830
3212	84	2.36	4832
3213	86	1.65	4834
3214	86	0.87	4835
3215	83	0.05	4835
3216	80	0.83	4836
3217	81	0.42	4836
3218	84	0.65	4837
3219	87	1.15	4838
3220	87	1.25	4839
3221	90	1.69	4841
3222	88	1.53	4843
3223	85	0.73	4843
3224	84	2.60	4846
3225	83	1.82	4848
3226	86	2.26	4850
3227	87	1.42	4851
3228	85	2.20	4854
3229	82	0.87	4854
3230	85	1.38	4856
3231	86	2.64	4858
3232	83	2.81	4861
3233	81	1.55	4863
3234	83	1.57	4864
3235	81	0.70	4865
3236	82	0.62	4866
3237	82	1.39	4867
3238	79	2.87	4870
3239	81	0.22	4870
3240	82	1.47	4872
3241	81	2.71	4874
3242	79	1.64	4876
3243	76	2.90	4879
3244	77	0.80	4880
3245	80	2.90	4883
3246	81	1.68	4884
3247	80	0.56	4885
3248	78	1.41	4886
3249	75	1.35	4888
3250	77	0.27	4888
3251	74	0.25	4888
3252	72	0.98	4889
3253	75	2.65	4892
3254	75	1.32	4893
3255	76	0.21	4893
3256	73	0.02	4893
3257	72	2.15	4895
3258	74	2.28	4898
3259	73	1.16	4899
3260	71	1.99	4901
3261	71	2.29	4903
3262	72	2.61	4906
3263	70	0.68	4906
3264	73	2.37	4909
3265	74	0.07	4909
3266	74	0.98	4910
3267	74	2.34	4912
3268	75	1.73	4914
3269	74	0.21	4914
3270	73	2.97	4917
3271	73	2.74	4920
3272	72	0.13	4920
3273	69	2.07	4922
3274	69	1.41	4923
3275	66	0.95	4924
3276	68	1.87	4926
3277	67	1.99	4928
3278	70	0.54	4929
3279	73	0.94	4930
3280	74	0.97	4931
3281	77	0.59	4931
3282	79	0.30	4932
3283	78	2.21	4934
3284	80	1.70	4935
3285	81	2.47	4938
3286	82	2.28	4940
3287	83	0.78	4941
3288	85	2.37	4943
3289	88	0.43	4944
3290	87	2.35	4946
3291	85	1.33	4947
3292	87	0.21	4948
3293	89	0.84	4949
3294	86	1.18	4950
3295	88	1.99	4952
3296	85	0.24	4952
3297	87	2.10	4954
3298	84	2.82	4957
3299	81	1.66	4959
3300	80	1.66	4960
3301	83	1.80	4962
3302	82	2.93	4965
3303	79	2.37	4967
3304	76	1.40	4969
3305	78	1.50	4970
3306	79	2.88	4973
3307	82	0.37	4973
3308	80	2.12	4976
3309	80	1.38	4977
3310	81	1.40	4978
3311	84	0.43	4979
3312	86	1.62	4980
3313	88	1.73	4982
3314	89	0.02	4982
3315	92	2.71	4985
3316	90	1.81	4987
3317	93	2.47	4989
3318	96	0.19	4989
3319	98	1.46	4991
3320	98	2.63	4993
3321	101	1.44	4995
3322	98	0.19	4995
3323	96	2.30	4997
3324	97	2.15	4999
3325	95	1.14	5001
3326	96	0.05	5001
3327	97	2.65	5003
3328	96	1.13	5004
3329	99	2.43	5007
3330	98	0.55	5007
3331	101	1.51	5009
3332	99	2.57	5012
3333	98	1.30	5013
3334	99	2.57	5015
3335	100	1.32	5017
3336	99	2.19	5019
3337	97	2.43	5021
3338	97	0.63	5022
3339	94	1.51	5023
3340	91	2.67	5026
3341	94	0.70	5027
3342	96	0.58	5027
3343	98	2.05	5029
3344	100	2.05	5032
3345	98	0.63	5032
3346	97	2.31	5034
3347	95	2.87	5037
3348	92	1.14	5038
3349	90	1.24	5040
3350	90	2.07	5042
3351	88	2.74	5045
3352	86	1.27	5046
3353	89	0.71	5046
3354	89	1.06	5048
3355	92	1.73	5049
3356	93	0.83	5050
3357	90	1.87	5052
