1	125	94.9375399451	7	7
2	120	94.9549601346	2	9
3	117	95.0483638996	3	12
4	115	95.0481368096	0	12
5	118	94.9903182858	2	14
6	123	95.0272374591	6	20
7	118	94.9898558597	0	20
8	121	94.9659368694	1	21
9	125	94.9159232983	1	22
10	130	94.841880159	2	24
11	134	94.779757028	6	30
12	136	94.7139639507	4	34
13	131	94.7034144783	6	40
14	134	94.7294732808	6	46
15	139	94.7304371117	2	48
16	144	94.7845806275	4	52
17	140	94.7578337489	3	55
18	143	94.8186344369	1	56
19	141	94.7850506258	1	57
20	139	94.7187885048	6	63
21	143	94.7394095628	6	69
22	146	94.814826982	5	74
23	145	94.8460380277	0	74
24	145	94.8029703772	1	75
25	145	94.901850968	6	81
26	142	94.9014586059	6	87
27	143	94.8785263529	4	91
28	148	94.8054249015	1	92
29	153	94.7122859662	2	94
30	150	94.7989421244	4	98
31	145	94.8982828539	3	101
32	141	94.8296187782	2	103
33	144	94.8224071795	1	104
34	144	94.7574746323	5	109
35	145	94.7999891528	3	112
36	150	94.8991446807	6	118
37	151	94.820599001	5	123
38	149	94.8007566662	4	127
39	154	94.8417729888	7	134
40	159	94.8509687678	1	135
41	156	94.82676992	0	135
42	161	94.7966024929	6	141
43	157	94.8116000168	1	142
44	162	94.7829367242	7	149
45	163	94.7798720855	0	149
46	167	94.7751091023	5	154
47	167	94.6925693829	6	160
48	163	94.7416966455	3	163
49	165	94.6664024609	6	169
50	166	94.570529109	5	174
51	165	94.629633222	6	180
52	166	94.6472720928	1	181
53	163	94.6009133093	4	185
54	161	94.6972560428	2	187
55	162	94.7874251525	0	187
56	158	94.8164547367	1	188
57	160	94.8040011563	5	193
58	159	94.8175688643	7	200
59	159	94.7915064103	6	206
60	157	94.7991129362	7	213
61	161	94.71646701	3	216
62	161	94.632376581	5	221
63	159	94.6880535628	3	224
64	156	94.6884277849	1	225
65	160	94.752188969	5	230
66	164	94.8515482811	0	230
67	162	94.9212848522	0	230
68	161	94.9721353947	6	236
69	161	95.033882728	5	241
70	165	95.1206271784	2	243
71	161	95.1118015688	2	245
72	165	95.1404965598	7	252
73	169	95.2382949147	2	254
74	165	95.2802203461	0	254
75	164	95.2929449196	7	261
76	165	95.3398137371	4	265
77	166	95.2654158325	3	268
78	167	95.1905550792	6	274
79	163	95.2666567908	7	281
80	168	95.3089998851	3	284
81	163	95.21549641	7	291
82	159	95.123513491	1	292
83	157	95.0593116142	5	297
84	157	95.0264739913	5	302
85	154	95.0775856183	1	303
86	157	95.0310112539	0	303
87	155	95.0257923602	7	310
88	154	94.9833968281	3	313
89	155	95.0560695654	2	315
90	157	95.1202308867	7	322
91	159	95.0845430555	4	326
92	160	95.0360061431	6	332
93	165	95.0523293437	7	339
94	170	95.0952153505	7	346
95	168	95.1714607206	4	350
96	163	95.1949827382	7	357
97	160	95.153445326	4	361
98	161	95.1996586851	2	363
99	165	95.2517563664	7	370
100	160	95.2521185058	3	373
101	157	95.2626630245	3	376
102	158	95.2163476785	2	378
103	163	95.1209867976	3	381
104	165	95.1410684033	7	388
105	169	95.2320114406	5	393
106	164	95.1857486196	6	399
107	166	95.2336207423	6	405
108	170	95.2842115694	6	411
109	174	95.2943584831	1	412
110	173	95.3866045356	1	413
111	172	95.3869777979	1	414
112	173	95.4208622371	2	416
113	177	95.4934182065	0	416
114	176	95.5250882435	4	420
115	181	95.5190288195	5	425
116	184	95.5522166969	5	430
117	180	95.5288273222	6	436
118	175	95.4715308243	1	437
119	180	95.3776290016	1	438
120	178	95.2914177161	7	445
121	181	95.2293902493	4	449
122	186	95.1739565463	7	456
123	184	95.2090149991	6	462
124	186	95.1340420082	2	464
125	185	95.1527061722	6	470
126	184	95.1383808664	2	472
127	188	95.2363491973	1	473
128	190	95.2539718906	6	479
129	187	95.2009720424	5	484
130	190	95.2443820446	7	491
131	194	95.3129736903	7	498
132	198	95.3226582871	2	500
133	198	95.4153673484	2	502
134	200	95.3930554032	0	502
135	200	95.3713137947	6	508
136	197	95.4630877424	0	508
137	200	95.548304959	4	512
138	196	95.5854651913	0	512
139	192	95.6530194752	7	519
140	190	95.7058293648	5	524
141	191	95.8020771697	1	525
142	195	95.7309175647	5	530
143	190	95.738839036	4	534
144	189	95.7340138972	5	539
145	184	95.6954579768	3	542
146	183	95.7872570662	2	544
147	178	95.7820257525	1	545
148	181	95.7747634485	0	545
149	177	95.7545675165	7	552
150	175	95.6677884916	2	554
151	176	95.651233551	4	558
152	180	95.5607370052	7	565
153	179	95.5205838675	5	570
154	178	95.6137172678	4	574
155	179	95.609486388	0	574
156	182	95.5240983258	0	574
157	185	95.5811731501	4	578
158	180	95.6492990936	4	582
159	179	95.6487179657	6	588
160	177	95.6577583381	3	591
161	179	95.6529305963	3	594
162	184	95.7499805904	4	598
163	183	95.748556254	6	604
164	180	95.796886573	2	606
165	181	95.8962751433	6	612
166	179	95.8796241047	1	613
167	180	95.8166605072	4	617
168	185	95.8365474904	5	622
169	190	95.795323796	4	626
170	194	95.7294043492	2	628
171	198	95.8054846238	7	635
172	196	95.8280434573	7	642
173	192	95.8537087905	1	643
174	189	95.9159512753	4	647
175	192	95.8788985019	3	650
176	187	95.8018213311	2	652
177	182	95.8793366882	7	659
178	178	95.780027366	3	662
179	180	95.7233502092	2	664
180	175	95.8128582115	0	664
181	175	95.8048466765	4	668
182	180	95.7570667771	0	668
183	175	95.7974680638	2	670
184	171	95.6988372601	1	671
185	176	95.7033208883	5	676
186	172	95.638155078	4	680
187	167	95.6868956426	3	683
188	164	95.6042832765	5	688
189	160	95.5248125026	4	692
190	164	95.5558413654	6	698
191	159	95.4785824382	6	704
192	161	95.5384030106	5	709
193	159	95.4824093983	5	714
194	163	95.5663578878	6	720
195	164	95.5028639182	2	722
196	163	95.4382008691	2	724
197	168	95.4246534127	3	727
198	166	95.5113798196	1	728
199	161	95.430724842	7	735
200	166	95.3535505143	7	742
201	166	95.4431707271	0	742
202	168	95.4542050784	5	747
203	166	95.4009364382	2	749
204	166	95.4051081432	1	750
205	162	95.3406290274	1	751
206	159	95.3326826873	7	758
207	155	95.2353879751	6	764
208	158	95.2469069258	0	764
209	158	95.2359362602	1	765
210	154	95.3253812235	5	770
211	155	95.4058804194	3	773
212	154	95.3536249074	7	780
213	157	95.294591774	7	787
214	160	95.2576725969	6	793
215	162	95.2379167053	6	799
216	163	95.3329224072	5	804
217	164	95.3251387002	1	805
218	165	95.3225998942	5	810
219	165	95.2793382029	4	814
220	166	95.3605637394	6	820
221	163	95.365344265	7	827
222	168	95.4369768987	0	827
223	166	95.5271928074	7	834
224	166	95.5690024029	3	837
225	169	95.6281465321	3	840
226	169	95.5807205107	2	842
227	174	95.6298661109	5	847
228	170	95.6672565915	2	849
229	175	95.756479441	0	849
230	170	95.7011548982	3	852
231	167	95.7707898886	7	859
232	170	95.7960488654	6	865
233	175	95.7686815696	4	869
234	170	95.8621511895	7	876
235	165	95.9435989317	3	879
236	165	95.8609421502	5	884
237	162	95.8959676096	7	891
238	165	95.9237310596	3	894
239	160	95.8328911562	3	897
240	163	95.7736028114	7	904
241	161	95.7649620763	4	908
242	160	95.8615750089	0	908
243	160	95.9569143945	4	912
244	158	96.0135742753	4	916
245	155	95.9694564034	2	918
246	157	95.9893638239	6	924
247	152	96.0184846747	2	926
248	151	96.0373639886	7	933
249	156	95.979019213	4	937
250	161	95.9607855702	2	939
251	158	96.0362462607	3	942
252	158	96.0389908875	2	944
253	153	96.0671027082	5	949
254	155	96.0691668944	3	952
255	154	96.0312708229	3	955
256	149	96.1027951572	2	957
257	149	96.0088189112	3	960
258	152	95.9830527683	0	960
259	147	95.8943776993	6	966
260	150	95.8720640876	1	967
261	149	95.9396867665	2	969
262	145	95.8938725348	3	972
263	143	95.9197893601	1	973
264	148	95.8790574818	0	973
265	152	95.9324935682	0	973
266	154	96.0145599136	1	974
267	156	96.0799284541	4	978
268	160	96.1240695296	7	985
269	157	96.1558059824	3	988
270	157	96.2167792084	2	990
271	154	96.1326383912	6	996
272	150	96.1929936494	1	997
273	149	96.1261117787	7	1004
274	149	96.1484879846	1	1005
275	145	96.1519877494	1	1006
276	142	96.0882852268	5	1011
277	147	96.1415412379	6	1017
278	142	96.1018823684	1	1018
279	138	96.1606119395	6	1024
280	141	96.0794731185	1	1025
281	138	96.0764841625	0	1025
282	133	96.0661903722	2	1027
283	130	96.138951179	0	1027
284	126	96.2282481821	7	1034
285	129	96.2002225861	7	1041
286	127	96.2300564261	7	1048
287	124	96.2697615769	1	1049
288	121	96.3591688936	1	1050
289	119	96.3884854836	4	1054
290	115	96.4835674445	5	1059
291	111	96.3918197488	4	1063
292	109	96.4070357868	6	1069
293	105	96.3938702902	2	1071
294	104	96.4165227678	6	1077
295	109	96.4584206946	1	1078
296	111	96.4942728189	1	1079
297	107	96.5770434767	1	1080
298	104	96.4882423453	6	1086
299	100	96.4172274261	7	1093
300	101	96.4040300754	6	1099
301	104	96.3220952292	2	1101
302	99	96.2962319473	7	1108
303	96	96.3714059939	4	1112
304	101	96.2916262764	7	1119
305	99	96.1961430079	4	1123
306	95	96.1774192099	7	1130
307	90	96.2362696183	2	1132
308	85	96.3140461857	2	1134
309	88	96.3437033037	6	1140
310	92	96.305634637	1	1141
311	90	96.2130827812	3	1144
312	88	96.2174651264	5	1149
313	93	96.2713712139	7	1156
314	92	96.1844647058	2	1158
315	88	96.230695769	6	1164
316	88	96.1345714363	6	1170
317	91	96.2216903735	0	1170
318	95	96.1259988322	0	1170
319	96	96.0716365588	1	1171
320	92	96.1346529281	5	1176
321	87	96.1269999713	5	1181
322	84	96.0763510853	0	1181
323	81	95.9954041796	4	1185
324	84	95.8997985356	1	1186
325	89	95.9264951093	3	1189
326	93	95.8661652234	5	1194
327	92	95.8134785155	0	1194
328	88	95.8439501052	0	1194
329	89	95.8201027953	0	1194
330	94	95.7775576646	2	1196
331	89	95.8620208347	4	1200
332	94	95.829238712	6	1206
333	89	95.8744975698	5	1211
334	88	95.8337829862	7	1218
335	86	95.8793433449	5	1223
336	84	95.8279998	7	1230
337	82	95.7464337034	3	1233
338	81	95.6655327504	1	1234
339	79	95.6780083512	6	1240
340	84	95.6564663259	1	1241
341	79	95.6643706721	5	1246
342	82	95.57942171	4	1250
343	87	95.5152584078	5	1255
344	82	95.4550714636	1	1256
345	81	95.397238589	5	1261
346	84	95.3917703228	1	1262
347	82	95.2940115961	3	1265
348	77	95.2440306324	7	1272
349	72	95.2232306163	7	1279
350	75	95.2408837802	0	1279
351	79	95.2911301066	1	1280
352	82	95.1985055577	2	1282
353	83	95.2572214559	7	1289
354	78	95.3187616085	4	1293
355	81	95.2495039414	5	1298
356	84	95.1767379483	5	1303
357	83	95.2391638368	3	1306
358	88	95.2945896978	6	1312
359	86	95.3683416648	5	1317
360	90	95.3219039964	2	1319
361	93	95.2726113842	7	1326
362	96	95.3535974725	5	1331
363	101	95.4033184632	5	1336
364	96	95.3123658507	4	1340
365	93	95.2128937079	0	1340
366	94	95.1506104816	0	1340
367	95	95.1355960505	2	1342
368	95	95.1677519872	4	1346
369	98	95.2388125727	4	1350
370	94	95.3137702981	2	1352
371	91	95.362218521	2	1354
372	87	95.3345754962	2	1356
373	88	95.3991287672	4	1360
374	85	95.4018397977	7	1367
375	89	95.441434998	0	1367
376	92	95.4473429013	1	1368
377	91	95.3895003602	5	1373
378	89	95.3940806343	4	1377
379	93	95.3124399993	0	1377
380	90	95.3027997361	7	1384
381	94	95.3017416815	3	1387
382	92	95.3042458328	3	1390
383	89	95.2923730503	1	1391
384	94	95.2546130492	3	1394
385	94	95.3439010423	4	1398
386	96	95.2519063872	3	1401
387	91	95.1873523313	3	1404
388	94	95.1597964202	7	1411
389	97	95.2510288221	5	1416
390	95	95.3138323007	5	1421
391	96	95.3606397347	7	1428
392	99	95.2971066906	0	1428
393	96	95.3966629497	4	1432
394	95	95.4284308998	5	1437
395	91	95.5230771021	2	1439
396	96	95.4730582224	3	1442
397	99	95.4530189772	5	1447
398	101	95.3864837295	1	1448
399	97	95.3123448303	2	1450
400	96	95.3350808373	1	1451
401	92	95.2986666181	5	1456
402	97	95.3332731672	0	1456
403	98	95.2660796733	0	1456
404	95	95.303675643	2	1458
405	92	95.3373656135	3	1461
406	92	95.3461021798	1	1462
407	96	95.259652197	1	1463
408	95	95.2779101167	0	1463
409	92	95.2981820351	3	1466
410	89	95.2000508323	3	1469
411	89	95.1065432604	3	1472
412	86	95.1337716861	7	1479
413	90	95.2117925783	0	1479
414	94	95.217217305	0	1479
415	94	95.133755125	1	1480
416	93	95.1486233538	5	1485
417	92	95.229854041	1	1486
418	90	95.2810630203	5	1491
419	88	95.3562401702	5	1496
420	89	95.2864453912	7	1503
421	89	95.2005021659	0	1503
422	87	95.2167613457	5	1508
423	89	95.1181814066	7	1515
424	92	95.1439044852	4	1519
425	92	95.1887193892	1	1520
426	91	95.118548964	6	1526
427	87	95.1324072868	5	1531
428	83	95.1324109115	6	1537
429	83	95.0845691146	3	1540
430	83	95.0412609852	5	1545
431	83	94.9683040331	1	1546
432	80	95.0227083293	6	1552
433	80	95.0184689191	1	1553
434	80	95.0877964056	4	1557
435	83	95.070228362	6	1563
436	80	95.1315383406	1	1564
437	85	95.0638561957	4	1568
438	90	95.1073606887	0	1568
439	93	95.1142059822	3	1571
440	89	95.1243294697	7	1578
441	88	95.1001633915	0	1578
442	92	95.1402500308	3	1581
443	88	95.0693029219	2	1583
444	83	95.0547806356	3	1586
445	81	95.0516670444	6	1592
446	78	95.0420188961	7	1599
447	82	94.9970534026	1	1600
448	78	95.0020019032	7	1607
449	79	94.9975275164	6	1613
450	80	95.0394926462	4	1617
451	75	94.9723397502	3	1620
452	73	95.0171040405	1	1621
453	70	95.0892589381	7	1628
454	71	95.183892998	6	1634
455	70	95.1727233074	1	1635
456	74	95.2159585147	3	1638
457	75	95.1301914181	7	1645
458	71	95.1893126454	5	1650
459	68	95.1424945562	7	1657
460	64	95.1350492227	2	1659
461	62	95.1573644613	7	1666
462	64	95.1327360244	6	1672
463	68	95.0521905246	6	1678
464	65	95.0722539372	7	1685
465	63	94.9917466389	1	1686
466	58	94.9961405857	3	1689
467	56	94.9341660345	6	1695
468	61	94.9920042872	3	1698
469	65	94.9917274685	6	1704
470	62	94.9891755852	6	1710
471	63	95.0007720505	1	1711
472	60	95.091712174	0	1711
473	56	95.0426071079	2	1713
474	54	95.0075677441	7	1720
475	50	94.9860944955	2	1722
476	50	94.9703486401	1	1723
477	52	94.8970999102	7	1730
478	51	94.8580122688	0	1730
479	50	94.7712472078	2	1732
480	53	94.7462397052	5	1737
481	57	94.7416567459	3	1740
482	55	94.6556881108	7	1747
483	52	94.7180331198	7	1754
484	54	94.6422430525	2	1756
485	56	94.5445586798	7	1763
486	56	94.6174715547	0	1763
487	56	94.6409493301	3	1766
488	55	94.6792566656	1	1767
489	50	94.6114327177	2	1769
490	53	94.616793495	0	1769
491	56	94.6579762473	3	1772
492	56	94.60008488	6	1778
493	56	94.6732724082	1	1779
494	53	94.7184999678	4	1783
495	57	94.7849442212	2	1785
496	60	94.7933367662	5	1790
497	62	94.8076506577	2	1792
498	57	94.897145346	6	1798
499	59	94.9020461476	7	1805
500	60	94.9242377148	5	1810
501	55	94.8445058099	5	1815
502	59	94.8603585088	1	1816
503	55	94.8869426585	6	1822
504	58	94.8688006357	7	1829
505	63	94.7691970944	2	1831
506	65	94.7119119686	1	1832
507	67	94.6748687437	3	1835
508	68	94.7388283084	5	1840
509	71	94.6912496982	1	1841
510	76	94.6567738361	4	1845
511	81	94.5705965358	4	1849
512	81	94.5170107504	4	1853
513	79	94.5512199685	7	1860
514	84	94.6507667814	2	1862
515	87	94.6483508406	4	1866
516	92	94.5762182262	0	1866
517	87	94.5652813784	1	1867
518	86	94.4941001593	2	1869
519	88	94.5616984446	6	1875
520	91	94.5725008027	5	1880
521	88	94.5256998167	6	1886
522	88	94.5917926264	1	1887
523	85	94.5922371913	3	1890
524	88	94.5128621727	2	1892
525	87	94.4314870615	5	1897
526	90	94.4845361563	3	1900
527	90	94.4271636193	1	1901
528	88	94.494416867	3	1904
529	85	94.4454779046	7	1911
530	84	94.3813844099	2	1913
531	82	94.3944029858	2	1915
532	79	94.3186085309	5	1920
533	82	94.4018650762	7	1927
534	79	94.4666589663	3	1930
535	75	94.4295299432	5	1935
536	78	94.5012487579	5	1940
537	75	94.5686075552	3	1943
538	77	94.6445794161	5	1948
539	74	94.7410674079	3	1951
540	70	94.7899094158	2	1953
541	71	94.7916312024	4	1957
542	70	94.7749857564	6	1963
543	71	94.7385933653	5	1968
544	75	94.7358715841	1	1969
545	76	94.7727950238	6	1975
546	75	94.70512496	5	1980
547	76	94.6333153275	7	1987
548	71	94.5750078448	2	1989
549	68	94.5266498619	6	1995
550	73	94.5518852695	5	2000
551	73	94.6213074287	1	2001
552	72	94.5396450816	3	2004
553	71	94.571883701	3	2007
554	72	94.5508956074	3	2010
555	71	94.650497674	4	2014
556	70	94.5577520062	5	2019
557	66	94.5702472897	6	2025
558	71	94.6134256817	2	2027
559	68	94.5946807569	1	2028
560	70	94.5139844703	7	2035
561	73	94.6097694068	1	2036
562	73	94.5561742446	5	2041
563	73	94.5284796746	1	2042
564	72	94.5596218326	0	2042
565	68	94.530491002	6	2048
566	71	94.4377174141	0	2048
567	72	94.5317148339	0	2048
568	67	94.4914124135	6	2054
569	66	94.4145320468	0	2054
570	65	94.3295465768	7	2061
571	61	94.2501674697	0	2061
572	60	94.3246278726	1	2062
573	60	94.2671511517	4	2066
574	60	94.3448037899	1	2067
575	56	94.4422652524	2	2069
576	55	94.39840437	7	2076
577	53	94.3187240228	7	2083
578	53	94.3472088169	1	2084
579	50	94.3032509144	6	2090
580	54	94.3425213787	3	2093
581	53	94.4166376095	2	2095
582	56	94.368686525	4	2099
583	52	94.3198996836	4	2103
584	50	94.2821774499	7	2110
585	52	94.3127720919	0	2110
586	55	94.2599968148	4	2114
587	55	94.2499977184	3	2117
588	50	94.3293488498	2	2119
589	54	94.3012097545	2	2121
590	59	94.2427148234	5	2126
591	62	94.3079804588	3	2129
592	67	94.390506382	6	2135
593	62	94.3244971961	0	2135
594	63	94.235435144	7	2142
595	65	94.2212712335	2	2144
596	68	94.3197102841	2	2146
597	64	94.2300061041	1	2147
598	67	94.1313599472	6	2153
599	68	94.1055670226	0	2153
600	64	94.0722809301	3	2156
601	63	94.0850113307	4	2160
602	66	94.064194969	3	2163
603	70	94.0632018695	7	2170
604	65	93.9849732693	1	2171
605	63	94.0028866142	0	2171
606	66	94.0920653143	2	2173
607	62	94.1742144391	1	2174
608	64	94.2521845343	3	2177
609	69	94.1532596783	3	2180
610	70	94.1005542492	3	2183
611	75	94.0549775793	2	2185
612	75	94.1431639729	7	2192
613	80	94.1482207032	2	2194
614	79	94.1417814856	1	2195
615	83	94.2160010257	4	2199
616	82	94.2552961983	2	2201
617	82	94.2915264196	4	2205
618	79	94.343313915	0	2205
619	81	94.253587245	7	2212
620	76	94.2123084341	2	2214
621	81	94.1325361248	0	2214
622	84	94.1336458078	1	2215
623	83	94.1752546064	7	2222
624	79	94.1564024959	7	2229
625	75	94.2346206613	7	2236
626	77	94.1991962764	1	2237
627	76	94.1938792015	3	2240
628	76	94.1395130731	4	2244
629	76	94.1440366924	0	2244
630	77	94.1660619747	2	2246
631	74	94.2465371434	4	2250
632	70	94.2223319407	6	2256
633	68	94.2518625159	0	2256
634	69	94.2313319572	5	2261
635	71	94.2188839265	5	2266
636	69	94.2307603717	3	2269
637	68	94.1362497555	1	2270
638	68	94.0396141521	0	2270
639	68	93.9931874265	3	2273
640	64	93.9239529961	5	2278
641	66	93.9218918647	4	2282
642	70	93.8428166862	4	2286
643	68	93.7763836762	0	2286
644	63	93.8143450635	0	2286
645	68	93.7191147268	5	2291
646	64	93.747313259	5	2296
647	61	93.8146734148	3	2299
648	62	93.7990564853	5	2304
649	57	93.871790839	2	2306
650	53	93.808091772	6	2312
651	52	93.7599948105	2	2314
652	55	93.7763735724	7	2321
653	55	93.8497513752	3	2324
654	55	93.7576165128	4	2328
655	52	93.8420489953	0	2328
656	53	93.8430164104	4	2332
657	50	93.9343141132	4	2336
658	50	94.0047873656	2	2338
659	50	93.9258401279	6	2344
660	53	93.9086978771	6	2350
661	54	94.0049397117	4	2354
662	58	93.9599525705	2	2356
663	57	94.0075739594	1	2357
664	56	94.0069323605	1	2358
665	52	94.0675828891	6	2364
666	53	93.9947252264	5	2369
667	50	93.9072103412	3	2372
668	50	93.9174537303	3	2375
669	54	93.9521033632	3	2378
670	55	93.8689234178	1	2379
671	60	93.8879239242	4	2383
672	64	93.8335271037	0	2383
673	59	93.8305360264	5	2388
674	56	93.8806943811	5	2393
675	59	93.7849192513	7	2400
676	63	93.8488265427	3	2403
677	60	93.7695481302	4	2407
678	65	93.6770104463	5	2412
679	69	93.6458938088	7	2419
680	74	93.5466965208	2	2421
681	78	93.4740273296	1	2422
682	73	93.547944968	3	2425
683	77	93.6059298783	6	2431
684	78	93.5480218448	0	2431
685	75	93.5639901809	2	2433
686	70	93.5134616337	1	2434
687	67	93.5536337346	7	2441
688	68	93.5545169258	0	2441
689	73	93.4635865872	0	2441
690	71	93.4261983175	0	2441
691	74	93.4667502844	6	2447
692	78	93.5465335365	4	2451
693	79	93.4665307997	7	2458
694	76	93.399245057	1	2459
695	81	93.4220684164	3	2462
696	82	93.3549256336	2	2464
697	79	93.3794069297	0	2464
698	79	93.4350520219	2	2466
699	75	93.4858377027	2	2468
700	73	93.5409695994	6	2474
701	78	93.5312002699	0	2474
702	82	93.4497715109	5	2479
703	86	93.4087557364	1	2480
704	87	93.3152425497	0	2480
705	85	93.2939995729	2	2482
706	88	93.3729666336	2	2484
707	90	93.3735009544	3	2487
708	87	93.3949201033	4	2491
709	89	93.4062904935	4	2495
710	84	93.4798922978	6	2501
711	88	93.4533970195	7	2508
712	87	93.5343133865	4	2512
713	91	93.588709654	2	2514
714	96	93.6558288235	5	2519
715	100	93.6187971584	3	2522
716	104	93.6780565341	6	2528
717	109	93.7152385072	1	2529
718	114	93.7395107783	6	2535
719	111	93.8362876474	7	2542
720	107	93.8153789344	6	2548
721	111	93.8029575246	1	2549
722	113	93.7396825878	1	2550
723	117	93.6592032635	6	2556
724	115	93.7079454847	4	2560
725	117	93.6948083166	6	2566
726	117	93.6717920556	5	2571
727	118	93.6548086234	0	2571
728	121	93.7496733625	5	2576
729	126	93.7547704723	2	2578
730	126	93.8430068902	1	2579
731	123	93.7887700915	6	2585
732	118	93.8677655162	1	2586
733	116	93.8286889731	5	2591
734	115	93.8316802993	0	2591
735	110	93.8973338514	3	2594
736	107	93.9119959248	5	2599
737	104	93.9560975693	1	2600
738	103	93.8632037028	7	2607
739	107	93.8556121805	1	2608
740	102	93.7707606987	1	2609
741	104	93.677968504	2	2611
742	102	93.766085256	3	2614
743	98	93.6982699401	0	2614
744	93	93.6421314175	4	2618
745	94	93.6299816264	1	2619
746	89	93.6876800474	3	2622
747	90	93.7065024857	0	2622
748	87	93.6714786455	3	2625
749	91	93.6487537183	7	2632
750	87	93.6852745652	0	2632
751	87	93.600668395	6	2638
752	89	93.6224984288	6	2644
753	85	93.674378987	7	2651
754	84	93.6750197597	2	2653
755	87	93.6077332442	5	2658
756	90	93.5333056851	0	2658
757	86	93.4902753368	3	2661
758	88	93.5612126571	1	2662
759	83	93.4621389224	0	2662
760	85	93.4305261762	4	2666
761	82	93.4947060609	3	2669
762	79	93.5880540449	2	2671
763	75	93.5716143354	5	2676
764	78	93.5929897298	5	2681
765	74	93.6279776488	1	2682
766	73	93.5998729593	4	2686
767	69	93.585372118	2	2688
768	74	93.6160846436	1	2689
769	75	93.5531338914	1	2690
770	72	93.4826782728	4	2694
771	77	93.49812242	5	2699
772	77	93.4658862757	4	2703
773	80	93.4762466408	6	2709
774	78	93.5374753898	5	2714
775	77	93.4514255511	5	2719
776	81	93.5106789956	1	2720
777	77	93.5904840258	5	2725
778	73	93.6667439435	5	2730
779	77	93.7460177453	0	2730
780	77	93.710420374	3	2733
781	79	93.6223297728	7	2740
782	75	93.5374674852	2	2742
783	75	93.549377542	0	2742
784	72	93.4651281773	1	2743
785	74	93.4449371801	5	2748
786	73	93.5237158583	2	2750
787	72	93.6170840612	3	2753
788	74	93.7110443247	3	2756
789	76	93.7389635391	1	2757
790	79	93.7872902899	3	2760
791	80	93.8524583126	2	2762
792	84	93.8613763652	4	2766
793	80	93.9553793695	0	2766
794	76	93.9867424546	4	2770
795	73	94.0008574966	5	2775
796	76	94.021257934	3	2778
797	76	94.105158727	0	2778
798	73	94.0224608387	0	2778
799	75	93.9756017587	6	2784
800	77	93.9181100512	6	2790
801	73	93.8469104309	0	2790
802	77	93.7787841304	4	2794
803	75	93.7749172098	7	2801
804	71	93.8337640305	5	2806
805	72	93.7627289828	4	2810
806	69	93.8584658707	2	2812
807	73	93.8141649677	1	2813
808	69	93.8704017888	0	2813
809	64	93.7959608605	6	2819
810	64	93.8927242381	5	2824
811	61	93.8581032254	2	2826
812	65	93.8798215711	5	2831
813	63	93.9339358764	1	2832
814	60	93.9999205211	5	2837
815	63	94.0820020261	4	2841
816	65	94.0981520023	2	2843
817	62	94.0835238408	4	2847
818	61	94.0480764753	7	2854
819	65	93.9737562076	3	2857
820	65	93.9118088555	6	2863
821	68	93.9628138612	5	2868
822	68	94.0570596416	7	2875
823	70	94.0893513437	3	2878
824	67	94.1652669271	3	2881
825	65	94.1734468732	0	2881
826	64	94.0799023944	7	2888
827	60	94.0208934064	7	2895
828	56	93.9922677368	2	2897
829	57	93.909159815	1	2898
830	58	93.8923497958	7	2905
831	57	93.9322244808	6	2911
832	53	93.9161378985	0	2911
833	55	94.0095189057	7	2918
834	56	93.9344822432	3	2921
835	54	93.9605221638	6	2927
836	58	94.0532768912	4	2931
837	55	94.0218612438	0	2931
838	59	94.0472937088	5	2936
839	57	94.1397106185	1	2937
840	57	94.0889829014	4	2941
841	61	94.0867074508	5	2946
842	64	94.1520943448	2	2948
843	66	94.2320374169	5	2953
844	67	94.1785891892	1	2954
845	62	94.1026985599	6	2960
846	67	94.0304876694	5	2965
847	65	94.0750502315	7	2972
848	66	94.0157452321	4	2976
849	61	94.0095948295	0	2976
850	59	94.0012567714	2	2978
851	59	93.9682709158	3	2981
852	58	93.9284201015	1	2982
853	63	93.849735979	0	2982
854	66	93.8751064442	4	2986
855	67	93.8523850473	5	2991
856	62	93.8764771032	5	2996
857	65	93.8666884002	4	3000
858	66	93.8155575255	0	3000
859	61	93.7852845942	1	3001
860	59	93.8232812189	4	3005
861	54	93.8599819709	2	3007
862	50	93.8661981974	6	3013
863	50	93.8238146396	7	3020
864	50	93.7642501572	0	3020
865	50	93.6803777741	5	3025
866	52	93.6484390296	2	3027
867	52	93.6941497378	3	3030
868	50	93.6321980217	2	3032
869	51	93.6614932512	4	3036
870	52	93.6773566377	0	3036
871	53	93.6810276725	2	3038
872	51	93.6240884645	0	3038
873	51	93.5852361698	5	3043
874	56	93.570550631	5	3048
875	52	93.5234661752	0	3048
876	56	93.5293188579	6	3054
877	55	93.6070482662	6	3060
878	54	93.6354601694	4	3064
879	53	93.6616054234	6	3070
880	54	93.6840351269	3	3073
881	50	93.5905208311	2	3075
882	51	93.6470332027	2	3077
883	50	93.5570109277	7	3084
884	50	93.6029589009	6	3090
885	54	93.5598705791	1	3091
886	53	93.5106077605	6	3097
887	54	93.4932339986	6	3103
888	51	93.3999236139	7	3110
889	50	93.3104919685	3	3113
890	50	93.2239254113	1	3114
891	51	93.1911877201	4	3118
892	54	93.1691575062	5	3123
893	56	93.2243386193	6	3129
894	58	93.1864055673	4	3133
895	53	93.1928519299	6	3139
896	56	93.1946094455	0	3139
897	60	93.2143862592	4	3143
898	60	93.2180596694	3	3146
899	60	93.2589549638	4	3150
900	65	93.2911845752	3	3153
901	67	93.3030958827	0	3153
902	67	93.2094943718	4	3157
903	71	93.2277114901	6	3163
904	75	93.2891216937	3	3166
905	73	93.3104443932	4	3170
906	73	93.3461664959	7	3177
907	76	93.2676260325	0	3177
908	72	93.1833048776	6	3183
909	73	93.2120048021	3	3186
910	70	93.2687017436	0	3186
911	72	93.352570936	1	3187
912	77	93.4082481154	7	3194
913	72	93.5046727351	0	3194
914	71	93.5705140948	4	3198
915	71	93.6291294425	2	3200
916	73	93.7066455556	4	3204
917	78	93.7439264567	5	3209
918	75	93.7186150983	6	3215
919	80	93.814136191	3	3218
920	80	93.8598072057	1	3219
921	77	93.867019875	7	3226
922	77	93.9623834251	1	3227
923	80	93.948832931	1	3228
924	79	93.9368108902	3	3231
925	74	93.9032223676	3	3234
926	72	93.9872221411	4	3238
927	77	93.9590734711	6	3244
928	78	93.8592064236	5	3249
929	77	93.7658983153	7	3256
930	72	93.6714437491	1	3257
931	72	93.7094719573	6	3263
932	76	93.6822247831	4	3267
933	75	93.6420635379	5	3272
934	71	93.5957494875	6	3278
935	70	93.5984038989	7	3285
936	67	93.5279607368	7	3292
937	66	93.5270139456	1	3293
938	67	93.6243172081	7	3300
939	71	93.7139894255	7	3307
940	73	93.7185175477	4	3311
941	76	93.7815803343	4	3315
942	71	93.7293810036	1	3316
943	73	93.653130218	4	3320
944	78	93.7121814781	0	3320
945	73	93.643284422	7	3327
946	73	93.543937603	2	3329
947	70	93.5177674768	4	3333
948	65	93.4295730922	6	3339
949	64	93.4601032617	6	3345
950	65	93.372459666	3	3348
951	69	93.3407865362	4	3352
952	67	93.4256889902	1	3353
953	67	93.3273133473	3	3356
954	63	93.4148466394	3	3359
955	61	93.3734587178	2	3361
956	62	93.4239613799	0	3361
957	58	93.4164375703	6	3367
958	56	93.5084816955	7	3374
959	57	93.4379631601	3	3377
960	56	93.3639046308	3	3380
961	60	93.3076012673	6	3386
962	60	93.2429529467	2	3388
963	60	93.2578620691	3	3391
964	56	93.2518724745	2	3393
965	53	93.1752608606	5	3398
966	58	93.1333139353	5	3403
967	54	93.0603108044	5	3408
968	50	92.969200396	4	3412
969	50	92.9147151825	5	3417
970	52	92.971377476	0	3417
971	54	93.0632709054	6	3423
972	55	93.0857666027	6	3429
973	54	93.1780946446	2	3431
974	56	93.1714921617	0	3431
975	58	93.2303391899	7	3438
976	57	93.2427291113	1	3439
977	61	93.2063445205	0	3439
978	62	93.2816201241	7	3446
979	67	93.2051232093	4	3450
980	71	93.2718452625	4	3454
981	73	93.3085824579	1	3455
982	71	93.2416582426	1	3456
983	67	93.1856556228	1	3457
984	63	93.1544064403	6	3463
985	65	93.0780472497	5	3468
986	61	93.1599823551	5	3473
987	64	93.210422303	1	3474
988	68	93.1957954734	7	3481
989	72	93.1037404117	3	3484
990	76	93.1069561995	5	3489
991	77	93.0463060502	3	3492
992	74	92.9836457915	4	3496
993	76	92.9760066151	2	3498
994	74	93.0232139074	2	3500
995	77	92.9919836191	0	3500
996	77	92.9618026138	2	3502
997	73	92.9692414676	1	3503
998	70	93.0618015325	3	3506
999	72	93.111052884	3	3509
1000	72	93.1173191111	6	3515
1001	72	93.1580097558	2	3517
1002	67	93.0602827108	7	3524
1003	67	93.0107730065	2	3526
1004	68	92.9442932675	0	3526
1005	64	92.9665435646	5	3531
1006	69	93.0330504736	6	3537
1007	69	93.0606027157	7	3544
1008	71	93.1496413784	3	3547
1009	70	93.11940513	4	3551
1010	73	93.1034794986	2	3553
1011	74	93.0258373501	2	3555
1012	79	93.0032090403	6	3561
1013	82	93.1019628071	3	3564
1014	79	93.023847494	0	3564
1015	76	92.9314082743	3	3567
1016	72	92.9082241656	0	3567
1017	72	92.9314524914	1	3568
1018	75	92.8448075074	1	3569
1019	73	92.8396981109	3	3572
1020	69	92.8385831495	3	3575
1021	73	92.8249759723	3	3578
1022	77	92.8452952569	4	3582
1023	75	92.7822573835	7	3589
1024	74	92.731277058	2	3591
1025	72	92.7332089652	1	3592
1026	69	92.7610542506	3	3595
1027	70	92.6951344873	0	3595
1028	72	92.7038540812	4	3599
1029	72	92.6834499364	3	3602
1030	75	92.6329190758	0	3602
1031	73	92.6295204125	6	3608
1032	78	92.7004583187	5	3613
1033	76	92.6766513817	0	3613
1034	71	92.5918891452	2	3615
1035	75	92.5684792415	7	3622
1036	71	92.6350071898	4	3626
1037	70	92.5746795647	2	3628
1038	72	92.5460315501	0	3628
1039	71	92.4627832224	4	3632
1040	68	92.3730677842	5	3637
1041	72	92.3695133176	0	3637
1042	69	92.4312130628	6	3643
1043	64	92.4953663296	0	3643
1044	59	92.5372326175	0	3643
1045	64	92.5731898945	0	3643
1046	60	92.508278956	1	3644
1047	61	92.5416998006	2	3646
1048	57	92.5130208646	1	3647
1049	52	92.4549072839	4	3651
1050	50	92.3630915489	6	3657
1051	50	92.3022009443	0	3657
1052	55	92.3584757223	5	3662
1053	52	92.2641890129	1	3663
1054	50	92.2961754601	7	3670
1055	51	92.2928034929	2	3672
1056	50	92.2531061504	7	3679
1057	54	92.3359618527	7	3686
1058	55	92.4122618433	2	3688
1059	52	92.4762777522	6	3694
1060	56	92.5406030659	0	3694
1061	61	92.5994192813	7	3701
1062	66	92.6648435882	0	3701
1063	70	92.6401382806	2	3703
1064	74	92.686199198	7	3710
1065	77	92.6116870598	5	3715
1066	78	92.6214285049	3	3718
1067	82	92.7144732003	3	3721
1068	85	92.7266833764	3	3724
1069	90	92.7521322641	2	3726
1070	86	92.6714113894	0	3726
1071	89	92.6393709676	0	3726
1072	90	92.6859858129	1	3727
1073	95	92.654204405	2	3729
1074	94	92.635401209	2	3731
1075	97	92.7006505082	4	3735
1076	93	92.7716032085	5	3740
1077	95	92.8687726146	2	3742
1078	93	92.7905443583	0	3742
1079	93	92.7906742758	4	3746
1080	89	92.8267584967	7	3753
1081	86	92.794625958	5	3758
1082	87	92.7069219502	4	3762
1083	84	92.6235199935	3	3765
1084	85	92.5270153018	4	3769
1085	90	92.6244941141	6	3775
1086	93	92.7200277101	5	3780
1087	96	92.758602292	0	3780
1088	97	92.6610411901	5	3785
1089	97	92.6069083327	1	3786
1090	97	92.6124755959	3	3789
1091	102	92.5347496424	1	3790
1092	98	92.5320891478	3	3793
1093	97	92.5495423046	6	3799
1094	98	92.506610897	0	3799
1095	96	92.4414183944	4	3803
1096	94	92.4392037221	6	3809
1097	96	92.4967597884	0	3809
1098	101	92.5530459042	3	3812
1099	104	92.585482409	1	3813
1100	105	92.4985760611	5	3818
1101	103	92.5702766682	6	3824
1102	104	92.6462130653	3	3827
1103	108	92.6809982168	3	3830
1104	105	92.6987869427	4	3834
1105	100	92.7068990854	0	3834
1106	104	92.6955097064	3	3837
1107	105	92.6641680589	0	3837
1108	101	92.7144451381	0	3837
1109	102	92.7263585086	5	3842
1110	101	92.8081584127	1	3843
1111	100	92.8783914827	6	3849
1112	102	92.8737266169	3	3852
1113	107	92.9015782306	5	3857
1114	109	92.9270383672	1	3858
1115	106	93.0082280747	1	3859
1116	101	93.0919878448	2	3861
1117	102	93.073824856	3	3864
1118	98	93.1250200065	4	3868
1119	98	93.084247262	6	3874
1120	100	93.1523504416	3	3877
1121	98	93.2046537792	4	3881
1122	97	93.2786956626	0	3881
1123	97	93.3779770732	6	3887
1124	95	93.4117663561	3	3890
1125	93	93.346530134	5	3895
1126	91	93.3786555015	1	3896
1127	87	93.3742068722	5	3901
1128	90	93.4370330798	7	3908
1129	92	93.3476048668	3	3911
1130	96	93.3864554345	7	3918
1131	101	93.4108835668	7	3925
1132	102	93.3389909237	4	3929
1133	103	93.2411630116	2	3931
1134	106	93.3254279694	0	3931
1135	101	93.2684271424	5	3936
1136	98	93.1995708028	4	3940
1137	94	93.1833796035	5	3945
1138	98	93.0836499326	3	3948
1139	101	93.1172845729	1	3949
1140	102	93.1421549442	0	3949
1141	101	93.1984966094	7	3956
1142	106	93.1314225913	1	3957
1143	108	93.1400243045	3	3960
1144	104	93.1764861618	7	3967
1145	105	93.2729835898	7	3974
1146	103	93.1967298483	0	3974
1147	106	93.2605042416	3	3977
1148	101	93.1687424885	4	3981
1149	103	93.1224445759	0	3981
1150	107	93.2041901913	2	3983
1151	109	93.1822389378	3	3986
1152	107	93.2561841672	2	3988
1153	110	93.3442342513	5	3993
1154	115	93.3520706939	1	3994
1155	110	93.3028742599	1	3995
1156	114	93.2477447298	1	3996
1157	119	93.3099223062	0	3996
1158	120	93.3002784522	0	3996
1159	117	93.3176330887	2	3998
1160	120	93.3824669433	7	4005
1161	124	93.4211756143	6	4011
1162	126	93.5183814377	4	4015
1163	121	93.5791196711	1	4016
1164	125	93.6355815654	1	4017
1165	122	93.5617542247	5	4022
1166	127	93.4862948516	4	4026
1167	131	93.4544766566	1	4027
1168	126	93.5333398227	0	4027
1169	124	93.4913646329	2	4029
1170	128	93.5774747122	7	4036
1171	131	93.6312126268	1	4037
1172	127	93.6762463707	0	4037
1173	126	93.6307040816	6	4043
1174	127	93.5628226146	6	4049
1175	125	93.5813143146	6	4055
1176	128	93.5709760279	6	4061
1177	132	93.5940605691	3	4064
1178	133	93.6418565777	6	4070
1179	130	93.5831568362	6	4076
1180	130	93.4945605763	4	4080
1181	132	93.4220979249	1	4081
1182	137	93.4129777027	4	4085
1183	135	93.4728928803	7	4092
1184	131	93.4723935393	6	4098
1185	131	93.507294645	2	4100
1186	132	93.5125594411	7	4107
1187	135	93.5931929012	1	4108
1188	131	93.5029082023	3	4111
1189	128	93.5192049983	1	4112
1190	131	93.5315984746	1	4113
1191	126	93.593274432	2	4115
1192	129	93.6403257104	3	4118
1193	130	93.646845594	1	4119
1194	132	93.6110207368	5	4124
1195	129	93.664232542	5	4129
1196	130	93.6803129027	7	4136
1197	135	93.6103353395	0	4136
1198	130	93.6860470773	5	4141
1199	129	93.760396825	6	4147
1200	124	93.7905295868	7	4154
1201	120	93.8238958888	6	4160
1202	116	93.8609033151	6	4166
1203	115	93.8636025501	1	4167
1204	113	93.8474303269	1	4168
1205	110	93.8214404977	2	4170
1206	108	93.8282028993	6	4176
1207	105	93.8897390326	6	4182
1208	101	93.9123265563	6	4188
1209	104	93.8447862687	7	4195
1210	108	93.8304121796	1	4196
1211	110	93.7687948307	6	4202
1212	106	93.768867033	2	4204
1213	105	93.6948534201	0	4204
1214	100	93.7067022061	3	4207
1215	96	93.7025671872	3	4210
1216	101	93.6637550368	3	4213
1217	98	93.5985844346	4	4217
1218	103	93.6831347519	7	4224
1219	101	93.5867941038	2	4226
1220	99	93.6238098453	2	4228
1221	94	93.5644126544	1	4229
1222	94	93.4904694649	5	4234
1223	89	93.4930342666	2	4236
1224	87	93.481933959	1	4237
1225	88	93.4160742741	0	4237
1226	88	93.4710041589	4	4241
1227	88	93.4334120238	2	4243
1228	86	93.343297676	7	4250
1229	90	93.3185691001	0	4250
1230	95	93.3762576051	6	4256
1231	96	93.3931514074	7	4263
1232	93	93.4672672065	2	4265
1233	91	93.5310901385	1	4266
1234	94	93.5784178219	4	4270
1235	93	93.5320955603	7	4277
1236	91	93.6007136753	5	4282
1237	96	93.5994932527	3	4285
1238	92	93.5599512023	6	4291
1239	89	93.5865666684	3	4294
1240	86	93.6108844522	5	4299
1241	81	93.6559721166	7	4306
1242	76	93.6802002746	6	4312
1243	79	93.7768519252	3	4315
1244	77	93.7234961699	6	4321
1245	77	93.8129688087	3	4324
1246	76	93.831112481	4	4328
1247	77	93.7740436929	4	4332
1248	74	93.7945415756	4	4336
1249	79	93.8806809014	6	4342
1250	78	93.898889431	5	4347
1251	75	93.9676614742	5	4352
1252	77	94.0662379601	2	4354
1253	72	94.1216405634	1	4355
1254	69	94.1428964168	0	4355
1255	65	94.1254964209	6	4361
1256	61	94.2036700409	7	4368
1257	57	94.1060548138	3	4371
1258	61	94.165949901	7	4378
1259	59	94.2295500727	7	4385
1260	54	94.1901406128	2	4387
1261	51	94.2475264515	0	4387
1262	55	94.2802395836	1	4388
1263	56	94.218918377	3	4391
1264	54	94.1442517549	7	4398
1265	52	94.2132918863	5	4403
1266	57	94.2281127459	7	4410
1267	56	94.2237845685	6	4416
1268	60	94.2638115842	3	4419
1269	61	94.1785634667	7	4426
1270	64	94.2257119911	4	4430
1271	59	94.2344254879	7	4437
1272	59	94.3242815724	5	4442
1273	61	94.3512563299	3	4445
1274	59	94.4257758771	5	4450
1275	63	94.485136503	2	4452
1276	63	94.5723553961	1	4453
1277	68	94.5873106692	1	4454
1278	65	94.6654942186	5	4459
1279	67	94.6766983386	5	4464
1280	68	94.6137264956	1	4465
1281	67	94.6492811093	0	4465
1282	66	94.7286729237	4	4469
1283	69	94.6908064909	5	4474
1284	74	94.6697583841	0	4474
1285	76	94.5781157134	5	4479
1286	74	94.6342255384	7	4486
1287	78	94.5870271574	7	4493
1288	80	94.6746736742	0	4493
1289	75	94.6658566306	1	4494
1290	80	94.6372467467	3	4497
1291	80	94.5376918088	6	4503
1292	79	94.4608931484	0	4503
1293	75	94.4196418925	3	4506
1294	75	94.4623851603	3	4509
1295	73	94.3915103941	6	4515
1296	74	94.3113367415	2	4517
1297	72	94.2730384097	3	4520
1298	76	94.2886834343	1	4521
1299	77	94.24565092	2	4523
1300	81	94.2400268306	0	4523
1301	83	94.1513069142	1	4524
1302	83	94.2150753493	3	4527
1303	85	94.3077454598	7	4534
1304	81	94.2359833158	2	4536
1305	85	94.2429190445	0	4536
1306	87	94.2696926528	2	4538
1307	90	94.334331245	5	4543
1308	94	94.2393775418	4	4547
1309	98	94.2047606843	0	4547
1310	100	94.152186285	6	4553
1311	105	94.2134293817	7	4560
1312	109	94.2333499484	0	4560
1313	109	94.3271841465	6	4566
1314	108	94.2796588267	0	4566
1315	104	94.3459327594	6	4572
1316	103	94.2992059948	0	4572
1317	103	94.2441759957	2	4574
1318	103	94.3410243247	3	4577
1319	102	94.2463246652	2	4579
1320	100	94.2909813737	1	4580
1321	99	94.3801992353	7	4587
1322	103	94.3095376285	2	4589
1323	105	94.2745588143	7	4596
