1	129	1	95.0369250361
2	125	5	94.9513272542
3	122	8	94.9022927483
4	127	10	94.8065661222
5	126	13	94.732463812
6	130	14	94.7846266808
7	125	17	94.7216627561
8	123	20	94.7143696764
9	126	25	94.7266197853
10	124	32	94.6937162115
11	121	38	94.6711470248
12	121	44	94.6188920183
13	123	50	94.5486671893
14	120	53	94.4719221871
15	116	57	94.401540086
16	121	64	94.3261245651
17	117	69	94.3419784532
18	113	70	94.3133763481
19	118	72	94.4005561405
20	114	75	94.4729783416
21	110	79	94.4927954761
22	108	83	94.5628944694
23	111	88	94.6026256553
24	115	95	94.5297532743
25	111	102	94.4524015213
26	115	106	94.4412009211
27	115	107	94.5163845333
28	110	111	94.514515823
29	111	118	94.5359706804
30	106	121	94.5863182482
31	109	125	94.5652286952
32	104	125	94.6108118114
33	99	130	94.5252451835
34	99	135	94.5519307528
35	103	140	94.5955585946
36	103	144	94.6865401939
37	98	149	94.7195238815
38	96	149	94.7717366785
39	94	151	94.8300965028
40	93	158	94.9183128417
41	98	165	95.0104315196
42	94	170	95.1027256688
43	94	175	95.162860647
44	90	175	95.0630529969
45	86	176	95.0192323008
46	83	182	94.9481802356
47	86	183	95.0236956666
48	84	186	94.9808140786
49	89	188	94.983900965
50	92	190	95.0398515614
51	89	192	94.9802272088
52	92	192	94.8826373671
53	97	195	94.942657469
54	100	199	94.8832601103
55	101	206	94.8030284361
56	100	213	94.7253831039
57	105	215	94.8143749619
58	100	221	94.8594204626
59	105	223	94.8078333638
60	100	230	94.748032074
61	105	233	94.7266291435
62	110	234	94.733739099
63	113	234	94.6855618012
64	109	241	94.7688238499
65	109	243	94.6694672508
66	105	243	94.5768613592
67	105	247	94.5732945753
68	102	253	94.5075321811
69	106	256	94.5236432628
70	109	262	94.5103466297
71	109	268	94.586250476
72	113	271	94.6261049653
73	115	273	94.5393083822
74	118	276	94.5784107667
75	113	279	94.6195153945
76	116	280	94.6746039418
77	118	280	94.6318561009
78	121	286	94.5638024223
79	118	286	94.4903040889
80	122	286	94.4635610759
81	126	288	94.3753536313
82	128	288	94.3396993869
83	128	294	94.3387632427
84	124	297	94.2835155345
85	129	301	94.2539093589
86	133	301	94.2894089979
87	132	302	94.2924148636
88	136	302	94.2324786974
89	131	307	94.1846263576
90	131	307	94.2377093505
91	135	307	94.3003973234
92	137	310	94.3473015335
93	132	312	94.3999229105
94	130	314	94.4033060523
95	125	319	94.4784314401
96	120	319	94.4353513848
97	124	320	94.5056600639
98	121	320	94.4318242553
99	122	327	94.3603868875
100	117	332	94.3147471342
101	121	337	94.288011527
102	122	344	94.2212550381
103	126	347	94.1283491256
104	127	349	94.2148571916
105	132	354	94.3034749758
106	127	355	94.2647079901
107	131	358	94.2974557533
108	136	359	94.3706026009
109	131	362	94.3971339617
110	135	362	94.4527412069
111	139	365	94.5348369031
112	140	370	94.5215572402
113	145	375	94.5291130498
114	146	376	94.5827399913
115	149	376	94.5413672796
116	146	379	94.4493983374
117	143	385	94.4561286457
118	138	392	94.4014213032
119	134	398	94.4986468387
120	131	400	94.502667132
121	133	406	94.4176922559
122	134	409	94.34291077
123	132	411	94.3798465562
124	131	417	94.4706035908
125	129	417	94.4039320438
126	127	421	94.4726321968
127	126	425	94.4415577395
128	121	432	94.5200509189
129	116	433	94.5559582312
130	111	437	94.4842537726
131	111	444	94.3879895905
132	111	451	94.4071419171
133	106	455	94.4847661388
134	109	458	94.3866596724
135	114	459	94.2911229653
136	116	464	94.259473123
137	121	470	94.1967251383
138	124	475	94.1345127955
139	129	477	94.1229837556
140	128	484	94.1125557091
141	131	491	94.0283820265
142	133	497	94.0757607046
143	133	501	94.0880012692
144	129	508	94.1413128032
145	127	510	94.1503112538
146	127	516	94.1971972741
147	129	516	94.2558708668
148	131	517	94.3434895122
149	136	524	94.2856801557
150	139	527	94.1989632475
151	134	531	94.1119548941
152	131	538	94.014184679
153	132	542	94.0318444923
154	134	549	93.9890747187
155	132	553	93.970229277
156	133	556	93.9995767887
157	136	556	94.0779423849
158	139	562	94.0799189671
159	142	564	94.0442441892
160	145	569	94.053912972
161	145	571	93.9809996963
162	147	571	94.0748334521
163	152	574	94.122891004
164	148	576	94.1287011257
165	151	583	94.1446536956
166	150	585	94.1846798491
167	151	590	94.0877205597
168	155	596	94.0373906046
169	151	603	94.025602061
170	156	610	93.974887689
171	152	610	93.9997815989
172	155	610	93.9112767671
173	160	611	93.8280491393
174	165	614	93.7293854231
175	161	618	93.640157775
176	161	619	93.6651831383
177	157	626	93.6465869548
178	156	627	93.6170326888
179	160	632	93.5865069518
180	159	639	93.5981516828
181	161	642	93.5606379572
182	156	644	93.543653001
183	160	649	93.5346236352
184	160	654	93.5888899305
185	155	657	93.6460933505
186	153	659	93.5919074059
187	157	663	93.547352336
188	153	666	93.5054402946
189	156	673	93.485284058
190	160	679	93.4701655053
191	165	685	93.5222371734
192	164	685	93.4667444732
193	161	688	93.5244297449
194	164	689	93.5097045964
195	169	696	93.6070983222
196	170	698	93.6234430664
197	174	698	93.5914919209
198	170	703	93.5001198159
199	170	704	93.4793797642
200	171	704	93.5007145669
201	173	704	93.5567063482
202	169	707	93.5689934309
203	174	711	93.6343567627
204	178	716	93.6805364304
205	177	716	93.6949855693
206	180	720	93.7260564246
207	178	720	93.6352517642
208	181	727	93.625973543
209	182	733	93.6539173122
210	180	738	93.5885311431
211	179	740	93.5548708864
212	174	747	93.4739553141
213	179	750	93.5673021587
214	179	750	93.5673889767
215	179	757	93.6267069486
216	177	764	93.6114759601
217	176	771	93.6846520138
218	177	772	93.6278534931
219	172	778	93.6324825978
220	176	781	93.5542447437
221	176	784	93.497927504
222	181	789	93.5168558173
223	185	789	93.434380459
224	183	791	93.4355231271
225	187	793	93.3975535539
226	186	799	93.302844251
227	190	799	93.3870431767
228	185	804	93.451893669
229	182	811	93.4587700585
230	186	816	93.5554726525
231	189	821	93.4767590562
232	192	827	93.4754251783
233	189	828	93.4002657382
234	186	829	93.3489055869
235	185	835	93.2591343502
236	185	839	93.3349517577
237	189	846	93.3730436182
238	190	853	93.320691619
239	186	855	93.3575601169
240	187	862	93.4461945791
241	184	866	93.3789737842
242	189	866	93.4124274107
243	184	867	93.3367349174
244	184	867	93.3082037814
245	185	868	93.336053066
246	183	874	93.3003308223
247	185	881	93.308077222
248	188	885	93.3265041776
249	187	887	93.3088483118
250	192	893	93.3874820943
251	191	898	93.4271579849
252	192	899	93.4889849983
253	195	905	93.4153564246
254	197	905	93.5009943172
255	197	912	93.4878591397
256	196	917	93.5519360128
257	191	924	93.6226824872
258	191	928	93.6777964072
259	191	929	93.7541388295
260	193	931	93.6931391268
261	195	933	93.7529986196
262	199	933	93.7495439872
263	200	938	93.6625340535
264	200	943	93.5661635608
265	200	947	93.6209349308
266	200	951	93.6346198327
267	199	954	93.6642025454
268	198	954	93.7356820023
269	197	958	93.812371689
270	197	958	93.8241603931
271	198	961	93.915783282
272	196	961	93.8898489824
273	192	963	93.9425985661
274	195	966	93.9871650428
275	200	969	94.005428307
276	196	976	93.9862634912
277	196	981	93.9274004954
278	200	988	93.8670272525
279	195	989	93.8603860303
280	197	989	93.8917765066
281	200	992	93.8986309388
282	195	998	93.9842038289
283	194	1003	94.0456248334
284	197	1004	94.0082369852
285	198	1009	93.966566867
286	200	1013	94.040627923
287	200	1018	94.1242225406
288	197	1019	94.1568827654
289	199	1023	94.1004657867
290	200	1028	94.1293006238
291	195	1031	94.1618698847
292	198	1032	94.2584092152
293	200	1035	94.2112780128
294	200	1035	94.271105109
295	200	1037	94.1769693977
296	200	1042	94.1743369597
297	197	1046	94.2108485209
298	193	1052	94.2649439518
299	196	1054	94.2400920527
300	192	1060	94.3103581683
301	189	1062	94.331859832
302	190	1064	94.2893256252
303	194	1068	94.2923289684
304	189	1072	94.3588512081
305	186	1072	94.455103542
306	190	1078	94.5257522296
307	191	1084	94.4760038106
308	186	1084	94.4732118262
309	185	1086	94.5507275573
310	180	1093	94.4998135904
311	177	1097	94.4037448923
312	174	1103	94.3904669366
313	173	1103	94.3626679192
314	168	1104	94.3670200117
315	173	1107	94.3995441429
316	172	1114	94.3851112037
317	171	1119	94.4616304969
318	170	1125	94.3806265952
319	167	1126	94.4433949521
320	171	1127	94.356581034
321	169	1129	94.3211533288
322	166	1131	94.2677277657
323	166	1135	94.2307886204
324	171	1139	94.2164924534
325	168	1144	94.2089759939
326	167	1148	94.156319848
327	162	1149	94.1105058318
328	161	1150	94.1094456529
329	156	1150	94.014620066
330	160	1153	93.9280107561
331	162	1155	93.8979533365
332	158	1158	93.9573360359
333	163	1165	93.9560948766
334	162	1169	93.9099306569
335	160	1175	93.9189561427
336	161	1179	93.9038126325
337	159	1186	93.9243053701
338	161	1190	93.955169913
339	163	1195	93.9684840204
340	158	1197	94.0244882658
341	159	1197	94.0141018968
342	161	1199	93.9229579277
343	164	1200	93.8539029986
344	161	1202	93.9147632338
345	160	1209	93.9998887197
346	162	1209	94.0293561309
347	161	1211	93.9952755802
348	156	1217	94.0236684927
349	161	1218	94.0804533233
350	165	1222	94.1059009241
351	162	1222	94.1742877731
352	166	1226	94.1352937937
353	163	1229	94.226103756
354	161	1231	94.172596928
355	159	1238	94.134250844
356	160	1239	94.0546031695
357	156	1246	93.9841270698
358	158	1247	93.8841892172
359	154	1249	93.9625986743
360	155	1256	93.9796060573
361	150	1262	94.0209674027
362	151	1267	93.9838120262
363	154	1269	93.9509907104
364	154	1271	93.8612278955
365	150	1274	93.9473052245
366	152	1278	93.9902839375
367	153	1282	94.008581664
368	149	1288	94.0854794815
369	150	1293	94.1025973449
370	149	1300	94.1278029794
371	146	1303	94.1295732048
372	145	1303	94.1526750827
373	146	1309	94.0543527745
374	141	1312	94.0155277292
375	142	1317	94.0944194976
376	145	1324	94.0879209054
377	142	1325	94.1677887596
378	145	1326	94.1151770024
379	148	1333	94.1895455999
380	153	1335	94.220005633
381	150	1341	94.1439287929
382	149	1347	94.152857044
383	144	1353	94.0542900117
384	144	1356	94.1079369351
385	140	1356	94.0352546999
386	143	1363	94.0109961815
387	148	1370	93.9635053696
388	153	1371	93.8656636588
389	153	1373	93.8154788186
390	149	1373	93.7902569551
391	150	1380	93.7356987836
392	154	1385	93.7929330721
393	156	1389	93.7057622708
394	152	1391	93.7025383994
395	150	1398	93.7616970302
396	149	1405	93.7567356656
397	146	1407	93.6801163183
398	148	1408	93.7733583468
399	152	1413	93.7650211255
400	150	1416	93.742867162
401	155	1416	93.724312665
402	155	1416	93.7712694547
403	154	1418	93.7176187528
404	154	1421	93.7282793795
405	157	1427	93.8148801634
406	162	1432	93.75423551
407	157	1439	93.7025170197
408	161	1446	93.7244145279
409	166	1450	93.6725607056
410	164	1453	93.7608381487
411	161	1453	93.8483334176
412	163	1457	93.7710852173
413	162	1462	93.8468395122
414	162	1464	93.7671175958
415	157	1469	93.7304665519
416	154	1472	93.6438234873
417	149	1479	93.623291399
418	153	1479	93.7152683296
419	152	1485	93.6656857036
420	149	1491	93.6402831231
421	148	1492	93.7198835808
422	153	1498	93.7036448152
423	151	1500	93.6140568034
424	156	1503	93.520918226
425	156	1508	93.5098526328
426	154	1512	93.4641757629
427	159	1519	93.5243498436
428	163	1526	93.5457149289
429	163	1533	93.4871452981
430	167	1539	93.4491586098
431	165	1545	93.408796544
432	166	1545	93.4398895743
433	163	1545	93.4740982411
434	160	1549	93.4574792976
435	162	1550	93.4734144052
436	163	1554	93.5103766781
437	163	1559	93.6101100335
438	163	1563	93.6195724291
439	168	1567	93.5709687453
440	164	1573	93.6325830874
441	165	1577	93.6192598152
442	166	1582	93.6774139284
443	162	1588	93.7254719071
444	159	1591	93.8037912773
445	160	1597	93.8805422963
446	157	1601	93.7885345654
447	160	1603	93.7914368477
448	159	1609	93.8212232123
449	160	1615	93.9011960309
450	156	1621	93.8746780324
451	154	1622	93.9479530988
452	152	1629	93.9844437588
453	154	1630	94.0097108774
454	158	1634	93.9577895093
455	162	1634	94.0433115995
456	159	1634	94.0392468623
457	156	1636	93.9614841552
458	154	1639	94.0288892183
459	158	1641	93.9614951502
460	160	1641	94.0491353173
461	155	1646	94.1278824836
462	156	1652	94.0960712802
463	152	1657	94.0961134465
464	151	1660	94.0557786618
465	149	1662	94.1196022972
466	151	1663	94.0284128706
467	155	1665	94.1231466579
468	152	1672	94.0274193896
469	157	1678	93.9899080838
470	156	1681	93.9631462942
471	160	1687	94.0098506997
472	159	1693	93.9619044611
473	154	1694	93.942866639
474	155	1701	93.9311767616
475	154	1701	94.0121343437
476	152	1708	93.9359744728
477	156	1711	93.8647527906
478	154	1715	93.7866131008
479	159	1721	93.8282060041
480	156	1721	93.9276404365
481	161	1726	93.905418669
482	158	1728	93.9050962072
483	157	1728	93.9329279552
484	153	1734	93.9396064268
485	153	1734	93.8960401503
486	154	1739	93.866885824
487	159	1745	93.7878036535
488	155	1745	93.7509658011
489	158	1749	93.8256905502
490	161	1749	93.8274206325
491	164	1756	93.9011861097
492	160	1756	93.9137558576
493	165	1758	93.9143303681
494	168	1760	93.8888548909
495	165	1760	93.8681941711
496	170	1765	93.8179066282
497	175	1769	93.8409066077
498	177	1775	93.797738131
499	177	1779	93.7442349878
500	182	1781	93.7729010058
501	180	1782	93.8455354303
502	184	1785	93.7886393657
503	189	1786	93.8198149656
504	191	1788	93.823262967
505	187	1793	93.8747475678
506	188	1800	93.8512191472
507	184	1806	93.829397846
508	183	1812	93.9266943554
509	182	1818	93.9200259003
510	186	1824	93.8524250464
511	183	1827	93.863793013
512	187	1829	93.9108023264
513	184	1835	93.8503728277
514	187	1841	93.9305198119
515	183	1848	93.8643752604
516	181	1850	93.8905334087
517	182	1853	93.9649767394
518	182	1853	94.0261097842
519	180	1860	94.0101660953
520	185	1860	94.1094793401
521	180	1861	94.1684560699
522	185	1863	94.1377908816
523	187	1870	94.0966802139
524	191	1877	94.0891192619
525	188	1879	94.0583741299
526	188	1883	94.0902386082
527	188	1890	94.1838647391
528	186	1890	94.13262116
529	182	1897	94.2138706175
530	185	1904	94.1310774054
531	183	1910	94.0846729216
532	185	1916	94.0603289654
533	182	1916	94.0175198988
534	182	1922	94.1171266742
535	183	1922	94.0261120105
536	184	1927	94.0211064696
537	189	1927	93.9734006111
538	192	1928	94.0096011043
539	193	1930	93.9966562346
540	194	1937	93.9080315963
541	194	1939	93.9475541962
542	190	1945	94.0140516636
543	189	1951	94.0308246047
544	185	1953	94.0824678243
545	185	1958	94.1291413875
546	182	1961	94.0503587732
547	177	1963	94.1302290938
548	175	1964	94.2065780693
549	170	1970	94.2427090216
550	166	1973	94.2983099489
551	168	1975	94.3030076292
552	167	1980	94.3377043996
553	172	1981	94.39096418
554	176	1985	94.3353952887
555	174	1990	94.3230773114
556	172	1992	94.3652999028
557	176	1996	94.4523983583
558	173	2000	94.469111763
559	175	2003	94.4240290106
560	180	2006	94.5024190836
561	180	2011	94.4750787717
562	182	2014	94.4275288905
563	177	2016	94.4113598925
564	173	2023	94.3552873213
565	177	2026	94.3299831797
566	172	2029	94.3985712116
567	170	2036	94.337547826
568	167	2041	94.4245906223
569	166	2047	94.4829353658
570	163	2052	94.5368366788
571	168	2059	94.5855251622
572	171	2059	94.5091402559
573	169	2060	94.4764176266
574	164	2062	94.3800992939
575	159	2069	94.3775697349
576	162	2073	94.2865194259
577	166	2073	94.2670391456
578	170	2073	94.3146075311
579	166	2077	94.2164863917
580	162	2083	94.139295006
581	159	2085	94.1693593547
582	164	2091	94.1853657619
583	160	2097	94.2676231194
584	165	2100	94.3553612579
585	162	2104	94.2852979819
586	160	2107	94.1926755571
587	163	2113	94.1317031748
588	160	2117	94.1349958894
589	156	2123	94.0438954885
590	155	2128	94.0314865917
591	160	2130	93.9921675789
592	162	2131	93.9841791484
593	157	2132	93.9734520394
594	160	2132	93.9116049784
595	159	2133	93.9157429421
596	162	2139	93.835876699
597	161	2141	93.9031603892
598	159	2146	93.9498264615
599	160	2152	93.8796980131
600	165	2152	93.9438345405
601	163	2152	93.9862786815
602	167	2155	93.9227893748
603	167	2162	93.9777017104
604	162	2165	93.9928194978
605	161	2167	94.0346394786
606	158	2172	94.0378119142
607	162	2176	94.1315253235
608	167	2177	94.1465502741
609	165	2183	94.0879627787
610	162	2190	94.1420785379
611	167	2195	94.1644947828
612	167	2202	94.0923395598
613	169	2205	94.0264969755
614	172	2209	93.9513646284
615	169	2215	94.0447957445
616	170	2221	94.0246645276
617	174	2224	93.9959076383
618	175	2224	94.0620552916
619	176	2231	94.1425178894
620	181	2238	94.116929401
621	180	2238	94.1797598475
622	182	2238	94.1897304098
623	177	2239	94.2509630367
624	176	2239	94.30513926
625	180	2240	94.282422728
626	185	2245	94.2284849702
627	180	2245	94.2252876325
628	185	2245	94.2356236503
629	190	2248	94.2450380435
630	193	2248	94.1460919269
631	198	2251	94.1635941572
632	197	2255	94.1299569334
633	195	2257	94.1469726252
634	194	2264	94.2345093936
635	194	2266	94.3302420254
636	192	2266	94.2391617739
637	197	2270	94.2007481458
638	194	2276	94.1548607774
639	198	2281	94.2354420133
640	198	2287	94.2831148626
641	198	2292	94.3502718988
642	195	2299	94.4490592275
643	195	2305	94.3923332349
644	195	2309	94.3554968983
645	194	2311	94.425144965
646	189	2318	94.4529184585
647	187	2320	94.4094562554
648	188	2326	94.3158770852
649	183	2333	94.2334449374
650	185	2335	94.2206539927
651	185	2337	94.1735025485
652	185	2343	94.2304302616
653	182	2350	94.1567856489
654	177	2350	94.2137740509
655	181	2355	94.1931933244
656	184	2362	94.1956539716
657	186	2368	94.2444104884
658	187	2375	94.1604421113
659	188	2379	94.0797960831
660	184	2381	94.1596590418
661	181	2383	94.2220887024
662	178	2390	94.2887508601
663	183	2396	94.2709023918
664	184	2400	94.317210404
665	179	2400	94.3810892687
666	178	2405	94.4335436978
667	181	2408	94.5303342188
668	185	2413	94.4371093607
669	186	2420	94.5016179648
670	183	2424	94.4693742446
671	184	2431	94.5315799177
672	181	2433	94.5777798865
673	185	2433	94.6607146688
674	181	2439	94.6854331356
675	177	2445	94.7222641132
676	176	2448	94.6827503656
677	173	2453	94.7263385943
678	175	2460	94.778158364
679	170	2467	94.8452844502
680	168	2468	94.9394385035
681	166	2468	95.0364513402
682	163	2474	95.0172364364
683	168	2475	95.0534933296
684	166	2481	95.1169840008
685	167	2485	95.1716610742
686	169	2486	95.2546121045
687	171	2487	95.2519901445
688	171	2490	95.2038454173
689	166	2494	95.2216464314
690	163	2498	95.1317974617
691	166	2500	95.0757163677
692	167	2503	95.1019255516
693	165	2510	95.0907287694
694	165	2517	95.061311109
695	160	2519	95.0646889488
696	164	2522	95.1113320674
697	169	2524	95.0228236393
698	172	2525	95.0987194526
699	175	2525	95.1109321311
700	175	2530	95.1962218167
701	180	2537	95.1982180134
702	175	2541	95.2722915015
703	174	2544	95.2637368358
704	169	2544	95.1917798305
705	170	2546	95.1678822971
706	172	2547	95.0700741559
707	174	2548	95.0752597232
708	178	2555	95.0365213708
709	173	2559	94.9657946778
710	172	2563	94.9088351891
711	171	2563	94.9961788182
712	174	2566	94.9548013769
713	178	2570	95.0167748516
714	183	2577	95.1016152786
715	183	2582	95.0651220298
716	183	2584	95.0974199205
717	181	2588	95.1885001247
718	186	2595	95.2337773936
719	184	2596	95.2332449485
720	186	2598	95.3251809902
721	182	2602	95.3418403797
722	182	2609	95.3165597546
723	178	2614	95.2738182931
724	176	2615	95.2544768124
725	171	2616	95.3337520033
726	166	2619	95.419041534
727	170	2624	95.356339899
728	174	2627	95.3973062248
729	171	2630	95.3452135072
730	167	2637	95.3871615089
731	170	2639	95.3816197702
732	171	2645	95.3974308886
733	170	2649	95.4364786111
734	171	2655	95.3727485958
735	171	2660	95.3309939113
736	167	2664	95.2725693649
737	168	2666	95.300747062
738	164	2673	95.3176932634
739	168	2680	95.3694238852
740	169	2683	95.3217542956
741	166	2684	95.2323571831
742	167	2687	95.2435751578
743	168	2693	95.2557966586
744	163	2695	95.2939200267
745	167	2697	95.3300069292
746	165	2699	95.2663348028
747	170	2703	95.3153468197
748	172	2708	95.4007959577
749	171	2712	95.4224654704
750	172	2713	95.5002938531
751	176	2715	95.5977616005
752	172	2719	95.5515733129
753	171	2723	95.6292129233
754	174	2723	95.6435347812
755	175	2730	95.7297427963
756	179	2733	95.732421883
757	179	2739	95.6895028895
758	179	2743	95.6512618994
759	178	2744	95.6802349403
760	183	2749	95.7730592267
761	182	2752	95.8232819416
762	177	2758	95.8148907028
763	178	2764	95.8897485868
764	176	2767	95.8513194984
765	180	2767	95.8543954231
766	175	2772	95.8950005681
767	177	2775	95.9921519709
768	172	2780	95.9418532448
769	173	2782	95.979648478
770	172	2783	95.9950846375
771	175	2786	95.9257835458
772	173	2790	95.9730542373
773	172	2796	96.0106079563
774	167	2798	96.1055206433
775	164	2801	96.1741162009
776	166	2808	96.079323235
777	164	2815	96.0894489363
778	166	2822	96.0961359635
779	163	2826	96.0365756552
780	168	2828	95.9861285118
781	168	2828	95.9422668851
782	163	2832	96.0055456912
783	158	2833	95.9663393148
784	159	2834	95.8740046885
785	161	2835	95.9041562535
786	158	2840	95.9961606252
787	160	2843	95.9571633312
788	161	2849	96.0240396923
789	165	2850	96.0444283854
790	165	2856	96.1391380905
791	167	2863	96.1918772394
792	165	2866	96.1076166503
793	160	2873	96.1872580703
794	164	2878	96.1741218646
795	169	2878	96.167863585
796	174	2882	96.1875313461
797	175	2887	96.1407566749
798	178	2889	96.2036714447
799	180	2889	96.1427851118
800	176	2891	96.1853176201
801	173	2898	96.1448728954
802	170	2898	96.2230211381
803	167	2903	96.1488780504
804	169	2909	96.1264445082
805	164	2915	96.1002737987
806	166	2915	96.1086842212
807	170	2922	96.2054014016
808	170	2922	96.1333610263
809	174	2926	96.2016030003
810	173	2926	96.2073235959
811	172	2933	96.2149474207
812	171	2940	96.2826684255
813	167	2946	96.2893107119
814	165	2950	96.3271237963
815	161	2950	96.2343524179
816	157	2951	96.2151958569
817	161	2953	96.1484566312
818	161	2956	96.2220189326
819	159	2961	96.2656423142
820	161	2961	96.1821518648
821	163	2962	96.1133375407
822	168	2964	96.104270028
823	170	2966	96.1136237923
824	171	2973	96.1665100524
825	173	2976	96.1958141233
826	177	2980	96.2545721355
827	181	2986	96.2129410545
828	184	2991	96.3045956824
829	184	2993	96.2653169177
830	183	2999	96.3190255505
831	179	3001	96.3038144832
832	179	3006	96.372114475
833	180	3012	96.3029438891
834	181	3019	96.2277119644
835	181	3023	96.2878770957
836	180	3023	96.3202432994
837	183	3027	96.329655533
838	183	3033	96.4276096379
839	180	3035	96.4787212376
840	184	3042	96.4112598982
841	184	3043	96.3319021993
842	187	3047	96.2907905484
843	183	3047	96.2188404577
844	184	3054	96.1972853293
845	189	3061	96.2813079795
846	185	3064	96.2111931783
847	181	3065	96.1692686125
848	178	3065	96.1546392746
849	176	3071	96.0952294268
850	180	3072	95.9983516917
851	184	3078	96.0708123161
852	181	3078	96.0674456782
853	180	3085	95.9993007465
854	182	3092	96.0587229691
855	183	3096	96.0969956014
856	182	3101	96.0865876069
857	179	3102	96.0340252319
858	183	3104	95.9459344848
859	179	3107	95.9074278775
860	181	3114	95.8254862735
861	177	3119	95.75572322
862	175	3119	95.7039665544
863	172	3120	95.7236195168
864	168	3126	95.7973594236
865	163	3130	95.7471822681
866	168	3135	95.6815690789
867	169	3136	95.5961677183
868	170	3143	95.6767473313
869	166	3149	95.7266899899
870	163	3154	95.700653538
871	162	3160	95.7121636871
872	159	3165	95.684185507
873	159	3170	95.7281122768
874	161	3176	95.709627402
875	165	3181	95.6312788046
876	165	3188	95.5671845389
877	165	3189	95.608795361
878	161	3192	95.6108734133
879	165	3199	95.5748057172
880	163	3199	95.6427582705
881	168	3205	95.7202340991
882	167	3210	95.6286962774
883	166	3216	95.5695312591
884	162	3217	95.6078146596
885	158	3222	95.5702224427
886	161	3226	95.4928804054
887	164	3226	95.4852245542
888	163	3228	95.5108110969
889	162	3234	95.5353467678
890	164	3237	95.5512781513
891	168	3238	95.5000172454
892	171	3238	95.5391894241
893	170	3245	95.6175846922
894	175	3247	95.635812291
895	172	3249	95.6785817938
896	172	3249	95.7146703109
897	174	3250	95.7023615154
898	171	3257	95.7596327696
899	170	3262	95.6691344736
900	166	3267	95.7649680463
901	169	3270	95.804750872
902	168	3271	95.7398901948
903	167	3273	95.799991777
904	167	3273	95.7449086526
905	166	3277	95.7581123203
906	167	3279	95.7799609295
907	165	3279	95.7511856272
908	167	3286	95.7915335147
909	171	3291	95.8524928339
910	171	3296	95.9195323744
911	170	3301	96.009529038
912	169	3302	96.0212126314
913	170	3302	96.0759506748
914	172	3305	96.0669759838
915	174	3312	96.0232874214
916	169	3315	95.9789277228
917	173	3319	95.9233292725
918	174	3322	95.976982978
919	177	3328	95.9508280585
920	177	3329	95.9778957045
921	177	3336	95.9584570038
922	174	3337	95.8947656327
923	178	3340	95.8322134095
924	173	3347	95.7936655327
925	172	3354	95.8878558736
926	174	3361	95.8227152678
927	175	3367	95.8267757233
928	171	3370	95.8561831325
929	172	3370	95.82033544
930	171	3377	95.8815810852
931	172	3377	95.7887864772
932	168	3377	95.7014700931
933	163	3381	95.7860377054
934	159	3386	95.8548081055
935	155	3386	95.7972853393
936	156	3393	95.8846847369
937	161	3393	95.8551328383
938	164	3395	95.8022718365
939	168	3400	95.8924205406
940	170	3400	95.8368428886
941	167	3403	95.8282338662
942	172	3403	95.7319823115
943	168	3404	95.6593856617
944	169	3404	95.7377192536
945	171	3404	95.6944196508
946	172	3409	95.6204526015
947	175	3415	95.5959821231
948	175	3417	95.6166503716
949	177	3421	95.5667388792
950	174	3424	95.4895609793
951	171	3424	95.5198227554
952	167	3428	95.5886759173
953	169	3435	95.6347504518
954	174	3440	95.6145789204
955	177	3446	95.5434681268
956	175	3452	95.4909489876
957	180	3454	95.4448801784
958	185	3460	95.4703001948
959	186	3461	95.477168767
960	191	3467	95.5719622808
961	189	3468	95.6232418417
962	184	3468	95.6571912814
963	188	3473	95.6796308189
964	190	3473	95.607205265
965	186	3475	95.6302962993
966	187	3475	95.600901202
967	190	3479	95.5379818682
968	188	3481	95.5023820774
969	191	3485	95.4408110459
970	190	3491	95.3590225843
971	191	3491	95.4546782177
972	190	3498	95.3806341625
973	194	3504	95.3287581587
974	199	3506	95.414860088
975	200	3509	95.3163565112
976	200	3516	95.2391476217
977	200	3523	95.1940915661
978	200	3526	95.2374724777
979	195	3527	95.234644251
980	193	3533	95.1648846249
981	188	3540	95.0760930778
982	187	3547	95.0824133464
983	183	3547	95.0718697452
984	184	3553	95.0202600142
985	181	3554	95.0290962203
986	179	3556	94.9870798328
987	182	3557	95.0390593593
988	181	3558	95.0490668698
989	181	3563	95.0721447136
990	186	3570	95.0833200563
991	191	3574	95.1132716783
992	192	3578	95.1432478488
993	192	3585	95.189734126
994	197	3591	95.1837691578
995	193	3594	95.1990710702
996	195	3594	95.1534676849
997	195	3596	95.1036013996
998	200	3601	95.1799679443
999	200	3607	95.2115101723
1000	200	3611	95.1506355663
1001	198	3618	95.1839938081
1002	198	3624	95.1391553756
1003	194	3629	95.1440944238
1004	192	3636	95.1521650241
1005	193	3642	95.0588103502
1006	192	3643	94.9661998109
1007	196	3648	95.0327653466
1008	195	3650	95.1284951782
1009	192	3654	95.2130408241
1010	187	3656	95.2295364666
1011	192	3663	95.2482777178
1012	196	3669	95.3451783373
1013	192	3670	95.4237961647
1014	197	3670	95.3950077465
1015	198	3671	95.3665921852
1016	197	3673	95.2905938971
1017	197	3674	95.3369020349
1018	194	3675	95.3216652441
1019	196	3680	95.2280927819
1020	194	3683	95.2870104056
1021	190	3685	95.2554018043
1022	185	3687	95.2366428286
1023	182	3691	95.2207447474
1024	183	3694	95.1324353073
1025	181	3701	95.100836036
1026	176	3702	95.0301679523
1027	177	3705	95.0665670868
1028	179	3708	95.1641490657
1029	183	3713	95.237611631
1030	179	3720	95.3373922988
1031	176	3727	95.4044251304
1032	172	3731	95.374180637
1033	169	3734	95.4398982306
1034	173	3739	95.5322846665
1035	173	3743	95.6127012553
1036	171	3743	95.528059013
1037	172	3748	95.5901510397
1038	177	3751	95.6622518843
1039	176	3752	95.5970066415
1040	172	3758	95.6954168051
1041	167	3760	95.7638700089
1042	172	3764	95.761173612
1043	171	3770	95.6973222211
1044	175	3777	95.6254136167
1045	176	3783	95.5722832426
1046	180	3787	95.6165490413
1047	179	3790	95.5420933415
1048	179	3791	95.4778603401
1049	176	3794	95.5631440813
1050	181	3795	95.5206495761
1051	183	3800	95.4809324987
1052	181	3804	95.5564316549
1053	176	3810	95.5025148882
1054	177	3810	95.471006917
1055	175	3816	95.4610946203
1056	178	3816	95.4974062867
1057	174	3821	95.4454453406
1058	177	3824	95.432346252
1059	181	3828	95.4428000908
1060	178	3830	95.3832818653
1061	179	3831	95.4008927467
1062	179	3832	95.3352310811
1063	179	3833	95.2541887539
1064	177	3834	95.3440047926
1065	172	3841	95.4029361456
1066	169	3845	95.3779571715
1067	167	3849	95.407431787
1068	166	3852	95.3992913321
1069	162	3855	95.3511032341
1070	160	3862	95.3036932365
1071	162	3865	95.3083112191
1072	159	3865	95.2303343931
1073	161	3870	95.152781817
1074	158	3872	95.1340161955
1075	156	3877	95.102135041
1076	159	3884	95.1473569289
1077	155	3885	95.1721213884
1078	154	3892	95.2262709704
1079	152	3898	95.246683105
1080	157	3899	95.2766051599
1081	158	3902	95.3102723718
1082	153	3903	95.311392202
1083	154	3906	95.4017891403
1084	157	3910	95.4149264296
1085	152	3917	95.463646119
1086	153	3918	95.5614812505
1087	149	3921	95.5245841456
1088	144	3926	95.6167522086
1089	143	3933	95.5393164571
1090	138	3933	95.4554733658
1091	140	3934	95.4746919195
1092	142	3939	95.4114180578
1093	138	3940	95.3290244019
1094	133	3941	95.364102876
1095	132	3944	95.4412141428
1096	127	3946	95.3806377778
1097	122	3947	95.4480253605
1098	123	3949	95.4366422363
1099	120	3953	95.3736888665
1100	123	3955	95.3900819937
1101	127	3960	95.4285810784
1102	127	3963	95.5035785314
1103	130	3965	95.5067588058
1104	126	3967	95.602073264
1105	123	3968	95.5214722006
1106	118	3970	95.5891125678
1107	115	3973	95.649745218
1108	114	3975	95.6360039058
1109	117	3982	95.5818644809
1110	121	3987	95.6447557368
1111	121	3993	95.7241585753
1112	121	3995	95.8117300356
1113	119	3995	95.8210110649
1114	122	3998	95.7730839079
1115	117	4000	95.8641996473
1116	112	4006	95.9292573771
1117	111	4010	95.8743952917
1118	106	4017	95.9088993244
1119	104	4023	95.9301896255
1120	101	4027	95.8398810712
1121	99	4027	95.7408195561
1122	95	4029	95.6508749611
1123	94	4034	95.6021293751
1124	96	4037	95.6965508989
1125	93	4044	95.6002825151
1126	92	4045	95.6213562356
1127	87	4046	95.5405973219
1128	87	4046	95.5762078592
1129	92	4053	95.6689716327
1130	91	4053	95.7068619545
1131	96	4055	95.6791523859
1132	94	4060	95.7428368449
1133	93	4067	95.8194724172
1134	93	4071	95.8390118018
1135	96	4074	95.8781735914
1136	95	4074	95.9327287548
1137	94	4078	95.8827155646
1138	96	4081	95.8052301413
1139	97	4088	95.8702260153
1140	99	4088	95.8483850773
1141	104	4093	95.9386030836
1142	101	4094	95.8959886745
1143	104	4101	95.8055402115
1144	106	4106	95.9032110503
1145	108	4106	95.9678288877
1146	109	4113	95.9095067668
1147	109	4115	95.8248203828
1148	110	4115	95.7467548016
1149	114	4122	95.7974276118
1150	111	4124	95.8817075368
1151	116	4129	95.9764844077
1152	113	4131	96.0171324983
1153	112	4135	95.9498273766
1154	107	4142	95.8519057375
1155	110	4142	95.92169061
1156	109	4147	95.9106424754
1157	113	4150	95.9285064553
1158	114	4156	95.9292553124
1159	112	4159	95.9314098341
1160	111	4166	96.0067207916
1161	110	4167	96.0193465998
1162	113	4169	96.0593462221
1163	108	4173	96.0405833462
1164	105	4176	96.0475049544
1165	101	4181	96.0847857849
1166	101	4187	96.1693645829
1167	100	4191	96.2586760774
1168	96	4195	96.316350807
1169	99	4196	96.2704846222
1170	101	4197	96.1959510323
1171	103	4201	96.1056578161
1172	104	4201	96.142536787
1173	108	4201	96.1243934755
1174	109	4205	96.1470631928
1175	105	4209	96.1743742685
1176	105	4211	96.0860081136
1177	104	4215	96.0409878632
1178	99	4222	96.0093696712
1179	104	4224	95.9263118234
1180	105	4226	95.9871190721
1181	110	4231	95.9422903914
1182	113	4235	96.0221071544
1183	117	4242	95.9348090726
1184	116	4246	96.0314107554
1185	115	4246	95.9792608601
1186	117	4249	95.9959442448
1187	115	4256	95.93597449
1188	117	4261	95.9199115576
1189	115	4263	95.8539640915
1190	120	4268	95.8376347052
1191	122	4271	95.8343256904
1192	118	4276	95.9243096699
1193	115	4279	95.8419466455
1194	118	4281	95.8898441254
1195	121	4284	95.8795422238
1196	123	4291	95.9215044299
1197	122	4298	95.9507969317
1198	125	4298	95.9609226512
1199	123	4303	96.0199212993
1200	125	4303	96.0993034928
1201	127	4307	96.1322840892
1202	125	4310	96.2110231125
1203	120	4316	96.2088598754
1204	122	4321	96.1540875801
1205	126	4324	96.0823636179
1206	128	4330	96.0618828915
1207	132	4333	96.0726396737
1208	134	4338	96.0509627022
1209	132	4339	96.1232904304
1210	131	4346	96.1318514395
1211	134	4352	96.0749290521
1212	136	4353	96.0340885488
1213	140	4355	95.9480039301
1214	136	4361	95.911793676
1215	136	4367	95.9853601117
1216	136	4367	95.9046848366
1217	141	4368	95.8564499743
1218	143	4370	95.8645507601
1219	148	4374	95.8405665858
1220	148	4379	95.7949787967
1221	151	4380	95.7211992051
1222	154	4382	95.7131385615
1223	155	4389	95.6299136687
1224	151	4391	95.6742322045
1225	155	4395	95.6186793091
1226	150	4396	95.5880893063
1227	148	4396	95.6406769186
1228	149	4398	95.5646460432
1229	147	4401	95.4715531289
1230	146	4405	95.5654603602
1231	151	4405	95.5938027052
1232	153	4410	95.512747757
1233	156	4413	95.5888334006
1234	160	4415	95.5062867602
1235	155	4421	95.4165739831
1236	159	4424	95.3632555397
1237	160	4428	95.2640172699
1238	161	4434	95.2745682802
1239	161	4434	95.2416694535
1240	162	4439	95.1461805925
1241	163	4444	95.0672953928
1242	158	4444	94.9891492897
1243	158	4444	95.0764777858
1244	160	4447	95.0607210717
1245	156	4453	95.0571157261
1246	158	4459	95.0157173976
1247	155	4462	94.9593071686
1248	152	4468	95.0415249632
1249	154	4468	95.0995997879
1250	149	4475	95.1933519705
1251	145	4480	95.1284477743
1252	148	4486	95.1635919497
1253	151	4491	95.2254932017
1254	149	4492	95.2341655649
1255	149	4499	95.1780707649
1256	148	4503	95.2016223356
1257	153	4508	95.1316911818
1258	148	4515	95.1552914497
1259	143	4517	95.183694419
1260	146	4520	95.2372038196
1261	147	4525	95.3157412175
1262	149	4528	95.2672026683
1263	153	4530	95.3525562778
1264	156	4530	95.3186152713
1265	160	4535	95.3454952016
1266	164	4537	95.4015119015
1267	164	4537	95.3894248427
1268	167	4542	95.4534302239
1269	162	4543	95.3891194969
1270	167	4550	95.4368133698
1271	172	4553	95.4699136271
1272	177	4557	95.4437576855
1273	182	4561	95.5196657101
1274	178	4563	95.5206049693
1275	174	4568	95.5100915036
1276	171	4571	95.5465068676
1277	174	4575	95.4836015262
1278	174	4579	95.4288607746
1279	176	4581	95.3618121315
1280	171	4585	95.3572810717
1281	169	4591	95.310580771
1282	173	4592	95.2955773168
1283	168	4596	95.2866269044
1284	170	4602	95.2120551105
1285	173	4603	95.1373511795
1286	169	4606	95.1247065078
1287	168	4610	95.0343665477
1288	163	4616	94.9527266309
1289	167	4618	95.0457796323
1290	163	4620	94.9554357879
1291	159	4620	94.9180176459
1292	160	4625	94.9211788728
1293	158	4626	94.9079552015
1294	159	4633	95.0040047801
1295	156	4640	95.0608143015
1296	153	4642	95.1101539653
1297	151	4648	95.0703046808
1298	154	4653	94.9921036212
1299	151	4655	95.0807137495
1300	155	4659	95.0115761526
1301	151	4662	95.0541844728
1302	148	4663	94.9948166917
1303	151	4668	94.9799184621
1304	150	4675	94.8983953323
1305	153	4680	94.8630232089
1306	158	4680	94.8213841846
1307	160	4683	94.8908204108
1308	163	4684	94.9484153322
1309	163	4684	94.8726472284
1310	161	4684	94.8084286545
1311	158	4691	94.7591228471
1312	159	4698	94.7353672643
1313	162	4699	94.7742350028
1314	161	4702	94.8620050552
1315	165	4705	94.9443482772
1316	160	4711	94.9918795504
1317	162	4717	95.0058693881
1318	161	4721	95.0928379688
1319	163	4727	95.1778011837
1320	164	4730	95.15598596
1321	164	4731	95.1401959496
1322	162	4732	95.23687486
1323	166	4732	95.1392329557
1324	169	4736	95.069667965
1325	164	4738	95.0434746657
1326	160	4745	95.0860880413
1327	157	4746	95.006984097
1328	158	4750	94.9845108363
1329	158	4752	94.9068925695
1330	154	4754	94.9362084771
1331	151	4759	94.9654320585
1332	156	4759	94.9595180655
1333	153	4761	94.9877727358
1334	150	4768	94.9723519132
1335	153	4768	94.9119016291
1336	148	4769	94.8164840716
1337	149	4776	94.8713752564
1338	147	4783	94.8993476966
1339	144	4786	94.969050162
