1	129	6	95.0464952548
2	132	13	95.1357195277
3	131	13	95.0472655244
4	132	14	95.0915573273
5	137	16	95.0742230271
6	136	21	95.0626344875
7	136	22	95.0941105516
8	138	23	95.1540673289
9	142	23	95.2447373158
10	145	26	95.1877647899
11	146	28	95.1494789069
12	150	34	95.2078935715
13	145	39	95.2489875735
14	150	39	95.3126690982
15	146	39	95.245198432
16	147	39	95.3024463667
17	150	44	95.3210894897
18	147	44	95.3030012635
19	151	47	95.2694572341
20	147	47	95.330983887
21	143	54	95.3572433796
22	148	60	95.3278574843
23	145	62	95.411912212
24	144	64	95.3318877313
25	144	70	95.3854878378
26	141	73	95.4827157952
27	139	77	95.5168067625
28	142	79	95.5794729397
29	144	84	95.6165016801
30	141	85	95.5766406876
31	144	92	95.566920077
32	143	99	95.5044261651
33	143	103	95.5115164036
34	140	110	95.4907249774
35	137	115	95.4078460503
36	141	117	95.439999068
37	140	121	95.457438036
38	135	121	95.4843984444
39	134	127	95.5754067318
40	131	133	95.5326191803
41	135	136	95.4677787656
42	132	139	95.453439504
43	132	140	95.4987366213
44	129	142	95.5614155332
45	126	147	95.5781444662
46	121	147	95.5790873557
47	126	149	95.6071483864
48	124	149	95.5799963768
49	127	155	95.5849967888
50	127	160	95.5736541661
51	126	161	95.5948072915
52	129	168	95.5349179901
53	133	172	95.4912539836
54	128	173	95.3980940678
55	123	174	95.4329944276
56	126	181	95.3376186046
57	125	181	95.3317857596
58	127	184	95.4078202962
59	123	184	95.3280926469
60	128	188	95.3038646949
61	126	189	95.2812901978
62	127	193	95.2785031521
63	130	196	95.3247352916
64	131	203	95.3887138237
65	128	207	95.293760152
66	131	210	95.3180435412
67	134	215	95.2314950161
68	138	216	95.1743488971
69	133	216	95.1507413622
70	130	223	95.1775276477
71	135	224	95.1902521481
72	134	231	95.1311673189
73	138	234	95.2121697231
74	134	237	95.2515200536
75	139	244	95.1944003457
76	137	250	95.101841699
77	138	252	95.097823062
78	133	255	95.0738557495
79	137	260	95.0246963838
80	136	261	95.0708459846
81	140	265	95.1197167731
82	139	265	95.050921411
83	136	270	94.9606003885
84	134	270	95.0409406777
85	135	270	94.9927774699
86	139	274	94.9137109029
87	138	277	95.0017296101
88	139	279	95.0461595791
89	143	285	94.9786882619
90	142	292	94.9294401277
91	141	299	94.8644453967
92	137	299	94.9389823129
93	139	300	95.003792725
94	135	303	95.0659538879
95	136	309	95.1423145092
96	131	312	95.2187137516
97	136	318	95.2775371242
98	133	322	95.3217310873
99	137	326	95.3408833565
100	139	328	95.3313911102
101	134	332	95.3464570382
102	139	337	95.4393244788
103	134	340	95.4326246032
104	136	346	95.4302524885
105	134	348	95.4318128842
106	130	349	95.4490891758
107	132	349	95.4327599407
108	133	355	95.3398176798
109	130	362	95.3271497586
110	131	366	95.2284967974
111	128	369	95.2008620325
112	131	371	95.1525582018
113	127	371	95.1733405147
114	123	377	95.2719918685
115	120	380	95.2365848185
116	115	382	95.177763666
117	117	382	95.2084960613
118	119	386	95.211094919
119	120	388	95.2884278761
120	119	389	95.1949511584
121	117	394	95.2762589869
122	114	398	95.3723006655
123	109	401	95.2781330219
124	108	402	95.3151194707
125	110	406	95.3735083364
126	110	411	95.4468481941
127	113	417	95.4400827217
128	115	422	95.4373719753
129	114	424	95.3478639784
130	118	429	95.2748981502
131	115	434	95.1995658091
132	110	440	95.1698056215
133	115	443	95.0864395929
134	111	450	95.0641091311
135	112	455	95.1120144252
136	113	456	95.1583911872
137	109	459	95.1772834907
138	106	466	95.1066015354
139	111	466	95.1252526812
140	111	467	95.1656372838
141	107	474	95.103951001
142	104	476	95.010119329
143	107	481	94.9213489632
144	107	487	94.887318272
145	109	488	94.9130533862
146	113	495	94.9738015321
147	118	500	94.9529519772
148	121	505	94.9214585682
149	125	509	95.0132469007
150	127	516	94.9889359636
151	130	516	94.9610793881
152	133	522	94.9527801749
153	135	529	95.011972393
154	137	531	95.0119877656
155	139	532	95.0984956884
156	137	538	95.0046603851
157	136	545	95.0768413787
158	136	548	95.1185796812
159	135	553	95.0544363468
160	134	557	95.1100452929
161	137	557	95.1370923586
162	139	561	95.2336138624
163	143	561	95.2090068288
164	142	562	95.2278493232
165	137	562	95.2800505739
166	137	565	95.183844678
167	138	569	95.1188208818
168	140	569	95.134335373
169	144	572	95.0922869045
170	149	573	95.1382586876
171	147	579	95.1846425032
172	152	581	95.1044965472
173	147	588	95.1574479309
174	144	590	95.1787330822
175	148	595	95.2264974394
176	143	598	95.1608733883
177	147	598	95.2288122678
178	150	604	95.3061851638
179	154	608	95.2372316116
180	152	610	95.2446387932
181	148	617	95.2984663464
182	146	622	95.295457487
183	141	623	95.2484314974
184	145	623	95.2197513611
185	143	623	95.1697296089
186	146	625	95.2022568774
187	146	625	95.1914787409
188	143	630	95.2363556593
189	147	632	95.2875489588
190	142	635	95.3775765461
191	144	642	95.4624009765
192	139	644	95.4435668722
193	141	648	95.4877346736
194	139	652	95.4647266391
195	143	656	95.4077210444
196	144	658	95.3390661469
197	139	662	95.3703698929
198	143	663	95.3138259404
199	146	668	95.3606821043
200	148	675	95.4144888369
201	152	679	95.459205264
202	153	682	95.5331941824
203	152	688	95.5066821134
204	147	695	95.5094255525
205	144	696	95.5236833153
206	143	696	95.4896075842
207	140	699	95.4495336459
208	143	705	95.452840801
209	141	708	95.3766331958
210	136	708	95.3191678666
211	135	712	95.3852251256
212	133	712	95.3460516844
213	133	712	95.3885673592
214	134	718	95.3794565873
215	138	720	95.3009558206
216	139	725	95.3083393123
217	138	727	95.2846608116
218	133	727	95.256735091
219	131	732	95.2037261362
220	135	732	95.1351525958
221	136	737	95.0484967965
222	135	740	95.0323806485
223	134	741	95.1071669637
224	135	742	95.0131395826
225	137	744	94.9689578398
226	132	746	95.0393943338
227	130	747	94.9815213231
228	135	749	95.0530659431
229	137	753	95.0957796678
230	133	760	95.180435162
231	134	765	95.1744260915
232	131	770	95.1372194977
233	127	775	95.0519804468
234	132	775	95.0984686522
235	137	780	95.1770087984
236	135	785	95.0874423432
237	138	786	95.1140717451
238	139	787	95.0446719481
239	144	789	94.9912597268
240	147	791	94.9809273401
241	144	793	95.0161042603
242	145	795	95.11551348
243	149	797	95.1452293946
244	146	803	95.0454424673
245	144	808	95.0162122286
246	140	810	95.0655825482
247	135	814	95.0942699868
248	133	820	95.0233105856
249	131	826	95.0130530637
250	134	829	94.9399406057
251	138	832	95.0057728097
252	133	833	94.9282892623
253	130	840	94.9321058667
254	125	843	95.0244070303
255	124	844	94.9613428586
256	126	847	94.9951817054
257	128	851	94.9374826444
258	125	851	94.9642807167
259	120	853	94.9276849709
260	115	855	94.8456721599
261	117	860	94.8341501401
262	119	865	94.925707651
263	120	871	94.8566613756
264	117	871	94.9508644056
265	121	875	94.9580752822
266	119	880	95.0148869818
267	120	887	95.0648037028
268	119	892	95.0684539136
269	118	896	95.1652089422
270	122	903	95.1028751091
271	119	908	95.1286455067
272	116	914	95.1226792986
273	115	915	95.1596303733
274	117	919	95.2574567661
275	115	922	95.2430192811
276	112	922	95.2629319261
277	112	924	95.2454904809
278	114	931	95.3318823248
279	112	935	95.2431015166
280	107	937	95.2182774893
281	112	937	95.2121063083
282	114	943	95.19831213
283	109	949	95.2600451387
284	106	956	95.2606662595
285	102	958	95.3579391156
286	98	959	95.3166279302
287	100	965	95.342162996
288	100	972	95.4064166595
289	95	979	95.5015991714
290	94	982	95.4030781264
291	98	985	95.4388161088
292	101	990	95.5116323992
293	99	995	95.6043992531
294	101	997	95.5289340127
295	106	1001	95.6257691978
296	104	1007	95.6560522318
297	109	1012	95.6800060521
298	110	1017	95.6123963053
299	115	1022	95.5391361157
300	116	1026	95.5653770015
301	113	1032	95.6303055388
302	109	1039	95.7106936363
303	105	1043	95.7787024057
304	101	1048	95.8474576774
305	101	1051	95.8439080774
306	105	1058	95.78029136
307	101	1065	95.8790477731
308	102	1067	95.9305705442
309	99	1074	95.9950807591
310	97	1075	96.0133058599
311	98	1082	95.9443859233
312	93	1088	95.9271851705
313	88	1090	95.9269011784
314	89	1093	95.9916897496
315	90	1099	96.0564130148
316	94	1099	96.1449175346
317	95	1101	96.1516274116
318	99	1106	96.10370799
319	97	1108	96.0290592759
320	98	1112	95.9539799482
321	97	1119	95.9682477371
322	92	1121	96.0544951952
323	95	1121	95.9811925763
324	99	1126	96.0530913801
325	104	1133	96.0923903655
326	105	1133	96.0264564906
327	103	1137	96.0667519751
328	107	1142	96.0186942095
329	108	1145	95.9987349848
330	104	1146	96.0103559193
331	104	1152	96.0357071343
332	99	1156	96.0161300667
333	97	1160	95.9692045608
334	94	1167	95.9755840817
335	97	1169	95.9692878322
336	102	1176	95.9723249664
337	106	1179	95.9762847674
338	106	1183	96.0628266619
339	103	1186	96.1554895655
340	103	1188	96.1773377921
341	104	1190	96.1396250511
342	100	1196	96.2326369486
343	98	1197	96.1763296844
344	99	1198	96.1615256881
345	94	1202	96.1647748475
346	91	1209	96.1312984374
347	94	1214	96.1635331401
348	95	1220	96.1935422895
349	92	1223	96.2677148217
350	94	1224	96.2797532049
351	89	1228	96.2335127834
352	93	1233	96.3109858921
353	93	1240	96.2780620602
354	96	1243	96.2164506574
355	97	1247	96.2216430028
356	97	1247	96.2746242048
357	96	1249	96.2579196284
358	95	1249	96.1881431956
359	93	1252	96.2055870834
360	95	1255	96.1256013933
361	100	1258	96.1776466228
362	103	1259	96.0892273527
363	107	1266	96.1069082596
364	108	1266	96.071651776
365	112	1269	96.0791032367
366	111	1269	96.0898018408
367	106	1271	96.0844824114
368	109	1278	96.1248079786
369	113	1282	96.025930314
370	114	1286	96.0263067066
371	116	1287	96.0789485566
372	120	1293	96.0692186506
373	119	1297	96.0187821969
374	124	1302	95.9517343439
375	127	1304	95.9179698606
376	122	1306	95.9884502109
377	122	1311	95.896693165
378	118	1312	95.8798880299
379	115	1312	95.812201688
380	113	1318	95.8965464344
381	118	1323	95.9297917933
382	122	1326	95.9496205184
383	119	1328	96.021756882
384	124	1331	96.0662724676
385	120	1337	95.9662795095
386	119	1343	96.0584046747
387	117	1345	96.1067104618
388	119	1350	96.0565300371
389	123	1354	96.0701044236
390	119	1354	96.0426687339
391	116	1354	95.9818387389
392	112	1359	95.9244592846
393	113	1360	95.9793808929
394	110	1360	96.0198140211
395	107	1366	95.9416042546
396	107	1369	96.0082340222
397	109	1376	95.9490387271
398	104	1376	95.895527583
399	100	1380	95.8413674502
400	95	1384	95.8368497068
401	98	1388	95.7972349446
402	102	1388	95.8549885066
403	100	1388	95.7687906346
404	98	1388	95.8210718815
405	94	1388	95.7613355441
406	92	1392	95.782557709
407	96	1393	95.7018592694
408	98	1393	95.7481255341
409	103	1399	95.8287603738
410	101	1401	95.8969091262
411	106	1408	95.8333360764
412	103	1408	95.8538491168
413	101	1408	95.7862820635
414	96	1415	95.8479820501
415	96	1422	95.862432123
416	96	1426	95.8034889212
417	92	1428	95.8656141648
418	96	1430	95.7979051089
419	97	1435	95.7997827006
420	102	1436	95.8777221841
421	103	1438	95.811380415
422	107	1439	95.8244304684
423	108	1439	95.7452463627
424	108	1440	95.7837246855
425	104	1446	95.7479713733
426	102	1450	95.765144012
427	98	1455	95.7979040849
428	101	1456	95.7840949509
429	103	1458	95.8746994176
430	101	1465	95.8006864624
431	105	1468	95.7447264358
432	104	1472	95.6469713062
433	100	1476	95.7011775728
434	100	1479	95.6120368044
435	101	1480	95.5816418639
436	106	1485	95.6298871821
437	104	1486	95.6358582046
438	102	1488	95.5975261779
439	102	1488	95.6520390788
440	107	1488	95.5736902477
441	106	1488	95.5586098333
442	103	1494	95.5080424843
443	98	1496	95.6062923874
444	98	1503	95.5670554386
445	96	1505	95.5996010208
446	99	1507	95.5984779041
447	103	1512	95.6849947239
448	107	1515	95.6813166748
449	104	1521	95.7560685977
450	102	1524	95.7494028635
451	99	1524	95.7638384003
452	103	1524	95.7356824908
453	105	1530	95.7738712904
454	110	1537	95.731918743
455	112	1539	95.769771775
456	112	1541	95.8437364933
457	115	1548	95.8654388049
458	114	1554	95.9561866101
459	119	1561	95.9567045755
460	114	1565	96.0472295596
461	109	1570	96.069952068
462	111	1573	96.1205713592
463	109	1580	96.0677072014
464	107	1583	96.1608627354
465	106	1583	96.2567602515
466	106	1590	96.2934992868
467	108	1597	96.2634091395
468	105	1597	96.3376591132
469	108	1599	96.2736319218
470	111	1600	96.2665237073
471	106	1600	96.3467602233
472	105	1602	96.4293681155
473	104	1603	96.3975505964
474	100	1609	96.4175649173
475	100	1614	96.3227471421
476	96	1617	96.2653874449
477	97	1620	96.3149636938
478	99	1623	96.2298430919
479	104	1626	96.201459436
480	102	1626	96.1724344619
481	103	1630	96.2468594873
482	99	1633	96.1981724212
483	103	1633	96.1676344905
484	98	1633	96.1996128619
485	98	1639	96.2403609422
486	102	1644	96.1519195076
487	101	1645	96.1982895777
488	100	1652	96.1230913691
489	104	1654	96.1655542352
490	109	1654	96.2088195151
491	104	1658	96.2843847136
492	107	1663	96.3223050595
493	105	1667	96.2564402556
494	105	1672	96.2223098715
495	109	1678	96.2301558334
496	104	1685	96.1601793866
497	106	1686	96.187971669
498	111	1691	96.1843522107
499	109	1698	96.281404714
500	109	1703	96.2135858559
501	110	1705	96.2359634596
502	112	1705	96.2692067212
503	111	1708	96.3387930501
504	115	1708	96.2479700725
505	116	1711	96.1903165563
506	119	1712	96.1370980844
507	122	1712	96.2224088408
508	123	1718	96.166581534
509	122	1720	96.1149016763
510	121	1723	96.0944915966
511	123	1727	96.10154102
512	122	1731	96.0672990784
513	122	1734	96.0464462285
514	125	1739	95.9923668423
515	126	1741	95.9868621813
516	122	1748	95.975054259
517	122	1754	96.0536664183
518	118	1758	96.0200903427
519	114	1762	96.0487613794
520	112	1766	95.9848049744
521	117	1768	96.0235326702
522	118	1775	96.091846105
523	120	1779	96.0958526003
524	119	1784	96.1745437935
525	121	1787	96.1723272061
526	122	1792	96.1086510089
527	123	1799	96.1770019025
528	123	1799	96.1809703283
529	119	1802	96.1964651084
530	122	1807	96.2571384397
531	123	1807	96.2580937564
532	124	1813	96.2145501101
533	128	1819	96.2426004907
534	131	1820	96.1997697105
535	129	1824	96.2219413452
536	125	1825	96.236599055
537	121	1830	96.2782547797
538	125	1836	96.342157628
539	122	1843	96.3355806164
540	121	1847	96.3543569738
541	118	1854	96.2637194965
542	115	1860	96.2891932305
543	110	1865	96.2799127487
544	109	1869	96.366833121
545	104	1869	96.3656207152
546	99	1873	96.3127107241
547	100	1878	96.3561099032
548	100	1881	96.2859206472
549	102	1886	96.332021423
550	106	1893	96.4222009284
551	111	1896	96.3712560053
552	106	1903	96.408407922
553	107	1910	96.4537966209
554	107	1910	96.4775136099
555	104	1911	96.3905492645
556	106	1914	96.4701809591
557	108	1915	96.3857232213
558	110	1916	96.3079206633
559	110	1922	96.3327949119
560	113	1928	96.4041003211
561	118	1932	96.4366761209
562	117	1939	96.482283568
563	114	1946	96.422627339
564	118	1950	96.3310028135
565	120	1957	96.3541354718
566	124	1957	96.2681937561
567	122	1964	96.2158329348
568	118	1964	96.283793281
569	123	1966	96.2293892909
570	128	1966	96.3110060758
571	127	1969	96.2504598086
572	125	1971	96.2949327406
573	127	1975	96.2705084049
574	122	1976	96.3165844698
575	124	1980	96.2937027174
576	125	1981	96.3137843583
577	121	1987	96.3174864695
578	116	1989	96.3207349037
579	116	1991	96.4001844801
580	119	1992	96.3799345624
581	123	1994	96.4480519607
582	127	2000	96.477140953
583	127	2003	96.5326005409
584	126	2009	96.4342809194
585	123	2013	96.3746214956
586	122	2018	96.3864659379
587	123	2024	96.3891543592
588	119	2030	96.367380837
589	114	2030	96.3192242246
590	111	2035	96.2309310478
591	114	2041	96.3258173182
592	111	2048	96.3336961734
593	115	2050	96.3242994024
594	116	2056	96.2441139852
595	117	2058	96.2501960195
596	120	2063	96.3219070928
597	121	2066	96.3013624317
598	122	2066	96.3443357819
599	119	2073	96.4261463912
600	115	2073	96.3536695345
601	117	2079	96.2540591305
602	115	2080	96.2036697821
603	114	2087	96.2543534904
604	113	2088	96.2075500049
605	111	2088	96.2648002445
606	110	2092	96.3187573668
607	110	2098	96.379685847
608	110	2099	96.4700236006
609	105	2101	96.5446983258
610	109	2102	96.5030494347
611	106	2106	96.4819377599
612	103	2112	96.4535787877
613	99	2116	96.5364518503
614	95	2120	96.6296883345
615	98	2124	96.7008139945
616	95	2128	96.7750011896
617	95	2128	96.834977922
618	97	2131	96.8168232191
619	102	2137	96.7863920515
620	101	2142	96.7373142929
621	102	2147	96.7607721116
622	103	2152	96.6983269805
623	101	2152	96.7519508571
624	106	2158	96.7712945619
625	101	2158	96.843723004
626	98	2162	96.7898154848
627	94	2164	96.7479119657
628	93	2170	96.7422183489
629	94	2172	96.8153214934
630	93	2175	96.7441749972
631	97	2180	96.7155718369
632	96	2186	96.6963930801
633	96	2192	96.6049994314
634	92	2192	96.5098055873
635	94	2199	96.4285350839
636	99	2206	96.3860115699
637	104	2211	96.4437383571
638	102	2214	96.399390275
639	103	2214	96.3505531139
640	104	2214	96.3347797616
641	100	2214	96.3261899377
642	98	2219	96.3323658506
643	103	2219	96.3616885968
644	105	2224	96.3693336995
645	106	2228	96.4122854037
646	110	2232	96.405275772
647	106	2238	96.4917435448
648	104	2238	96.5492525147
649	106	2238	96.5987052487
650	101	2238	96.5340144351
651	100	2240	96.5982122729
652	99	2242	96.6077787669
653	104	2245	96.6787259037
654	101	2252	96.6726217432
655	103	2257	96.7664662008
656	104	2263	96.8584906316
657	104	2270	96.8874222592
658	104	2272	96.856700728
659	107	2279	96.8519835285
660	112	2280	96.927107789
661	109	2285	96.8852044979
662	108	2285	96.9597462401
663	110	2292	96.9952301092
664	110	2299	96.9766678522
665	111	2302	97.067335901
666	108	2302	97.0432481158
667	108	2309	97.0113005866
668	108	2314	96.9465058373
669	104	2319	96.8647098464
670	99	2326	96.8744675013
671	97	2327	96.9628022994
672	98	2327	96.9028116677
673	94	2329	96.9723894191
674	89	2330	96.9693859205
675	92	2332	97.061675055
676	94	2335	97.1613345869
677	91	2336	97.0818865345
678	91	2337	97.1653587948
679	96	2344	97.2448276228
680	101	2345	97.2367591849
681	103	2348	97.2446041165
682	108	2353	97.2098447664
683	105	2357	97.1183575641
684	102	2364	97.1498838131
685	105	2371	97.0791151964
686	102	2373	97.0191049917
687	101	2375	97.077019279
688	101	2375	97.0798389654
689	106	2379	97.0275995326
690	111	2383	97.118371536
691	109	2388	97.17013556
692	112	2391	97.0917305958
693	110	2393	97.1566631937
694	107	2397	97.19339225
695	103	2402	97.2096101785
696	104	2405	97.1097534671
697	105	2408	97.1415063553
698	108	2410	97.1044924082
699	111	2413	97.187545423
700	108	2420	97.1771259365
701	106	2423	97.0856735598
702	105	2429	97.1580077372
703	110	2435	97.1139530482
704	110	2440	97.2094713457
705	107	2441	97.1758866297
706	107	2443	97.1779828588
707	108	2446	97.1697251122
708	103	2447	97.0983178491
709	106	2451	97.0457271877
710	103	2454	97.1252462484
711	101	2455	97.1915168425
712	106	2458	97.1841956362
713	110	2465	97.0964198786
714	106	2468	97.1052178053
715	101	2474	97.0190054835
716	97	2474	96.93082544
717	95	2475	96.8574522254
718	90	2481	96.8472762466
719	88	2481	96.881637673
720	90	2483	96.8650201905
721	93	2489	96.868892886
722	98	2490	96.7764241667
723	96	2495	96.7216267824
724	99	2501	96.7607973997
725	101	2507	96.8336402882
726	104	2509	96.8607556823
727	109	2515	96.9511012674
728	109	2520	96.9110288485
729	109	2524	97.0097834995
730	111	2524	97.0671954213
731	116	2528	97.0084837997
732	114	2533	96.9184923581
733	118	2533	96.8651893237
734	117	2540	96.9496597916
735	112	2540	96.9438525409
736	112	2546	96.8763188512
737	115	2548	96.8011149526
738	113	2552	96.7698159868
739	112	2556	96.7338349013
740	116	2563	96.7339508243
741	121	2570	96.7228075985
742	126	2576	96.6853711672
743	130	2581	96.6646107229
744	129	2583	96.7206484674
745	129	2588	96.6297851127
746	129	2594	96.6084294192
747	126	2598	96.7074826761
748	125	2598	96.691814553
749	125	2605	96.613342199
750	125	2608	96.5382392689
751	121	2608	96.6031803972
752	122	2613	96.5820534556
753	126	2620	96.6133864008
754	126	2622	96.6131137338
755	126	2626	96.5500193838
756	125	2633	96.5367233504
757	130	2635	96.4477473486
758	128	2642	96.4045694185
759	131	2643	96.4968085
760	135	2647	96.4674353893
761	133	2647	96.5381996414
762	129	2647	96.5441346054
763	134	2654	96.600069903
764	137	2657	96.570614399
765	132	2664	96.664200718
766	127	2665	96.7094969237
767	132	2667	96.6307763967
768	127	2671	96.5526307568
769	128	2675	96.4822607299
770	129	2680	96.4261928735
771	133	2687	96.3323415946
772	138	2690	96.2979114089
773	136	2693	96.273870281
774	141	2693	96.3398265341
775	142	2700	96.3113075729
776	138	2702	96.2481911765
777	140	2703	96.3461489254
778	141	2703	96.4228537257
779	146	2710	96.3451194064
780	147	2715	96.4131371963
781	142	2717	96.3842447378
782	144	2720	96.3477408694
783	139	2724	96.2829395415
784	140	2727	96.1831687106
785	137	2734	96.1519229374
786	142	2735	96.2319001371
787	140	2737	96.2258684007
788	138	2743	96.1415465429
789	143	2746	96.1351462124
790	145	2749	96.1972375151
791	140	2750	96.2693211931
792	141	2752	96.3161141044
793	139	2759	96.3577167753
794	134	2764	96.3362692741
795	135	2769	96.2700498403
796	140	2771	96.3546597222
797	141	2771	96.3791413636
798	141	2773	96.4066444652
799	138	2773	96.3127446982
800	133	2779	96.3377400636
801	133	2784	96.3892003039
802	136	2791	96.3937166695
803	138	2791	96.4246867449
804	142	2798	96.4564802854
805	141	2803	96.4233968329
806	140	2810	96.3333837426
807	145	2817	96.273267619
808	149	2819	96.2042017563
809	144	2821	96.275608731
810	144	2825	96.1816491448
811	141	2829	96.1655698021
812	136	2830	96.0673725576
813	132	2833	96.0553936742
814	131	2838	96.1224683382
815	133	2838	96.1894987207
816	138	2843	96.1121577333
817	138	2843	96.0280919206
818	140	2848	96.0495936887
819	136	2849	96.0182520308
820	131	2850	96.01578952
821	130	2853	96.085548087
822	128	2855	95.9871510075
823	125	2860	96.0860014232
824	122	2865	96.1012127588
825	119	2870	96.0256161588
826	118	2871	96.0795435337
827	113	2871	96.0620030897
828	109	2873	96.1538435909
829	108	2880	96.093906827
830	103	2882	96.0280605745
831	99	2887	96.0598507346
832	94	2892	96.0584418584
833	95	2894	96.0628323058
834	94	2901	95.9691850361
835	94	2902	95.8711140949
836	90	2903	95.9203130753
837	95	2903	95.9732365109
838	95	2907	95.8801700921
839	95	2914	95.8763449104
840	100	2916	95.8738178922
841	99	2916	95.9063515852
842	100	2922	96.0053717535
843	99	2924	96.0995620021
844	104	2928	96.1027617049
845	101	2928	96.0088471559
846	104	2935	95.983482116
847	102	2942	95.9942990934
848	105	2942	96.0060072546
849	102	2948	95.9478182046
850	105	2950	95.9503265951
851	103	2952	96.04357986
852	104	2958	96.0999703064
853	101	2963	96.1706751105
854	104	2965	96.1184208988
855	104	2967	96.1303835918
856	100	2969	96.1270197405
857	96	2974	96.1268927318
858	99	2979	96.1790157127
859	101	2981	96.1388387399
860	98	2987	96.0654241991
861	97	2992	96.0518423411
862	102	2998	96.1005638013
863	107	3003	96.1471735876
864	102	3006	96.1494473646
865	106	3011	96.2054195069
866	103	3015	96.2467636188
867	108	3017	96.1945195779
868	112	3024	96.2700451592
869	114	3029	96.1759535577
870	109	3035	96.0800066857
871	107	3039	96.1732314134
872	112	3041	96.167540968
873	116	3047	96.209195044
874	111	3047	96.2858572118
875	115	3049	96.3141562752
876	113	3052	96.306500652
877	116	3059	96.3526843608
878	114	3061	96.3249802688
879	115	3061	96.3745390794
880	114	3066	96.3442310103
881	110	3070	96.2862054192
882	105	3076	96.2067454786
883	102	3079	96.2503160449
884	105	3085	96.232397814
885	103	3085	96.3167542723
886	104	3089	96.3702745422
887	102	3090	96.3648045232
888	106	3094	96.3566915758
889	108	3098	96.4265747933
890	105	3105	96.3536622181
891	101	3105	96.2928639869
892	103	3108	96.2068444177
893	102	3113	96.2949658748
894	101	3115	96.2327678195
895	103	3120	96.1848601017
896	104	3126	96.1161969489
897	100	3129	96.1242127548
898	102	3133	96.1343601912
899	98	3140	96.0804200876
900	93	3146	96.0770381579
901	95	3146	96.1447367479
902	95	3152	96.2151160691
903	90	3154	96.1965346197
904	86	3155	96.2255315767
905	90	3160	96.145726293
906	95	3160	96.1952899831
907	100	3162	96.147829525
908	103	3164	96.2090415757
909	107	3170	96.180882321
910	112	3175	96.1291463101
911	113	3175	96.0685149809
912	115	3179	95.9986129032
913	120	3183	96.0186515556
914	115	3183	96.1176681504
915	118	3185	96.1966091076
916	118	3185	96.2023751255
917	115	3187	96.1341935847
918	114	3192	96.154419672
919	113	3195	96.160664258
920	114	3199	96.222267667
921	113	3200	96.1999328363
922	113	3202	96.2255982759
923	117	3206	96.3013638159
924	119	3206	96.3355811451
925	122	3212	96.4211074927
926	120	3212	96.4965264412
927	124	3213	96.5870707074
928	128	3220	96.6415215768
929	127	3225	96.6089102112
930	132	3228	96.5584865801
931	129	3229	96.4676715836
932	134	3230	96.4997894682
933	135	3237	96.5702719485
934	137	3243	96.6411623457
935	134	3244	96.6227557078
936	133	3247	96.6638039239
937	134	3249	96.7452128536
938	130	3254	96.7920448469
939	126	3259	96.7485115803
940	130	3262	96.7678354794
941	132	3269	96.6829497218
942	133	3273	96.6184249309
943	133	3274	96.6334014066
944	136	3279	96.6697325868
945	132	3283	96.6105480392
946	137	3284	96.5580924978
947	138	3284	96.6021753394
948	138	3291	96.6702199656
949	138	3298	96.6294785586
950	135	3301	96.6990591846
951	135	3308	96.7900101523
952	131	3311	96.7665295806
953	127	3315	96.8135848318
954	124	3322	96.8018132936
955	122	3328	96.7887380114
956	123	3328	96.7034640299
957	127	3335	96.72009305
958	126	3338	96.6640397304
959	121	3345	96.6454924049
960	125	3348	96.5474715299
961	128	3350	96.4877936274
962	125	3350	96.3941494492
963	122	3357	96.368180952
964	127	3360	96.3992483799
965	128	3367	96.4826539647
966	133	3373	96.5728491083
967	138	3374	96.5767695124
968	137	3374	96.6574531636
969	135	3379	96.5924897924
970	138	3379	96.5415093827
971	142	3379	96.4621833038
972	138	3386	96.4688344024
973	142	3389	96.5499646692
974	143	3389	96.5222687469
975	142	3392	96.5331315197
976	139	3392	96.5344565571
977	137	3397	96.5062056311
978	133	3402	96.5927025416
979	137	3409	96.5839924584
980	139	3413	96.6277314525
981	137	3420	96.5635218361
982	137	3421	96.601195686
983	133	3423	96.5521974331
984	131	3427	96.4881007649
985	126	3427	96.5380061572
986	124	3433	96.5554183611
987	122	3439	96.475460183
988	123	3446	96.433766133
989	126	3452	96.4754495363
990	129	3453	96.3933252479
991	127	3460	96.4014696276
992	127	3461	96.4516884054
993	125	3465	96.4883757691
994	130	3468	96.4385227004
995	133	3469	96.5344444167
996	138	3475	96.6331702446
997	139	3480	96.5459693108
998	135	3484	96.4563640133
999	133	3490	96.4802292205
1000	135	3493	96.4367036617
1001	138	3497	96.4778254582
1002	134	3500	96.4708871364
1003	134	3506	96.539941146
1004	129	3512	96.5023153782
1005	130	3515	96.4969818235
1006	129	3520	96.5882016486
1007	131	3526	96.6117733923
1008	129	3528	96.5168568568
1009	128	3528	96.5375928186
1010	130	3535	96.5312807912
1011	125	3540	96.4335796178
1012	130	3545	96.4128780724
1013	135	3548	96.5001203772
1014	133	3551	96.4572966843
1015	132	3554	96.5028333938
1016	127	3554	96.5386099557
1017	123	3557	96.5839931456
1018	122	3559	96.5202264535
1019	123	3565	96.4544709781
1020	119	3565	96.5308034004
1021	115	3568	96.5474189863
1022	116	3571	96.578026413
1023	119	3575	96.6599225831
1024	116	3577	96.6299897389
1025	118	3582	96.7256068977
1026	122	3589	96.6599406895
1027	120	3590	96.7385359991
1028	120	3591	96.8113070329
1029	121	3598	96.7850294678
1030	116	3598	96.7034420704
1031	121	3605	96.6276143388
1032	121	3606	96.7241808312
1033	126	3609	96.6320777807
1034	130	3613	96.6331297955
1035	133	3620	96.7241489922
1036	128	3626	96.6884697235
1037	124	3626	96.6807708254
1038	127	3631	96.7576442239
1039	128	3634	96.8411259005
1040	124	3638	96.8256686755
1041	125	3640	96.8921260697
1042	130	3641	96.9050630869
1043	133	3642	96.9361785238
1044	128	3643	96.9013511105
1045	132	3643	96.8180350107
1046	131	3648	96.8804911991
1047	133	3653	96.8850952039
1048	137	3656	96.9834942974
1049	132	3661	96.970169529
1050	132	3662	96.9391960733
1051	129	3664	96.8582995857
1052	128	3664	96.8387518968
1053	125	3669	96.8134293921
1054	122	3675	96.8163594617
1055	123	3676	96.7720056465
1056	128	3682	96.7064699801
1057	124	3684	96.6263627896
1058	122	3690	96.5289421043
1059	121	3697	96.5484753678
1060	126	3699	96.4587771343
1061	123	3704	96.4060789577
1062	122	3710	96.5048595601
1063	121	3714	96.583695173
1064	125	3721	96.5387490547
1065	128	3726	96.4405529276
1066	131	3729	96.3985516166
1067	134	3734	96.4691445442
1068	129	3735	96.4816187236
1069	125	3739	96.3968506233
1070	126	3741	96.4598082872
1071	127	3742	96.5053879019
1072	125	3746	96.5597824257
1073	130	3751	96.5152725428
1074	128	3753	96.6122356087
1075	126	3755	96.5530665846
1076	123	3762	96.6461254075
1077	128	3768	96.580811514
1078	133	3770	96.6079271184
1079	137	3774	96.5832763243
1080	133	3780	96.5932271287
1081	129	3781	96.5161436236
1082	128	3788	96.5222410229
1083	130	3788	96.4372632377
1084	134	3795	96.4428225281
1085	137	3801	96.4656850228
1086	134	3801	96.4466880697
1087	130	3805	96.5097975721
1088	134	3805	96.5366511618
1089	134	3812	96.5524667307
1090	129	3819	96.5680072728
1091	131	3821	96.5529261183
1092	132	3822	96.5945262361
1093	131	3826	96.6188468336
1094	130	3826	96.6319784055
1095	126	3831	96.7105777188
1096	125	3832	96.6637835295
1097	122	3835	96.7204040419
1098	119	3837	96.6563313139
1099	115	3842	96.6521944979
1100	113	3845	96.6956297047
1101	108	3845	96.7783116003
1102	113	3846	96.8562732299
1103	109	3848	96.782189408
1104	114	3855	96.8731342025
1105	118	3855	96.8041809387
1106	117	3856	96.8438512079
1107	122	3857	96.7510347567
1108	123	3862	96.7607039697
1109	125	3866	96.6741326792
1110	121	3870	96.7443398794
1111	122	3873	96.6871234926
1112	126	3874	96.6989697241
1113	127	3874	96.7735742559
1114	132	3876	96.7652572313
1115	131	3883	96.7564668037
1116	130	3886	96.8225172489
1117	125	3892	96.7858429912
1118	124	3899	96.8321877622
1119	120	3905	96.9194463016
1120	125	3907	96.8613322583
1121	124	3908	96.8809338502
1122	122	3911	96.8586063164
1123	119	3913	96.8204812123
1124	114	3919	96.8438262734
1125	111	3926	96.7951141237
1126	114	3931	96.8711541182
1127	112	3937	96.8379260912
1128	109	3941	96.8145700113
1129	104	3947	96.7959336799
1130	101	3954	96.7352403565
1131	104	3960	96.7904392266
1132	101	3960	96.6923459784
1133	105	3966	96.6806505496
1134	108	3972	96.7115400909
1135	112	3977	96.6559146474
1136	117	3979	96.6181357192
1137	115	3985	96.5484004399
1138	111	3990	96.6248705935
1139	108	3993	96.7197177302
1140	112	3993	96.6501135793
1141	114	3998	96.6760950352
1142	111	4005	96.7599738825
1143	106	4007	96.7062644174
1144	109	4014	96.7316071283
1145	107	4018	96.7959086291
1146	103	4021	96.8672838024
1147	99	4026	96.9376981325
1148	94	4033	96.8840140593
1149	91	4033	96.8474810588
1150	86	4034	96.8039992895
1151	87	4036	96.8649648079
1152	89	4038	96.9217934068
1153	89	4044	96.9992375667
1154	87	4048	97.0213431831
1155	86	4050	97.0036096705
1156	82	4055	96.995796327
1157	81	4056	97.0027853208
1158	83	4063	97.1015894693
1159	83	4068	97.013346046
1160	81	4074	97.0142389342
1161	85	4077	97.0507341794
1162	88	4077	96.988081089
1163	92	4077	96.888613322
1164	93	4078	96.8791591931
1165	95	4082	96.9726805849
1166	92	4088	96.9379043262
1167	97	4091	96.9494237707
1168	97	4097	96.9060053368
1169	95	4103	96.9119932193
1170	97	4109	96.982635524
1171	101	4109	97.0348082759
1172	96	4114	97.0003073022
1173	99	4114	97.0139981398
1174	97	4117	97.0842963065
1175	94	4121	97.0861304295
1176	93	4126	97.1209076707
1177	95	4126	97.1018721996
1178	94	4126	97.165691498
1179	99	4128	97.2375464189
1180	102	4135	97.2253674227
1181	103	4135	97.25774772
1182	105	4142	97.2888350945
1183	100	4148	97.2496660025
1184	101	4149	97.3236674055
1185	97	4156	97.4095397074
1186	93	4162	97.3412032682
1187	92	4169	97.4370054847
1188	96	4176	97.3943549768
1189	96	4181	97.3717644577
1190	98	4186	97.3293450398
1191	96	4193	97.4109939601
1192	93	4199	97.3991574925
1193	88	4203	97.3618604578
1194	89	4208	97.3148372539
1195	91	4209	97.2505231873
1196	91	4215	97.2337540333
1197	89	4222	97.2161525627
1198	88	4227	97.3100412563
1199	84	4227	97.3529281586
1200	82	4227	97.4360897732
1201	84	4233	97.3419615833
1202	79	4233	97.3190458604
1203	80	4233	97.2834280523
1204	77	4238	97.367621361
1205	74	4239	97.3169170401
1206	72	4240	97.3261313835
1207	76	4240	97.4071049711
1208	76	4240	97.3416676703
1209	75	4244	97.2438852277
1210	77	4249	97.2298206007
1211	78	4255	97.1682647969
1212	82	4260	97.0896440411
1213	79	4265	97.1353316452
1214	74	4271	97.0767342751
1215	74	4277	97.144782476
1216	78	4283	97.142586449
1217	79	4284	97.221058306
1218	80	4291	97.1919325543
1219	76	4291	97.2586932908
1220	72	4293	97.3398863298
1221	71	4293	97.4159449776
1222	67	4293	97.3760610839
1223	62	4298	97.3032735471
1224	63	4303	97.2588629207
1225	68	4304	97.2804606295
1226	67	4308	97.3168371697
1227	70	4310	97.270088045
1228	73	4314	97.3582330407
1229	72	4319	97.3166005274
1230	74	4319	97.2853421191
1231	74	4325	97.2970665198
1232	76	4329	97.3085537993
1233	74	4330	97.3718498043
1234	77	4330	97.3011319568
1235	76	4336	97.3165321222
1236	73	4337	97.2327567661
1237	73	4339	97.1449784449
1238	78	4341	97.0489637918
1239	76	4345	97.0568843716
1240	75	4345	97.1048886145
1241	76	4351	97.0592219914
1242	71	4357	96.960408338
1243	66	4362	97.0328157849
1244	67	4365	96.9967484019
1245	62	4366	97.0110608564
1246	64	4373	96.9500534163
1247	63	4374	96.9012293694
1248	65	4375	96.8023605448
1249	69	4376	96.7332482906
1250	65	4377	96.7247191663
1251	62	4381	96.7120554071
1252	58	4382	96.8085457105
1253	56	4384	96.8469506024
1254	60	4385	96.8955756445
1255	58	4389	96.9527227015
1256	60	4390	96.9880183593
1257	56	4397	97.023608452
1258	56	4403	96.9631525858
1259	51	4408	96.9562270623
1260	54	4410	96.9255201841
1261	58	4410	96.9905722401
1262	56	4415	97.0775050013
1263	56	4422	97.1260804674
1264	52	4429	97.0321319984
1265	53	4435	96.9724699013
1266	53	4442	96.9248666055
1267	58	4447	97.0095625719
1268	60	4451	97.0837209359
1269	61	4453	97.1300043767
1270	61	4460	97.0886462665
1271	64	4464	97.1695505729
1272	60	4468	97.1141196219
1273	63	4474	97.1576882759
1274	58	4480	97.1151812122
1275	62	4480	97.0314742124
1276	64	4482	96.9853255745
1277	60	4482	96.9798739357
1278	59	4484	97.0447676211
1279	61	4488	96.9693186953
1280	63	4495	96.8817473288
1281	61	4496	96.9345559983
1282	57	4503	97.032577337
1283	55	4505	97.0071898499
1284	53	4507	96.9449924082
1285	52	4512	97.0319213694
1286	50	4515	96.999121448
1287	55	4522	97.0669269554
1288	60	4522	96.9717718023
1289	60	4527	96.9408712005
1290	55	4530	96.9757406253
1291	60	4533	97.0527800314
1292	55	4535	97.1397478446
1293	51	4538	97.1341964898
1294	54	4544	97.1218919578
1295	50	4548	97.0437456071
1296	52	4552	97.030177847
1297	50	4558	97.0203064594
1298	50	4559	97.0911729948
1299	50	4562	97.1816989345
1300	51	4565	97.0943987156
1301	52	4567	97.1467545252
1302	53	4569	97.1159780439
1303	53	4575	97.0500914289
1304	58	4576	97.1459434853
1305	61	4581	97.078448126
1306	61	4585	96.9908790223
1307	61	4588	97.0626510058
1308	60	4589	97.0060697944
1309	62	4591	97.0598819291
1310	64	4592	97.0362978209
1311	64	4592	97.1296874017
1312	60	4598	97.1173544772
1313	56	4605	97.1733538825
1314	58	4609	97.2688940881
1315	62	4613	97.1961602226
1316	58	4616	97.1524035651
1317	58	4622	97.2000249701
1318	62	4623	97.2891193782
1319	65	4625	97.3867365931
1320	64	4629	97.3160509479
1321	59	4636	97.2439875259
1322	59	4641	97.2928389868
1323	60	4647	97.2370912305
1324	57	4648	97.2463189601
1325	59	4648	97.3268634333
1326	62	4652	97.4060658124
1327	63	4656	97.4377636557
1328	58	4657	97.4324539943
1329	61	4662	97.3961555826
1330	61	4663	97.4024828845
1331	56	4668	97.4395110756
1332	59	4675	97.375334102
1333	54	4680	97.3222538033
1334	50	4682	97.3967408902
1335	52	4683	97.2974681454
1336	53	4684	97.3167749169
1337	53	4689	97.2805346143
1338	56	4691	97.3206846473
1339	58	4698	97.3544111337
1340	58	4704	97.2702521323
1341	55	4705	97.2371784652
1342	60	4708	97.1798096569
1343	60	4715	97.204925086
1344	55	4715	97.2102085027
1345	52	4721	97.2595849643
1346	53	4723	97.250726766
1347	50	4726	97.3261631572
1348	50	4727	97.3835217125
1349	53	4730	97.3513942915
1350	54	4731	97.2879328808
1351	56	4733	97.2438049714
1352	53	4738	97.2161138811
1353	50	4740	97.1401383297
1354	50	4744	97.2232263896
1355	50	4746	97.137018505
1356	50	4753	97.1348285426
1357	51	4755	97.1111910271
1358	50	4762	97.1383131131
1359	50	4769	97.0782059021
1360	52	4775	97.1437225629
1361	50	4777	97.1264757694
1362	50	4780	97.1295310195
1363	50	4787	97.1193952509
1364	50	4788	97.0225507962
1365	50	4791	97.0413219135
1366	54	4792	97.0456171901
1367	52	4797	97.0324533631
1368	50	4804	97.1132815194
1369	50	4811	97.1841028127
1370	50	4813	97.2809723818
1371	54	4818	97.3261678008
1372	59	4823	97.2429175846
1373	64	4827	97.3180797046
1374	69	4832	97.2800236208
1375	67	4839	97.3370465255
1376	67	4846	97.4158962664
1377	62	4848	97.3832922715
1378	64	4852	97.3320708422
1379	64	4858	97.3544292505
1380	63	4864	97.3252428228
1381	62	4868	97.353376413
1382	62	4875	97.4380015624
1383	66	4880	97.469037999
1384	67	4885	97.4216884148
1385	63	4885	97.4457168119
1386	66	4891	97.4659412145
1387	62	4891	97.4083323407
1388	60	4898	97.3228065212
1389	63	4900	97.4210740397
1390	68	4903	97.3876610648
1391	72	4904	97.353383866
1392	77	4905	97.4238290899
1393	77	4909	97.4708676275
1394	78	4909	97.5122515207
1395	77	4913	97.4558454902
1396	74	4920	97.4393236957
1397	69	4926	97.4716827517
1398	72	4928	97.4461613965
1399	77	4932	97.4615022724
1400	75	4933	97.3995095202
1401	79	4940	97.4540517661
1402	74	4944	97.3816521388
1403	70	4951	97.3753665059
1404	68	4952	97.2895073601
1405	69	4958	97.2547099524
1406	71	4964	97.1561898883
1407	72	4967	97.186739543
1408	70	4971	97.1265791691
1409	65	4973	97.1660930776
1410	63	4979	97.2533938211
1411	62	4982	97.1720607098
1412	62	4983	97.1530167053
1413	66	4990	97.0834168444
1414	70	4990	97.0661913105
1415	65	4992	97.0209143624
1416	65	4995	97.012850426
1417	63	4997	97.064881302
1418	63	4998	97.1222731585
1419	62	5003	97.1374709447
1420	67	5007	97.1747567073
1421	62	5014	97.2470885535
1422	66	5021	97.2210666183
1423	63	5021	97.1991941836
1424	61	5028	97.1759070104
1425	57	5032	97.1733726234
1426	59	5033	97.1180404604
1427	58	5038	97.1801982788
1428	56	5039	97.1634035702
1429	54	5041	97.2058531097
1430	58	5043	97.2963018324
1431	55	5047	97.3743398797
1432	55	5051	97.422707164
1433	50	5057	97.4230335242
1434	51	5061	97.5203479726
1435	50	5062	97.6183302328
1436	50	5065	97.590723815
1437	55	5070	97.6407375033
1438	56	5077	97.7220800092
1439	61	5080	97.7137113348
1440	62	5081	97.8024464137
1441	66	5084	97.8181866216
1442	66	5084	97.7756457889
1443	68	5087	97.7749664711
1444	72	5090	97.7879436845
1445	75	5093	97.8155960755
1446	79	5100	97.7695710303
1447	83	5102	97.7645025425
1448	81	5104	97.6980204624
1449	78	5111	97.7304334414
1450	73	5116	97.6948437505
1451	78	5117	97.666493783
1452	73	5118	97.5811244324
1453	73	5125	97.553389306
1454	69	5130	97.4641174924
1455	66	5132	97.3705908275
1456	64	5133	97.3544152944
1457	67	5133	97.3701682278
1458	65	5135	97.3021136528
1459	61	5137	97.3578775295
1460	56	5138	97.4416968305
1461	53	5145	97.492877983
1462	55	5151	97.4764617455
1463	60	5151	97.5135730303
1464	60	5152	97.5997779817
1465	64	5158	97.6684619006
1466	60	5165	97.7535495865
1467	57	5168	97.8246028841
1468	55	5174	97.7847939402
1469	54	5180	97.873793123
1470	52	5185	97.9346189198
1471	53	5190	98.0311166854
1472	56	5195	98.0051323218
1473	61	5196	97.949269967
1474	60	5202	98.0002989245
1475	60	5205	97.9641759266
1476	63	5209	97.9168207196
1477	67	5213	97.9395495548
1478	70	5216	97.9368610267
1479	71	5217	97.9961833684
1480	71	5220	98.0826436788
1481	71	5220	98.0985973998
1482	67	5222	98.1652972129
1483	69	5228	98.131263554
1484	69	5228	98.2192388488
1485	66	5230	98.2955622226
1486	67	5231	98.2911817765
1487	63	5232	98.3795126001
1488	64	5234	98.4481926135
1489	65	5237	98.3665596471
1490	67	5244	98.2838023035
1491	70	5248	98.2468874052
1492	67	5250	98.246383286
1493	64	5254	98.2655777025
1494	65	5259	98.2744012669
1495	67	5263	98.3542561846
1496	67	5263	98.2837521082
1497	70	5269	98.2039635523
1498	73	5272	98.1784433166
1499	74	5275	98.1512875206
1500	69	5276	98.1854008487
1501	66	5283	98.1125761746
1502	64	5284	98.0400252067
1503	60	5288	97.9456209975
1504	56	5290	97.8838699846
1505	57	5291	97.9614148125
1506	55	5297	97.8912931917
1507	57	5303	97.9839611125
1508	61	5309	98.0469892751
1509	59	5314	98.1212965188
1510	63	5316	98.0256141736
1511	67	5323	98.0976145812
1512	63	5324	98.0504971298
1513	66	5328	98.1218408888
1514	66	5335	98.2041974875
1515	68	5336	98.1809079847
1516	64	5339	98.1004908311
1517	68	5343	98.0673739041
1518	70	5344	98.0697414248
1519	74	5349	98.0184676497
1520	72	5354	98.022532923
1521	71	5359	97.9439074383
1522	76	5361	97.9743165041
1523	74	5361	97.917650404
1524	76	5363	97.862425402
1525	81	5366	97.9051920986
1526	81	5370	98.0033997829
1527	85	5371	97.9192202851
1528	88	5377	98.0016832965
1529	86	5381	98.0719094037
1530	90	5386	98.069356627
1531	93	5392	98.1174374572
1532	92	5392	98.1213874508
1533	87	5396	98.2012824629
1534	88	5397	98.2041212005
1535	85	5402	98.1855740402
1536	84	5407	98.1085289658
1537	85	5408	98.0572709297
1538	81	5412	97.9786491038
1539	83	5415	97.9352841402
1540	87	5421	97.8781648772
1541	85	5427	97.8247591139
1542	82	5434	97.8813890732
1543	80	5439	97.9137134406
1544	75	5444	98.0013295705
1545	79	5448	97.9087527051
1546	84	5452	97.9005369229
1547	86	5457	97.8613209986
1548	91	5460	97.9358910796
1549	88	5463	97.9731042794
1550	92	5470	97.8949118587
1551	93	5477	97.8526242296
1552	93	5484	97.7840584594
1553	88	5488	97.8766550405
1554	83	5489	97.7999663348
1555	87	5491	97.862885483
1556	83	5497	97.959922428
1557	82	5501	98.0393146744
1558	87	5504	97.992205652
1559	89	5508	97.920955599
1560	84	5508	97.9459166469
1561	83	5514	97.9290798601
1562	86	5520	97.8294928939
1563	87	5525	97.7865937592
1564	83	5527	97.8053145904
1565	79	5531	97.8387777014
1566	76	5538	97.7719882655
1567	71	5538	97.7150002689
1568	68	5545	97.7019580582
1569	69	5551	97.6601230234
1570	67	5553	97.5830091043
1571	63	5553	97.6790388305
1572	64	5556	97.7153765158
1573	63	5556	97.8031992893
1574	59	5559	97.8055937192
1575	58	5561	97.7824602705
1576	59	5566	97.7017502662
1577	57	5573	97.7976230952
1578	54	5573	97.7033374827
1579	59	5577	97.7300935679
1580	61	5581	97.8069310582
1581	59	5582	97.741661337
1582	56	5585	97.7012219896
1583	59	5588	97.7829279801
1584	63	5592	97.8221436183
1585	63	5595	97.9046816332
1586	59	5601	98.0006394192
1587	59	5604	97.935882715
1588	55	5607	97.8723981311
1589	54	5612	97.8115124789
1590	54	5613	97.760149923
1591	52	5616	97.7775873793
1592	57	5623	97.8746726036
1593	60	5625	97.8045237898
1594	57	5628	97.818631174
1595	55	5630	97.90312328
1596	50	5637	97.9758399561
1597	55	5644	98.0056957501
1598	56	5644	98.0594205907
1599	54	5651	98.1221210769
1600	59	5652	98.2082925123
1601	61	5659	98.1324696816
1602	66	5660	98.1701391148
1603	69	5667	98.1584274707
1604	69	5671	98.2393682784
1605	72	5671	98.3362823196
1606	76	5678	98.4304592145
1607	76	5679	98.439930734
1608	71	5679	98.3729223265
1609	67	5686	98.2823344564
1610	64	5690	98.3255611067
1611	69	5695	98.2871731673
1612	64	5698	98.1880123505
1613	62	5705	98.1535667856
1614	57	5706	98.1783049919
1615	53	5709	98.1684797571
1616	50	5716	98.1593767871
1617	50	5723	98.1601043347
1618	52	5727	98.1976731405
1619	50	5731	98.1582208867
1620	50	5731	98.0867950415
1621	52	5731	98.1152410371
1622	50	5731	98.1719511648
1623	50	5738	98.1006716409
1624	50	5742	98.1149810923
1625	50	5748	98.0493594364
1626	53	5752	98.0239700334
1627	50	5754	98.0482957815
1628	52	5757	98.0779262319
1629	50	5763	98.02203473
1630	50	5770	98.0965527296
1631	51	5773	98.1513377141
1632	50	5775	98.2417868549
1633	50	5781	98.2698461594
1634	50	5787	98.2442419318
1635	50	5787	98.3135768431
1636	54	5792	98.2918339838
1637	56	5796	98.2068920129
1638	51	5797	98.1141973145
1639	50	5801	98.0196147933
1640	50	5806	98.0230698994
1641	51	5809	98.0573461092
1642	56	5816	98.0658694335
1643	55	5819	98.0542628587
1644	51	5825	98.1278101613
1645	50	5827	98.0468648665
1646	50	5829	98.126993121
1647	53	5831	98.1859948463
1648	52	5833	98.2715217601
1649	57	5840	98.2554155578
1650	58	5846	98.252196513
1651	62	5852	98.201927814
1652	63	5855	98.279891142
1653	61	5861	98.262635194
1654	56	5861	98.1663478263
1655	52	5867	98.2408011126
1656	51	5868	98.2959510902
1657	50	5871	98.196591538
1658	51	5872	98.2013551815
1659	54	5873	98.1682562609
1660	59	5876	98.2432834155
1661	63	5883	98.1590055542
1662	62	5886	98.0819920167
1663	64	5886	98.07923366
1664	61	5889	98.1515398037
1665	66	5894	98.1696008798
1666	63	5898	98.1215332222
1667	64	5902	98.0610376346
1668	66	5905	98.1309781867
1669	65	5911	98.0998271896
1670	65	5915	98.0868587188
1671	62	5918	98.1127368038
1672	57	5923	98.0501062002
1673	56	5928	98.1156437098
1674	61	5935	98.2081693485
1675	56	5937	98.2284655046
1676	61	5941	98.1911678217
1677	61	5944	98.2353068452
1678	61	5946	98.3081813053
1679	65	5947	98.4025554564
1680	70	5949	98.3041379981
1681	70	5955	98.270451579
1682	74	5962	98.223681656
1683	78	5969	98.2981530423
1684	78	5975	98.3426751577
1685	75	5980	98.2678290824
1686	75	5980	98.3103662066
1687	77	5982	98.3536776778
1688	77	5982	98.3464589039
1689	81	5982	98.3936885169
1690	82	5988	98.4634760438
1691	83	5990	98.3810285353
1692	86	5993	98.29172458
1693	82	5997	98.2668150818
1694	85	6003	98.356653976
1695	88	6008	98.3320885391
1696	84	6014	98.3553592639
1697	87	6021	98.2769190727
1698	92	6024	98.3754204111
1699	94	6027	98.3869085586
1700	94	6034	98.44309562
1701	96	6036	98.3841175964
1702	98	6041	98.3577563482
1703	96	6048	98.353868709
1704	96	6048	98.261444978
1705	93	6053	98.2820650485
1706	89	6059	98.2128441478
1707	84	6065	98.2917675792
1708	85	6068	98.3868483418
1709	87	6070	98.4199092264
1710	82	6070	98.4254162859
1711	79	6073	98.4321710207
1712	77	6078	98.4116196538
1713	79	6079	98.4327954446
1714	79	6080	98.4681395275
1715	83	6080	98.5461037483
1716	86	6087	98.5756614876
1717	90	6088	98.5798971746
1718	93	6090	98.5399045691
1719	93	6093	98.5261033509
1720	90	6095	98.6079768918
1721	87	6096	98.6098868592
1722	89	6101	98.5748650584
1723	93	6102	98.5667974579
1724	90	6102	98.6255715646
1725	95	6104	98.7092900719
1726	93	6109	98.7711252394
1727	91	6115	98.8394743958
1728	90	6122	98.7717698523
1729	90	6127	98.7264378176
1730	86	6134	98.7994305619
1731	82	6141	98.8044464836
1732	77	6143	98.756581853
1733	82	6146	98.7541921828
1734	80	6148	98.6944449576
1735	84	6152	98.6216313632
1736	88	6153	98.6622202758
1737	91	6153	98.5668576586
1738	93	6156	98.594372593
1739	94	6160	98.5717168426
1740	96	6167	98.5425662179
1741	93	6167	98.5642102655
1742	90	6168	98.4841525642
1743	87	6175	98.3968922099
1744	92	6180	98.4304618724
1745	90	6186	98.3967689387
1746	85	6191	98.4908932439
1747	88	6193	98.5259303122
1748	89	6194	98.4877937928
1749	85	6198	98.5488046505
1750	90	6204	98.5828555776
1751	89	6207	98.6379237365
1752	87	6210	98.5395675465
1753	92	6210	98.5576831064
1754	88	6215	98.478681399
1755	93	6222	98.4402664645
1756	98	6224	98.3785028523
1757	99	6228	98.3796563595
1758	96	6229	98.2969797653
1759	91	6236	98.3054915503
1760	87	6243	98.3080776869
1761	92	6246	98.3660659534
1762	90	6247	98.4538176949
1763	91	6248	98.3755011939
1764	88	6253	98.4159697436
1765	86	6260	98.4949512751
1766	86	6267	98.4497606624
1767	86	6272	98.4868783212
1768	87	6274	98.5415180304
1769	84	6278	98.4807571849
1770	83	6278	98.4478852197
1771	79	6278	98.4244754883
1772	80	6278	98.449342823
1773	80	6285	98.4110224678
1774	84	6287	98.4440467113
1775	84	6291	98.4268249266
1776	85	6293	98.4342547225
1777	83	6293	98.4728428742
1778	87	6295	98.5628814464
1779	88	6298	98.5631429128
1780	92	6300	98.6421284398
1781	92	6304	98.7168702639
1782	94	6307	98.7174241278
1783	93	6311	98.7484270635
1784	97	6311	98.8101846662
1785	96	6314	98.7986678482
1786	101	6319	98.7303462155
1787	99	6319	98.6915732537
1788	98	6321	98.6042092
1789	98	6324	98.5536881823
1790	102	6328	98.4875584642
1791	104	6329	98.4770477163
1792	107	6330	98.4584572693
1793	106	6331	98.3830832635
1794	107	6333	98.4521791283
1795	104	6335	98.3837707662
1796	99	6336	98.3883403701
1797	100	6337	98.3131265909
1798	95	6341	98.3565728192
1799	96	6347	98.4272297368
1800	93	6350	98.434698518
1801	90	6356	98.5108666565
1802	90	6361	98.5630423083
1803	90	6362	98.5858073392
1804	94	6365	98.6273090002
1805	93	6366	98.6367101472
1806	91	6373	98.5495107391
1807	88	6374	98.574870765
1808	90	6376	98.6431069019
1809	91	6383	98.6151222903
1810	88	6383	98.5700218361
1811	86	6386	98.5799909395
1812	90	6388	98.5070252557
1813	94	6393	98.4227716573
1814	89	6398	98.3305652746
1815	87	6398	98.4046174933
1816	83	6403	98.4158105704
1817	85	6405	98.4675552841
1818	90	6412	98.4895396309
1819	85	6413	98.5380042385
1820	88	6418	98.6285598814
1821	84	6420	98.5290289196
1822	86	6426	98.6086325837
1823	90	6433	98.6996301025
1824	86	6438	98.7180482282
1825	84	6439	98.7616001666
1826	85	6444	98.7579267069
1827	85	6448	98.7347124177
1828	86	6454	98.6832385926
1829	91	6455	98.7252846389
1830	96	6457	98.6255663589
1831	98	6460	98.6114457191
1832	94	6467	98.6339897799
1833	90	6474	98.6632358276
1834	94	6474	98.571104041
1835	92	6481	98.5430624175
1836	91	6487	98.5741625415
1837	90	6493	98.5043378929
1838	89	6495	98.5172519621
1839	85	6498	98.5752211909
1840	90	6503	98.6516308628
1841	89	6507	98.6600989029
1842	87	6514	98.6527032569
1843	83	6517	98.6525247517
1844	79	6517	98.7493829247
1845	81	6521	98.74101257
1846	79	6523	98.70491944
1847	75	6524	98.7492964875
1848	71	6527	98.748508879
1849	68	6533	98.7884782601
1850	70	6535	98.8579145838
1851	75	6535	98.7867456056
1852	76	6540	98.727813534
1853	76	6546	98.6297111756
1854	77	6548	98.5798542622
1855	77	6552	98.5567926074
1856	74	6558	98.5496465497
1857	71	6559	98.562767479
1858	72	6559	98.5038816886
1859	76	6564	98.4162839751
1860	73	6566	98.3640141868
1861	77	6571	98.4119968828
1862	80	6578	98.399436612
1863	80	6582	98.3244449866
1864	77	6583	98.2857928778
1865	82	6585	98.2561009583
1866	82	6585	98.2479420278
1867	82	6588	98.2807031698
1868	78	6589	98.3801892203
1869	83	6592	98.4706426251
1870	83	6597	98.4115783396
1871	88	6600	98.4294510534
1872	86	6605	98.34317237
1873	85	6610	98.41520647
1874	89	6617	98.3405610526
1875	90	6621	98.3949734156
1876	94	6621	98.3558658947
1877	93	6623	98.2846007074
1878	97	6625	98.1862206119
1879	101	6630	98.1020306085
1880	101	6634	98.0257763876
1881	98	6640	97.9825676083
1882	93	6643	97.89166782
1883	98	6647	97.9525032548
1884	100	6647	98.0170148028
1885	97	6649	98.0032926632
1886	102	6654	97.9452018743
1887	106	6657	98.0093850931
1888	104	6663	97.9998210004
1889	107	6670	97.9245305393
1890	112	6670	97.9103201878
1891	109	6673	97.8514736314
1892	114	6680	97.8987951805
1893	118	6680	97.8123320775
1894	123	6682	97.8801416195
1895	119	6684	97.9463098533
1896	119	6691	97.9254710349
1897	123	6691	97.9463966618
1898	121	6696	98.0258197688
1899	125	6698	97.9259590438
1900	120	6698	97.9265033025
1901	125	6704	97.9979855294
1902	123	6707	97.9698790848
1903	128	6709	97.9756631143
1904	123	6710	98.0387695869
1905	121	6717	98.1161109399
1906	121	6724	98.044424899
1907	117	6727	98.1252785596
1908	116	6732	98.0488982213
1909	117	6733	98.083114272
1910	122	6735	98.1680746021
1911	127	6740	98.2186438778
1912	128	6740	98.1693184021
1913	132	6740	98.1089558227
1914	133	6741	98.0407825044
1915	136	6742	98.0285370209
1916	134	6743	98.110270907
1917	139	6748	98.0723442834
1918	135	6749	98.0977880319
1919	130	6752	98.1115421266
1920	128	6754	98.1687150727
1921	123	6757	98.0711993716
1922	119	6759	98.169022948
1923	123	6763	98.2074117799
1924	127	6768	98.177608677
1925	131	6774	98.1344120291
1926	126	6778	98.1084622534
1927	121	6779	98.120056427
1928	118	6780	98.1960266625
1929	115	6783	98.1532249384
1930	115	6788	98.1778541476
1931	114	6791	98.2281813433
1932	118	6795	98.2457721981
1933	114	6795	98.2338792414
1934	118	6797	98.1722217697
1935	115	6800	98.1115103567
1936	112	6804	98.1958157396
1937	108	6804	98.163563197
1938	108	6808	98.130790449
1939	106	6813	98.1404774498
1940	102	6815	98.1150026287
1941	101	6819	98.2124982627
1942	100	6825	98.1265935049
1943	98	6827	98.1981843256
1944	93	6828	98.1765320332
1945	88	6835	98.1626470112
1946	88	6839	98.1693047466
1947	89	6840	98.0996948869
1948	85	6845	98.0490110505
1949	89	6845	98.1214579916
1950	85	6845	98.1327595828
1951	85	6847	98.2057553438
1952	90	6853	98.2329506781
1953	95	6860	98.2344854335
1954	91	6866	98.3063382573
1955	93	6869	98.3200947387
1956	92	6870	98.2316151979
1957	93	6876	98.2430672541
1958	90	6879	98.1509246195
1959	91	6882	98.1166914158
1960	93	6887	98.213938711
1961	97	6888	98.240834248
1962	102	6895	98.1976792358
1963	100	6898	98.2232212891
1964	96	6904	98.1261751444
1965	98	6909	98.0995021459
1966	99	6914	98.0934590625
1967	94	6916	98.0755875254
1968	93	6922	98.0464548665
1969	90	6925	98.0540624806
1970	86	6930	98.1096318447
1971	81	6932	98.1979595571
1972	84	6933	98.1405199065
1973	79	6940	98.1436988706
1974	77	6946	98.1746554009
1975	82	6953	98.185137888
1976	81	6955	98.1632557388
1977	76	6959	98.1344127051
1978	77	6959	98.1638534945
1979	76	6964	98.1314680885
1980	79	6964	98.2169472074
1981	81	6965	98.1893892579
1982	80	6971	98.2417810761
1983	76	6977	98.334366783
1984	71	6983	98.4035844005
1985	74	6984	98.5035790333
1986	71	6987	98.4986727017
1987	71	6990	98.5104962091
1988	71	6992	98.4877958236
1989	70	6994	98.4030664055
1990	65	6996	98.4157916956
1991	63	7001	98.3965623262
1992	65	7002	98.3822276141
1993	66	7005	98.4039083032
1994	68	7008	98.4937732126
1995	64	7010	98.4921822509
1996	64	7014	98.4930591872
1997	62	7018	98.4686103225
1998	58	7021	98.5570789595
1999	54	7027	98.4837380487
2000	59	7034	98.414777705
2001	61	7035	98.4681470158
2002	58	7037	98.5594231759
2003	58	7040	98.5943122272
2004	60	7043	98.6625734918
2005	56	7045	98.7188387623
2006	55	7047	98.7788709843
2007	59	7047	98.8674272017
2008	62	7049	98.826036472
2009	67	7049	98.9128403495
2010	65	7056	98.8444775295
2011	62	7056	98.7786203993
2012	64	7060	98.7919937922
2013	60	7063	98.717521944
2014	56	7070	98.7021768683
2015	56	7071	98.6933752973
2016	52	7073	98.7387289089
2017	56	7080	98.7727189623
2018	55	7083	98.7744869322
2019	50	7090	98.7981779179
2020	52	7092	98.7026291095
2021	54	7094	98.7309998923
2022	58	7101	98.8283536097
2023	59	7103	98.8285104173
2024	54	7109	98.898575256
2025	52	7111	98.9265822094
2026	56	7116	98.9201527414
2027	51	7122	98.9107231204
2028	52	7123	98.8728068959
2029	50	7126	98.9556327724
2030	54	7126	98.941065154
2031	58	7133	99.0298183597
2032	53	7136	99.0915451984
2033	53	7137	99.1390428701
2034	53	7140	99.0910194398
2035	57	7142	99.1897244512
2036	55	7149	99.1040350689
2037	58	7153	99.0847174945
2038	60	7154	99.112295349
2039	61	7156	99.1456509159
2040	64	7158	99.1399908667
2041	60	7161	99.2006480107
2042	57	7161	99.1049805501
2043	60	7168	99.1078945567
2044	62	7173	99.1967945596
2045	61	7173	99.1072175943
2046	60	7177	99.0332390751
2047	60	7181	99.0152932002
2048	57	7185	99.0356877547
2049	54	7190	99.1090421058
2050	54	7192	99.1235830952
2051	53	7196	99.05221645
2052	50	7200	99.0540255675
2053	50	7205	99.1317783508
2054	54	7211	99.0477632177
2055	59	7211	98.9522043163
2056	59	7218	98.965451656
2057	54	7218	98.8762927062
2058	54	7223	98.8698584632
2059	58	7229	98.8421975163
2060	58	7231	98.8216477005
2061	55	7235	98.7580400143
2062	51	7238	98.8359430498
2063	50	7239	98.8046571699
2064	52	7239	98.7318420773
2065	50	7243	98.7735696879
2066	55	7244	98.7764227189
2067	58	7250	98.7795399745
2068	58	7252	98.7807221398
2069	60	7258	98.8335250861
2070	55	7264	98.9015765872
2071	58	7264	98.9212646219
2072	57	7266	98.9577587895
2073	52	7267	98.9325548569
2074	53	7270	98.8778869695
2075	50	7276	98.8693741881
2076	55	7280	98.8904266233
2077	53	7283	98.8174934368
2078	50	7289	98.9022255507
2079	50	7290	98.9766804157
2080	51	7291	98.9735127871
2081	50	7294	98.9626814293
2082	54	7298	99.0015737651
2083	57	7301	98.934824305
2084	54	7302	99.0199305371
2085	59	7302	99.0741249924
2086	62	7307	99.0034995583
2087	59	7314	98.9573282951
2088	54	7314	98.9685388682
2089	57	7315	99.0408977868
2090	55	7320	99.0755525556
2091	60	7326	99.1748685485
2092	62	7329	99.0883254911
2093	62	7336	99.0556549808
2094	66	7340	99.0866757019
2095	71	7346	99.0138835098
2096	67	7346	99.0255095685
2097	71	7349	99.0676890914
2098	74	7356	98.9797748322
2099	71	7359	98.9988199067
2100	76	7365	99.0685162236
2101	78	7368	99.0130801961
2102	79	7374	98.9236502052
2103	81	7378	98.8370311965
2104	86	7379	98.8048152113
2105	91	7381	98.8301151643
2106	90	7383	98.8236222033
2107	86	7385	98.7268870111
2108	85	7387	98.6896023135
2109	88	7387	98.7707076997
2110	83	7391	98.8495895573
2111	78	7396	98.8193539507
2112	83	7403	98.7937535938
2113	88	7404	98.8219732386
2114	89	7405	98.8461960781
2115	90	7412	98.8449738427
2116	93	7415	98.8790034864
2117	95	7419	98.9294147473
2118	92	7419	98.8522356071
2119	97	7423	98.8260606844
2120	98	7428	98.8617265852
2121	103	7433	98.8291975806
2122	106	7439	98.8473202917
2123	110	7442	98.841791408
2124	110	7446	98.878619887
2125	106	7453	98.8369215947
2126	105	7460	98.8268673525
2127	108	7461	98.7838305427
2128	106	7467	98.833452715
2129	101	7471	98.8841443681
2130	104	7477	98.9325585284
2131	100	7483	98.8523183355
2132	96	7490	98.836860378
2133	91	7494	98.8712913049
2134	91	7501	98.8861428054
2135	90	7507	98.8135676601
2136	86	7508	98.7300421037
2137	89	7513	98.648822393
2138	93	7520	98.6866450925
2139	92	7523	98.7476836229
2140	94	7525	98.7742867571
2141	94	7532	98.8384948114
2142	93	7534	98.86743696
2143	94	7541	98.8980539104
2144	99	7542	98.8737824007
2145	97	7543	98.8380784143
2146	96	7545	98.8616379293
2147	94	7550	98.7911109011
2148	94	7557	98.8192696335
2149	95	7563	98.8203116067
2150	99	7564	98.7842789577
2151	99	7568	98.7468844314
2152	103	7571	98.6766447528
2153	101	7576	98.5931029578
2154	100	7577	98.5986906163
2155	103	7584	98.5966262387
2156	104	7584	98.6516290951
2157	105	7585	98.6081549885
2158	103	7591	98.5348276565
2159	103	7594	98.5148737957
2160	98	7594	98.4715663447
2161	103	7598	98.5664606085
2162	99	7601	98.5143770404
2163	100	7601	98.4597891392
2164	95	7606	98.4237160087
2165	99	7607	98.5036123573
2166	96	7614	98.4487094058
2167	94	7620	98.425806932
2168	97	7625	98.4063318433
2169	101	7632	98.4867498152
2170	98	7634	98.4484268506
2171	98	7638	98.4487214142
2172	97	7638	98.5235011488
2173	97	7640	98.5822010971
2174	101	7647	98.6235013576
2175	101	7653	98.5502230987
2176	101	7657	98.5434376313
2177	104	7662	98.5777254099
2178	106	7668	98.5688612101
2179	109	7673	98.6235753504
2180	112	7673	98.6497992083
2181	110	7679	98.6727401716
2182	110	7681	98.753691373
2183	110	7682	98.6707362265
2184	109	7684	98.636677739
2185	104	7685	98.5389905103
2186	106	7691	98.53494956
2187	105	7698	98.4543436104
2188	107	7702	98.5432106915
2189	103	7704	98.4695705671
2190	106	7709	98.4972095222
2191	107	7712	98.4460615695
2192	111	7714	98.4941311498
2193	113	7720	98.4068344918
2194	111	7724	98.3553531438
2195	106	7728	98.321915861
2196	102	7733	98.3341715959
2197	97	7736	98.3624664961
2198	95	7737	98.3352494162
2199	93	7741	98.2465324245
2200	95	7741	98.1981133189
2201	93	7742	98.1359309769
2202	97	7742	98.1309790071
2203	95	7744	98.2061447931
2204	91	7744	98.1387220824
2205	96	7751	98.1235358718
2206	96	7751	98.0950829488
2207	92	7757	98.0629658435
2208	97	7760	98.113012852
2209	97	7766	98.0556143583
2210	98	7768	98.0202591839
2211	94	7771	98.102015067
2212	92	7773	98.0413381344
2213	92	7780	98.0594442608
2214	96	7786	98.1403971941
2215	98	7791	98.1717945071
2216	93	7792	98.1341037942
2217	91	7798	98.1740140257
2218	95	7798	98.2143122225
2219	100	7798	98.2848496802
2220	101	7801	98.3173301865
2221	106	7803	98.3541333476
2222	111	7804	98.3643086297
2223	109	7805	98.4223036271
2224	109	7810	98.3484550477
2225	105	7816	98.2750668327
2226	105	7817	98.2913053517
2227	102	7824	98.2103343789
2228	105	7828	98.2157096986
2229	103	7829	98.2193226823
2230	101	7833	98.2413523035
2231	105	7838	98.1863506642
2232	109	7845	98.1836169839
2233	106	7846	98.1710629
2234	102	7849	98.1610862008
2235	100	7853	98.1560289272
2236	96	7858	98.1229929842
2237	97	7862	98.0442673829
2238	92	7867	98.1406030601
2239	92	7872	98.1638999754
2240	91	7874	98.1299650077
2241	95	7876	98.0932057136
2242	90	7879	98.0161091849
2243	93	7885	97.928573986
2244	91	7892	97.8392638971
2245	96	7894	97.8371567702
2246	95	7895	97.8567860362
2247	100	7898	97.9561553585
2248	103	7905	97.9198712224
2249	102	7908	97.9135810591
2250	100	7914	97.8807033195
2251	95	7919	97.9372887017
2252	94	7920	97.976700902
2253	99	7925	97.9386667321
2254	100	7926	97.9509273
2255	101	7929	97.8563515132
2256	98	7933	97.9340503642
2257	94	7939	98.0119542862
2258	98	7939	98.0260757325
2259	96	7941	98.0044676526
2260	91	7941	97.9355555421
2261	95	7945	97.9758178078
2262	93	7945	98.0478666276
2263	90	7947	97.9524816171
2264	90	7950	98.0401260192
2265	89	7956	98.0638207068
2266	90	7958	97.9810849679
2267	94	7960	98.0111813626
2268	91	7960	98.103290674
2269	91	7965	98.1016712637
2270	89	7967	98.1671285587
2271	93	7971	98.1248662972
2272	92	7976	98.1522848504
2273	89	7982	98.1597620727
2274	89	7984	98.1356904492
2275	84	7987	98.0417537467
2276	79	7993	97.999317472
2277	82	7999	98.046034163
2278	78	8005	98.0871615096
2279	82	8007	98.1778114124
2280	79	8007	98.0841531102
2281	76	8011	98.0549586569
2282	74	8011	98.0673675545
2283	79	8017	97.993993075
2284	75	8018	97.9118866144
2285	77	8019	97.9335717097
2286	82	8021	97.8814450674
2287	78	8021	97.8568573012
2288	73	8028	97.8941511423
2289	73	8034	97.8785747798
2290	69	8034	97.9502564866
2291	69	8036	97.9858895223
2292	69	8040	98.0853801583
2293	65	8041	98.1166798187
2294	62	8046	98.0854583691
2295	62	8052	98.1442558012
2296	57	8058	98.1096060789
2297	59	8062	98.1960049383
2298	64	8063	98.1007231612
2299	64	8068	98.0141721625
2300	69	8069	98.0125483122
2301	71	8072	98.0085145346
2302	73	8074	98.0842628004
2303	69	8077	98.070696305
2304	65	8077	98.1023693326
2305	69	8079	98.0172745755
2306	66	8086	98.0126997142
2307	62	8092	97.9666060867
2308	63	8097	97.9800426373
2309	58	8099	98.034789435
2310	54	8103	98.0120787562
2311	56	8108	98.0467092957
2312	58	8114	98.0141581249
2313	61	8118	97.9305041545
2314	56	8122	97.8722060235
2315	51	8122	97.925925773
2316	54	8122	97.832691027
2317	59	8127	97.8503666485
2318	57	8132	97.9480748142
2319	60	8137	97.9787537896
2320	59	8140	98.0676660312
2321	56	8144	98.0301536877
2322	53	8149	98.0673572743
2323	58	8151	97.9958842673
2324	58	8152	98.0772640767
2325	56	8152	98.066759284
2326	57	8152	98.0804343523
2327	57	8157	98.1594275182
2328	54	8163	98.092889421
2329	56	8166	97.995715796
2330	54	8169	98.0603102549
2331	57	8171	98.1450147942
2332	58	8172	98.1686331076
2333	59	8176	98.2550769587
2334	54	8182	98.3418458005
2335	55	8182	98.2633671225
2336	60	8188	98.2743584068
2337	61	8195	98.3208299502
2338	59	8197	98.2613703334
2339	57	8199	98.3522808902
2340	59	8201	98.2695424425
2341	58	8207	98.356205403
2342	56	8212	98.3000966348
2343	53	8218	98.3647590372
2344	50	8222	98.4063331332
2345	53	8223	98.4289455282
2346	53	8229	98.4405319712
2347	54	8234	98.431414227
2348	54	8234	98.4320873053
2349	51	8239	98.4668959497
2350	52	8246	98.4172868401
2351	57	8246	98.3993520325
2352	54	8250	98.4798783742
2353	50	8254	98.5519461599
2354	50	8259	98.6296084478
2355	50	8260	98.5411444898
2356	50	8264	98.5701629553
2357	52	8267	98.5839845372
2358	53	8274	98.5651896558
2359	50	8278	98.5925199539
2360	50	8284	98.6016052561
2361	53	8291	98.5017422007
2362	53	8297	98.495560657
2363	51	8300	98.551412781
2364	50	8307	98.4540978405
2365	53	8310	98.5249575361
2366	56	8317	98.5092740126
2367	52	8317	98.5162136137
2368	54	8321	98.5633722834
2369	58	8322	98.661919272
2370	60	8329	98.6899007151
2371	55	8330	98.7529163255
2372	54	8334	98.8201252449
2373	54	8339	98.7424846558
2374	52	8346	98.6985747427
2375	56	8347	98.7059919759
2376	61	8347	98.708616877
2377	66	8350	98.6641624345
2378	62	8357	98.6993108942
2379	57	8357	98.642225857
2380	60	8363	98.7012201509
2381	55	8365	98.759401084
2382	56	8365	98.791906727
2383	56	8367	98.7536369932
2384	56	8372	98.7900747323
2385	61	8377	98.8212729098
2386	61	8380	98.832178704
2387	56	8382	98.8054645035
2388	60	8389	98.807101573
2389	60	8394	98.7102737077
2390	57	8398	98.8057477676
2391	58	8400	98.8201213819
2392	55	8407	98.752466026
2393	58	8410	98.7338394619
2394	60	8417	98.7528958498
2395	57	8421	98.6802056177
2396	55	8421	98.6259881778
2397	57	8421	98.5874579977
2398	62	8421	98.4953613643
2399	62	8425	98.5183852419
2400	64	8432	98.4385548007
2401	69	8433	98.53041324
2402	66	8433	98.4840158765
2403	62	8440	98.4105708559
2404	67	8447	98.3281969887
2405	67	8447	98.3190112508
2406	70	8448	98.2358503961
2407	73	8453	98.2122454574
2408	69	8460	98.2028590476
2409	70	8462	98.1651285629
2410	65	8464	98.1923581536
2411	62	8464	98.2112158931
2412	60	8471	98.2717023939
2413	62	8471	98.2319816947
2414	60	8471	98.2394444613
2415	63	8476	98.1562920076
2416	64	8480	98.252541595
2417	65	8480	98.1858562173
2418	66	8485	98.1060259082
2419	61	8492	98.1376032509
2420	66	8493	98.1675319775
2421	65	8494	98.1423540337
2422	70	8495	98.1107692198
2423	67	8502	98.1623474513
2424	65	8502	98.1485938489
2425	63	8504	98.246430857
2426	59	8509	98.3080124044
2427	57	8511	98.3677997684
2428	58	8511	98.4452556263
2429	60	8517	98.442520592
2430	59	8521	98.3997383134
2431	62	8524	98.3486284766
2432	63	8529	98.4184149071
2433	58	8535	98.3830860584
2434	59	8536	98.4444684045
2435	62	8539	98.4604594867
2436	58	8545	98.5413579285
2437	63	8547	98.447214485
2438	64	8549	98.4177869491
2439	59	8552	98.3575151824
2440	61	8557	98.3512938793
2441	60	8564	98.4053651389
2442	63	8566	98.3516210593
2443	63	8572	98.4135949779
2444	67	8577	98.4748515752
2445	70	8578	98.5636180381
2446	69	8582	98.4712408583
2447	67	8586	98.5326509954
2448	72	8587	98.5621549386
2449	77	8590	98.5661500923
2450	81	8595	98.5749900387
2451	81	8600	98.4939037383
2452	76	8606	98.5703203732
2453	72	8608	98.6306579899
2454	70	8614	98.540966516
2455	73	8620	98.5399695925
2456	71	8624	98.4704033508
2457	67	8627	98.5242965551
2458	72	8633	98.5717427922
2459	71	8637	98.6505702247
2460	70	8644	98.6409187998
2461	74	8648	98.6955736513
2462	75	8654	98.7049266331
2463	78	8654	98.7401854948
2464	77	8658	98.7240364047
2465	76	8659	98.8141129452
2466	72	8661	98.874575845
2467	74	8666	98.8515985122
2468	72	8668	98.8151335176
2469	74	8670	98.7436375123
2470	79	8675	98.651690413
2471	84	8681	98.6270881928
2472	82	8684	98.6502653277
2473	82	8688	98.590124596
2474	82	8691	98.6392102792
2475	79	8697	98.6758227985
2476	78	8699	98.59549832
2477	82	8703	98.6260099256
2478	78	8709	98.5580067645
2479	75	8709	98.5967200289
2480	71	8716	98.5684667922
2481	70	8721	98.5617477416
2482	72	8725	98.4709073697
2483	77	8730	98.5469127757
2484	78	8735	98.5545889623
2485	80	8740	98.5293571414
2486	78	8746	98.621365345
2487	82	8751	98.6733627846
2488	80	8755	98.7677936935
2489	76	8760	98.7363391278
2490	81	8765	98.7323737777
2491	79	8771	98.7625397535
2492	79	8774	98.8140047842
2493	78	8778	98.8078493871
2494	83	8785	98.7507893788
2495	79	8786	98.751183761
2496	81	8790	98.6718127814
2497	84	8793	98.5750589252
2498	87	8793	98.4812643525
2499	88	8796	98.5297672834
2500	85	8799	98.4300748054
2501	83	8805	98.5009383766
2502	84	8805	98.540161783
2503	81	8809	98.5393904029
2504	84	8811	98.5998309284
2505	87	8813	98.6539687013
2506	91	8818	98.6079990764
2507	92	8824	98.6959418925
2508	88	8828	98.7617704678
2509	87	8831	98.6697000153
2510	82	8836	98.6731021337
2511	78	8841	98.7335580524
2512	78	8844	98.7268716631
2513	83	8848	98.6863165947
2514	81	8852	98.7373298114
2515	81	8855	98.6597360715
2516	86	8862	98.6695771222
2517	81	8863	98.6280394136
2518	76	8866	98.6719628901
2519	74	8867	98.6573966836
2520	70	8870	98.6948072955
2521	67	8871	98.6861044423
2522	67	8871	98.6551801851
2523	64	8871	98.6476104063
2524	66	8877	98.5909157265
2525	66	8881	98.6794092982
2526	64	8888	98.7766075346
2527	64	8894	98.7467397089
2528	64	8898	98.6948363913
2529	60	8903	98.7902688296
2530	57	8905	98.7788313912
2531	53	8909	98.7234530698
2532	53	8914	98.8115601855
2533	52	8919	98.7834158399
2534	52	8925	98.7377973935
2535	57	8930	98.7966623071
2536	52	8933	98.7283953323
2537	55	8939	98.6829997852
2538	57	8945	98.6387376644
2539	57	8945	98.6574018291
2540	61	8948	98.7455167229
2541	66	8949	98.8397914775
2542	70	8955	98.902618328
2543	71	8957	98.866197787
2544	72	8957	98.8303548184
2545	71	8964	98.8890822672
2546	71	8969	98.8570628053
2547	70	8975	98.789796457
2548	70	8981	98.8875279061
2549	65	8984	98.9045043571
2550	65	8986	98.9737904124
2551	69	8987	98.9677296108
2552	74	8993	98.9343755127
2553	76	8993	98.8750215944
2554	81	8999	98.8974605323
2555	76	9006	98.9838170327
2556	74	9009	98.9196071986
2557	75	9015	99.0076170487
2558	79	9017	98.9716519686
2559	79	9023	98.9718263428
2560	82	9025	99.0119061938
2561	80	9031	99.1038040146
2562	83	9036	99.018846088
2563	82	9036	98.9556217731
2564	77	9040	98.970508839
2565	74	9044	99.0489426627
2566	78	9045	99.1369306264
2567	75	9048	99.0719404373
2568	77	9052	99.1003375998
2569	79	9059	99.1964718375
2570	82	9066	99.0978295388
2571	77	9066	99.1888381339
2572	73	9066	99.1301650188
2573	74	9070	99.0415461723
2574	79	9073	98.9646122566
2575	74	9078	98.8991718809
2576	76	9085	98.9738035481
2577	78	9087	99.0688637921
2578	73	9087	99.0061944162
2579	70	9093	98.94801124
2580	75	9099	98.8727240338
2581	72	9100	98.7791812831
2582	68	9101	98.7085811899
2583	65	9102	98.759345605
2584	68	9102	98.7058980441
2585	64	9108	98.7385125957
2586	68	9112	98.8271868184
2587	65	9118	98.9167907363
2588	61	9123	98.9131749969
2589	59	9125	98.8254908556
2590	58	9126	98.8435928894
2591	56	9131	98.8218125923
2592	57	9137	98.9025796566
2593	55	9137	98.900749992
2594	52	9143	98.9740115164
2595	50	9149	98.9364118248
2596	50	9150	98.991657807
2597	51	9152	99.0179626908
2598	52	9157	99.0767458883
2599	50	9164	99.0214076524
2600	50	9169	99.0554496438
2601	50	9175	98.9804186107
2602	50	9177	98.9055554479
2603	50	9177	98.8751729057
2604	50	9180	98.8421296746
2605	55	9184	98.9033293413
2606	56	9186	98.8457601629
2607	61	9186	98.9157290298
2608	56	9186	98.8740116611
2609	53	9190	98.9120728833
2610	50	9192	98.8678557273
2611	50	9195	98.9499095139
2612	50	9197	98.8934739507
2613	52	9202	98.9494841486
2614	53	9204	98.8694567001
2615	50	9207	98.9190658056
2616	50	9214	98.9641052169
2617	51	9216	99.0518029421
2618	50	9221	98.9537340258
2619	50	9221	99.0061097862
2620	52	9226	99.0343807761
2621	51	9233	99.0229490106
2622	50	9233	99.1102661187
2623	50	9233	99.1046276948
2624	51	9239	99.178011305
2625	52	9240	99.2694045988
2626	51	9242	99.2116434536
2627	56	9242	99.1221496026
2628	55	9246	99.0667730975
2629	54	9250	99.1284683888
2630	55	9257	99.1943013392
2631	50	9262	99.2910246588
2632	53	9268	99.3270468764
2633	51	9274	99.2519924609
2634	50	9276	99.2404189431
2635	50	9282	99.3315936552
2636	50	9288	99.3701867908
2637	50	9292	99.4559264953
2638	54	9293	99.424569793
2639	50	9296	99.4907517383
2640	50	9299	99.4398474993
2641	50	9305	99.3431100105
2642	55	9310	99.3278699975
2643	51	9317	99.3381070487
2644	55	9317	99.3928648888
2645	58	9320	99.4872249663
2646	61	9320	99.5086340587
2647	62	9325	99.4570733032
2648	67	9325	99.4683011945
2649	62	9325	99.4005268943
2650	65	9331	99.4528625339
2651	67	9332	99.4209258477
2652	68	9334	99.4028476265
2653	68	9341	99.4636583009
2654	68	9345	99.5346131181
2655	66	9350	99.564056525
2656	63	9357	99.6340131454
2657	63	9360	99.5984721849
2658	65	9362	99.6670901936
2659	67	9364	99.591220062
2660	63	9368	99.6255274133
2661	64	9368	99.6741451793
2662	65	9373	99.590770677
2663	67	9373	99.5659237609
2664	62	9373	99.4942763325
2665	67	9375	99.5595140104
2666	62	9376	99.5692352571
2667	65	9381	99.5190705683
2668	69	9386	99.5211439576
2669	69	9388	99.5753598229
2670	74	9391	99.607098327
2671	70	9391	99.5384595043
2672	72	9391	99.4582912458
2673	71	9396	99.365495515
2674	68	9402	99.2957467897
2675	64	9405	99.3798622101
2676	59	9412	99.2879118894
2677	64	9412	99.3218132291
2678	66	9415	99.3772967051
2679	71	9420	99.3490387083
2680	72	9421	99.3709236971
2681	67	9428	99.3954393335
2682	64	9435	99.4950362271
2683	59	9440	99.5408267417
2684	57	9444	99.6342562564
2685	52	9444	99.6840562037
2686	55	9446	99.6539176966
2687	59	9452	99.7287797147
2688	63	9458	99.7809349894
2689	67	9459	99.7724474645
2690	70	9462	99.8373392767
2691	69	9465	99.7805874609
2692	70	9469	99.7394616312
2693	68	9476	99.6770722711
2694	66	9483	99.7601261919
2695	65	9489	99.8313781551
2696	63	9491	99.846099186
2697	58	9495	99.7600241536
2698	58	9497	99.7681164705
2699	60	9500	99.7562458456
2700	60	9505	99.8086782603
2701	60	9512	99.8414932487
2702	59	9513	99.8138534615
2703	63	9517	99.7844551484
2704	58	9517	99.7987407726
2705	57	9521	99.7773894371
2706	60	9528	99.7457525201
2707	58	9531	99.8190915349
2708	58	9534	99.7661828361
2709	57	9539	99.7904487522
2710	53	9545	99.7249063109
2711	58	9545	99.6358875837
2712	59	9545	99.5692242846
2713	63	9550	99.6107335616
2714	61	9557	99.5817720665
2715	58	9557	99.6093612937
2716	54	9563	99.5488223708
2717	58	9568	99.5928133006
2718	59	9573	99.4977811902
2719	59	9578	99.491104566
2720	63	9580	99.4285337882
2721	65	9586	99.4602325169
2722	60	9586	99.3912168444
2723	58	9586	99.4296894682
2724	62	9593	99.355463769
2725	62	9598	99.427430783
2726	67	9599	99.5077280035
2727	68	9599	99.4917158047
2728	64	9605	99.4079388114
2729	61	9607	99.4744397113
2730	64	9610	99.524451322
2731	65	9616	99.4853624282
2732	69	9622	99.5363219101
2733	68	9628	99.5316603784
2734	70	9633	99.5178724997
2735	67	9638	99.5740874532
2736	72	9640	99.6054416869
2737	77	9642	99.6220207151
2738	74	9647	99.6421560429
2739	70	9652	99.5744581681
2740	72	9654	99.5251553225
2741	75	9656	99.5902776345
2742	72	9657	99.6633883441
2743	68	9661	99.7248752868
2744	69	9664	99.7567688659
2745	64	9667	99.6844544905
2746	69	9668	99.6592317185
2747	65	9668	99.5659915725
2748	62	9672	99.4685111556
2749	62	9678	99.4897168921
2750	64	9679	99.4826385945
2751	65	9683	99.5046427637
2752	70	9686	99.5094309983
2753	72	9691	99.5239299482
2754	70	9694	99.5219198354
2755	65	9697	99.5508886107
2756	62	9698	99.6030128091
2757	62	9698	99.6574540998
2758	57	9705	99.5636664203
2759	53	9711	99.6635068001
2760	50	9712	99.6009821843
2761	53	9713	99.6044112418
2762	52	9713	99.5422672553
2763	55	9714	99.5967518899
2764	58	9715	99.6348625882
2765	53	9717	99.5590880966
2766	57	9724	99.5797044377
2767	52	9729	99.6289168291
2768	50	9735	99.694669388
2769	50	9739	99.5963991997
2770	51	9744	99.6905001339
2771	50	9747	99.6768436458
2772	51	9748	99.6433099467
2773	50	9754	99.6142991251
2774	53	9758	99.5566035286
2775	56	9760	99.472496386
2776	56	9762	99.4521640825
2777	53	9765	99.494200909
2778	53	9766	99.4706988252
2779	50	9770	99.4997197156
2780	55	9775	99.552900638
2781	57	9781	99.5320826141
2782	60	9784	99.6071118732
2783	56	9787	99.6276051851
2784	54	9794	99.5541734624
2785	55	9801	99.6170381831
2786	60	9804	99.5441008632
2787	62	9806	99.4722349898
2788	64	9810	99.506109822
2789	64	9813	99.4869258823
2790	67	9817	99.4571345484
2791	64	9819	99.4532938698
2792	59	9819	99.3692377486
2793	61	9826	99.2984456063
2794	65	9833	99.2596304517
2795	68	9835	99.1621107118
2796	64	9842	99.0699285644
2797	59	9844	99.1324666029
2798	64	9844	99.0466782227
2799	67	9846	99.0648060583
2800	67	9846	99.0975509568
2801	65	9851	99.0989436208
2802	62	9856	99.146030897
2803	62	9856	99.0548789431
2804	59	9860	99.0769632599
2805	56	9865	99.043295548
2806	53	9867	99.134977266
2807	55	9867	99.2005936184
2808	57	9871	99.1599416515
2809	57	9877	99.2137328239
2810	53	9878	99.117020748
2811	50	9883	99.0184628954
2812	53	9884	98.9585475828
2813	58	9890	99.0357013294
2814	62	9890	98.9357794863
2815	66	9896	98.9569401209
2816	67	9903	99.0076027836
2817	70	9907	98.9414339327
2818	71	9914	98.9155256348
2819	74	9918	98.9731927258
2820	71	9918	99.0059864738
2821	75	9921	99.068663162
2822	80	9921	99.0058218504
2823	82	9922	98.9306654993
2824	78	9926	98.875177851
2825	80	9926	98.9498729355
2826	84	9926	98.9521650662
2827	89	9933	98.965346914
2828	94	9935	98.9262882603
2829	90	9942	98.8495554008
2830	88	9949	98.8862792938
2831	84	9954	98.9645509499
2832	82	9959	98.9172253855
2833	78	9960	98.9992387134
2834	80	9964	98.9080135323
2835	79	9966	98.8949409687
2836	81	9971	98.8788335713
2837	77	9972	98.9753858734
2838	75	9973	98.88902317
2839	70	9980	98.8900189483
2840	70	9983	98.9540953533
2841	72	9986	98.8902373501
2842	69	9986	98.8108547727
2843	72	9991	98.8510135801
2844	69	9997	98.866066427
2845	71	9997	98.949172174
2846	69	10004	98.9465173648
2847	67	10008	98.9008255933
2848	71	10010	98.8044878637
2849	70	10017	98.7323369405
2850	66	10020	98.7829040427
2851	68	10023	98.7888062564
2852	73	10025	98.7473795776
2853	73	10032	98.7403198031
2854	77	10035	98.8071334198
2855	72	10038	98.7794307768
2856	68	10041	98.7057328846
2857	71	10048	98.7555880791
2858	72	10048	98.8070706131
2859	72	10051	98.7100190723
2860	71	10056	98.6526795779
2861	75	10056	98.6971640331
2862	76	10062	98.6924343801
2863	77	10064	98.7467031926
2864	79	10067	98.6677156031
2865	76	10067	98.6957178068
2866	71	10069	98.6805382129
2867	75	10074	98.6342390537
2868	73	10081	98.6279093348
2869	70	10081	98.6207019649
2870	73	10082	98.5561700568
2871	78	10082	98.5414385128
2872	80	10088	98.5923252048
2873	75	10088	98.6713575126
2874	73	10095	98.6807929559
2875	70	10101	98.6980623453
2876	65	10105	98.6005240938
2877	65	10108	98.5012027744
2878	70	10114	98.5571872313
2879	70	10116	98.4681678803
2880	72	10116	98.4483996744
2881	71	10116	98.4251705723
2882	67	10123	98.4789048273
2883	62	10124	98.4140079281
2884	64	10126	98.482105288
2885	64	10127	98.4631573609
2886	59	10133	98.4800566014
2887	62	10135	98.4380666401
2888	58	10135	98.5065793447
2889	55	10135	98.4381944769
2890	60	10138	98.5291308613
2891	58	10138	98.467297733
2892	61	10139	98.435563668
2893	64	10140	98.456742191
2894	60	10146	98.4436301328
2895	64	10149	98.3766628483
2896	62	10152	98.4678545979
2897	61	10159	98.381606464
2898	64	10161	98.2831484822
2899	61	10161	98.2705720916
2900	59	10162	98.3023123165
2901	55	10166	98.3362869865
2902	51	10171	98.2877689825
2903	50	10172	98.2025575638
2904	50	10172	98.2597596221
2905	52	10174	98.3356280758
2906	55	10177	98.3875992816
2907	52	10179	98.3632972924
2908	50	10180	98.3835546845
2909	50	10182	98.4818262894
2910	50	10182	98.4923118608
2911	53	10188	98.4176837983
2912	51	10189	98.4939851062
2913	50	10189	98.5204955523
2914	50	10193	98.6095619058
2915	53	10196	98.7041977267
2916	50	10199	98.7804062111
2917	55	10205	98.7659019957
2918	54	10212	98.7803804903
2919	57	10217	98.7078415129
2920	56	10223	98.6184602308
2921	59	10223	98.6246257343
2922	60	10228	98.7126985093
2923	56	10230	98.6235628043
2924	60	10236	98.5740195668
2925	60	10242	98.5825888293
2926	56	10243	98.6815790952
2927	59	10247	98.7023568432
2928	64	10250	98.7406551654
2929	67	10251	98.6711699318
2930	64	10251	98.6206667994
2931	69	10255	98.7183557916
2932	64	10257	98.6955300322
2933	63	10263	98.6568948409
2934	61	10268	98.572460469
2935	62	10274	98.5679114194
2936	64	10275	98.624233446
2937	63	10275	98.7183106573
2938	58	10280	98.7567561862
2939	59	10280	98.6633484046
2940	62	10282	98.6320066007
2941	66	10285	98.6357967015
2942	66	10287	98.727701037
2943	69	10290	98.7050921439
2944	69	10293	98.678663838
2945	72	10293	98.7666023179
2946	67	10295	98.7014471153
2947	66	10297	98.6165582557
2948	63	10303	98.6161313876
2949	62	10307	98.7134723014
2950	63	10311	98.7962665453
2951	65	10313	98.8755456514
2952	64	10313	98.8435074827
2953	66	10313	98.9154621031
2954	62	10316	98.9148720403
2955	60	10322	98.8716534731
2956	64	10327	98.8812604676
2957	59	10331	98.8639842913
2958	63	10331	98.7892522936
2959	68	10335	98.7233255523
2960	63	10339	98.6612177298
2961	60	10339	98.6494383188
2962	63	10341	98.7463633047
2963	65	10341	98.8085106035
2964	70	10346	98.7145350458
2965	68	10347	98.7322640537
2966	63	10347	98.7549261603
2967	60	10351	98.760597885
2968	58	10352	98.7988591946
2969	62	10353	98.7682934177
2970	58	10354	98.8553984858
2971	53	10356	98.9122349905
2972	52	10359	98.9637223086
2973	53	10362	99.0078463454
2974	52	10362	99.0603639733
2975	50	10366	99.1296236862
2976	50	10370	99.0644346326
2977	53	10371	99.0489972216
2978	53	10375	99.1163680341
2979	50	10380	99.1320783082
2980	51	10384	99.1037513148
2981	50	10385	99.1898275482
2982	50	10386	99.2259110168
2983	55	10391	99.1400744574
2984	57	10391	99.2332948473
2985	60	10396	99.192455272
2986	62	10402	99.1963103872
2987	57	10402	99.1829989371
2988	57	10407	99.2050756605
2989	59	10412	99.1297506903
2990	56	10412	99.1535695991
2991	55	10418	99.0544621262
2992	54	10420	99.1360562372
2993	59	10426	99.1326604977
2994	56	10429	99.2176727329
2995	57	10433	99.1346704765
2996	59	10434	99.2158019793
2997	62	10440	99.2232694638
2998	59	10440	99.222680038
2999	57	10442	99.2386236973
3000	58	10446	99.2154086041
3001	61	10446	99.3132259351
3002	56	10447	99.3863068023
3003	59	10450	99.4070863464
3004	56	10457	99.3162859045
3005	54	10463	99.3631037647
3006	50	10467	99.4465268286
3007	50	10467	99.4514789845
3008	54	10469	99.5315117248
3009	59	10471	99.5060909965
3010	63	10478	99.5645816906
3011	65	10482	99.6340945879
3012	68	10482	99.6495908034
3013	71	10489	99.5912703824
3014	74	10492	99.5520916476
3015	72	10496	99.5468408447
3016	76	10498	99.5061602525
3017	72	10501	99.477331944
3018	70	10503	99.5195751344
3019	69	10510	99.5749011672
3020	73	10510	99.5979020422
3021	77	10512	99.540346315
3022	80	10519	99.483331547
3023	81	10526	99.497041441
3024	84	10528	99.4631055907
3025	83	10529	99.3734114669
3026	82	10534	99.4605149367
3027	86	10536	99.5122356175
3028	89	10540	99.535489205
3029	84	10542	99.5893111649
3030	83	10543	99.5400365742
3031	82	10549	99.4965853648
3032	79	10554	99.5538475108
3033	76	10556	99.4706090099
3034	73	10558	99.394635746
3035	75	10558	99.4366428756
3036	75	10561	99.5186502788
3037	71	10562	99.4438552048
3038	75	10564	99.4326224769
3039	73	10566	99.4670233491
3040	69	10573	99.4298997856
3041	72	10579	99.4064751479
3042	76	10581	99.3427560917
3043	71	10588	99.254528557
3044	67	10593	99.3132618698
3045	71	10597	99.2863907857
3046	66	10602	99.3354284774
3047	69	10603	99.3678296899
3048	67	10605	99.3393533085
3049	65	10612	99.3738800512
3050	67	10612	99.2896121427
3051	67	10616	99.212785326
3052	71	10616	99.1819055493
3053	71	10618	99.2369109926
3054	67	10619	99.2970281796
3055	62	10620	99.2737884056
3056	67	10626	99.2033978118
3057	67	10633	99.2760775086
3058	66	10635	99.2471990326
3059	64	10636	99.1796567853
3060	69	10641	99.1686305722
3061	66	10642	99.0948572575
3062	71	10647	98.9975431376
3063	67	10651	99.0946442834
3064	68	10658	99.0880027396
3065	66	10658	99.0355241229
3066	71	10663	98.9773153347
3067	67	10666	99.0766652696
3068	64	10670	99.0281629273
3069	69	10673	99.0089909439
3070	67	10673	99.086743795
3071	66	10675	99.0506371574
3072	65	10678	99.0413673215
3073	69	10685	99.0861689658
3074	71	10692	99.1210683905
3075	70	10693	99.1593811336
3076	68	10693	99.0607029728
3077	67	10696	99.0976524858
3078	67	10700	99.0796689622
3079	65	10706	99.0924156727
3080	63	10710	99.184320781
3081	58	10717	99.1835618827
3082	55	10724	99.0849226071
3083	58	10725	99.1661673558
3084	57	10730	99.2353028895
3085	61	10737	99.1497529378
3086	59	10737	99.0993472915
3087	61	10743	99.1130251582
3088	56	10743	99.0656024068
3089	56	10746	99.1290132315
3090	61	10750	99.1730911902
3091	58	10757	99.141160889
3092	55	10757	99.1719292463
3093	54	10759	99.1183898633
3094	57	10763	99.0689818187
3095	54	10763	99.0874142345
3096	50	10769	99.1219937172
3097	50	10776	99.0911274624
3098	52	10777	99.1114211979
3099	54	10783	99.1419784772
3100	58	10789	99.1673981508
3101	54	10790	99.195992879
3102	55	10795	99.2399402073
3103	55	10797	99.1725639544
3104	52	10804	99.1078718938
3105	56	10809	99.0626015561
3106	53	10813	99.0248336514
3107	55	10819	98.9881757263
3108	54	10822	99.040593753
3109	54	10826	99.0535134806
3110	55	10830	99.0093836358
3111	57	10834	99.0614998596
3112	59	10834	99.0672286019
3113	62	10836	99.1537741138
3114	57	10840	99.0812081903
3115	58	10842	99.1398795454
3116	55	10842	99.1834009345
3117	52	10848	99.1484563227
3118	50	10848	99.1200935068
3119	50	10850	99.1697661705
3120	50	10854	99.0867327654
3121	50	10859	99.1483716726
3122	50	10861	99.2222820208
3123	54	10868	99.2633573668
3124	59	10870	99.2226693582
3125	61	10876	99.1723562352
3126	57	10883	99.249284512
3127	61	10885	99.3348994478
3128	59	10887	99.3976171903
3129	58	10888	99.4835495865
3130	54	10893	99.3907250761
3131	52	10897	99.3973399274
3132	50	10897	99.380972392
3133	54	10898	99.3448239497
3134	52	10905	99.2692841516
3135	52	10907	99.1757399385
3136	57	10913	99.2339429323
3137	60	10916	99.3182751375
3138	57	10918	99.2351855846
3139	61	10921	99.1439769688
3140	62	10921	99.1768206944
3141	59	10925	99.1598400833
3142	61	10928	99.2430372892
3143	66	10929	99.3204439193
3144	65	10936	99.2399398471
3145	65	10943	99.2803486544
3146	67	10948	99.2068780756
3147	64	10953	99.2667123523
3148	63	10954	99.2072046579
3149	64	10961	99.1092921079
3150	62	10966	99.1248007404
3151	58	10968	99.1339566021
3152	57	10975	99.1872661455
3153	60	10975	99.137917687
3154	64	10977	99.042290124
3155	69	10983	99.0621346319
3156	64	10988	98.9819621328
3157	59	10988	98.8863415208
3158	62	10991	98.980366963
3159	60	10996	98.9212328488
3160	60	11002	98.9871095485
3161	59	11005	98.9403441194
3162	57	11008	98.891766005
3163	59	11012	98.9472397653
3164	56	11019	98.9959058576
3165	56	11019	99.0904573599
3166	55	11023	99.089834478
3167	52	11023	99.0894941238
3168	53	11025	99.098096004
3169	58	11029	99.1407747684
3170	63	11031	99.1849278378
3171	59	11037	99.1323017083
3172	56	11044	99.2187375281
3173	61	11047	99.2281179362
3174	57	11052	99.298794305
3175	56	11056	99.2621308103
3176	51	11059	99.2516375624
3177	55	11059	99.1619868504
3178	54	11066	99.083533825
3179	50	11069	99.0603969773
3180	53	11076	99.0054545552
3181	50	11077	99.0285966127
3182	50	11084	98.9477952
3183	54	11084	98.9892655005
3184	50	11085	98.957013932
3185	50	11088	98.9746961676
3186	50	11092	98.9238132441
3187	55	11094	98.9368391108
3188	50	11098	98.8912418737
3189	50	11105	98.9546557039
3190	51	11107	99.0162151652
3191	55	11111	98.9349203984
3192	58	11114	98.8810974438
3193	53	11116	98.9757965859
3194	56	11119	99.0095044026
3195	59	11125	98.9274047749
3196	59	11128	98.9423438369
3197	61	11133	98.8964426556
3198	65	11133	98.8088487963
3199	62	11140	98.8683845491
3200	64	11142	98.9323837375
3201	68	11143	98.8698252359
3202	64	11146	98.834373376
3203	61	11150	98.9188014606
3204	61	11150	98.976564134
3205	64	11150	98.8859880404
3206	65	11152	98.9250427915
3207	70	11154	98.916370665
3208	72	11159	98.9688573195
3209	76	11161	98.9553643318
3210	81	11161	98.9178743621
3211	81	11162	98.8499199953
3212	78	11164	98.7956205027
3213	83	11164	98.7982970673
3214	87	11170	98.7155804067
3215	86	11177	98.626440387
3216	83	11184	98.7251656106
3217	78	11191	98.81162729
3218	75	11194	98.7993920506
3219	70	11200	98.7710620985
3220	70	11201	98.8502072613
3221	65	11205	98.846873986
3222	64	11210	98.8117458319
3223	64	11211	98.7571685266
3224	67	11212	98.8527164699
3225	66	11214	98.799137482
3226	65	11219	98.7090527168
3227	60	11224	98.7475596403
3228	58	11229	98.8136149775
3229	58	11232	98.8046775625
3230	55	11232	98.8832874176
3231	56	11238	98.9659350315
3232	51	11242	99.0332751439
3233	54	11244	99.0138576523
3234	51	11247	99.0343498079
3235	53	11249	99.0837865305
3236	50	11255	99.0466820351
3237	50	11260	98.9933692938
3238	50	11265	98.9720772381
3239	50	11271	98.9599741225
3240	52	11271	98.8897297952
3241	50	11276	98.8260263776
3242	50	11278	98.9205809018
3243	50	11278	98.9862233291
3244	54	11278	98.8981710534
3245	58	11278	98.820711864
3246	63	11278	98.7578455878
3247	58	11280	98.7869847656
3248	59	11285	98.7609860688
3249	56	11290	98.8329314728
3250	57	11295	98.7911458383
3251	52	11298	98.7703653135
3252	51	11298	98.8450825002
3253	50	11298	98.7784388843
3254	54	11304	98.8572502587
3255	56	11311	98.8016149754
3256	55	11318	98.85618852
3257	55	11325	98.8163906408
3258	52	11325	98.9131820811
3259	50	11332	98.8884723467
3260	50	11332	98.9243555503
3261	52	11338	98.8266647995
3262	53	11343	98.878194379
3263	54	11347	98.8257596434
3264	56	11352	98.8705499359
3265	55	11357	98.7822895706
3266	58	11364	98.8250377774
3267	55	11366	98.9160961696
3268	52	11366	98.8288566436
3269	56	11370	98.890330866
3270	61	11375	98.8539471598
3271	60	11376	98.9328302771
3272	60	11380	98.8671718902
3273	61	11387	98.9287015724
3274	64	11392	98.923496954
3275	66	11396	98.8302640091
3276	67	11396	98.9084230276
3277	65	11401	98.8937037367
3278	69	11404	98.826816396
3279	72	11406	98.8448121585
3280	73	11409	98.8990155525
3281	78	11413	98.8367236862
3282	76	11420	98.835689785
3283	79	11426	98.7986914048
3284	84	11432	98.8280264358
3285	82	11439	98.7606280502
3286	78	11439	98.673000331
3287	73	11440	98.7697674576
3288	73	11444	98.7479178612
3289	75	11449	98.6847679522
3290	73	11449	98.6653693716
3291	78	11455	98.7642074921
3292	82	11462	98.8214836056
3293	78	11468	98.8430520712
3294	75	11470	98.8428826595
3295	72	11473	98.7919045804
3296	75	11473	98.7784390075
3297	70	11476	98.852371977
3298	72	11476	98.8918246249
3299	72	11479	98.8021231684
3300	70	11481	98.8038841533
3301	65	11488	98.830553497
3302	70	11488	98.9195090391
3303	69	11488	99.0135310538
3304	72	11493	98.9556773597
3305	71	11496	99.0507366615
3306	69	11502	99.0796387559
3307	71	11502	99.1423185257
3308	74	11507	99.0881858608
3309	72	11513	99.1412879009
3310	72	11518	99.2061823674
3311	69	11520	99.2499596319
3312	71	11526	99.3226078328
3313	69	11533	99.262141775
3314	66	11535	99.2978025139
3315	63	11539	99.2409309724
3316	68	11546	99.199995524
3317	68	11552	99.2888775981
3318	69	11554	99.2739941829
3319	65	11558	99.340843746
3320	64	11564	99.2688139736
3321	64	11569	99.2057497052
3322	67	11571	99.1127174626
3323	68	11573	99.0766818343
3324	73	11573	99.1249618414
3325	78	11575	99.0671845136
3326	76	11581	99.0775081163
3327	72	11584	99.1347026622
3328	67	11591	99.0889702426
3329	65	11597	99.1488338009
3330	64	11597	99.1543504821
3331	69	11600	99.1642401263
3332	73	11600	99.0946618926
3333	70	11607	99.1424747841
3334	69	11610	99.1883567695
3335	68	11617	99.0933693431
3336	64	11621	99.0207153763
3337	63	11624	98.9611544565
3338	59	11630	98.9137251698
3339	58	11633	98.8941049993
3340	61	11634	98.8852784235
3341	66	11637	98.9448271188
3342	67	11638	98.9395138611
3343	69	11638	98.8853136866
3344	65	11643	98.9743570467
3345	70	11644	99.0275232144
3346	68	11646	99.0151437912
3347	63	11650	98.9465586242
3348	67	11655	98.9748821464
3349	71	11661	98.9138895399
3350	71	11667	98.9172884732
3351	73	11667	98.8417133315
3352	77	11668	98.9256095748
3353	77	11673	99.0155314249
3354	78	11677	99.0065385388
3355	83	11682	98.9986151168
3356	85	11684	99.0126566152
3357	81	11686	98.9477553364
3358	77	11693	98.9757324466
3359	82	11695	98.9849582209
3360	86	11699	98.9428048994
3361	85	11704	98.9219925921
3362	85	11705	98.9867698262
3363	80	11709	98.9937989513
3364	84	11714	98.9731429141
3365	80	11716	98.8869192151
3366	81	11716	98.8338739782
3367	84	11722	98.9272107675
3368	84	11722	98.9373983974
3369	79	11724	98.8950013658
3370	75	11725	98.8355740283
3371	77	11727	98.7644788754
3372	82	11733	98.7773113311
3373	78	11739	98.841478602
3374	83	11741	98.8054139376
3375	78	11742	98.899404385
3376	77	11749	98.9712034895
3377	76	11756	98.9329483398
3378	74	11757	98.8760753304
3379	79	11763	98.9525108063
3380	82	11768	98.917201619
3381	77	11775	99.0122309491
3382	76	11778	99.1018147499
3383	81	11784	99.0749949018
3384	76	11791	99.1280510375
3385	75	11792	99.0933796634
3386	75	11793	99.1686672985
3387	79	11793	99.1805537475
3388	76	11794	99.2339648479
3389	78	11796	99.1364966599
3390	75	11797	99.1916753235
3391	76	11804	99.2391956777
3392	79	11806	99.1497066475
3393	76	11806	99.1377851095
3394	77	11810	99.1624727861
3395	80	11815	99.1357124401
3396	83	11816	99.1745660478
3397	79	11817	99.113649368
3398	81	11823	99.0222088762
3399	82	11829	99.0076181584
3400	83	11830	98.976075538
3401	85	11833	99.0550760352
3402	82	11839	99.1052453853
3403	79	11841	99.0136313282
3404	79	11846	99.0783948591
3405	76	11847	99.0684776389
3406	73	11852	99.1392236271
3407	72	11857	99.2180538223
3408	68	11860	99.2002241721
3409	65	11861	99.1231340475
3410	61	11862	99.0437608495
3411	64	11867	99.0201452944
3412	61	11869	99.0681113087
3413	61	11871	99.0063908188
3414	64	11875	99.0499476879
3415	62	11876	99.080160613
3416	62	11876	99.1722896148
3417	65	11880	99.1976339863
3418	66	11886	99.196477015
3419	66	11887	99.1750030255
3420	71	11890	99.1677668576
3421	71	11892	99.2055643972
3422	74	11899	99.240529599
3423	70	11901	99.3297765854
3424	69	11901	99.3333086402
3425	71	11905	99.2682265694
3426	66	11911	99.2586706981
3427	66	11916	99.1925425928
3428	68	11916	99.146725124
3429	63	11923	99.0894288383
3430	67	11923	99.1029875814
3431	62	11929	99.1749814065
3432	60	11935	99.2556242923
3433	62	11937	99.2432749611
3434	61	11938	99.2047446768
3435	57	11943	99.2839951715
3436	55	11946	99.263707819
3437	58	11951	99.2681380025
3438	63	11951	99.2356856853
3439	65	11957	99.3052840532
3440	68	11960	99.2576833557
3441	72	11967	99.2971021517
3442	75	11967	99.2583060562
3443	79	11973	99.1888830477
3444	76	11973	99.2010867238
3445	71	11980	99.127803229
3446	70	11981	99.1003453311
3447	68	11981	99.020644238
3448	73	11983	99.047143475
3449	73	11989	99.0556963991
3450	76	11991	99.0379622612
3451	81	11997	99.1049249174
3452	81	12003	99.089361388
3453	77	12007	99.1094814809
3454	78	12011	99.192574619
3455	74	12016	99.1375733573
3456	71	12019	99.0947662432
3457	72	12023	99.1215339458
3458	68	12023	99.0965703851
3459	66	12023	99.1918029161
3460	61	12030	99.1918528479
3461	64	12034	99.0957313203
3462	63	12041	99.1199021339
3463	59	12044	99.0683803159
3464	55	12046	99.0797645137
3465	60	12053	98.989935527
3466	63	12058	99.0842309879
3467	64	12064	99.102258974
3468	67	12066	99.0852181225
3469	62	12070	98.9896972335
3470	60	12075	98.9336289934
3471	65	12079	99.0251362348
3472	69	12085	99.1120863452
3473	71	12088	99.0761819635
3474	76	12094	98.9788752383
3475	75	12098	98.8906024126
3476	77	12102	98.9348342456
3477	74	12108	98.9916019075
3478	70	12114	99.0657115802
3479	68	12118	99.0868543566
