1	135	95.0832430957	2	2
2	130	95.1142566517	2	4
3	127	95.130629621	2	6
4	123	95.137375528	0	6
5	121	95.0962875877	2	8
6	121	95.1105432608	6	14
7	123	95.0608019681	5	19
8	127	95.0460078735	2	21
9	131	95.1380021795	0	21
10	135	95.048135718	1	22
11	133	95.061866393	3	25
12	130	95.1173582231	6	31
13	135	95.0718571752	3	34
14	131	95.0467897476	6	40
15	132	95.0658254597	4	44
16	134	95.004173256	2	46
17	129	95.0331675663	3	49
18	132	94.9910344482	7	56
19	131	95.0577140743	7	63
20	127	94.9828442097	4	67
21	126	95.0068252559	2	69
22	129	94.9515782094	0	69
23	127	94.882740163	6	75
24	123	94.9572826665	7	82
25	128	94.8765483153	1	83
26	123	94.8576418134	3	86
27	120	94.8111014395	3	89
28	123	94.7895733643	2	91
29	126	94.8563610573	2	93
30	128	94.8959385244	7	100
31	131	94.8989909072	4	104
32	130	94.9237941511	7	111
33	134	94.9405772637	4	115
34	129	95.0176673416	6	121
35	128	94.9281061267	2	123
36	125	94.9623226672	1	124
37	123	94.9285398493	4	128
38	121	94.8476179644	5	133
39	126	94.8404549335	1	134
40	131	94.8439097361	6	140
41	126	94.773614923	2	142
42	123	94.6959121516	5	147
43	124	94.7949675635	7	154
44	119	94.7732379268	3	157
45	123	94.8207941962	5	162
46	120	94.801449138	3	165
47	117	94.7038520119	3	168
48	120	94.7772407423	5	173
49	124	94.8019060119	4	177
50	123	94.7788683872	4	181
51	120	94.818425586	6	187
52	116	94.8810387782	3	190
53	114	94.8484375569	0	190
54	112	94.8776337057	2	192
55	117	94.9443495691	0	192
56	122	94.940673585	5	197
57	121	94.9080965277	0	197
58	126	94.9267042775	7	204
59	125	94.8491323599	7	211
60	124	94.8624028523	0	211
61	129	94.9393050403	1	212
62	124	94.9042418827	6	218
63	119	94.8271110369	2	220
64	121	94.8958792321	6	226
65	119	94.8535592577	3	229
66	121	94.8364633922	5	234
67	116	94.8944332961	2	236
68	111	94.9144592071	2	238
69	114	94.9193253206	7	245
70	110	94.9504393065	2	247
71	114	94.9183815877	1	248
72	110	94.8392253226	3	251
73	115	94.8403800347	4	255
74	117	94.7485395311	1	256
75	112	94.8305578093	6	262
76	112	94.7604290486	5	267
77	112	94.6664208344	3	270
78	116	94.621968242	2	272
79	111	94.6843165562	4	276
80	106	94.7428800246	4	280
81	109	94.743680946	0	280
82	110	94.7472208176	2	282
83	111	94.8424094654	7	289
84	106	94.7719777331	3	292
85	102	94.7482156283	5	297
86	99	94.6529654872	7	304
87	101	94.6557452772	1	305
88	102	94.6984242459	6	311
89	98	94.6936757383	3	314
90	97	94.6427593602	2	316
91	101	94.7301810146	2	318
92	103	94.7490249429	6	324
93	100	94.8418688417	3	327
94	98	94.9269769101	6	333
95	96	94.9550225398	7	340
96	93	94.9966131393	1	341
97	93	94.9552453227	7	348
98	94	94.8698027501	0	348
99	98	94.8538678656	4	352
100	97	94.9260833369	6	358
101	96	94.899557825	7	365
102	96	94.9916404122	3	368
103	94	94.9997206638	6	374
104	89	95.0334194744	4	378
105	84	95.0952667849	7	385
106	83	95.1175236361	1	386
107	79	95.1720798864	4	390
108	75	95.0768985221	5	395
109	75	95.0492453839	6	401
110	71	95.1254047404	1	402
111	75	95.0936735968	4	406
112	74	95.1416924773	7	413
113	69	95.0565570235	5	418
114	69	95.1011464136	2	420
115	68	95.1646456439	4	424
116	71	95.2403537565	5	429
117	75	95.2324227693	3	432
118	71	95.2607751003	2	434
119	70	95.2467823	4	438
120	72	95.1561562569	5	443
121	71	95.1133430904	2	445
122	74	95.0651539504	3	448
123	75	95.0735909769	4	452
124	79	95.0098827839	6	458
125	74	94.9342190293	1	459
126	79	94.9788249485	7	466
127	84	94.8868874906	0	466
128	85	94.9124243277	1	467
129	86	94.874671792	6	473
130	88	94.8765302603	3	476
131	87	94.8737349557	7	483
132	91	94.8798819201	6	489
133	87	94.8314622803	3	492
134	84	94.8791814169	7	499
135	83	94.9651290742	3	502
136	81	95.0344791515	1	503
137	86	94.9730940016	6	509
138	89	94.9880304133	5	514
139	86	94.9464853428	4	518
140	88	94.8773377908	5	523
141	86	94.7831656739	0	523
142	82	94.8645828584	5	528
143	87	94.8336654904	2	530
144	83	94.874576318	6	536
145	82	94.8691726124	2	538
146	87	94.9355092473	4	542
147	90	94.8649465333	2	544
148	92	94.7915851561	4	548
149	94	94.7556452601	4	552
150	89	94.8305330057	0	552
151	89	94.7618402588	3	555
152	91	94.7785055176	3	558
153	88	94.8531878355	3	561
154	89	94.9310247932	0	561
155	92	94.8783584741	3	564
156	90	94.9361409579	3	567
157	88	94.8616682257	7	574
158	85	94.7946333813	1	575
159	82	94.6974975434	7	582
160	85	94.6425463054	1	583
161	90	94.6253754025	4	587
162	92	94.5302843654	2	589
163	95	94.5694899433	2	591
164	97	94.6387493037	2	593
165	96	94.539161155	1	594
166	99	94.4472409052	4	598
167	104	94.4711917583	3	601
168	101	94.5237985549	4	605
169	106	94.5372388405	5	610
170	109	94.507262791	2	612
171	107	94.5463251054	0	612
172	105	94.4795210291	2	614
173	104	94.4487466964	7	621
174	106	94.4936720965	2	623
175	102	94.5761407296	4	627
176	102	94.6609804498	0	627
177	98	94.5789074812	1	628
178	93	94.583425235	5	633
179	94	94.648566085	2	635
180	96	94.6810634061	6	641
181	96	94.666745565	5	646
182	93	94.6292508044	3	649
183	94	94.6231708695	5	654
184	91	94.5498408841	7	661
185	96	94.5748486522	2	663
186	98	94.5477005356	2	665
187	101	94.5464919083	4	669
188	99	94.4680908778	7	676
189	97	94.4982938219	4	680
190	92	94.4191756703	2	682
191	92	94.4101439709	1	683
192	87	94.50269077	0	683
193	82	94.4184854849	2	685
194	80	94.4113201081	5	690
195	75	94.3174451757	5	695
196	75	94.2777321162	1	696
197	71	94.192375171	5	701
198	74	94.2167189691	6	707
199	78	94.2872647702	2	709
200	76	94.3060052274	2	711
201	78	94.4013071733	7	718
202	77	94.4543082415	6	724
203	74	94.5081583794	1	725
204	79	94.5187141751	4	729
205	78	94.4732520724	1	730
206	78	94.5043511145	0	730
207	74	94.4885646918	0	730
208	75	94.5033028457	6	736
209	78	94.5211941126	6	742
210	75	94.5852648237	1	743
211	71	94.502965571	0	743
212	69	94.4066756982	5	748
213	65	94.4008872173	5	753
214	64	94.336030646	7	760
215	61	94.27054802	3	763
216	63	94.2023632621	7	770
217	65	94.2640854264	5	775
218	60	94.3081217924	6	781
219	59	94.2752877207	6	787
220	57	94.3512096101	1	788
221	56	94.3271204741	1	789
222	59	94.2838220943	3	792
223	62	94.3176527068	0	792
224	66	94.3960904094	1	793
225	70	94.4068156586	6	799
226	65	94.4696506149	0	799
227	68	94.5311776963	2	801
228	70	94.4394630773	0	801
229	75	94.4634389824	4	805
230	73	94.5446120991	1	806
231	74	94.4925416067	6	812
232	73	94.408446686	3	815
233	78	94.4631394498	1	816
234	79	94.3950798081	0	816
235	76	94.3557877172	6	822
236	81	94.347602237	3	825
237	85	94.4461513958	0	825
238	81	94.4596402377	5	830
239	83	94.4390509695	7	837
240	85	94.3894365361	2	839
241	86	94.3047522119	2	841
242	86	94.3140124503	7	848
243	82	94.3432047608	3	851
244	86	94.4032133198	6	857
245	83	94.4307901894	4	861
246	80	94.3531114871	2	863
247	78	94.3295675862	2	865
248	77	94.3205705561	1	866
249	78	94.280776196	7	873
250	82	94.2816634838	3	876
251	79	94.2624598269	0	876
252	80	94.2490000743	7	883
253	75	94.3074220066	1	884
254	77	94.2123029486	7	891
255	76	94.3014278406	7	898
256	74	94.3625945493	5	903
257	77	94.3267513044	4	907
258	76	94.4121316063	7	914
259	79	94.3945520081	3	917
260	77	94.3511202164	7	924
261	76	94.3282836406	6	930
262	78	94.361649272	0	930
263	75	94.4112478899	5	935
264	77	94.3509454814	5	940
265	79	94.2886977506	3	943
266	81	94.2180962286	0	943
267	84	94.18278891	4	947
268	79	94.1581954906	5	952
269	84	94.2082408477	1	953
270	86	94.298189649	5	958
271	89	94.2981189337	5	963
272	93	94.2274018861	3	966
273	91	94.2625774252	7	973
274	96	94.2300837428	6	979
275	97	94.2124089992	0	979
276	100	94.1340490508	6	985
277	102	94.1294334795	6	991
278	105	94.0606144503	6	997
279	106	94.0421669936	2	999
280	107	93.9467945534	1	1000
281	107	94.0305246431	1	1001
282	104	94.0426649324	4	1005
283	100	93.9625268989	5	1010
284	104	93.9556929531	6	1016
285	109	93.9469249687	3	1019
286	110	93.9944952837	6	1025
287	111	93.9576917217	6	1031
288	113	93.9394737979	2	1033
289	118	94.0157735807	3	1036
290	121	94.0895000544	0	1036
291	116	94.1402966375	0	1036
292	117	94.1713459987	0	1036
293	118	94.1891132211	0	1036
294	119	94.107183647	5	1041
295	120	94.1120929379	6	1047
296	122	94.0745023528	1	1048
297	117	94.1656631821	1	1049
298	112	94.2443419257	2	1051
299	108	94.2781406343	0	1051
300	112	94.3461212601	6	1057
301	108	94.445128817	1	1058
302	109	94.5375846997	6	1064
303	104	94.5502898626	2	1066
304	107	94.4999305134	1	1067
305	107	94.4441962448	5	1072
306	111	94.4422970642	7	1079
307	112	94.3744999332	2	1081
308	117	94.2997220626	5	1086
309	117	94.3997086426	2	1088
310	120	94.3520755887	1	1089
311	117	94.2824691457	2	1091
312	118	94.258554919	0	1091
313	117	94.2810823652	3	1094
314	122	94.2905727556	6	1100
315	124	94.2556895121	3	1103
316	120	94.3084498222	4	1107
317	120	94.2368004697	7	1114
318	121	94.298663319	1	1115
319	126	94.2111931278	2	1117
320	128	94.1512121996	6	1123
321	127	94.1426807532	6	1129
322	125	94.1673525106	7	1136
323	124	94.1948382307	7	1143
324	129	94.2291608098	3	1146
325	132	94.2888253417	0	1146
326	136	94.3790900454	3	1149
327	135	94.4769336543	0	1149
328	137	94.4099783778	6	1155
329	138	94.4732449566	4	1159
330	138	94.4637553778	4	1163
331	136	94.4960480067	0	1163
332	136	94.4925991764	0	1163
333	131	94.5267055984	2	1165
334	126	94.5156676318	4	1169
335	128	94.5511679054	1	1170
336	132	94.5972582142	0	1170
337	131	94.5441664107	2	1172
338	132	94.5202558597	5	1177
339	136	94.5281543734	3	1180
340	132	94.547705805	2	1182
341	127	94.5950740468	4	1186
342	125	94.6702045318	1	1187
343	123	94.6604586949	0	1187
344	123	94.7178639545	0	1187
345	121	94.6684665226	6	1193
346	116	94.7200067307	0	1193
347	120	94.6222645125	5	1198
348	115	94.6422618515	2	1200
349	119	94.6985220502	3	1203
350	114	94.6584694268	5	1208
351	112	94.7087915025	6	1214
352	112	94.6840177444	4	1218
353	107	94.7701172558	6	1224
354	110	94.8268351075	2	1226
355	111	94.8476851314	6	1232
356	108	94.9431019871	0	1232
357	106	95.0030315355	4	1236
358	108	95.0462105674	1	1237
359	108	95.0466833397	7	1244
360	107	95.0101787505	7	1251
361	105	94.9117934091	0	1251
362	108	94.8293557638	1	1252
363	103	94.7318514152	7	1259
364	99	94.7650131751	7	1266
365	97	94.8468083066	5	1271
366	99	94.8131223544	1	1272
367	98	94.7898427293	4	1276
368	94	94.8686562326	3	1279
369	89	94.8270188371	6	1285
370	88	94.8487944105	4	1289
371	92	94.8338515447	2	1291
372	95	94.810068988	2	1293
373	97	94.8360637205	2	1295
374	102	94.9302174991	6	1301
375	101	94.9035447162	4	1305
376	101	94.8551230845	3	1308
377	103	94.8725410892	5	1313
378	105	94.8625387872	4	1317
379	110	94.7845332086	6	1323
380	109	94.6958379136	5	1328
381	113	94.7941735387	7	1335
382	108	94.7666671262	2	1337
383	111	94.8471193459	1	1338
384	109	94.8584114847	0	1338
385	112	94.829172201	5	1343
386	115	94.7372452368	2	1345
387	110	94.7892705304	0	1345
388	110	94.8025348553	5	1350
389	110	94.7246349499	1	1351
390	105	94.8243375655	7	1358
391	104	94.8648158006	4	1362
392	108	94.802368955	0	1362
393	112	94.8099211883	7	1369
394	112	94.7104589681	3	1372
395	107	94.6273083107	5	1377
396	106	94.6938261918	5	1382
397	107	94.6889706669	4	1386
398	107	94.680531814	4	1390
399	110	94.7759597072	2	1392
400	113	94.828315288	2	1394
401	115	94.820305654	4	1398
402	118	94.8421512725	2	1400
403	115	94.930188254	2	1402
404	120	94.8330908018	5	1407
405	115	94.8002197227	0	1407
406	110	94.723344077	6	1413
407	112	94.7466533953	0	1413
408	116	94.7408150134	3	1416
409	115	94.6654443963	5	1421
410	110	94.5812849407	3	1424
411	110	94.5889531597	4	1428
412	107	94.5296689119	1	1429
413	103	94.469463668	4	1433
414	107	94.4013404076	5	1438
415	109	94.4364554136	5	1443
416	104	94.3420003731	6	1449
417	99	94.3318918359	4	1453
418	101	94.4065558847	0	1453
419	98	94.4989531394	4	1457
420	103	94.5286333658	1	1458
421	98	94.6038112082	4	1462
422	102	94.6134698883	5	1467
423	105	94.5947506587	4	1471
424	100	94.5825641248	1	1472
425	95	94.6299705593	7	1479
426	95	94.6982766025	7	1486
427	98	94.6136757489	2	1488
428	97	94.6358059288	7	1495
429	92	94.5953551044	6	1501
430	92	94.5563869889	1	1502
431	91	94.645507699	0	1502
432	87	94.7433853628	7	1509
433	82	94.7994408692	5	1514
434	86	94.854001039	1	1515
435	81	94.8156167874	5	1520
436	76	94.9114865719	1	1521
437	75	94.9550562683	7	1528
438	80	94.8859131795	4	1532
439	79	94.85013668	0	1532
440	79	94.7662910799	3	1535
441	79	94.7054168281	7	1542
442	76	94.7002994401	5	1547
443	76	94.7729780214	7	1554
444	72	94.851145936	7	1561
445	67	94.8696762837	2	1563
446	69	94.9056877705	1	1564
447	69	94.9281254535	6	1570
448	66	94.8824354342	5	1575
449	70	94.9224518836	1	1576
450	75	95.0128952875	1	1577
451	70	95.0267731983	5	1582
452	69	94.973358899	4	1586
453	69	94.9741070089	5	1591
454	68	94.982089135	5	1596
455	64	94.9022819535	6	1602
456	65	94.9942080344	6	1608
457	64	95.0476756512	5	1613
458	67	94.9827048843	7	1620
459	64	95.041332237	6	1626
460	64	95.056850642	6	1632
461	63	95.0322814755	5	1637
462	68	94.9841912388	5	1642
463	69	95.0653952102	4	1646
464	64	95.072534896	3	1649
465	61	94.9971240305	7	1656
466	57	94.9570127693	3	1659
467	52	94.9407657527	1	1660
468	54	94.9478602982	6	1666
469	57	94.8533428805	1	1667
470	53	94.7840228591	5	1672
471	54	94.7843272207	3	1675
472	59	94.8660817768	2	1677
473	63	94.9048703129	4	1681
474	60	94.8598964185	2	1683
475	65	94.9069390049	2	1685
476	68	94.8273371343	7	1692
477	70	94.861336104	1	1693
478	70	94.8818684276	2	1695
479	66	94.7883908226	7	1702
480	69	94.7326973663	7	1709
481	66	94.7491252283	1	1710
482	62	94.6658059466	7	1717
483	63	94.6187438534	2	1719
484	65	94.6984184339	4	1723
485	66	94.7567001245	2	1725
486	62	94.7641696328	2	1727
487	61	94.6780455899	3	1730
488	64	94.5923299784	5	1735
489	69	94.5494395077	4	1739
490	68	94.5777718694	3	1742
491	65	94.6551269297	3	1745
492	62	94.5661270866	2	1747
493	59	94.4795524804	1	1748
494	64	94.4441621204	6	1754
495	68	94.4411981557	6	1760
496	72	94.4969123115	2	1762
497	75	94.4947801437	0	1762
498	76	94.5038551265	1	1763
499	71	94.5133623391	2	1765
500	73	94.5769628829	4	1769
501	72	94.5969059213	3	1772
502	69	94.6645925524	6	1778
503	71	94.7280254386	6	1784
504	68	94.7655018344	5	1789
505	73	94.8329345069	4	1793
506	74	94.9024844179	3	1796
507	75	94.831790186	4	1800
508	78	94.8028410003	3	1803
509	78	94.8074974013	1	1804
510	76	94.8346487279	1	1805
511	75	94.8369366661	4	1809
512	74	94.8788122312	4	1813
513	78	94.8615877477	6	1819
514	77	94.8473662019	5	1824
515	74	94.8735070262	4	1828
516	74	94.8960935961	4	1832
517	77	94.980069254	6	1838
518	80	95.0131106842	6	1844
519	78	95.0486769287	6	1850
520	76	95.042940153	2	1852
521	73	94.9800013205	1	1853
522	74	94.9975431311	0	1853
523	69	95.0422580605	5	1858
524	68	95.064435945	3	1861
525	73	94.983660752	1	1862
526	70	94.9692224369	0	1862
527	72	95.067219618	4	1866
528	71	95.0139266659	7	1873
529	71	95.1027852631	4	1877
530	76	95.0200202068	4	1881
531	76	95.0020346276	3	1884
532	80	95.0506538917	3	1887
533	82	95.0884945911	1	1888
534	82	95.014223217	5	1893
535	82	95.032247751	2	1895
536	84	95.0198269187	7	1902
537	79	94.9941387374	6	1908
538	81	94.9318151345	7	1915
539	82	94.8383610737	7	1922
540	82	94.8806035872	6	1928
541	79	94.8595428136	0	1928
542	74	94.8161658452	4	1932
543	77	94.7958423734	7	1939
544	77	94.7037218917	4	1943
545	75	94.7133902688	2	1945
546	76	94.6656833185	3	1948
547	71	94.692261282	5	1953
548	69	94.7727003977	5	1958
549	67	94.8397982243	4	1962
550	68	94.8579211882	1	1963
551	67	94.838807376	4	1967
552	65	94.904591702	0	1967
553	64	94.8995007281	6	1973
554	69	94.8144012922	1	1974
555	64	94.8722047714	3	1977
556	67	94.8693899318	6	1983
557	72	94.7977684116	4	1987
558	69	94.7470729503	1	1988
559	66	94.744277817	5	1993
560	66	94.794144424	0	1993
561	68	94.8195830458	6	1999
562	65	94.845206188	3	2002
563	66	94.8882777342	7	2009
564	61	94.8699103442	6	2015
565	63	94.8617461156	4	2019
566	66	94.8628090981	4	2023
567	63	94.94923426	7	2030
568	64	94.8907767529	3	2033
569	59	94.9235952691	0	2033
570	62	94.8736205952	1	2034
571	58	94.8033342204	1	2035
572	54	94.7085343622	3	2038
573	59	94.728882176	4	2042
574	61	94.7090723043	5	2047
575	56	94.7905953646	0	2047
576	60	94.7322581016	6	2053
577	60	94.6485490321	0	2053
578	61	94.5855317007	0	2053
579	66	94.6232574296	0	2053
580	66	94.6244946607	2	2055
581	66	94.6966673316	1	2056
582	69	94.7464255826	5	2061
583	66	94.798985017	2	2063
584	70	94.7659134411	6	2069
585	65	94.7113723838	4	2073
586	61	94.6673310439	5	2078
587	63	94.6718632363	3	2081
588	64	94.6268134788	5	2086
589	60	94.6553929988	1	2087
590	56	94.6154344425	2	2089
591	53	94.5662064174	2	2091
592	55	94.5491627044	4	2095
593	57	94.5536432942	2	2097
594	60	94.4988852374	2	2099
595	57	94.4284361007	1	2100
596	52	94.4086092548	2	2102
597	54	94.3471102536	4	2106
598	53	94.4049646297	3	2109
599	57	94.3965840118	5	2114
600	55	94.4872734634	0	2114
601	60	94.5650564876	3	2117
602	62	94.5554496435	4	2121
603	63	94.6076893596	2	2123
604	63	94.6192479355	1	2124
605	64	94.5767742969	1	2125
606	65	94.537853558	1	2126
607	70	94.5356532018	5	2131
608	73	94.578684007	1	2132
609	75	94.6351941492	0	2132
610	75	94.6352572165	5	2137
611	76	94.7125495179	5	2142
612	79	94.7013314269	2	2144
613	76	94.7474005995	0	2144
614	75	94.745972326	6	2150
615	70	94.7482564274	0	2150
616	68	94.6717730657	2	2152
617	65	94.6493870931	1	2153
618	66	94.6139474734	5	2158
619	68	94.678438003	2	2160
620	64	94.5865611661	3	2163
621	64	94.6126104385	4	2167
622	68	94.5238974574	5	2172
623	69	94.518545066	0	2172
624	71	94.518302585	0	2172
625	74	94.4340603086	3	2175
626	79	94.4675021078	1	2176
627	77	94.4208305719	1	2177
628	81	94.4939929576	4	2181
629	81	94.5525356068	2	2183
630	83	94.5781396398	7	2190
631	80	94.639049817	1	2191
632	76	94.7172753437	7	2198
633	72	94.6231704035	3	2201
634	73	94.6905226043	2	2203
635	74	94.640300037	0	2203
636	73	94.6448300576	1	2204
637	68	94.582899544	4	2208
638	68	94.5348566534	4	2212
639	70	94.5894555773	1	2213
640	72	94.5816244055	7	2220
641	77	94.6300006584	1	2221
642	78	94.5455201473	5	2226
643	77	94.6017862439	1	2227
644	81	94.5292320469	4	2231
645	76	94.4314418482	1	2232
646	80	94.3566540338	3	2235
647	80	94.2621599013	5	2240
648	78	94.3429640942	3	2243
649	78	94.3656879945	4	2247
650	81	94.3790443252	0	2247
651	85	94.4301130546	4	2251
652	82	94.4470736892	7	2258
653	82	94.3593242358	0	2258
654	85	94.4119656341	4	2262
655	87	94.3243824432	6	2268
656	91	94.3741444334	6	2274
657	94	94.32922919	6	2280
658	94	94.4012980653	2	2282
659	92	94.362959871	4	2286
660	91	94.3366127544	3	2289
661	89	94.392733472	4	2293
662	86	94.4519607151	6	2299
663	87	94.407342811	0	2299
664	83	94.4676025413	2	2301
665	83	94.4243094925	4	2305
666	81	94.5225879111	7	2312
667	85	94.5805047771	3	2315
668	86	94.640361027	4	2319
669	89	94.7155085382	5	2324
670	94	94.7599960641	7	2331
671	91	94.7122604103	1	2332
672	89	94.6996039131	0	2332
673	92	94.7419763242	5	2337
674	91	94.7461927375	6	2343
675	87	94.7565614711	0	2343
676	91	94.7394509675	0	2343
677	86	94.7909015658	1	2344
678	84	94.8640641573	2	2346
679	87	94.8453944115	6	2352
680	87	94.853284367	1	2353
681	91	94.8501298552	2	2355
682	91	94.8863125588	7	2362
683	94	94.8843605661	2	2364
684	97	94.8428507771	7	2371
685	102	94.8684978948	2	2373
686	102	94.8244586494	3	2376
687	101	94.8673857109	3	2379
688	106	94.8847939381	7	2386
689	111	94.9346971706	5	2391
690	108	94.9026125243	2	2393
691	106	94.990647234	5	2398
692	107	95.0406140891	5	2403
693	106	94.9802744196	0	2403
694	103	94.8993110889	6	2409
695	103	94.8618273841	0	2409
696	100	94.8941112863	0	2409
697	98	94.8822895924	6	2415
698	95	94.9625138508	2	2417
699	97	94.9778840477	3	2420
700	97	95.0167796023	0	2420
701	95	95.0997855541	7	2427
702	90	95.0056345214	1	2428
703	93	94.9676548893	0	2428
704	88	95.0603849062	3	2431
705	93	95.1477396298	1	2432
706	95	95.0640520372	1	2433
707	99	95.0829840744	2	2435
708	100	95.1266683284	1	2436
709	95	95.0687243271	4	2440
710	91	95.1180821776	1	2441
711	87	95.0581425978	4	2445
712	88	95.1450214651	0	2445
713	86	95.0652999482	2	2447
714	81	95.1439135592	6	2453
715	76	95.1340810293	7	2460
716	75	95.1172558219	4	2464
717	70	95.1886035014	7	2471
718	73	95.2014348612	5	2476
719	71	95.2837760702	4	2480
720	69	95.2256199426	0	2480
721	72	95.2348616336	6	2486
722	77	95.3152577312	6	2492
723	74	95.265010461	3	2495
724	69	95.1894458199	1	2496
725	64	95.1618502186	7	2503
726	66	95.1458428511	7	2510
727	66	95.0989007122	3	2513
728	63	95.1649358626	6	2519
729	58	95.2537980188	3	2522
730	59	95.1553689812	3	2525
731	63	95.2110102768	6	2531
732	66	95.1545115286	7	2538
733	63	95.1771695939	3	2541
734	59	95.0851293812	2	2543
735	57	95.0007288673	7	2550
736	52	95.0310200683	0	2550
737	56	95.1040782474	5	2555
738	58	95.1870307706	0	2555
739	57	95.2057783375	4	2559
740	56	95.1528870398	7	2566
741	51	95.1271527529	4	2570
742	55	95.05990361	3	2573
743	56	95.156933794	4	2577
744	59	95.2033225416	5	2582
745	57	95.2267629249	1	2583
746	60	95.1915622659	3	2586
747	63	95.2797604911	1	2587
748	59	95.3440284954	4	2591
749	63	95.2745498711	7	2598
750	60	95.3408082482	1	2599
751	63	95.3527603291	0	2599
752	60	95.4379519238	0	2599
753	55	95.3641288512	4	2603
754	52	95.3280447399	6	2609
755	50	95.4190532998	7	2616
756	51	95.3395152652	2	2618
757	50	95.2911463756	7	2625
758	50	95.2800299266	6	2631
759	53	95.2807968082	3	2634
760	51	95.2111586662	1	2635
761	52	95.1514638288	2	2637
762	51	95.1157116923	4	2641
763	52	95.0390872195	3	2644
764	50	95.0570626156	3	2647
765	50	95.0221475002	7	2654
766	52	94.9699917013	5	2659
767	50	95.0088226631	1	2660
768	51	94.9750282683	3	2663
769	50	95.0046752037	4	2667
770	54	95.0421716944	2	2669
771	50	95.0248635523	6	2675
772	51	95.1087853543	6	2681
773	50	95.0803591875	1	2682
774	52	95.0148516856	5	2687
775	54	94.9178848182	4	2691
776	52	94.8526044229	2	2693
777	50	94.8443363365	7	2700
778	50	94.7530094644	2	2702
779	52	94.8205439099	3	2705
780	56	94.7622588817	6	2711
781	54	94.6682661855	2	2713
782	53	94.6585783861	3	2716
783	58	94.580915358	1	2717
784	60	94.6513903689	7	2724
785	56	94.6401152304	3	2727
786	59	94.5482841964	0	2727
787	61	94.5547845582	5	2732
788	63	94.6105820142	6	2738
789	60	94.6604297608	3	2741
790	56	94.6870703348	1	2742
791	61	94.6177041724	6	2748
792	61	94.5740020642	2	2750
793	64	94.5510110231	0	2750
794	61	94.4670799948	5	2755
795	64	94.5259098455	6	2761
796	61	94.5475107493	7	2768
797	63	94.457249554	3	2771
798	66	94.4898775984	1	2772
799	71	94.5360871372	4	2776
800	70	94.5765758105	5	2781
801	67	94.4847814565	3	2784
802	69	94.5092030762	4	2788
803	70	94.5706097405	0	2788
804	75	94.5626898246	6	2794
805	79	94.5805673605	5	2799
806	79	94.5728294043	0	2799
807	81	94.5530465347	5	2804
808	84	94.5245202105	5	2809
809	85	94.6035553748	4	2813
810	87	94.5960756509	7	2820
811	82	94.5863905266	6	2826
812	80	94.5553667044	7	2833
813	81	94.6209234452	7	2840
814	81	94.6556884508	5	2845
815	80	94.604079528	0	2845
816	79	94.7026346736	0	2845
817	81	94.7896509138	3	2848
818	82	94.7817384908	0	2848
819	82	94.8652631348	2	2850
820	79	94.8656303605	5	2855
821	79	94.8825774267	0	2855
822	75	94.9181346357	5	2860
823	70	94.8862954227	4	2864
824	73	94.9198227775	7	2871
825	75	94.8442405474	2	2873
826	80	94.8734176845	1	2874
827	76	94.9142807616	2	2876
828	76	94.9323081621	7	2883
829	72	94.8376342406	7	2890
830	72	94.8139514126	0	2890
831	74	94.7337573039	4	2894
832	73	94.7774688629	3	2897
833	73	94.7279476185	5	2902
834	77	94.7901176233	1	2903
835	78	94.7157575501	4	2907
836	79	94.7488871377	7	2914
837	80	94.6997368669	2	2916
838	76	94.6488563745	6	2922
839	73	94.6722795159	0	2922
840	75	94.6674334024	4	2926
841	75	94.5794171488	4	2930
842	79	94.6262976294	7	2937
843	78	94.71258336	1	2938
844	77	94.6156746794	0	2938
845	74	94.6570710323	6	2944
846	72	94.6371759475	4	2948
847	71	94.7312772621	7	2955
848	73	94.6824956923	5	2960
849	77	94.6849866623	1	2961
850	81	94.6219964638	3	2964
851	80	94.6793775925	3	2967
852	83	94.5926948435	5	2972
853	80	94.5572684539	3	2975
854	79	94.4756813089	7	2982
855	80	94.5058984677	5	2987
856	78	94.4618912584	3	2990
857	80	94.4020077536	7	2997
858	84	94.3426688978	4	3001
859	82	94.2800560197	2	3003
860	81	94.254689449	5	3008
861	77	94.249495478	3	3011
862	76	94.216287163	6	3017
863	81	94.2113690236	0	3017
864	79	94.1363906731	2	3019
865	81	94.1948899387	2	3021
866	82	94.2866632184	4	3025
867	83	94.285240027	2	3027
868	81	94.2395038594	2	3029
869	79	94.1824048233	2	3031
870	80	94.1751245129	6	3037
871	77	94.1298777258	0	3037
872	74	94.096427801	7	3044
873	76	94.0399584806	0	3044
874	81	93.9799852554	1	3045
875	81	94.0604755591	1	3046
876	82	94.0411929483	3	3049
877	77	94.0463524736	3	3052
878	77	94.122237768	2	3054
879	75	94.1221356856	6	3060
880	75	94.1371662566	5	3065
881	79	94.2323773634	2	3067
882	83	94.3261025771	6	3073
883	81	94.2848609446	0	3073
884	86	94.2076392873	2	3075
885	88	94.1363481926	5	3080
886	92	94.0809643571	3	3083
887	95	93.983998219	4	3087
888	91	93.910496829	2	3089
889	90	93.8379233737	1	3090
890	94	93.8112319446	6	3096
891	96	93.795506781	1	3097
892	98	93.8833000677	3	3100
893	102	93.9727963851	0	3100
894	98	93.9828847856	0	3100
895	95	94.0512606847	5	3105
896	94	94.0901503898	7	3112
897	92	94.0721506216	4	3116
898	94	94.1288645801	1	3117
899	92	94.1127230041	7	3124
900	97	94.095428619	7	3131
901	95	94.1756075035	0	3131
902	96	94.1436234496	0	3131
903	101	94.103368451	5	3136
904	106	94.1952546971	2	3138
905	107	94.1925481616	4	3142
906	105	94.2353546395	1	3143
907	107	94.3333751681	0	3143
908	111	94.2645952949	0	3143
909	106	94.1771728798	3	3146
910	110	94.0994480276	1	3147
911	110	94.0675557427	1	3148
912	111	94.1063152879	3	3151
913	106	94.0534764222	7	3158
914	106	94.0911101036	3	3161
915	111	94.1416257154	5	3166
916	113	94.0576194371	5	3171
917	116	93.9940294243	1	3172
918	115	93.9874145183	0	3172
919	114	93.89900572	5	3177
920	117	93.9579938891	3	3180
921	114	94.0250502404	4	3184
922	117	93.9912674638	7	3191
923	117	94.0064128124	5	3196
924	112	93.9219045281	1	3197
925	112	94.0120208756	6	3203
926	113	94.0985193891	1	3204
927	116	94.0315519406	0	3204
928	117	94.0331248678	1	3205
929	118	93.9433016143	1	3206
930	117	93.9448193112	6	3212
931	117	94.0236345496	0	3212
932	120	94.0888849186	0	3212
933	122	94.0337854156	4	3216
934	124	94.0985536076	6	3222
935	129	94.1019281916	2	3224
936	131	94.0375789673	7	3231
937	131	94.0064170133	4	3235
938	133	93.9405469478	3	3238
939	131	93.9769687808	3	3241
940	129	93.9982296818	5	3246
941	126	94.0632720248	7	3253
942	122	94.1335778573	0	3253
943	119	94.2317609557	5	3258
944	120	94.3271004457	3	3261
945	120	94.3903383655	4	3265
946	124	94.432742762	6	3271
947	125	94.3661421108	7	3278
948	128	94.4243501887	4	3282
949	130	94.4305752249	3	3285
950	135	94.3857638838	4	3289
951	137	94.3343807044	6	3295
952	136	94.2683534019	1	3296
953	138	94.2846502045	3	3299
954	133	94.3172583176	4	3303
955	135	94.36862335	4	3307
956	140	94.2963518558	7	3314
957	136	94.218973816	1	3315
958	132	94.2879149221	3	3318
959	131	94.3746235249	1	3319
960	132	94.3829683903	2	3321
961	135	94.3848005636	4	3325
962	140	94.430109829	6	3331
963	143	94.387925307	5	3336
964	143	94.3069718873	1	3337
965	138	94.3116574192	6	3343
966	141	94.2764428165	6	3349
967	145	94.3311095865	0	3349
968	148	94.4073511225	7	3356
969	146	94.4625462181	6	3362
970	146	94.5215946275	1	3363
971	141	94.5175781351	4	3367
972	140	94.5007837211	6	3373
973	142	94.5102934612	6	3379
974	141	94.4926420878	7	3386
975	139	94.5504684977	6	3392
976	136	94.6463716358	3	3395
977	136	94.6812262159	3	3398
978	135	94.7679632239	0	3398
979	131	94.8070155589	5	3403
980	130	94.8357203528	0	3403
981	131	94.8865506575	6	3409
982	130	94.7974773612	3	3412
983	133	94.8654104446	5	3417
984	130	94.8429577805	1	3418
985	134	94.8014838132	0	3418
986	133	94.8278594618	6	3424
987	130	94.760558413	3	3427
988	132	94.700414175	5	3432
989	130	94.7179906565	0	3432
990	135	94.8144706638	3	3435
991	130	94.8662794745	5	3440
992	128	94.8499249792	1	3441
993	128	94.8233632446	0	3441
994	132	94.8530290797	7	3448
995	128	94.8144210183	4	3452
996	131	94.8764369246	6	3458
997	131	94.8244192337	5	3463
998	136	94.8572893129	0	3463
999	136	94.8102371488	5	3468
1000	136	94.8550651985	0	3468
1001	133	94.7705780925	3	3471
1002	129	94.8252973105	5	3476
1003	124	94.8913153587	6	3482
1004	120	94.8527730522	3	3485
1005	118	94.8182960062	3	3488
1006	114	94.7576494301	6	3494
1007	115	94.7456959469	5	3499
1008	120	94.6772480548	7	3506
1009	122	94.6049378401	1	3507
1010	118	94.6811620016	2	3509
1011	122	94.5848352361	3	3512
1012	124	94.535307882	4	3516
1013	123	94.4769877079	7	3523
1014	128	94.3934760133	4	3527
1015	133	94.4426622661	5	3532
1016	136	94.4625385425	6	3538
1017	132	94.4718126492	4	3542
1018	131	94.4907141214	6	3548
1019	134	94.4362561254	0	3548
1020	137	94.384376797	3	3551
1021	133	94.394842658	7	3558
1022	128	94.4446093461	4	3562
1023	130	94.5365889663	7	3569
1024	131	94.5147700432	5	3574
1025	133	94.420206762	6	3580
1026	135	94.4461372047	4	3584
1027	130	94.4100873234	3	3587
1028	135	94.4713949589	5	3592
1029	137	94.4227846707	3	3595
1030	136	94.3270522033	3	3598
1031	141	94.4267241158	4	3602
1032	146	94.480434234	3	3605
1033	147	94.383712115	7	3612
1034	143	94.3698345209	0	3612
1035	138	94.3699391088	5	3617
1036	142	94.2715629103	0	3617
1037	140	94.3535673844	1	3618
1038	138	94.3588885231	6	3624
1039	140	94.4357749551	1	3625
1040	141	94.3414317128	4	3629
1041	136	94.2830825175	7	3636
1042	137	94.2841427762	5	3641
1043	137	94.1941580342	0	3641
1044	134	94.2675661622	5	3646
1045	132	94.3118598626	2	3648
1046	136	94.3515201196	3	3651
1047	139	94.2985234161	0	3651
1048	137	94.345284616	4	3655
1049	132	94.2879045369	3	3658
1050	132	94.2213987599	4	3662
1051	135	94.2326856863	5	3667
1052	134	94.2261795267	5	3672
1053	135	94.3023393847	7	3679
1054	137	94.2300466687	6	3685
1055	134	94.288781709	6	3691
1056	137	94.3692174298	1	3692
1057	132	94.3991767399	6	3698
1058	131	94.4266081529	4	3702
1059	135	94.4011066157	7	3709
1060	136	94.3763172909	0	3709
1061	138	94.3791042376	4	3713
1062	136	94.2829305873	7	3720
1063	141	94.3667966396	0	3720
1064	139	94.4020872391	4	3724
1065	142	94.4912224902	5	3729
1066	140	94.5899633029	2	3731
1067	136	94.6691992236	3	3734
1068	137	94.6995408597	4	3738
1069	135	94.7938954323	1	3739
1070	137	94.8659668277	2	3741
1071	135	94.8809413577	4	3745
1072	135	94.9776610174	6	3751
1073	140	94.9563189201	7	3758
1074	142	95.0120382605	1	3759
1075	146	94.9168783897	4	3763
1076	147	94.9755941568	4	3767
1077	145	94.8794797441	7	3774
1078	146	94.8195460654	0	3774
1079	147	94.7427985673	6	3780
1080	149	94.7030091721	7	3787
1081	149	94.6790947908	3	3790
1082	145	94.6458101771	5	3795
1083	143	94.5979190125	6	3801
1084	141	94.5397455348	4	3805
1085	146	94.5871282919	1	3806
1086	143	94.5525696195	1	3807
1087	147	94.5113770642	4	3811
1088	145	94.4864832227	3	3814
1089	145	94.4075146496	6	3820
1090	150	94.320658047	6	3826
1091	145	94.3161682754	0	3826
1092	141	94.396646173	4	3830
1093	146	94.4118225549	4	3834
1094	146	94.4161497611	1	3835
1095	144	94.3347340069	5	3840
1096	145	94.2451617315	6	3846
1097	144	94.2246642396	6	3852
1098	144	94.1939982938	2	3854
1099	142	94.1339695124	0	3854
1100	143	94.153091041	7	3861
1101	148	94.1276852153	4	3865
1102	153	94.1352650291	2	3867
1103	151	94.1303764217	1	3868
1104	155	94.2117586912	7	3875
1105	152	94.1343097346	0	3875
1106	157	94.1994190326	5	3880
1107	153	94.1532847881	7	3887
1108	150	94.0767585857	7	3894
1109	147	94.046972666	7	3901
1110	146	94.0798879744	3	3904
1111	146	94.0223979216	0	3904
1112	145	93.9606776569	7	3911
1113	144	93.8829203672	6	3917
1114	148	93.8584557829	6	3923
1115	146	93.8690509054	0	3923
1116	141	93.8556629058	7	3930
1117	141	93.9298825828	2	3932
1118	141	93.8299068562	4	3936
1119	144	93.9071679581	2	3938
1120	144	93.9022280913	3	3941
1121	149	93.9504848675	2	3943
1122	145	93.9159072943	6	3949
1123	148	93.9258814326	3	3952
1124	143	93.8594675336	0	3952
1125	138	93.7601124375	7	3959
1126	134	93.6908451382	5	3964
1127	137	93.593275548	2	3966
1128	134	93.6597855521	7	3973
1129	139	93.5700725899	0	3973
1130	142	93.5404777746	3	3976
1131	144	93.615427086	5	3981
1132	148	93.6537183398	2	3983
1133	145	93.63848213	4	3987
1134	147	93.6742451186	3	3990
1135	147	93.6055859899	4	3994
1136	144	93.5464039474	2	3996
1137	142	93.4824058862	7	4003
1138	137	93.5250813527	0	4003
1139	142	93.5204545435	0	4003
1140	140	93.6116944299	2	4005
1141	140	93.5567901515	2	4007
1142	143	93.6073625962	6	4013
1143	141	93.5966931016	6	4019
1144	137	93.5251463436	4	4023
1145	135	93.5599600315	5	4028
1146	131	93.6356643311	5	4033
1147	129	93.6762775883	0	4033
1148	129	93.606442486	3	4036
1149	124	93.6596707278	1	4037
1150	121	93.6708962119	7	4044
1151	121	93.7056533491	3	4047
1152	117	93.6288785469	6	4053
1153	122	93.6873669061	1	4054
1154	118	93.5913396425	3	4057
1155	116	93.5246917953	7	4064
1156	117	93.5637807055	2	4066
1157	116	93.4762887022	7	4073
1158	114	93.4891741881	2	4075
1159	115	93.4511115417	0	4075
1160	115	93.4559146445	0	4075
1161	111	93.4296067775	7	4082
1162	113	93.3514490725	4	4086
1163	118	93.2518487978	4	4090
1164	117	93.3333017619	3	4093
1165	117	93.2835340062	1	4094
1166	115	93.2328232694	2	4096
1167	114	93.1752188881	5	4101
1168	112	93.179886841	0	4101
1169	116	93.2445928756	3	4104
1170	121	93.3117853998	2	4106
1171	118	93.3061600462	6	4112
1172	120	93.3277303286	3	4115
1173	122	93.2588343969	5	4120
1174	123	93.3408553307	3	4123
1175	122	93.3266640104	2	4125
1176	122	93.2498723311	0	4125
1177	120	93.3230924603	2	4127
1178	116	93.2282034436	5	4132
1179	119	93.2938546241	7	4139
1180	123	93.3695831423	7	4146
1181	122	93.3430674156	2	4148
1182	117	93.430348083	0	4148
1183	116	93.3304660526	7	4155
1184	111	93.2322838144	6	4161
1185	111	93.2011636285	4	4165
1186	107	93.1206332812	5	4170
1187	109	93.1540876831	6	4176
1188	114	93.1564718379	5	4181
1189	110	93.164481277	7	4188
1190	105	93.2516648811	2	4190
1191	102	93.322361814	6	4196
1192	102	93.2473746554	5	4201
1193	103	93.2153519029	3	4204
1194	103	93.2869225127	5	4209
1195	101	93.2138941452	7	4216
1196	103	93.2442348238	1	4217
1197	106	93.2535537256	6	4223
1198	103	93.3041901046	5	4228
1199	108	93.3202974932	6	4234
1200	112	93.3095438271	5	4239
1201	114	93.2311960245	1	4240
1202	109	93.2256104132	3	4243
1203	112	93.1296327143	0	4243
1204	109	93.1510697047	1	4244
1205	106	93.1289086218	7	4251
1206	110	93.0327019084	2	4253
1207	115	93.0241205954	3	4256
1208	117	92.9699187269	1	4257
1209	118	93.0565102219	6	4263
1210	119	92.9868795583	0	4263
1211	121	92.9295280262	4	4267
1212	122	92.907209329	4	4271
1213	125	92.8414345894	5	4276
1214	128	92.8804918725	5	4281
1215	128	92.92323918	0	4281
1216	129	93.0038953448	3	4284
1217	125	93.0068777502	6	4290
1218	121	93.0420204917	6	4296
1219	116	93.1116405868	7	4303
1220	120	93.1076827192	2	4305
1221	123	93.1634144762	2	4307
1222	119	93.2147619337	4	4311
1223	119	93.1650582384	6	4317
1224	124	93.1708721154	5	4322
1225	123	93.2301127944	0	4322
1226	118	93.24842232	1	4323
1227	122	93.2728974279	2	4325
1228	125	93.3593779801	6	4331
1229	126	93.2825348506	7	4338
1230	121	93.1982844376	7	4345
1231	121	93.194599608	1	4346
1232	118	93.2839915923	2	4348
1233	120	93.194069389	4	4352
1234	115	93.2270723484	3	4355
1235	118	93.2593867075	0	4355
1236	115	93.2478474696	7	4362
1237	110	93.2128385189	6	4368
1238	110	93.2843620637	3	4371
1239	113	93.2741723659	2	4373
1240	114	93.2475582649	6	4379
1241	119	93.1854982726	2	4381
1242	115	93.2176573921	7	4388
1243	112	93.2062875741	6	4394
1244	111	93.173945005	7	4401
1245	108	93.2442590419	7	4408
1246	104	93.1520747393	6	4414
1247	107	93.0897037114	7	4421
1248	108	93.0050708339	1	4422
1249	112	93.0707712031	4	4426
1250	110	93.0401050983	7	4433
1251	111	93.0367819056	2	4435
1252	114	93.130437971	1	4436
1253	113	93.1459200257	1	4437
1254	110	93.148043905	7	4444
1255	108	93.1293416462	2	4446
1256	106	93.1468046391	4	4450
1257	111	93.2092090597	2	4452
1258	108	93.2781629606	5	4457
1259	111	93.1940460443	4	4461
1260	113	93.1995108821	4	4465
1261	117	93.1128540431	0	4465
1262	120	93.0505341215	6	4471
1263	115	93.1458334393	1	4472
1264	114	93.1725856037	2	4474
1265	113	93.1207114625	5	4479
1266	118	93.0210751465	7	4486
1267	117	93.1069618133	5	4491
1268	116	93.1792922637	4	4495
1269	114	93.1334643057	4	4499
1270	118	93.1476487668	2	4501
1271	114	93.1771619299	6	4507
1272	116	93.0923929109	4	4511
1273	113	93.1267621683	7	4518
1274	108	93.1379178349	1	4519
1275	109	93.2161141392	7	4526
1276	108	93.3048427803	4	4530
1277	106	93.3532095928	7	4537
1278	101	93.3792032515	5	4542
1279	100	93.3421780491	1	4543
1280	98	93.2708802289	1	4544
1281	96	93.3420519134	1	4545
1282	94	93.4263944515	6	4551
1283	91	93.4019509443	2	4553
1284	92	93.45523068	0	4553
1285	89	93.3621917098	6	4559
1286	93	93.3765309777	1	4560
1287	96	93.3391482802	6	4566
1288	94	93.2976608771	2	4568
1289	96	93.2060715981	4	4572
1290	93	93.2906158719	2	4574
1291	93	93.3166409391	4	4578
1292	96	93.2560149498	2	4580
1293	95	93.2540238288	0	4580
1294	96	93.1671821857	4	4584
1295	98	93.141659411	3	4587
1296	96	93.215839409	3	4590
1297	101	93.1596248108	1	4591
1298	105	93.082754328	6	4597
1299	108	93.1602763991	6	4603
1300	108	93.1596094486	5	4608
1301	112	93.1759172515	2	4610
1302	107	93.0901106101	3	4613
1303	108	93.1303176798	3	4616
1304	112	93.0816837741	4	4620
1305	110	93.1357486666	0	4620
1306	106	93.1770374981	1	4621
1307	102	93.1714975623	0	4621
1308	106	93.1764585021	5	4626
1309	111	93.1158909189	7	4633
1310	112	93.0359564818	4	4637
1311	115	92.9776697836	4	4641
1312	119	93.0308736158	1	4642
1313	120	93.0703998949	3	4645
1314	124	93.1618378307	2	4647
1315	120	93.1941903959	7	4654
1316	120	93.2501621535	4	4658
1317	121	93.271993426	3	4661
1318	120	93.3693488028	5	4666
1319	116	93.2881293088	4	4670
1320	121	93.2710032806	0	4670
1321	120	93.2282474661	2	4672
1322	115	93.2786152502	3	4675
1323	116	93.3037547418	1	4676
1324	115	93.2551060464	7	4683
1325	116	93.2939314368	7	4690
1326	114	93.3581982894	5	4695
1327	113	93.3782289571	7	4702
1328	110	93.3497155514	4	4706
1329	105	93.4392541041	0	4706
1330	103	93.3924171494	3	4709
1331	104	93.3103298545	7	4716
1332	105	93.3563280939	4	4720
1333	107	93.423696767	5	4725
1334	111	93.374616522	6	4731
1335	107	93.4662401297	3	4734
1336	103	93.5039037172	2	4736
1337	102	93.4202482887	5	4741
1338	106	93.3607907187	6	4747
1339	103	93.375606013	3	4750
1340	102	93.4645591216	0	4750
1341	106	93.4619469734	2	4752
1342	103	93.5294668588	3	4755
1343	101	93.4368264263	5	4760
1344	97	93.5048712656	4	4764
1345	96	93.4511132788	3	4767
1346	94	93.4576470679	5	4772
1347	97	93.4990962746	0	4772
1348	101	93.4850332794	0	4772
1349	102	93.5470700136	0	4772
1350	107	93.5450964147	5	4777
1351	110	93.5338887155	0	4777
1352	114	93.6084635362	6	4783
1353	115	93.5897116552	0	4783
1354	112	93.5730418947	6	4789
1355	115	93.5338620958	6	4795
1356	118	93.5815270573	5	4800
1357	119	93.4882888748	3	4803
1358	123	93.4608328187	7	4810
1359	127	93.4687163531	1	4811
1360	127	93.3840805926	1	4812
1361	125	93.3821111761	3	4815
1362	130	93.3178268263	6	4821
1363	132	93.3168838012	3	4824
1364	130	93.2584268205	1	4825
1365	126	93.1933266542	7	4832
1366	131	93.1130786	6	4838
1367	126	93.108972501	1	4839
1368	124	93.0911291255	5	4844
1369	122	93.1660227199	1	4845
1370	121	93.1071760442	7	4852
1371	125	93.1549276359	7	4859
1372	120	93.0778470935	0	4859
1373	120	93.0272414257	5	4864
1374	122	93.0409007133	5	4869
1375	123	92.9804312618	0	4869
1376	122	93.0695543398	3	4872
1377	121	93.108749474	4	4876
1378	119	93.2017108138	7	4883
1379	121	93.1638999184	5	4888
1380	119	93.2528444281	2	4890
1381	118	93.1699432162	2	4892
1382	116	93.2148515528	5	4897
1383	121	93.2041653937	2	4899
1384	116	93.2290341222	1	4900
1385	119	93.1601148606	0	4900
1386	122	93.1898193178	0	4900
1387	122	93.1663153376	6	4906
1388	126	93.1899832246	7	4913
1389	130	93.1036292997	0	4913
1390	134	93.1505206662	2	4915
1391	137	93.1704384261	2	4917
1392	136	93.1220838398	7	4924
1393	133	93.1576918927	6	4930
1394	133	93.0670061646	1	4931
1395	137	93.1339966015	7	4938
1396	140	93.0422121405	1	4939
1397	145	93.100377311	2	4941
1398	142	93.0652377765	7	4948
1399	145	93.0599104904	6	4954
1400	149	93.1522097477	1	4955
1401	146	93.2138402318	4	4959
1402	145	93.1960487913	3	4962
1403	145	93.2015590588	1	4963
1404	141	93.2243883918	7	4970
1405	140	93.2516270347	5	4975
1406	138	93.1824600753	4	4979
1407	137	93.2312227679	2	4981
1408	141	93.210173232	4	4985
1409	142	93.2791688161	5	4990
1410	139	93.3023705171	5	4995
1411	140	93.2116517773	7	5002
1412	139	93.3046174725	4	5006
1413	139	93.3184934141	2	5008
1414	134	93.3570097144	6	5014
1415	131	93.3940123697	1	5015
1416	130	93.2952864913	1	5016
1417	125	93.2857413759	5	5021
1418	123	93.2866078292	6	5027
1419	124	93.3423209411	6	5033
1420	128	93.2471209815	4	5037
1421	127	93.3010073326	6	5043
1422	131	93.3846405693	1	5044
1423	132	93.3170406918	1	5045
1424	137	93.3429774078	1	5046
1425	142	93.265146019	4	5050
1426	145	93.2523496024	0	5050
1427	148	93.3495799744	0	5050
1428	152	93.334518911	0	5050
1429	148	93.2845959606	0	5050
1430	151	93.2575599237	1	5051
1431	149	93.2508813372	4	5055
1432	148	93.1999330935	5	5060
1433	150	93.1347849374	2	5062
1434	153	93.0691529545	3	5065
1435	151	92.9795822259	7	5072
1436	156	92.9065041689	7	5079
1437	152	93.0004765915	7	5086
1438	152	92.9322938458	7	5093
1439	152	92.9960296967	1	5094
1440	154	92.9046986809	3	5097
1441	150	92.9534385959	1	5098
1442	149	92.9565401007	7	5105
1443	148	92.9278391428	4	5109
1444	143	92.9715549069	6	5115
1445	148	93.0690646312	7	5122
1446	145	93.1129692615	2	5124
1447	145	93.1044150939	2	5126
1448	146	93.1486780129	0	5126
1449	145	93.1593730697	7	5133
1450	140	93.1158052547	6	5139
1451	141	93.0455673706	2	5141
1452	140	93.1202886492	2	5143
1453	143	93.1818918759	0	5143
1454	148	93.1748764128	6	5149
1455	146	93.1218968107	0	5149
1456	146	93.2010916587	4	5153
1457	146	93.120177885	6	5159
1458	144	93.2031825277	3	5162
1459	142	93.2407079967	1	5163
1460	138	93.2982139065	2	5165
1461	137	93.3532381187	4	5169
1462	138	93.3878579274	2	5171
1463	134	93.3316400118	1	5172
1464	133	93.2690389451	4	5176
1465	132	93.329602438	0	5176
1466	132	93.2742027572	1	5177
1467	131	93.1799709134	3	5180
1468	127	93.0820281981	0	5180
1469	123	93.1613866857	5	5185
1470	121	93.1637323846	3	5188
1471	126	93.1096895473	2	5190
1472	122	93.1838352045	2	5192
1473	118	93.1269512903	7	5199
1474	122	93.1331024643	5	5204
1475	120	93.0737862409	0	5204
1476	119	92.9880504682	1	5205
1477	115	93.0735727036	4	5209
1478	120	93.1542065047	6	5215
1479	121	93.066253226	4	5219
1480	123	93.0453599377	3	5222
1481	125	93.1248938139	4	5226
1482	130	93.1075267258	1	5227
1483	128	93.0404882472	5	5232
1484	130	93.1209687424	5	5237
1485	133	93.0321219468	0	5237
1486	132	92.959692304	6	5243
1487	137	93.0180425589	7	5250
1488	132	93.0937569488	2	5252
1489	128	93.0689179693	2	5254
1490	126	92.9693417032	5	5259
1491	123	92.8785626629	3	5262
1492	128	92.8581673627	1	5263
1493	125	92.9450209404	4	5267
1494	124	92.9496251716	6	5273
1495	128	93.0480684431	4	5277
1496	132	93.0123474036	0	5277
1497	129	92.9711648978	1	5278
1498	134	92.8846305601	1	5279
1499	135	92.9619471318	4	5283
1500	132	92.8740224827	3	5286
1501	130	92.8958316324	0	5286
1502	125	92.8765093177	7	5293
1503	126	92.8442196144	2	5295
1504	125	92.9129260027	2	5297
1505	122	92.8286255884	4	5301
1506	127	92.7415097021	7	5308
1507	132	92.6826249705	4	5312
1508	127	92.7502318588	2	5314
1509	125	92.7019719114	1	5315
1510	126	92.7223620182	6	5321
1511	124	92.6711097248	7	5328
1512	121	92.6739890485	2	5330
1513	124	92.6823823002	5	5335
1514	124	92.586934407	3	5338
1515	125	92.487548692	3	5341
1516	121	92.5400086353	1	5342
1517	119	92.5841523665	5	5347
1518	117	92.6712321091	7	5354
1519	120	92.746302414	2	5356
1520	115	92.8387244986	6	5362
1521	119	92.754851195	3	5365
1522	124	92.8341897447	1	5366
1523	121	92.8736002002	4	5370
1524	125	92.9607513311	6	5376
1525	121	92.9948494047	2	5378
1526	116	93.0611798689	6	5384
1527	116	93.0663426422	5	5389
1528	112	93.0792148873	7	5396
1529	113	92.9810785579	4	5400
1530	116	92.9870173142	6	5406
1531	114	93.0720920551	4	5410
1532	111	93.0298650596	2	5412
1533	113	92.965323555	5	5417
1534	114	92.9811282856	5	5422
1535	109	93.074173889	4	5426
1536	111	93.0838016443	2	5428
1537	108	93.1391830614	4	5432
1538	104	93.1594847343	6	5438
1539	109	93.155869558	1	5439
1540	104	93.2441576973	6	5445
1541	106	93.1913882342	5	5450
1542	104	93.275933749	5	5455
1543	103	93.3376951091	6	5461
1544	100	93.4291803726	0	5461
1545	99	93.3877697337	7	5468
1546	103	93.4846362084	4	5472
1547	99	93.4486813062	4	5476
1548	98	93.3642386042	3	5479
1549	103	93.3473429692	5	5484
1550	98	93.2712089608	3	5487
1551	101	93.2002005851	0	5487
1552	102	93.1697231035	5	5492
1553	99	93.0992381165	4	5496
1554	95	93.0241469745	5	5501
1555	95	92.9673193876	6	5507
1556	99	93.0213233205	4	5511
1557	95	92.9546733419	0	5511
1558	94	93.0051294055	3	5514
1559	97	92.980020528	3	5517
1560	96	92.9641590268	1	5518
1561	101	93.0552260372	0	5518
1562	102	93.1055186438	6	5524
1563	106	93.0825944856	1	5525
1564	107	93.1695060122	4	5529
1565	108	93.1765461412	0	5529
1566	105	93.2437746337	3	5532
1567	101	93.1614410169	0	5532
1568	102	93.2500552851	5	5537
1569	97	93.2633250215	7	5544
1570	96	93.21958558	2	5546
1571	97	93.2512839214	5	5551
1572	101	93.2652381164	7	5558
1573	98	93.321135416	1	5559
1574	93	93.3014805393	6	5565
1575	89	93.3640602994	4	5569
1576	89	93.2842223191	3	5572
1577	93	93.2079235634	2	5574
1578	95	93.1725062412	1	5575
1579	93	93.2461107479	1	5576
1580	91	93.1994455955	2	5578
1581	93	93.2209118566	7	5585
1582	91	93.123320124	3	5588
1583	94	93.1120238382	3	5591
1584	94	93.0583495136	3	5594
1585	89	93.0584025505	7	5601
1586	93	93.1132163445	4	5605
1587	97	93.0973059523	3	5608
1588	99	93.0241244126	5	5613
1589	104	93.115406232	2	5615
1590	102	93.0426270505	4	5619
1591	98	93.0273702231	4	5623
1592	102	93.0451764502	7	5630
1593	99	93.0356114956	1	5631
1594	103	93.1051587565	4	5635
1595	105	93.012229648	1	5636
1596	101	92.9937009987	0	5636
1597	105	92.9649210357	7	5643
1598	110	92.9390792794	2	5645
1599	112	92.8723485828	0	5645
1600	112	92.9721692575	3	5648
1601	111	92.9681786301	6	5654
1602	116	92.9605549251	3	5657
1603	116	93.0492753171	0	5657
1604	121	93.0431280778	4	5661
1605	124	93.0399942885	3	5664
1606	121	93.0811480177	3	5667
1607	117	93.0919679434	1	5668
1608	116	93.1026739353	3	5671
1609	119	93.1108620432	4	5675
1610	116	93.2016672334	7	5682
1611	111	93.1121008657	5	5687
1612	111	93.1558745716	6	5693
1613	108	93.1561471733	4	5697
1614	107	93.2008152217	6	5703
1615	110	93.2864001652	0	5703
1616	105	93.3699932387	2	5705
1617	110	93.4651841448	4	5709
1618	107	93.4527601958	3	5712
1619	111	93.3720092925	5	5717
1620	115	93.4661002046	3	5720
1621	120	93.4264322991	0	5720
1622	120	93.4860216061	3	5723
1623	117	93.5852149001	6	5729
1624	112	93.491891738	0	5729
1625	116	93.4043324751	7	5736
1626	119	93.3054867416	7	5743
1627	124	93.3010869524	3	5746
1628	125	93.2081459723	6	5752
1629	121	93.1773726177	3	5755
1630	117	93.1130647046	2	5757
1631	112	93.2067028809	1	5758
1632	107	93.2232654578	4	5762
1633	104	93.139415694	4	5766
1634	106	93.2292597271	0	5766
1635	111	93.1548564605	4	5770
1636	115	93.1201937986	4	5774
1637	120	93.1021662225	5	5779
1638	123	93.1955006521	2	5781
1639	121	93.2594883595	0	5781
1640	118	93.203703846	7	5788
1641	114	93.1067526844	6	5794
1642	109	93.2028408107	6	5800
1643	109	93.205398244	6	5806
1644	113	93.1879827937	2	5808
1645	115	93.2785972845	5	5813
1646	114	93.2295931835	2	5815
1647	118	93.294675974	1	5816
1648	113	93.2174508811	0	5816
1649	117	93.1892587165	6	5822
1650	118	93.1282758147	1	5823
1651	116	93.1118074856	3	5826
1652	120	93.1002206562	3	5829
1653	115	93.0448474805	1	5830
1654	112	92.959080679	7	5837
1655	116	93.000713406	4	5841
1656	112	93.084583447	7	5848
1657	110	93.1416726904	3	5851
1658	115	93.2161580861	4	5855
1659	117	93.2061143557	1	5856
1660	119	93.2767037725	6	5862
1661	124	93.3264735064	4	5866
1662	128	93.3407502196	6	5872
1663	127	93.3229569224	6	5878
1664	128	93.3815551875	4	5882
1665	128	93.3034906478	6	5888
1666	127	93.2098337162	7	5895
1667	126	93.247199042	1	5896
1668	126	93.1548311886	6	5902
1669	126	93.1935720799	4	5906
1670	121	93.2294185534	3	5909
1671	123	93.1685663943	2	5911
1672	125	93.115673316	4	5915
1673	124	93.2092657532	4	5919
1674	124	93.1314120023	0	5919
1675	129	93.1938823795	0	5919
1676	134	93.1124350389	4	5923
1677	133	93.063616681	4	5927
1678	134	93.1318654835	1	5928
1679	134	93.0813746127	3	5931
1680	137	92.99695503	1	5932
1681	133	92.9260901685	5	5937
1682	131	92.8994839536	1	5938
1683	130	92.83041928	0	5938
1684	130	92.7666723906	5	5943
1685	133	92.7954883265	0	5943
1686	133	92.7634524826	2	5945
1687	134	92.7401357188	3	5948
1688	132	92.7214993516	0	5948
1689	132	92.6566868728	1	5949
1690	134	92.5940155532	5	5954
1691	134	92.5651942781	5	5959
1692	135	92.5377188647	7	5966
1693	140	92.4650096466	6	5972
1694	145	92.5469906212	5	5977
1695	142	92.5821663578	2	5979
1696	140	92.6019622121	5	5984
1697	136	92.6693429667	4	5988
1698	134	92.7481942662	6	5994
1699	131	92.6684000467	5	5999
1700	129	92.6308645091	2	6001
1701	131	92.6041306461	6	6007
1702	135	92.6758684844	4	6011
1703	138	92.6194559785	3	6014
1704	134	92.5610866797	0	6014
1705	137	92.5010176457	6	6020
1706	135	92.5018851189	1	6021
1707	134	92.5963330166	1	6022
1708	133	92.5518274819	4	6026
1709	135	92.6511954219	3	6029
1710	137	92.7481637141	4	6033
1711	142	92.7549174103	7	6040
1712	145	92.7872516845	5	6045
1713	141	92.7180933824	0	6045
1714	144	92.7178389422	5	6050
1715	140	92.6934428158	0	6050
1716	143	92.7189845357	2	6052
1717	140	92.7929172802	0	6052
1718	141	92.7735166605	2	6054
1719	146	92.8032376023	6	6060
1720	145	92.7761980272	4	6064
1721	144	92.767022436	1	6065
1722	141	92.8290659782	4	6069
1723	145	92.7596774082	7	6076
1724	148	92.7690010315	7	6083
1725	148	92.7661343019	5	6088
1726	146	92.8599518235	5	6093
1727	148	92.7761148908	3	6096
1728	148	92.6941167522	5	6101
1729	146	92.605901023	2	6103
1730	151	92.5838245678	4	6107
1731	146	92.52811859	1	6108
1732	144	92.6126229146	3	6111
1733	145	92.5454560654	3	6114
1734	145	92.5419687121	4	6118
1735	141	92.5808763006	3	6121
1736	142	92.6417127586	7	6128
1737	140	92.6472345662	3	6131
1738	137	92.6028783281	2	6133
1739	138	92.6137757135	1	6134
1740	140	92.7028968624	2	6136
1741	137	92.6665502143	4	6140
1742	141	92.7132800026	5	6145
1743	145	92.6560343752	2	6147
1744	146	92.5844566468	7	6154
1745	149	92.5055327513	6	6160
1746	152	92.4659404005	5	6165
1747	148	92.4638431341	3	6168
1748	152	92.3658852118	4	6172
1749	150	92.2807654908	7	6179
1750	154	92.2870008628	5	6184
1751	154	92.3482979373	1	6185
1752	154	92.2563783878	1	6186
1753	152	92.308936001	0	6186
1754	155	92.3739033469	3	6189
1755	159	92.4561230388	4	6193
1756	154	92.4794407675	1	6194
1757	159	92.5386716124	6	6200
1758	159	92.6296168664	0	6200
1759	159	92.6117057841	6	6206
1760	160	92.6039339674	6	6212
1761	155	92.5061561748	7	6219
1762	157	92.4680460373	5	6224
1763	155	92.5661192257	3	6227
1764	156	92.5453717187	0	6227
1765	157	92.5636330798	4	6231
1766	158	92.4956545702	5	6236
1767	153	92.5748289504	2	6238
1768	153	92.6607153493	2	6240
1769	156	92.6888086696	3	6243
1770	160	92.7636243116	0	6243
1771	163	92.8170829447	0	6243
1772	167	92.8821553165	0	6243
1773	170	92.7822835915	6	6249
1774	173	92.7341781751	1	6250
1775	169	92.6573270456	7	6257
1776	171	92.7400485752	6	6263
1777	175	92.7420111639	6	6269
1778	179	92.793467618	7	6276
1779	176	92.7226128196	3	6279
1780	178	92.7680006914	1	6280
1781	175	92.8402169363	4	6284
1782	173	92.8580823978	0	6284
1783	174	92.886036109	5	6289
1784	174	92.8021888381	7	6296
1785	173	92.7136026735	0	6296
1786	175	92.7970459581	1	6297
1787	170	92.7937632415	1	6298
1788	165	92.7872599884	6	6304
1789	170	92.8700602019	3	6307
1790	171	92.8053562625	0	6307
1791	169	92.8172188546	7	6314
1792	174	92.7279111592	4	6318
1793	175	92.742032347	6	6324
1794	177	92.8334853573	5	6329
1795	177	92.7622007989	5	6334
1796	180	92.790654632	4	6338
1797	183	92.7746726979	5	6343
1798	180	92.818994847	2	6345
1799	184	92.9153658252	4	6349
1800	183	92.8259386745	7	6356
1801	186	92.913311104	1	6357
1802	187	92.9308210375	7	6364
1803	190	92.8709865965	6	6370
1804	193	92.7935511686	5	6375
1805	192	92.7066976477	3	6378
1806	194	92.6081748775	5	6383
1807	189	92.5924118727	1	6384
1808	193	92.668257815	5	6389
1809	197	92.6938619333	0	6389
1810	200	92.6468894543	3	6392
1811	200	92.7151292376	4	6396
1812	200	92.781317764	2	6398
1813	200	92.8269066299	1	6399
1814	200	92.8648664875	7	6406
1815	200	92.8707814468	4	6410
1816	200	92.8219800923	6	6416
1817	199	92.7278733022	3	6419
1818	195	92.6427682875	7	6426
1819	196	92.5924989448	0	6426
1820	198	92.5512949591	0	6426
1821	200	92.4720417896	5	6431
1822	199	92.5546945935	7	6438
1823	200	92.6472749719	3	6441
1824	200	92.580293647	6	6447
1825	200	92.5271082834	0	6447
1826	200	92.4872520234	4	6451
1827	200	92.4871626061	4	6455
1828	200	92.5420924244	7	6462
1829	200	92.4738377443	1	6463
1830	200	92.4491462505	3	6466
1831	200	92.5070287323	2	6468
1832	199	92.5604979692	2	6470
1833	200	92.6215385422	1	6471
1834	195	92.6100624901	4	6475
1835	200	92.5481398647	2	6477
1836	200	92.475016603	6	6483
1837	195	92.4690576523	7	6490
1838	191	92.4600924375	0	6490
1839	188	92.3885109403	0	6490
1840	187	92.4456203333	2	6492
1841	184	92.4545777833	1	6493
1842	189	92.4901041827	3	6496
1843	187	92.5383212042	0	6496
1844	190	92.5173060453	4	6500
1845	195	92.4630798132	2	6502
1846	194	92.4972469664	7	6509
1847	191	92.4756269156	6	6515
1848	189	92.3872678258	5	6520
1849	188	92.3895619332	2	6522
1850	193	92.3977044793	0	6522
1851	194	92.3800771648	5	6527
1852	189	92.3463973544	3	6530
1853	185	92.313311539	2	6532
1854	185	92.3782663719	4	6536
1855	186	92.359172288	1	6537
1856	189	92.3533174382	5	6542
1857	189	92.3117944806	1	6543
1858	188	92.3298105725	1	6544
1859	186	92.2691931142	7	6551
1860	183	92.1953922659	2	6553
1861	184	92.0966295176	7	6560
1862	188	92.0655078429	7	6567
1863	185	92.1448300871	5	6572
1864	186	92.0880003735	7	6579
1865	182	91.9962457368	3	6582
1866	186	92.080247365	5	6587
1867	187	92.0936625554	2	6589
1868	188	92.1259389007	3	6592
1869	188	92.196097375	2	6594
1870	186	92.2053917892	6	6600
1871	189	92.1097475737	4	6604
1872	186	92.1585862192	2	6606
1873	191	92.110016011	1	6607
1874	190	92.117936657	4	6611
1875	190	92.0475743898	5	6616
1876	190	91.9661007112	2	6618
1877	189	91.987575694	0	6618
1878	185	92.021429019	0	6618
1879	185	92.0766274072	4	6622
1880	187	92.1566297556	7	6629
1881	185	92.1845840096	7	6636
1882	180	92.1616767934	7	6643
1883	179	92.1576962335	0	6643
1884	182	92.2505706916	5	6648
1885	181	92.3332214471	2	6650
1886	176	92.2749247916	5	6655
1887	180	92.2761303616	1	6656
1888	175	92.2003211707	7	6663
1889	179	92.1341315452	1	6664
1890	178	92.1490589564	4	6668
1891	180	92.1941015403	3	6671
1892	178	92.2824056478	6	6677
1893	182	92.3304262183	0	6677
1894	186	92.3097102813	3	6680
1895	190	92.2823023664	0	6680
1896	190	92.3218593804	5	6685
1897	192	92.2295473233	7	6692
1898	194	92.1805716974	7	6699
1899	192	92.1291766024	7	6706
1900	189	92.1507380743	2	6708
1901	193	92.1789600695	2	6710
1902	192	92.2577206332	4	6714
1903	194	92.3372029073	0	6714
1904	199	92.407087972	7	6721
1905	200	92.5020215933	1	6722
1906	200	92.5611055051	6	6728
1907	197	92.5746385097	2	6730
1908	194	92.5089595918	7	6737
1909	195	92.565516436	1	6738
1910	194	92.5369390477	2	6740
1911	190	92.5996857713	3	6743
1912	194	92.6233099102	1	6744
1913	198	92.5324316581	4	6748
1914	198	92.5215630971	5	6753
1915	196	92.4551154241	1	6754
1916	198	92.4999454462	6	6760
1917	200	92.5693354708	4	6764
1918	198	92.5219296143	3	6767
1919	199	92.5105601951	1	6768
1920	197	92.4949222369	2	6770
1921	200	92.5617034363	5	6775
1922	200	92.496410762	1	6776
1923	200	92.5369341045	4	6780
1924	200	92.5656319902	4	6784
1925	197	92.5604900729	6	6790
1926	200	92.567619711	7	6797
1927	198	92.5282563327	0	6797
1928	200	92.4725698681	4	6801
1929	199	92.4102948168	7	6808
1930	200	92.3445334175	6	6814
1931	200	92.3504361745	6	6820
1932	200	92.2777511564	7	6827
1933	200	92.209793449	6	6833
1934	200	92.156977838	2	6835
1935	199	92.1572591082	7	6842
1936	197	92.1847949955	3	6845
1937	194	92.2088029321	5	6850
1938	198	92.2391261472	3	6853
1939	193	92.2389149686	6	6859
1940	197	92.1859482653	5	6864
1941	192	92.1022089495	6	6870
1942	195	92.0281851034	1	6871
1943	190	91.9694666674	3	6874
1944	189	92.0309002809	6	6880
1945	190	92.0188785371	7	6887
1946	194	91.9329344165	2	6889
1947	194	91.9936915761	1	6890
1948	193	91.9379031263	0	6890
1949	196	91.9474968278	5	6895
1950	200	92.0428366853	7	6902
1951	200	91.9829453369	0	6902
1952	200	91.9271200335	7	6909
1953	196	91.8734879287	6	6915
1954	197	91.8811043414	6	6921
1955	194	91.8457287511	4	6925
1956	192	91.8497427243	6	6931
1957	187	91.9028413045	3	6934
1958	191	91.9147832049	3	6937
1959	191	91.8748860276	4	6941
1960	193	91.8932620756	5	6946
1961	190	91.8132216138	4	6950
1962	193	91.827053106	5	6955
1963	191	91.748912819	2	6957
1964	194	91.8067935049	1	6958
1965	193	91.7467265897	2	6960
1966	198	91.7153999232	7	6967
1967	200	91.6487830298	3	6970
1968	200	91.6438195763	0	6970
1969	200	91.6531613029	3	6973
1970	200	91.6911869293	2	6975
1971	196	91.6926050831	5	6980
1972	197	91.7153083895	7	6987
1973	192	91.6902827845	0	6987
1974	197	91.6139944195	4	6991
1975	195	91.6719894124	7	6998
1976	194	91.6061158451	2	7000
1977	189	91.6309561342	0	7000
1978	193	91.6184255789	2	7002
1979	191	91.5478258651	2	7004
1980	196	91.6471996712	1	7005
1981	192	91.573131238	1	7006
1982	188	91.6155934579	5	7011
1983	190	91.5438816854	3	7014
1984	195	91.615438477	6	7020
1985	190	91.5649045299	4	7024
1986	192	91.489133682	1	7025
1987	191	91.5493262028	2	7027
1988	191	91.5585476148	0	7027
1989	195	91.6441638837	3	7030
1990	192	91.6494962368	0	7030
1991	188	91.65316782	3	7033
1992	190	91.6952253597	3	7036
1993	194	91.7717335658	5	7041
1994	189	91.7678290865	5	7046
1995	190	91.8650941386	7	7053
1996	185	91.9437959577	5	7058
1997	187	92.007384068	4	7062
1998	184	91.9082753207	4	7066
1999	186	91.8299444842	0	7066
2000	185	91.7534937907	3	7069
2001	187	91.6919078358	6	7075
2002	185	91.6554606139	0	7075
2003	190	91.7287845436	4	7079
2004	194	91.8268002213	4	7083
2005	198	91.8565188763	2	7085
2006	200	91.8529287259	7	7092
2007	199	91.8540193459	1	7093
2008	198	91.7794568006	6	7099
2009	195	91.7668310448	5	7104
2010	196	91.8194226203	6	7110
2011	195	91.872006895	4	7114
2012	193	91.784087126	0	7114
2013	196	91.7827933279	0	7114
2014	198	91.6900565521	5	7119
2015	194	91.5916386091	5	7124
2016	199	91.6907051573	5	7129
2017	195	91.6042266117	5	7134
2018	198	91.6121115327	3	7137
2019	200	91.7079822858	4	7141
2020	196	91.6293949906	5	7146
2021	195	91.6647944633	7	7153
2022	195	91.759326551	7	7160
2023	197	91.8398572608	4	7164
2024	198	91.9207611603	3	7167
2025	199	91.9030541366	7	7174
2026	199	91.9445512312	5	7179
2027	200	91.9182076404	2	7181
2028	195	91.9200333274	4	7185
2029	193	91.9109123935	2	7187
2030	190	91.847033668	6	7193
2031	186	91.825789888	3	7196
2032	190	91.824431499	7	7203
2033	188	91.77630477	4	7207
2034	183	91.7317401738	0	7207
2035	187	91.67388985	1	7208
2036	190	91.6988214607	0	7208
2037	189	91.6197711371	6	7214
2038	188	91.6237289079	4	7218
2039	187	91.574989699	6	7224
2040	183	91.4892622201	2	7226
2041	183	91.5635788952	2	7228
2042	187	91.6495235856	4	7232
2043	182	91.6163018626	3	7235
2044	187	91.6768054898	6	7241
2045	182	91.6104151996	3	7244
2046	181	91.6109610747	4	7248
2047	182	91.6260581646	7	7255
2048	179	91.6071583184	0	7255
2049	175	91.6678687182	3	7258
2050	174	91.7588255791	1	7259
2051	171	91.8582399849	7	7266
2052	169	91.914745966	3	7269
2053	169	91.9142345875	2	7271
2054	165	92.00028854	6	7277
2055	161	91.9151381285	0	7277
2056	160	91.9651713501	6	7283
2057	164	91.8721050024	3	7286
2058	165	91.8652035987	5	7291
2059	166	91.9639374528	1	7292
2060	164	91.9627435592	1	7293
2061	168	91.899588775	4	7297
2062	171	91.9399940409	5	7302
2063	172	91.9906034113	0	7302
2064	175	92.0607331322	0	7302
2065	178	92.1010372702	1	7303
2066	177	92.1821972584	1	7304
2067	179	92.149886787	0	7304
2068	183	92.0757579725	0	7304
2069	185	92.1676930833	4	7308
2070	184	92.2269408133	6	7314
2071	189	92.2906355814	7	7321
2072	194	92.3567420376	2	7323
2073	190	92.4198303212	7	7330
2074	185	92.4810392526	4	7334
2075	183	92.4635389245	6	7340
2076	188	92.3856521829	6	7346
2077	185	92.4066634145	2	7348
2078	186	92.3438036455	7	7355
2079	182	92.2828339746	7	7362
2080	179	92.309742881	3	7365
2081	181	92.2840641465	0	7365
2082	180	92.3780046874	2	7367
2083	178	92.3318018505	3	7370
2084	173	92.2892651278	2	7372
2085	175	92.3238598736	1	7373
2086	180	92.4090615354	4	7377
2087	179	92.3480315719	2	7379
2088	183	92.3154584245	4	7383
2089	178	92.3778746325	2	7385
2090	176	92.3323740883	0	7385
2091	181	92.3201137497	0	7385
2092	183	92.3666082957	6	7391
2093	187	92.3784578016	5	7396
2094	184	92.2853454982	4	7400
2095	182	92.2077893802	0	7400
2096	177	92.2401180606	4	7404
2097	172	92.2372925975	2	7406
2098	170	92.320685756	5	7411
2099	169	92.2523833038	4	7415
2100	166	92.1771629838	7	7422
2101	163	92.1881988532	1	7423
2102	158	92.1101146255	3	7426
2103	163	92.054331733	2	7428
2104	164	92.1313999729	7	7435
2105	159	92.2228426823	5	7440
2106	162	92.1778713786	7	7447
2107	158	92.2668178974	7	7454
2108	156	92.2972701141	3	7457
2109	156	92.232350396	2	7459
2110	159	92.1985739427	5	7464
2111	164	92.2694339708	2	7466
2112	166	92.2045389235	5	7471
2113	161	92.1488270433	6	7477
2114	160	92.106532846	3	7480
2115	159	92.1992836682	3	7483
2116	161	92.2511473723	4	7487
2117	166	92.3271945083	3	7490
2118	168	92.2662536813	6	7496
2119	172	92.2656020275	3	7499
2120	170	92.2165249166	6	7505
2121	166	92.2096243125	0	7505
2122	170	92.1754842295	2	7507
2123	167	92.2704044902	2	7509
2124	163	92.3666692688	5	7514
2125	161	92.3666398979	2	7516
2126	159	92.4231982345	3	7519
2127	161	92.4529643737	3	7522
2128	166	92.4395489298	7	7529
2129	170	92.5079183485	3	7532
2130	173	92.5017208818	0	7532
2131	175	92.5557077505	4	7536
2132	174	92.4962422647	4	7540
2133	172	92.4579226594	3	7543
2134	170	92.4040872498	5	7548
2135	172	92.4979011273	0	7548
2136	171	92.4312220178	7	7555
2137	171	92.4279320157	2	7557
2138	171	92.5101112512	6	7563
2139	168	92.4299995773	5	7568
2140	172	92.3637874675	3	7571
2141	171	92.4589422246	6	7577
2142	167	92.5407052572	1	7578
2143	164	92.5873270173	0	7578
2144	163	92.5753240719	2	7580
2145	165	92.6204876651	1	7581
2146	161	92.6632404159	0	7581
2147	161	92.7045491203	6	7587
2148	156	92.8015536566	0	7587
2149	158	92.7940428058	0	7587
2150	160	92.8639900232	3	7590
2151	156	92.8576167084	7	7597
2152	152	92.8130401058	4	7601
2153	147	92.8718160456	4	7605
2154	146	92.8319080737	0	7605
2155	143	92.8856981624	5	7610
2156	141	92.8494170867	3	7613
2157	143	92.7563085527	2	7615
2158	142	92.8419504308	5	7620
2159	144	92.8706494602	3	7623
2160	149	92.899611192	3	7626
2161	150	92.818400422	1	7627
2162	155	92.7931320552	7	7634
2163	154	92.85641839	1	7635
2164	159	92.799260069	7	7642
2165	159	92.7407006843	1	7643
2166	157	92.7664016419	0	7643
2167	158	92.7095555511	2	7645
2168	163	92.7711891754	3	7648
2169	161	92.7952810472	4	7652
2170	165	92.7310828965	0	7652
2171	162	92.7910575942	7	7659
2172	167	92.7729725952	2	7661
2173	169	92.8056105942	3	7664
2174	166	92.7847890869	5	7669
2175	162	92.7311229187	1	7670
2176	163	92.6911009506	6	7676
2177	158	92.632792116	4	7680
2178	160	92.6993870911	7	7687
2179	158	92.7486878562	7	7694
2180	159	92.6608399331	5	7699
2181	157	92.7468811879	1	7700
2182	154	92.8319744401	7	7707
2183	157	92.7386915073	1	7708
2184	154	92.6868218094	5	7713
2185	157	92.7760864348	2	7715
2186	152	92.7162454392	2	7717
2187	156	92.6569018228	7	7724
2188	160	92.7529334849	5	7729
2189	165	92.7123048636	3	7732
2190	166	92.6129622983	1	7733
2191	170	92.6718378503	0	7733
2192	171	92.5969824192	1	7734
2193	170	92.5667775394	3	7737
2194	170	92.6555091815	5	7742
2195	171	92.635851495	4	7746
2196	171	92.5776996213	1	7747
2197	171	92.5813637875	3	7750
2198	169	92.6367355252	4	7754
2199	173	92.54973854	5	7759
2200	171	92.5320320887	3	7762
2201	175	92.5948721782	4	7766
2202	172	92.6903616956	1	7767
2203	176	92.7426350411	0	7767
2204	176	92.8218690083	1	7768
2205	174	92.7301939018	5	7773
2206	176	92.7637830933	6	7779
2207	176	92.8375489751	0	7779
2208	174	92.8655983603	5	7784
2209	175	92.9498573923	7	7791
2210	178	92.8951952807	0	7791
2211	174	92.8038965866	6	7797
2212	174	92.8361568533	7	7804
2213	176	92.8754710762	5	7809
2214	177	92.8675571066	3	7812
2215	182	92.8857420435	4	7816
2216	178	92.787825454	0	7816
2217	174	92.7845601761	7	7823
2218	176	92.7040802321	1	7824
2219	173	92.6074592252	2	7826
2220	174	92.7003771337	5	7831
2221	169	92.7934064761	7	7838
2222	171	92.6949770175	4	7842
2223	170	92.7047177804	0	7842
2224	167	92.700826063	6	7848
2225	169	92.7218004722	4	7852
2226	164	92.7144384042	6	7858
2227	163	92.7614061341	6	7864
2228	164	92.8189233438	7	7871
2229	169	92.7560914371	3	7874
2230	173	92.6791085896	7	7881
2231	173	92.633491068	1	7882
2232	170	92.6901574695	6	7888
2233	172	92.6109839467	2	7890
2234	174	92.640096612	3	7893
2235	178	92.7088071	7	7900
2236	173	92.6827022344	4	7904
2237	177	92.6060131132	4	7908
2238	172	92.5646515872	3	7911
2239	168	92.6464313948	6	7917
2240	165	92.728556785	1	7918
2241	163	92.7609846579	7	7925
2242	168	92.7178680762	2	7927
2243	170	92.703644034	3	7930
2244	175	92.7821631112	0	7930
2245	171	92.7486716007	4	7934
2246	170	92.8468887639	2	7936
2247	175	92.9212089574	4	7940
2248	179	92.9173707784	6	7946
2249	182	92.8781882534	0	7946
2250	177	92.9781112805	1	7947
2251	173	93.0457992583	5	7952
2252	170	93.0355523288	0	7952
2253	172	93.0570726996	7	7959
2254	169	92.9749765059	7	7966
2255	166	92.9736526029	5	7971
2256	164	92.8764888835	6	7977
2257	166	92.9327116236	0	7977
2258	166	92.8600083571	6	7983
2259	162	92.8104697057	1	7984
2260	166	92.7137767919	1	7985
2261	167	92.7181401366	6	7991
2262	164	92.7168848462	5	7996
2263	163	92.7835459885	1	7997
2264	158	92.7699156429	7	8004
2265	161	92.7442712032	2	8006
2266	161	92.7897643973	4	8010
2267	165	92.7172603726	3	8013
2268	165	92.8003959302	0	8013
2269	168	92.7164537444	7	8020
2270	170	92.6885473871	2	8022
2271	165	92.7380458369	6	8028
2272	160	92.8035763788	4	8032
2273	164	92.7509417054	1	8033
2274	168	92.7279146686	1	8034
2275	166	92.6914497429	2	8036
2276	163	92.7062389591	0	8036
2277	161	92.6392089449	5	8041
2278	156	92.5675473211	2	8043
2279	152	92.6188974312	3	8046
2280	149	92.6673083685	7	8053
2281	148	92.6659262768	4	8057
2282	151	92.5885987676	5	8062
2283	148	92.6474300378	2	8064
2284	145	92.5978125809	4	8068
2285	143	92.5699681178	7	8075
2286	144	92.6685865316	0	8075
2287	147	92.5868466803	3	8078
2288	148	92.6649318568	2	8080
2289	151	92.598099534	6	8086
2290	146	92.6652545085	0	8086
2291	147	92.6412779694	7	8093
2292	143	92.5787874128	4	8097
2293	142	92.6181539133	6	8103
2294	138	92.7066862559	7	8110
2295	142	92.6674982218	0	8110
2296	142	92.6912207107	6	8116
2297	139	92.7875845849	3	8119
2298	136	92.8560317087	2	8121
2299	134	92.8670478983	6	8127
2300	136	92.8749650366	6	8133
2301	133	92.906335048	2	8135
2302	131	92.8465285218	7	8142
2303	134	92.8712317258	6	8148
2304	131	92.9026256937	6	8154
2305	128	92.9064347501	7	8161
2306	124	92.8636362345	1	8162
2307	121	92.8891310802	5	8167
2308	123	92.9474407019	4	8171
2309	119	92.9257719625	5	8176
2310	121	92.861738198	5	8181
2311	116	92.7634085778	6	8187
2312	113	92.8197464221	3	8190
2313	113	92.8528819948	4	8194
2314	114	92.900327735	3	8197
2315	117	92.9873856788	0	8197
2316	118	93.0439378647	2	8199
2317	121	93.0878991531	6	8205
2318	118	93.1385142819	6	8211
2319	114	93.2208358501	3	8214
2320	109	93.2531880327	3	8217
2321	105	93.167712186	1	8218
2322	104	93.2189678648	0	8218
2323	99	93.2175776075	2	8220
2324	96	93.2377201795	0	8220
2325	97	93.2362727729	5	8225
2326	101	93.2525199264	5	8230
2327	97	93.2431276809	4	8234
2328	93	93.1804007103	6	8240
2329	98	93.2428852014	0	8240
2330	94	93.2589229394	4	8244
2331	95	93.2938006607	0	8244
2332	100	93.239535489	1	8245
2333	98	93.1809114709	0	8245
2334	101	93.26728199	7	8252
2335	97	93.220064605	3	8255
2336	102	93.2708369954	0	8255
2337	104	93.3203747618	4	8259
2338	108	93.3989254179	4	8263
2339	105	93.3026233291	3	8266
2340	106	93.2324209542	1	8267
2341	108	93.1592852231	2	8269
2342	110	93.1190081827	4	8273
2343	110	93.204142737	2	8275
2344	114	93.1054654597	2	8277
2345	118	93.0258909583	6	8283
2346	114	92.9819692587	0	8283
2347	116	92.9587692581	3	8286
2348	120	92.8903153225	5	8291
2349	120	92.916731633	0	8291
2350	115	92.9581871583	4	8295
2351	112	92.8672968626	7	8302
2352	115	92.7977770871	0	8302
2353	116	92.7512772982	5	8307
2354	114	92.6604601105	4	8311
2355	115	92.7507810082	4	8315
2356	117	92.7018048308	1	8316
2357	118	92.6486851019	1	8317
2358	115	92.5742055037	5	8322
2359	116	92.6143086639	0	8322
2360	117	92.7047011377	0	8322
2361	113	92.7769568376	6	8328
2362	113	92.7655379844	0	8328
2363	108	92.7794805577	2	8330
2364	104	92.807501832	4	8334
2365	107	92.8415585831	6	8340
2366	105	92.7943146329	5	8345
2367	105	92.7098537001	0	8345
2368	109	92.6237035098	3	8348
2369	106	92.6494025071	2	8350
2370	105	92.6412169352	5	8355
2371	100	92.6528450381	7	8362
2372	103	92.6345870094	7	8369
2373	108	92.7188722963	3	8372
2374	112	92.6663056895	7	8379
2375	109	92.6500028614	2	8381
2376	110	92.7262644783	1	8382
2377	105	92.8190110876	4	8386
2378	100	92.8876445149	1	8387
2379	97	92.7898962356	3	8390
2380	102	92.8803676812	4	8394
2381	99	92.8940793106	3	8397
2382	99	92.8240204875	5	8402
2383	101	92.8436031691	2	8404
2384	103	92.8895764292	7	8411
2385	100	92.9310496174	5	8416
2386	98	92.8423901297	5	8421
2387	95	92.8092899382	3	8424
2388	97	92.9060744281	2	8426
2389	99	92.9446595679	3	8429
2390	94	92.9213653966	3	8432
2391	96	92.8529814251	3	8435
2392	99	92.8173523834	2	8437
2393	103	92.9148368394	2	8439
2394	101	92.9216882649	6	8445
2395	102	92.9310195138	5	8450
2396	105	92.9287975414	4	8454
2397	100	92.9650606979	4	8458
2398	101	92.8865564039	4	8462
2399	100	92.9255220559	7	8469
2400	100	92.9513617256	5	8474
2401	101	92.9403131354	3	8477
2402	103	92.8948791678	5	8482
2403	99	92.8822216899	3	8485
2404	96	92.8979177093	2	8487
2405	93	92.9253484339	5	8492
2406	98	92.9589154677	5	8497
2407	103	93.0328575673	4	8501
2408	98	93.1060890856	5	8506
2409	98	93.0648468083	6	8512
2410	101	93.101099912	5	8517
2411	99	93.1318824849	7	8524
2412	96	93.160518382	0	8524
2413	91	93.2174416845	4	8528
2414	92	93.3074419097	6	8534
2415	90	93.3610407555	0	8534
2416	86	93.3814811713	1	8535
2417	81	93.3655588492	0	8535
2418	79	93.3718831195	2	8537
2419	74	93.3887226195	6	8543
2420	75	93.387630965	2	8545
2421	77	93.3330369198	7	8552
2422	82	93.2496992527	1	8553
2423	85	93.1796693495	5	8558
2424	85	93.0984678057	1	8559
2425	82	93.1085520223	4	8563
2426	80	93.0252013119	2	8565
2427	76	93.1010351129	0	8565
2428	78	93.1725733535	1	8566
2429	74	93.1166200168	1	8567
2430	78	93.1661385493	4	8571
2431	79	93.1730791351	2	8573
2432	75	93.15154562	7	8580
2433	71	93.2231439314	5	8585
2434	75	93.1488149383	2	8587
2435	71	93.2340549231	7	8594
2436	72	93.320219651	6	8600
2437	71	93.2910357423	5	8605
2438	73	93.2224566236	1	8606
2439	74	93.2036962206	2	8608
2440	79	93.2084873989	4	8612
2441	81	93.2503327183	0	8612
2442	86	93.2569859463	2	8614
2443	81	93.2770285101	4	8618
2444	80	93.3102994481	5	8623
2445	79	93.4051957239	1	8624
2446	77	93.3645304585	4	8628
2447	77	93.3088977246	3	8631
2448	81	93.3700896706	0	8631
2449	76	93.2718470745	0	8631
2450	71	93.2028354952	4	8635
2451	74	93.261605122	5	8640
2452	72	93.2769523696	5	8645
2453	69	93.192924242	6	8651
2454	68	93.1700143288	3	8654
2455	71	93.2571232202	2	8656
2456	74	93.1963310582	1	8657
2457	73	93.1972535261	6	8663
2458	74	93.2164311566	0	8663
2459	69	93.2127838564	3	8666
2460	64	93.2553760357	2	8668
2461	66	93.2389292995	0	8668
2462	65	93.1931457135	7	8675
2463	64	93.2143252001	7	8682
2464	64	93.2358221703	0	8682
2465	64	93.2883552226	2	8684
2466	62	93.2973384325	1	8685
2467	58	93.3489262552	3	8688
2468	62	93.2794015208	1	8689
2469	63	93.2686035792	2	8691
2470	63	93.2210255549	2	8693
2471	68	93.1952309431	3	8696
2472	66	93.2411962438	7	8703
2473	65	93.2549640388	2	8705
2474	67	93.2857116665	4	8709
2475	69	93.2799184779	5	8714
2476	64	93.1898864521	5	8719
2477	65	93.0900890705	7	8726
2478	65	93.1774931615	2	8728
2479	68	93.2186697526	7	8735
2480	72	93.3056477255	7	8742
2481	72	93.3957468346	4	8746
2482	72	93.4553611397	1	8747
2483	69	93.4458386556	0	8747
2484	64	93.4962311456	2	8749
2485	69	93.4248860093	5	8754
2486	64	93.4408828967	1	8755
2487	63	93.3529252092	3	8758
2488	65	93.4077672011	4	8762
2489	68	93.4619672886	1	8763
2490	65	93.3732837044	0	8763
2491	60	93.2887289345	3	8766
2492	56	93.3849182101	5	8771
2493	60	93.2970597066	7	8778
2494	65	93.3164690776	4	8782
2495	65	93.2431923408	2	8784
2496	64	93.2999613145	4	8788
2497	68	93.3425014103	5	8793
2498	73	93.4130946093	0	8793
2499	74	93.3501976646	7	8800
2500	70	93.3270968605	0	8800
2501	75	93.4130455549	5	8805
2502	72	93.3738500026	5	8810
2503	71	93.3766567309	3	8813
2504	70	93.4677657027	7	8820
2505	67	93.3730607931	3	8823
2506	68	93.414797637	2	8825
2507	68	93.455444552	5	8830
2508	70	93.3969773371	7	8837
2509	69	93.3938998954	3	8840
2510	69	93.3496104944	6	8846
2511	65	93.4047850798	2	8848
2512	67	93.4255858224	5	8853
2513	66	93.3799245144	4	8857
2514	68	93.4074205416	0	8857
2515	67	93.4542684511	7	8864
2516	68	93.5349053212	6	8870
2517	63	93.5421140468	6	8876
2518	66	93.6230005695	7	8883
2519	71	93.5498971947	2	8885
2520	74	93.5041438512	6	8891
2521	69	93.569975199	0	8891
2522	68	93.6056735801	5	8896
2523	67	93.5729007965	1	8897
2524	67	93.6061982355	7	8904
2525	68	93.6385229771	6	8910
2526	63	93.7361737324	6	8916
2527	58	93.6479309977	4	8920
2528	61	93.6776155499	7	8927
2529	63	93.7210513682	3	8930
2530	60	93.8084183652	7	8937
2531	61	93.876067184	0	8937
2532	59	93.8031809918	0	8937
2533	56	93.7368338582	2	8939
2534	60	93.6433611919	5	8944
2535	60	93.6114359968	5	8949
2536	56	93.6767324519	3	8952
2537	52	93.6103448912	1	8953
2538	51	93.5885272598	6	8959
2539	50	93.5490762359	0	8959
2540	53	93.5437873842	7	8966
2541	53	93.6275236803	4	8970
2542	57	93.6912141286	0	8970
2543	59	93.7602374871	3	8973
2544	64	93.8554547656	1	8974
2545	61	93.903641218	7	8981
2546	63	93.9181526178	0	8981
2547	68	93.8798756318	4	8985
2548	63	93.8452281418	5	8990
2549	60	93.8006140221	1	8991
2550	55	93.7860073307	0	8991
2551	56	93.6879531129	6	8997
2552	57	93.7531484354	7	9004
2553	53	93.7137795419	3	9007
2554	54	93.698853487	7	9014
2555	50	93.6118042962	5	9019
2556	52	93.5363434042	2	9021
2557	54	93.5695770098	7	9028
2558	59	93.5003033885	4	9032
2559	60	93.4932077838	6	9038
2560	63	93.5856997809	1	9039
2561	64	93.5435793532	6	9045
2562	64	93.5503661954	5	9050
2563	62	93.4781066197	3	9053
2564	63	93.4807399792	5	9058
2565	60	93.4542870455	1	9059
2566	60	93.4700054388	7	9066
2567	57	93.520755398	5	9071
2568	57	93.4674106666	4	9075
2569	57	93.4671776806	3	9078
2570	61	93.405038978	2	9080
2571	59	93.482562319	3	9083
2572	58	93.5732307131	6	9089
2573	59	93.5736017497	1	9090
2574	63	93.5582928895	7	9097
2575	62	93.6271839619	7	9104
2576	66	93.5737665532	6	9110
2577	71	93.5832810868	2	9112
2578	75	93.5797133898	6	9118
2579	78	93.4951140794	6	9124
2580	77	93.4169853674	3	9127
2581	80	93.4815995418	3	9130
2582	84	93.5281735316	2	9132
2583	80	93.4631622569	7	9139
2584	78	93.4487224365	7	9146
2585	79	93.4443916411	5	9151
2586	76	93.4459187922	5	9156
2587	75	93.4280371851	3	9159
2588	76	93.4884961366	7	9166
2589	73	93.42476804	6	9172
2590	68	93.3465755186	5	9177
2591	72	93.3904956933	0	9177
2592	77	93.4259166103	2	9179
2593	80	93.3938121031	4	9183
2594	82	93.3583523402	6	9189
2595	79	93.4582590392	5	9194
2596	81	93.4921565859	3	9197
2597	77	93.5015331735	2	9199
2598	76	93.4843646167	5	9204
2599	79	93.4815952327	5	9209
2600	78	93.4821853214	2	9211
2601	80	93.4963545755	3	9214
2602	75	93.5041096378	2	9216
2603	80	93.4095741165	0	9216
2604	81	93.3290957856	3	9219
2605	80	93.4177222511	5	9224
2606	80	93.471320801	7	9231
2607	78	93.5150598439	3	9234
2608	81	93.533822027	4	9238
2609	80	93.5248611444	4	9242
2610	79	93.4676199546	5	9247
2611	77	93.499533507	6	9253
2612	80	93.4911500127	4	9257
2613	75	93.5045489879	4	9261
2614	70	93.5154853913	6	9267
2615	75	93.5340868069	4	9271
2616	77	93.5406729366	0	9271
2617	76	93.5243569203	0	9271
2618	80	93.5801008942	0	9271
2619	82	93.5806790963	3	9274
2620	83	93.5699968677	0	9274
2621	86	93.4722439629	2	9276
2622	83	93.5458028018	7	9283
2623	78	93.4505102541	0	9283
2624	83	93.3919756915	1	9284
2625	85	93.4092060379	0	9284
2626	87	93.3372904838	7	9291
2627	85	93.3968456479	7	9298
2628	83	93.4794361967	1	9299
2629	78	93.4692112402	3	9302
2630	79	93.5420317129	2	9304
2631	77	93.494692209	0	9304
2632	78	93.4608285749	5	9309
2633	78	93.4405816309	6	9315
2634	82	93.3864001738	4	9319
2635	79	93.3736155506	7	9326
2636	77	93.4036062534	0	9326
2637	73	93.3387466308	1	9327
2638	71	93.3584599242	4	9331
2639	66	93.2605976356	7	9338
2640	61	93.3293547848	4	9342
2641	63	93.3030989913	2	9344
2642	63	93.228496946	0	9344
2643	63	93.2273734492	7	9351
2644	68	93.1470026164	3	9354
2645	71	93.1438727913	2	9356
2646	74	93.0545740895	7	9363
2647	71	93.1195173771	4	9367
2648	75	93.1517125952	1	9368
2649	76	93.1606322964	4	9372
2650	74	93.0998401907	5	9377
2651	75	93.1272817911	4	9381
2652	75	93.2163933779	2	9383
2653	76	93.2184764788	2	9385
2654	73	93.282467961	2	9387
2655	72	93.1944886811	4	9391
2656	70	93.1730616707	6	9397
2657	75	93.1971650481	6	9403
2658	79	93.2869735583	7	9410
2659	77	93.284828962	6	9416
2660	82	93.3815877615	4	9420
2661	86	93.3653657154	2	9422
2662	84	93.3862670038	2	9424
2663	83	93.298807516	0	9424
2664	82	93.2143630247	3	9427
2665	85	93.1771157432	3	9430
2666	86	93.2487923577	3	9433
2667	83	93.2354343767	0	9433
2668	82	93.1619562191	3	9436
2669	78	93.1901648468	3	9439
2670	82	93.2704317984	2	9441
2671	79	93.2745398218	2	9443
2672	82	93.3031168156	1	9444
2673	83	93.3212093925	7	9451
2674	83	93.3692551992	7	9458
2675	80	93.3881297979	4	9462
2676	82	93.4183251818	4	9466
2677	77	93.3387605767	2	9468
2678	77	93.43217996	3	9471
2679	80	93.4778865158	4	9475
2680	84	93.5554639983	1	9476
2681	88	93.5059344719	4	9480
2682	88	93.4805901767	5	9485
2683	84	93.4447070845	1	9486
2684	79	93.4439907417	0	9486
2685	82	93.3774078965	6	9492
2686	81	93.3834134197	5	9497
2687	78	93.4736169673	1	9498
2688	80	93.5046982008	0	9498
2689	77	93.4750985755	2	9500
2690	77	93.4370972803	1	9501
2691	77	93.4534785198	3	9504
2692	82	93.4597098623	2	9506
2693	79	93.412270344	0	9506
2694	77	93.4903304485	3	9509
2695	78	93.4107535965	2	9511
2696	78	93.3420121923	7	9518
2697	76	93.3269615714	4	9522
2698	75	93.4046377771	3	9525
2699	74	93.4767400353	5	9530
2700	78	93.4736383844	4	9534
2701	74	93.4946008587	7	9541
2702	75	93.5613935211	7	9548
2703	79	93.5325729607	0	9548
2704	84	93.596097198	0	9548
2705	84	93.6010715456	6	9554
2706	87	93.5077145736	0	9554
2707	85	93.4832154335	0	9554
2708	81	93.4369927106	3	9557
2709	76	93.5330977712	5	9562
2710	80	93.4398180438	7	9569
2711	81	93.5339942927	2	9571
2712	86	93.5258330674	6	9577
2713	83	93.5364320204	6	9583
2714	88	93.4840916425	0	9583
2715	85	93.3860409274	1	9584
2716	82	93.3589054507	7	9591
2717	87	93.2932110967	6	9597
2718	88	93.2043634582	1	9598
2719	90	93.1438407124	6	9604
2720	87	93.0883923045	4	9608
2721	88	93.1168917108	7	9615
2722	83	93.0608190995	1	9616
2723	83	93.0204684753	7	9623
2724	80	92.9601342996	7	9630
2725	85	92.9034009734	3	9633
2726	82	92.9070684194	4	9637
2727	84	92.8092226074	7	9644
2728	87	92.7738326849	0	9644
2729	85	92.7815228206	7	9651
2730	85	92.6836442193	0	9651
2731	84	92.6734651412	3	9654
2732	84	92.6062880575	0	9654
2733	86	92.6889191159	3	9657
2734	90	92.7183232687	2	9659
2735	92	92.8139281823	4	9663
2736	91	92.7688726851	6	9669
2737	88	92.8184456688	4	9673
2738	93	92.7250863637	3	9676
2739	91	92.6899472768	7	9683
2740	89	92.6527987532	7	9690
2741	86	92.6143304774	4	9694
2742	84	92.6027632926	4	9698
2743	86	92.6776133638	5	9703
2744	85	92.6220702433	6	9709
2745	86	92.5984774726	7	9716
2746	84	92.622143519	4	9720
2747	86	92.6412187769	7	9727
2748	83	92.7046516338	2	9729
2749	85	92.7125420299	0	9729
2750	80	92.6599084529	5	9734
2751	80	92.722300981	6	9740
2752	78	92.6284473904	7	9747
2753	78	92.7245855047	5	9752
2754	83	92.6328020454	6	9758
2755	82	92.5516602593	7	9765
2756	86	92.5336096349	0	9765
2757	87	92.4999348986	6	9771
2758	88	92.5514902108	5	9776
2759	92	92.4830635858	4	9780
2760	89	92.5454891539	6	9786
2761	90	92.5332326335	1	9787
2762	93	92.4863788866	5	9792
2763	97	92.5161158982	6	9798
2764	97	92.5024634605	2	9800
2765	100	92.5155925091	5	9805
2766	103	92.5871904895	7	9812
2767	100	92.6114724774	4	9816
2768	100	92.5869002647	1	9817
2769	96	92.5783678113	2	9819
2770	101	92.6745349213	7	9826
2771	103	92.6858323842	1	9827
2772	104	92.6310702946	6	9833
2773	108	92.5628030425	7	9840
2774	111	92.5903214618	0	9840
2775	113	92.498742478	1	9841
2776	112	92.5295990256	0	9841
2777	115	92.467489034	2	9843
2778	116	92.4524651186	3	9846
2779	112	92.4661184497	6	9852
2780	114	92.4160717148	0	9852
2781	112	92.4093944038	4	9856
2782	110	92.4269183338	4	9860
2783	113	92.497032315	6	9866
2784	117	92.5788035348	1	9867
2785	120	92.4851140827	6	9873
2786	119	92.5160821749	3	9876
2787	115	92.5887060341	0	9876
2788	118	92.5957205031	0	9876
2789	117	92.5022537558	4	9880
2790	118	92.5054681333	0	9880
2791	120	92.5550167301	0	9880
2792	117	92.643312875	4	9884
2793	114	92.6104997949	2	9886
2794	116	92.5570903517	3	9889
2795	115	92.6228552974	7	9896
2796	113	92.6643483722	3	9899
2797	111	92.5819744561	2	9901
2798	109	92.588952883	1	9902
2799	105	92.6113403038	5	9907
2800	102	92.5590687724	6	9913
2801	106	92.5334248399	7	9920
2802	109	92.4453331986	4	9924
2803	111	92.4480565056	2	9926
2804	113	92.4727334255	2	9928
2805	114	92.4860031044	6	9934
2806	109	92.5808285339	6	9940
2807	107	92.6336879887	6	9946
2808	110	92.6559376786	6	9952
2809	106	92.5999224487	5	9957
2810	108	92.6759070131	3	9960
2811	111	92.578762794	7	9967
2812	108	92.6785171262	7	9974
2813	112	92.7657559036	7	9981
2814	113	92.7997705664	5	9986
2815	116	92.7252073669	6	9992
2816	114	92.6765769073	3	9995
2817	115	92.624336092	1	9996
2818	110	92.5473526622	2	9998
2819	107	92.5047462081	2	10000
2820	103	92.5420027169	2	10002
2821	100	92.4718614055	5	10007
2822	105	92.3957482009	1	10008
2823	102	92.3738704747	6	10014
2824	107	92.4126456438	0	10014
2825	105	92.3936639753	4	10018
2826	100	92.3003778488	6	10024
2827	95	92.3738741809	7	10031
2828	100	92.4716868468	3	10034
2829	101	92.5513596432	0	10034
2830	106	92.5696927935	2	10036
2831	105	92.5026269146	6	10042
2832	107	92.519980774	6	10048
2833	110	92.4264704122	2	10050
2834	115	92.5236370952	4	10054
2835	113	92.4312467745	0	10054
2836	117	92.4500007703	1	10055
2837	112	92.5076060778	5	10060
2838	107	92.4718692411	7	10067
2839	102	92.5166326477	7	10074
2840	99	92.4716230836	5	10079
2841	94	92.5134417085	3	10082
2842	89	92.5458388329	0	10082
2843	87	92.511677222	5	10087
2844	82	92.4777978677	3	10090
2845	79	92.5266758707	7	10097
2846	77	92.577406453	1	10098
2847	77	92.6011347181	6	10104
2848	79	92.5928757255	6	10110
2849	82	92.5184192813	4	10114
2850	80	92.4552085184	1	10115
2851	84	92.4302829032	0	10115
2852	80	92.4142722522	6	10121
2853	77	92.3738555918	3	10124
2854	76	92.341530718	5	10129
2855	77	92.2715817693	1	10130
2856	76	92.2230732565	1	10131
2857	80	92.3008679228	1	10132
2858	85	92.4004330623	3	10135
2859	84	92.3519310892	3	10138
2860	89	92.4107941672	1	10139
2861	85	92.4898606348	0	10139
2862	84	92.5187005433	7	10146
2863	80	92.556073846	2	10148
2864	85	92.4562891395	6	10154
2865	83	92.4524398456	3	10157
2866	82	92.4255125498	4	10161
2867	87	92.4851657108	1	10162
2868	82	92.5386842141	4	10166
2869	83	92.6058270666	2	10168
2870	85	92.5155096801	5	10173
2871	89	92.5695868022	0	10173
2872	88	92.5564700219	1	10174
2873	91	92.6242536892	1	10175
2874	87	92.6171430845	1	10176
2875	91	92.5907043948	4	10180
2876	94	92.5863855076	5	10185
2877	92	92.6088891148	5	10190
2878	91	92.645241393	4	10194
2879	96	92.5859121036	5	10199
2880	97	92.5282114231	7	10206
2881	97	92.5753115959	3	10209
2882	99	92.6634444722	2	10211
2883	99	92.6091814022	6	10217
2884	101	92.5247141681	5	10222
2885	101	92.4404197265	1	10223
2886	96	92.390686029	5	10228
2887	97	92.4337741983	4	10232
2888	94	92.4938776234	2	10234
2889	90	92.4129780142	0	10234
2890	88	92.434228618	6	10240
2891	86	92.4075043555	1	10241
2892	89	92.364002677	7	10248
2893	92	92.3921567982	4	10252
2894	95	92.3232392963	0	10252
2895	98	92.2833683382	0	10252
2896	95	92.345033466	7	10259
2897	90	92.4270583258	6	10265
2898	93	92.5012818214	5	10270
2899	94	92.4206467117	1	10271
2900	92	92.4819467917	2	10273
2901	91	92.5599950688	4	10277
2902	92	92.4890133254	1	10278
2903	91	92.4790070793	1	10279
2904	86	92.5132431454	4	10283
2905	81	92.5245367838	6	10289
2906	76	92.5052272711	4	10293
2907	78	92.4139343095	3	10296
2908	80	92.4286152571	0	10296
2909	83	92.4305522671	7	10303
2910	79	92.4237614353	1	10304
2911	76	92.4936651698	7	10311
2912	77	92.5850575126	0	10311
2913	75	92.6581281074	7	10318
2914	71	92.5697667088	6	10324
2915	72	92.5012495731	1	10325
2916	69	92.5516031083	6	10331
2917	74	92.5736533119	1	10332
2918	76	92.6490214488	1	10333
2919	78	92.6009628362	1	10334
2920	81	92.5413293088	4	10338
2921	79	92.5937247505	4	10342
2922	79	92.5969856099	2	10344
2923	77	92.6335810971	5	10349
2924	72	92.6170270343	3	10352
2925	76	92.5695097204	2	10354
2926	72	92.5976109902	4	10358
2927	73	92.6923264303	5	10363
2928	75	92.6067719062	5	10368
2929	80	92.6368019883	3	10371
2930	77	92.6063197621	7	10378
2931	79	92.5848923219	3	10381
2932	82	92.5843013051	7	10388
2933	85	92.6358670344	5	10393
2934	82	92.5908127213	1	10394
2935	81	92.5323260666	1	10395
2936	76	92.5070680072	4	10399
2937	71	92.4687466981	7	10406
2938	76	92.5478466925	5	10411
2939	75	92.4891952397	1	10412
2940	72	92.4551128764	0	10412
2941	67	92.5153668028	2	10414
2942	62	92.4952011297	5	10419
2943	61	92.5786337076	7	10426
2944	65	92.6681478124	2	10428
2945	69	92.7356563111	6	10434
2946	67	92.6518501678	6	10440
2947	62	92.6143349666	3	10443
2948	57	92.5599961418	7	10450
2949	62	92.505941384	2	10452
2950	57	92.4623408101	6	10458
2951	52	92.5216558594	4	10462
2952	50	92.4653653261	3	10465
2953	54	92.521659379	1	10466
2954	52	92.4503714662	2	10468
2955	55	92.4065946839	5	10473
2956	50	92.3701903912	7	10480
2957	51	92.4102200225	0	10480
2958	51	92.4360646563	7	10487
2959	50	92.4043895484	3	10490
2960	50	92.3606464415	0	10490
2961	50	92.3244174051	2	10492
2962	50	92.3575346306	0	10492
2963	50	92.3784777777	1	10493
2964	55	92.3956065671	0	10493
2965	51	92.4307434485	3	10496
2966	51	92.4331016433	7	10503
2967	50	92.3880183402	6	10509
2968	50	92.4532742995	6	10515
2969	55	92.4281015086	2	10517
2970	56	92.4371187027	2	10519
2971	53	92.5076374427	7	10526
2972	50	92.542409969	4	10530
2973	55	92.6079526629	1	10531
2974	51	92.632589801	0	10531
2975	52	92.5330031126	2	10533
2976	53	92.6285053408	1	10534
2977	50	92.6353716687	7	10541
2978	50	92.6304341391	4	10545
2979	50	92.6029296284	1	10546
2980	53	92.6084789352	2	10548
2981	50	92.5142967671	5	10553
2982	50	92.4724444317	3	10556
2983	55	92.4793874859	1	10557
2984	53	92.4446623192	1	10558
2985	53	92.3739333703	0	10558
2986	53	92.3496058267	4	10562
2987	50	92.43164329	4	10566
2988	50	92.3762077957	3	10569
2989	50	92.3973565795	1	10570
2990	52	92.4065388	4	10574
2991	56	92.3639218287	6	10580
2992	56	92.3204543774	1	10581
2993	51	92.3922105965	3	10584
2994	50	92.3914408977	5	10589
2995	50	92.363085437	6	10595
2996	50	92.3969392738	7	10602
2997	50	92.4545273091	5	10607
2998	52	92.5444002022	7	10614
2999	50	92.5518616439	7	10621
3000	50	92.6179656713	0	10621
3001	55	92.6915586571	4	10625
3002	55	92.6281065384	2	10627
3003	60	92.6111445628	1	10628
3004	59	92.5260401455	1	10629
3005	54	92.4883245233	7	10636
3006	57	92.4117192467	1	10637
3007	57	92.37180652	0	10637
3008	58	92.3810280003	4	10641
3009	61	92.3039033207	1	10642
3010	63	92.2833486028	6	10648
3011	59	92.3702863566	1	10649
3012	64	92.3598157254	6	10655
3013	62	92.3783194411	3	10658
3014	58	92.416872075	7	10665
3015	60	92.5112457058	0	10665
3016	56	92.444026391	2	10667
3017	58	92.3800081658	1	10668
3018	60	92.3935081587	7	10675
3019	55	92.310989851	2	10677
3020	60	92.3136940947	1	10678
3021	57	92.3827284621	4	10682
3022	59	92.3127759351	6	10688
3023	58	92.3069117474	7	10695
3024	56	92.24126398	2	10697
3025	52	92.3067845111	7	10704
3026	51	92.2077085202	6	10710
3027	50	92.2069480258	5	10715
3028	55	92.2765314325	6	10721
3029	58	92.3606887219	7	10728
3030	55	92.3117358521	3	10731
3031	56	92.4095805899	2	10733
3032	60	92.4952328577	4	10737
3033	59	92.5661450938	3	10740
3034	57	92.5585728728	6	10746
3035	55	92.6488663951	4	10750
3036	57	92.7162599082	7	10757
3037	52	92.7624226816	7	10764
3038	50	92.8007855474	1	10765
3039	55	92.7350823903	6	10771
3040	50	92.6812910835	3	10774
3041	53	92.751127931	2	10776
3042	58	92.8173457562	1	10777
3043	55	92.8348186175	2	10779
3044	59	92.833868428	2	10781
3045	63	92.817176263	3	10784
3046	60	92.7528330528	2	10786
3047	55	92.8275349969	0	10786
3048	54	92.9232045691	1	10787
3049	55	92.8506062884	5	10792
3050	55	92.8840219123	1	10793
3051	53	92.8941022703	4	10797
3052	57	92.9005328015	6	10803
3053	52	92.8597033064	1	10804
3054	56	92.9132240943	2	10806
3055	61	92.9026865907	0	10806
3056	59	92.8558067065	3	10809
3057	62	92.7602276107	2	10811
3058	58	92.7115306967	6	10817
3059	56	92.7007231454	0	10817
