1	130	95.0226701279	5	5
2	134	95.0233596413	1	6
3	135	94.9886816101	6	12
4	139	94.9594270107	5	17
5	138	94.8906431422	0	17
6	133	94.9727569964	3	20
7	137	94.9357531474	0	20
8	134	94.93721657	3	23
9	129	95.0168444204	1	24
10	131	94.9720989052	4	28
11	126	95.0485290099	2	30
12	131	94.980031468	2	32
13	134	95.0608064097	4	36
14	129	94.9806934967	6	42
15	134	95.029012144	3	45
16	133	95.1179195009	5	50
17	133	95.0657436257	2	52
18	138	95.1470243187	1	53
19	138	95.1805046328	0	53
20	141	95.1843995759	1	54
21	144	95.0874502599	1	55
22	147	94.9900789036	4	59
23	151	95.017764625	7	66
24	156	95.0858659837	7	73
25	151	94.9910381397	4	77
26	148	95.000160567	1	78
27	147	94.9999136663	4	82
28	144	95.0699238313	2	84
29	148	95.1338447673	2	86
30	144	95.0668170102	0	86
31	139	95.0295327723	4	90
32	139	95.0282193509	1	91
33	136	95.1032732748	5	96
34	132	95.1031137192	4	100
35	133	95.1081753414	3	103
36	128	95.1242016683	3	106
37	124	95.1998551049	3	109
38	124	95.1942460579	1	110
39	120	95.176074058	7	117
40	120	95.1170746853	4	121
41	115	95.2004671407	1	122
42	119	95.1072544385	1	123
43	118	95.1920540213	1	124
44	115	95.2855903327	2	126
45	114	95.3697440897	1	127
46	111	95.2990185113	2	129
47	111	95.3567745978	4	133
48	106	95.3610699448	0	133
49	109	95.3823447412	5	138
50	113	95.4067225655	4	142
51	115	95.4875035886	7	149
52	113	95.4060040407	3	152
53	112	95.3819579702	0	152
54	114	95.4561129096	3	155
55	117	95.4169856369	7	162
56	119	95.5144409688	0	162
57	123	95.462135174	1	163
58	128	95.5021765694	7	170
59	133	95.4828356667	3	173
60	130	95.5073184603	7	180
61	125	95.5848059026	2	182
62	122	95.664176695	5	187
63	127	95.7586359205	2	189
64	123	95.7361418692	3	192
65	122	95.812624374	5	197
66	122	95.8445892828	6	203
67	126	95.8550545643	3	206
68	123	95.8406890037	3	209
69	119	95.8705099734	2	211
70	118	95.790271911	5	216
71	116	95.858561671	0	216
72	120	95.7714420957	3	219
73	122	95.7544998502	0	219
74	126	95.7510560135	5	224
75	129	95.7228337262	0	224
76	130	95.7147659187	7	231
77	135	95.7463959602	7	238
78	131	95.839183605	2	240
79	130	95.7889095964	5	245
80	130	95.8216862414	0	245
81	127	95.9040758911	1	246
82	132	95.9677016879	4	250
83	135	95.9263230951	5	255
84	139	95.8502247573	5	260
85	137	95.9427457529	1	261
86	141	95.8895433456	0	261
87	139	95.9378567766	1	262
88	138	95.9738640774	7	269
89	142	96.0667878821	5	274
90	146	95.9961411769	7	281
91	142	96.0844368696	7	288
92	139	96.0117697785	2	290
93	140	96.0094177119	5	295
94	145	95.9407865549	6	301
95	150	95.9399680512	1	302
96	148	96.0109873057	5	307
97	145	96.0517315755	3	310
98	149	96.1051015615	7	317
99	148	96.1025911448	5	322
100	143	96.0513647679	3	325
101	139	96.0016883304	6	331
102	137	96.0713796804	3	334
103	134	96.0895090075	5	339
104	132	96.1108425507	6	345
105	130	96.2099867903	4	349
106	130	96.2515735251	2	351
107	130	96.1960206541	3	354
108	134	96.1567432241	6	360
109	136	96.208563286	1	361
110	141	96.143008984	2	363
111	139	96.093916626	1	364
112	138	96.1332430905	3	367
113	137	96.0468917991	4	371
114	140	96.1110539505	7	378
115	144	96.1854418809	7	385
116	147	96.2274779484	3	388
117	143	96.2566962181	0	388
118	146	96.3118490356	7	395
119	149	96.2762058662	7	402
120	152	96.2572775974	2	404
121	149	96.2218436817	4	408
122	146	96.1609814075	3	411
123	151	96.1516499941	0	411
124	153	96.1539946083	3	414
125	157	96.2120419418	3	417
126	152	96.2355857694	5	422
127	152	96.1935000817	7	429
128	155	96.1143178792	0	429
129	159	96.1223707574	5	434
130	157	96.1707344861	6	440
131	157	96.2118638932	5	445
132	154	96.2742402889	1	446
133	153	96.3091474121	7	453
134	152	96.2644170535	1	454
135	149	96.3092427303	4	458
136	149	96.3256138059	3	461
137	150	96.3078110395	6	467
138	154	96.3680867804	3	470
139	159	96.3319186598	7	477
140	158	96.3773651287	2	479
141	159	96.3561111434	3	482
142	156	96.4166909764	1	483
143	153	96.4858365451	4	487
144	152	96.4545137937	3	490
145	148	96.4666326427	0	490
146	153	96.4867549133	0	490
147	152	96.4578216791	1	491
148	156	96.4675594298	4	495
149	153	96.3979354504	4	499
150	149	96.3124527598	0	499
151	154	96.3403202389	1	500
152	158	96.3642737048	7	507
153	155	96.4364010163	5	512
154	152	96.3726436821	3	515
155	151	96.3208872766	0	515
156	150	96.3342503512	1	516
157	145	96.3219457529	1	517
158	150	96.3128405738	2	519
159	150	96.2393415791	0	519
160	155	96.1585692357	1	520
161	160	96.1883218993	1	521
162	160	96.1152182169	3	524
163	159	96.184597216	2	526
164	163	96.2491836763	4	530
165	161	96.1996611665	7	537
166	160	96.1685484284	2	539
167	155	96.2596347588	4	543
168	151	96.2988300202	5	548
169	154	96.2407683426	1	549
170	149	96.2014234574	4	553
171	147	96.2625972648	2	555
172	144	96.2937473214	7	562
173	144	96.3218756855	2	564
174	140	96.4039787111	4	568
175	145	96.3788436449	0	568
176	146	96.3726735417	7	575
177	145	96.4218801492	0	575
178	140	96.449574875	4	579
179	140	96.4103866219	7	586
180	135	96.3842278028	4	590
181	134	96.3253251647	4	594
182	136	96.3826348372	1	595
183	135	96.4516547898	4	599
184	130	96.5193813881	0	599
185	133	96.5628611687	6	605
186	134	96.4838353787	7	612
187	135	96.5712973978	0	612
188	135	96.4727300206	4	616
189	140	96.4606043111	7	623
190	140	96.3834435861	1	624
191	136	96.2965674367	7	631
192	131	96.3143821642	5	636
193	133	96.329553844	6	642
194	133	96.2547343856	5	647
195	138	96.2640876879	5	652
196	143	96.2556616602	1	653
197	145	96.2120433506	1	654
198	143	96.2505969671	3	657
199	141	96.1647767291	1	658
200	139	96.2160340834	5	663
201	144	96.2287885036	4	667
202	147	96.2697451694	5	672
203	145	96.3297128705	5	677
204	148	96.2498442735	4	681
205	145	96.2136758291	5	686
206	140	96.1532922905	3	689
207	138	96.1065756007	2	691
208	135	96.180947857	4	695
209	130	96.1545223991	0	695
210	131	96.1002038039	1	696
211	136	96.1546474623	5	701
212	131	96.1810391205	1	702
213	128	96.2172413455	1	703
214	126	96.2053785961	1	704
215	124	96.1754195413	4	708
216	127	96.1695431146	3	711
217	129	96.1089588096	0	711
218	134	96.191261172	5	716
219	135	96.1452335639	2	718
220	132	96.2074719448	3	721
221	133	96.2149115702	3	724
222	130	96.1336916438	7	731
223	127	96.0709183093	4	735
224	132	95.9998599094	5	740
225	131	96.0116291224	6	746
226	127	96.0742274023	1	747
227	122	96.1362949057	7	754
228	119	96.2263796179	6	760
229	115	96.1550697017	7	767
230	120	96.1097407151	5	772
231	118	96.1143110767	4	776
232	123	96.10717118	2	778
233	124	96.1463444284	2	780
234	127	96.0502211241	2	782
235	129	96.0902942035	6	788
236	132	96.1648133394	0	788
237	127	96.0719412721	4	792
238	123	96.1574066753	7	799
239	120	96.2269049984	1	800
240	115	96.2650466989	7	807
241	113	96.351415756	3	810
242	112	96.3711634864	5	815
243	109	96.2984428944	4	819
244	109	96.3704349373	3	822
245	113	96.4616635048	6	828
246	115	96.3931637841	2	830
247	116	96.3395722051	1	831
248	115	96.4141687213	0	831
249	110	96.3538954017	2	833
250	110	96.2890270712	1	834
251	109	96.3343045598	0	834
252	112	96.327776535	6	840
253	114	96.3292834672	5	845
254	119	96.2960104943	6	851
255	121	96.3943520141	2	853
256	120	96.3043016215	6	859
257	119	96.3234502986	5	864
258	124	96.2760936192	6	870
259	128	96.2784238395	2	872
260	130	96.2145747501	2	874
261	127	96.2379596262	5	879
262	127	96.330266204	3	882
263	131	96.3379254975	2	884
264	127	96.427140747	6	890
265	130	96.5026133615	5	895
266	128	96.4960046072	7	902
267	132	96.4534143807	2	904
268	132	96.3565437123	1	905
269	127	96.3684152182	1	906
270	122	96.3391128675	4	910
271	125	96.3134277587	0	910
272	122	96.2958596445	6	916
273	125	96.354882187	7	923
274	122	96.3487649526	3	926
275	125	96.33123857	1	927
276	130	96.4003806669	1	928
277	131	96.4979283768	6	934
278	131	96.5158087186	3	937
279	134	96.5995265041	0	937
280	138	96.6649749302	5	942
281	143	96.6273947854	6	948
282	141	96.5359781168	6	954
283	146	96.4643623759	1	955
284	145	96.445676163	6	961
285	142	96.390445154	1	962
286	145	96.4331193571	7	969
287	140	96.3980256248	4	973
288	135	96.3456002757	6	979
289	132	96.2621290954	4	983
290	133	96.3470503709	7	990
291	129	96.3817847686	3	993
292	129	96.4721789719	5	998
293	131	96.4766264552	2	1000
294	129	96.5191064269	3	1003
295	130	96.4589743776	5	1008
296	132	96.4708814266	0	1008
297	136	96.4592126216	4	1012
298	133	96.3862996701	2	1014
299	132	96.430328467	5	1019
300	136	96.3739689962	1	1020
301	131	96.3779843064	7	1027
302	130	96.3288257763	4	1031
303	129	96.3477334638	1	1032
304	128	96.3815095088	3	1035
305	131	96.2923379241	2	1037
306	126	96.3487630228	4	1041
307	122	96.3762834371	4	1045
308	124	96.3339042248	4	1049
309	121	96.2501650145	4	1053
310	126	96.2990848397	4	1057
311	131	96.3268083363	1	1058
312	129	96.2757317961	5	1063
313	129	96.2092219859	5	1068
314	129	96.1158998108	7	1075
315	130	96.1846809472	6	1081
316	125	96.1231735543	7	1088
317	125	96.1068795682	5	1093
318	124	96.0837278475	7	1100
319	125	96.0233181878	7	1107
320	127	96.0505997875	7	1114
321	126	96.1324817012	2	1116
322	127	96.044475063	4	1120
323	123	95.9491763823	6	1126
324	121	95.9829740599	0	1126
325	119	95.9947373634	0	1126
326	120	95.9147052347	5	1131
327	123	95.8330678147	1	1132
328	121	95.7867780858	7	1139
329	120	95.7191676388	3	1142
330	115	95.7463310432	5	1147
331	116	95.8226806675	3	1150
332	115	95.8962791837	2	1152
333	115	95.9150764417	4	1156
334	120	95.8835696753	6	1162
335	115	95.8126957171	6	1168
336	114	95.8987593104	5	1173
337	113	95.9319635584	3	1176
338	118	95.9313532914	7	1183
339	113	95.9695961255	0	1183
340	117	95.9946677179	5	1188
341	119	96.0130163553	7	1195
342	120	95.9691498982	7	1202
343	122	95.9876164424	3	1205
344	120	96.025873442	5	1210
345	123	95.9307343966	4	1214
346	126	96.021899379	7	1221
347	127	95.9627729251	2	1223
348	124	96.0139540997	5	1228
349	124	96.0920587166	3	1231
350	120	96.0200889778	4	1235
351	118	96.0879063868	2	1237
352	119	96.0683961538	6	1243
353	117	96.1152526682	5	1248
354	117	96.1602029002	0	1248
355	117	96.1903873151	5	1253
356	120	96.1238554785	1	1254
357	120	96.1802908712	2	1256
358	116	96.1582098926	6	1262
359	115	96.2040926795	1	1263
360	113	96.1261130724	2	1265
361	114	96.0928419712	6	1271
362	113	96.0376099156	3	1274
363	110	95.9438597497	0	1274
364	110	95.9767531675	4	1278
365	115	95.9402991762	2	1280
366	119	95.8887823572	4	1284
367	115	95.8372404114	6	1290
368	111	95.8440917417	4	1294
369	108	95.8660540381	4	1298
370	108	95.9504814825	6	1304
371	111	96.0450068992	7	1311
372	114	96.0080748124	6	1317
373	114	96.0658934611	5	1322
374	113	96.1006441506	4	1326
375	112	96.0277802146	5	1331
376	108	96.0404046144	4	1335
377	110	96.0691351222	3	1338
378	115	96.0115514733	5	1343
379	114	95.9707522051	3	1346
380	118	95.9449159338	3	1349
381	123	96.0333644419	7	1356
382	118	96.0613940881	3	1359
383	120	96.1447571204	2	1361
384	120	96.2343606033	7	1368
385	116	96.3255226847	7	1375
386	112	96.3504075775	2	1377
387	114	96.4020051307	5	1382
388	115	96.4453703662	7	1389
389	110	96.4328918922	3	1392
390	110	96.5305655997	5	1397
391	105	96.4914515213	2	1399
392	102	96.4855262088	5	1404
393	99	96.4968512229	3	1407
394	99	96.4651897345	7	1414
395	102	96.4032065144	1	1415
396	98	96.3692427215	6	1421
397	100	96.4212956524	7	1428
398	101	96.5121400098	5	1433
399	104	96.569588372	6	1439
400	99	96.5319892686	6	1445
401	99	96.4512828235	2	1447
402	96	96.4584416617	3	1450
403	100	96.4669941926	5	1455
404	99	96.4240080333	4	1459
405	102	96.3836919656	0	1459
406	101	96.4286050572	4	1463
407	104	96.3414172721	7	1470
408	102	96.3017826484	2	1472
409	99	96.3390128659	4	1476
410	98	96.3515435501	0	1476
411	94	96.4236167162	5	1481
412	98	96.4051978083	5	1486
413	95	96.4676803937	3	1489
414	94	96.4062322967	6	1495
415	99	96.323097396	2	1497
416	95	96.2315284465	2	1499
417	99	96.2287639185	0	1499
418	98	96.2607843325	0	1499
419	95	96.2728122809	4	1503
420	98	96.3650253891	5	1508
421	101	96.3544664632	5	1513
422	105	96.3335019213	4	1517
423	108	96.4211809766	0	1517
424	109	96.4102880292	1	1518
425	105	96.3706344121	4	1522
426	105	96.4494870692	7	1529
427	107	96.4738685257	0	1529
428	103	96.4704171495	1	1530
429	100	96.4661894874	0	1530
430	98	96.4016487339	3	1533
431	98	96.3678717924	1	1534
432	100	96.3836684721	1	1535
433	95	96.302050496	2	1537
434	100	96.3549053722	4	1541
435	102	96.4247774343	4	1545
436	103	96.5010910432	0	1545
437	101	96.5221872869	0	1545
438	100	96.5306583087	5	1550
439	98	96.5832895974	4	1554
440	98	96.5589798664	5	1559
441	95	96.5212855439	0	1559
442	91	96.5626304098	7	1566
443	91	96.5009031788	4	1570
444	96	96.4185611908	1	1571
445	98	96.4902855142	3	1574
446	93	96.4897910346	0	1574
447	90	96.4009888213	3	1577
448	91	96.4806652105	2	1579
449	93	96.5530708647	6	1585
450	90	96.5326114888	3	1588
451	85	96.6274407745	3	1591
452	88	96.61720656	4	1595
453	90	96.5659930311	5	1600
454	95	96.5176370944	2	1602
455	93	96.4834865384	2	1604
456	92	96.411333704	2	1606
457	89	96.3997696611	7	1613
458	93	96.4924009763	7	1620
459	91	96.4732339515	3	1623
460	94	96.5068658742	4	1627
461	95	96.459247523	1	1628
462	94	96.435430473	1	1629
463	90	96.3600997648	4	1633
464	92	96.2805801112	0	1633
465	96	96.2668785271	3	1636
466	100	96.2181145079	3	1639
467	97	96.2205860115	1	1640
468	101	96.310059382	1	1641
469	102	96.3792557632	0	1641
470	102	96.3416218468	2	1643
471	106	96.2925156773	7	1650
472	111	96.3017195628	1	1651
473	111	96.205687391	4	1655
474	108	96.279876087	0	1655
475	108	96.2555629183	7	1662
476	106	96.2916579172	3	1665
477	110	96.358222274	1	1666
478	111	96.3765380151	5	1671
479	108	96.4468937132	1	1672
480	113	96.4770552015	2	1674
481	112	96.4084817037	7	1681
482	113	96.4886296461	5	1686
483	108	96.4611760847	6	1692
484	105	96.414568069	2	1694
485	104	96.3934887629	0	1694
486	106	96.4124838601	1	1695
487	104	96.5043025748	7	1702
488	104	96.5007378984	2	1704
489	106	96.4706309854	0	1704
490	108	96.5106340471	6	1710
491	103	96.4922347173	6	1716
492	107	96.4264425131	6	1722
493	105	96.4990373088	4	1726
494	107	96.5979419315	1	1727
495	110	96.5044262755	4	1731
496	108	96.4051315598	4	1735
497	110	96.3094104764	3	1738
498	108	96.3630628305	4	1742
499	110	96.3745573543	6	1748
500	108	96.3333664301	7	1755
501	106	96.2672372559	3	1758
502	101	96.3049513665	6	1764
503	105	96.2304257362	2	1766
504	103	96.210395162	7	1773
505	102	96.2380997682	1	1774
506	100	96.2359222881	0	1774
507	105	96.221578165	7	1781
508	103	96.2264094703	4	1785
509	104	96.2624103858	3	1788
510	108	96.3053713922	7	1795
511	109	96.2691294647	3	1798
512	110	96.2213305256	3	1801
513	108	96.2138661828	6	1807
514	106	96.2950833043	2	1809
515	102	96.2084072062	7	1816
516	103	96.3071030306	0	1816
517	100	96.2957841607	3	1819
518	105	96.2838830382	1	1820
519	110	96.3502639521	5	1825
520	114	96.376063188	1	1826
521	109	96.3387588108	1	1827
522	111	96.4078029212	4	1831
523	111	96.3340268302	1	1832
524	114	96.4195262912	7	1839
525	118	96.3219722888	3	1842
526	115	96.2766340025	4	1846
527	118	96.298768287	3	1849
528	123	96.3944683648	7	1856
529	121	96.3290779116	7	1863
530	116	96.2757435017	5	1868
531	113	96.1887842818	6	1874
532	115	96.1389355292	4	1878
533	110	96.1502466252	5	1883
534	110	96.1717510291	6	1889
535	105	96.1674158822	2	1891
536	107	96.1752186851	6	1897
537	102	96.1629016561	4	1901
538	106	96.1192731357	4	1905
539	105	96.2097012023	1	1906
540	109	96.1461316066	0	1906
541	112	96.2347219185	7	1913
542	114	96.1364764264	4	1917
543	118	96.1909618172	2	1919
544	122	96.200229612	1	1920
545	127	96.2052769001	7	1927
546	131	96.3050193857	6	1933
547	129	96.3665345786	1	1934
548	131	96.3931249803	6	1940
549	127	96.4062871653	4	1944
550	130	96.4287900477	7	1951
551	126	96.3572088305	1	1952
552	128	96.3103725591	5	1957
553	125	96.376640989	0	1957
554	121	96.3453167845	5	1962
555	122	96.3323400544	3	1965
556	123	96.2691380988	1	1966
557	118	96.2960701104	0	1966
558	123	96.328976736	2	1968
559	121	96.3948585361	0	1968
560	125	96.3716868152	4	1972
561	126	96.3886925587	1	1973
562	129	96.365040413	3	1976
563	126	96.3630183173	3	1979
564	121	96.3106795502	6	1985
565	123	96.2229617241	1	1986
566	123	96.1642637069	0	1986
567	127	96.1951844969	2	1988
568	128	96.1393166623	3	1991
569	123	96.1380303407	0	1991
570	119	96.1652661908	1	1992
571	115	96.0897380027	2	1994
572	110	96.0629279063	3	1997
573	109	96.043639847	1	1998
574	114	96.0691437463	0	1998
575	113	96.1647950895	1	1999
576	110	96.0676467805	7	2006
577	107	96.1407638082	3	2009
578	111	96.1382967077	1	2010
579	114	96.1894920956	7	2017
580	112	96.2087517487	3	2020
581	112	96.211037375	5	2025
582	111	96.1573366142	1	2026
583	109	96.0973031668	6	2032
584	111	96.16781002	5	2037
585	116	96.197514665	7	2044
586	119	96.1786671398	3	2047
587	124	96.2403797588	5	2052
588	125	96.334885185	0	2052
589	127	96.3475399846	4	2056
590	127	96.384813037	2	2058
591	127	96.4838042218	5	2063
592	130	96.3867526066	6	2069
593	131	96.375697829	2	2071
594	127	96.2995206379	6	2077
595	125	96.3330856848	3	2080
596	120	96.4083575255	3	2083
597	125	96.4451552151	7	2090
598	126	96.3973095754	7	2097
599	127	96.4938690056	4	2101
600	129	96.4126707094	4	2105
601	124	96.3554767212	5	2110
602	119	96.4466536145	3	2113
603	122	96.3688544427	6	2119
604	117	96.3993366605	5	2124
605	114	96.4532761543	6	2130
606	116	96.4962412109	2	2132
607	121	96.4096762835	5	2137
608	121	96.3192702198	4	2141
609	120	96.2710228137	4	2145
610	125	96.2665203125	3	2148
611	129	96.2864177096	5	2153
612	124	96.2206388817	6	2159
613	128	96.1314784867	2	2161
614	126	96.0918132376	7	2168
615	130	96.1756964628	5	2173
616	128	96.0807950712	1	2174
617	127	96.0172240723	3	2177
618	130	95.9625904564	5	2182
619	130	96.0114812935	4	2186
620	125	95.9335407194	1	2187
621	130	95.8946113789	4	2191
622	133	95.8883439426	2	2193
623	133	95.7965074605	4	2197
624	128	95.7535288984	4	2201
625	130	95.8351909608	5	2206
626	135	95.8408160056	7	2213
627	139	95.7530218061	4	2217
628	143	95.7441520667	2	2219
629	147	95.724267788	7	2226
630	148	95.7075742245	2	2228
631	152	95.8023784943	2	2230
632	151	95.8489575057	1	2231
633	150	95.8131710183	4	2235
634	152	95.8323608226	2	2237
635	150	95.8172111261	1	2238
636	150	95.7847156531	5	2243
637	152	95.6958068628	1	2244
638	153	95.7444380155	0	2244
639	155	95.7530318033	2	2246
640	155	95.7733174578	3	2249
641	159	95.743595929	2	2251
642	163	95.6965694752	4	2255
643	166	95.681426081	3	2258
644	169	95.7757670487	3	2261
645	171	95.7378227989	1	2262
646	166	95.8243941123	2	2264
647	170	95.9071782794	5	2269
648	167	95.9077012873	7	2276
649	165	95.8912155308	7	2283
650	161	95.8167173338	0	2283
651	165	95.9063151676	6	2289
652	162	95.8191862051	3	2292
653	165	95.8457296977	1	2293
654	166	95.9070533876	4	2297
655	165	95.9320639013	5	2302
656	168	95.927982554	6	2308
657	172	95.9029277574	6	2314
658	167	95.808228902	0	2314
659	162	95.809980277	0	2314
660	166	95.711866815	0	2314
661	163	95.738267588	1	2315
662	163	95.6492741424	1	2316
663	165	95.7336888113	0	2316
664	166	95.7333164666	4	2320
665	167	95.7227552148	0	2320
666	162	95.7547438853	7	2327
667	159	95.7973957236	6	2333
668	162	95.770785615	5	2338
669	159	95.8510070904	0	2338
670	162	95.9057334902	1	2339
671	159	95.884883859	7	2346
672	164	95.9529705859	1	2347
673	169	95.8763325784	1	2348
674	174	95.8336036773	5	2353
675	177	95.7358279717	4	2357
676	180	95.8287473275	6	2363
677	179	95.8188455699	3	2366
678	175	95.8038357328	5	2371
679	178	95.7974125282	6	2377
680	180	95.7530862433	0	2377
681	180	95.7950570304	5	2382
682	183	95.843557423	5	2387
683	187	95.813722002	2	2389
684	185	95.7718542315	7	2396
685	180	95.8040292644	2	2398
686	184	95.887722536	4	2402
687	187	95.8214108363	2	2404
688	191	95.8049043632	2	2406
689	194	95.7334877839	0	2406
690	198	95.7196757806	7	2413
691	199	95.7101436678	5	2418
692	200	95.6778501762	0	2418
693	199	95.6934874075	0	2418
694	194	95.6443751158	5	2423
695	189	95.6283737361	0	2423
696	185	95.6530074829	3	2426
697	189	95.5586093092	1	2427
698	193	95.5602641671	6	2433
699	188	95.5809233734	2	2435
700	187	95.6113782465	2	2437
701	191	95.6994621152	7	2444
702	192	95.7053368965	0	2444
703	197	95.6534447641	0	2444
704	198	95.720801212	1	2445
705	197	95.7853713156	0	2445
706	198	95.7841190568	0	2445
707	195	95.758712509	4	2449
708	194	95.8509681936	5	2454
709	196	95.8879231261	7	2461
710	199	95.7950106609	0	2461
711	199	95.7537260041	6	2467
712	198	95.7903233404	7	2474
713	199	95.8798980476	5	2479
714	198	95.7838714022	6	2485
715	200	95.8141055954	5	2490
716	200	95.8175691793	5	2495
717	200	95.8017668679	7	2502
718	196	95.8479041983	4	2506
719	197	95.9158988037	6	2512
720	193	95.8801542573	6	2518
721	190	95.9189248534	4	2522
722	188	95.9511388775	6	2528
723	184	96.0222221692	6	2534
724	184	96.0406198748	0	2534
725	181	96.0470738361	6	2540
726	184	95.9864579673	6	2546
727	185	95.9498006253	7	2553
728	187	95.9382713695	1	2554
729	182	95.9782157833	2	2556
730	179	95.9187652177	7	2563
731	175	95.8552056114	3	2566
732	172	95.8527128685	7	2573
733	176	95.9083640004	6	2579
734	178	95.9009121981	3	2582
735	179	95.9597336629	5	2587
736	180	95.9222620188	6	2593
737	185	95.8821068937	1	2594
738	182	95.8308312385	3	2597
739	181	95.8866081792	3	2600
740	178	95.8171612927	7	2607
741	175	95.9093019873	5	2612
742	170	95.9492625022	6	2618
743	173	95.863538197	5	2623
744	178	95.8214456307	2	2625
745	174	95.7318415796	4	2629
746	178	95.6355573651	4	2633
747	181	95.6089352382	7	2640
748	181	95.5504513685	0	2640
749	182	95.6185225768	2	2642
750	180	95.625325189	2	2644
751	184	95.6006887781	0	2644
752	179	95.5797623345	3	2647
753	177	95.6691421728	6	2653
754	178	95.6136407946	4	2657
755	183	95.6147417586	1	2658
756	186	95.5849460722	2	2660
757	182	95.5535284815	0	2660
758	180	95.4594830348	2	2662
759	182	95.3784653769	1	2663
760	184	95.3624669957	4	2667
761	184	95.329686018	0	2667
762	183	95.4237417935	3	2670
763	180	95.3522710604	3	2673
764	175	95.269185718	5	2678
765	174	95.2066821669	4	2682
766	172	95.1844120845	5	2687
767	173	95.255351706	4	2691
768	169	95.2248043987	2	2693
769	168	95.257853122	6	2699
770	164	95.342856004	1	2700
771	159	95.3759653093	1	2701
772	154	95.3806675647	0	2701
773	158	95.3188410174	0	2701
774	160	95.3574795712	4	2705
775	162	95.4401631556	1	2706
776	167	95.395763442	0	2706
777	169	95.436202867	6	2712
778	169	95.3513392021	6	2718
779	173	95.3590780172	4	2722
780	168	95.2640833326	1	2723
781	170	95.2644064435	3	2726
782	172	95.307053544	3	2729
783	176	95.3231555419	3	2732
784	172	95.280110092	3	2735
785	172	95.2015014335	5	2740
786	171	95.1707481798	3	2743
787	172	95.1071086425	3	2746
788	176	95.1598478928	7	2753
789	175	95.1788940019	3	2756
790	180	95.2597590648	5	2761
791	175	95.3487254729	3	2764
792	176	95.3599342628	3	2767
793	181	95.4459909366	7	2774
794	178	95.4154428123	7	2781
795	177	95.3436043501	2	2783
796	182	95.3276236599	7	2790
797	180	95.2431624083	3	2793
798	184	95.2016883388	5	2798
799	188	95.2599614486	7	2805
800	185	95.3483287586	1	2806
801	181	95.3411291978	2	2808
802	177	95.400016779	6	2814
803	172	95.3099811304	5	2819
804	167	95.3405660491	2	2821
805	164	95.2709883255	2	2823
806	166	95.3161126818	3	2826
807	164	95.3189723059	1	2827
808	167	95.333519739	0	2827
809	163	95.3686405868	7	2834
810	168	95.3117083984	6	2840
811	164	95.262891651	3	2843
812	168	95.3011856599	6	2849
813	167	95.3504754003	2	2851
814	168	95.3837193763	2	2853
815	164	95.3734224938	0	2853
816	161	95.4403417409	5	2858
817	162	95.4322498591	1	2859
818	166	95.5147161923	6	2865
819	161	95.5169483898	0	2865
820	165	95.5546306857	4	2869
821	162	95.4641161415	0	2869
822	164	95.4688514333	2	2871
823	164	95.5624985026	1	2872
824	169	95.6312088488	3	2875
825	173	95.6804640712	0	2875
826	175	95.7513144169	6	2881
827	180	95.8134150377	7	2888
828	177	95.7206185726	6	2894
829	182	95.758761314	5	2899
830	178	95.7027281398	3	2902
831	176	95.6864893068	1	2903
832	177	95.5934568577	7	2910
833	177	95.6346587547	6	2916
834	172	95.6234000793	1	2917
835	167	95.6272938791	5	2922
836	162	95.6722406955	1	2923
837	159	95.6958811498	4	2927
838	158	95.7757327355	1	2928
839	162	95.7520178634	7	2935
840	159	95.8144023165	3	2938
841	162	95.8780958173	2	2940
842	157	95.9451902754	5	2945
843	157	95.945717416	5	2950
844	155	96.0357002006	2	2952
845	150	95.9970353648	4	2956
846	153	96.0059388207	6	2962
847	148	96.0861717934	2	2964
848	150	95.9904146696	6	2970
849	152	95.9279346635	1	2971
850	149	95.975520431	6	2977
851	154	96.0528938293	5	2982
852	156	96.0973065959	3	2985
853	159	96.0688380754	3	2988
854	159	96.1381856932	3	2991
855	154	96.1946849365	6	2997
856	149	96.2834379879	5	3002
857	150	96.2829704608	7	3009
858	149	96.2849755142	2	3011
859	148	96.2041726344	6	3017
860	146	96.1463382755	2	3019
861	142	96.1418328232	5	3024
862	141	96.0757664596	2	3026
863	146	96.1301902413	4	3030
864	143	96.163404347	6	3036
865	146	96.0636084964	7	3043
866	146	95.9695668773	7	3050
867	145	95.8750605272	5	3055
868	146	95.9672572141	2	3057
869	142	96.0617227715	2	3059
870	138	96.0415192879	5	3064
871	134	96.0069406021	5	3069
872	130	95.9752189474	5	3074
873	135	95.9301220466	0	3074
874	136	95.8800463221	7	3081
875	141	95.8283946663	7	3088
876	138	95.7549138533	2	3090
877	142	95.7906823458	6	3096
878	144	95.8247813049	3	3099
879	140	95.8748038421	3	3102
880	144	95.8045483479	4	3106
881	147	95.7336963585	5	3111
882	144	95.6409550024	7	3118
883	141	95.6491106071	1	3119
884	139	95.6979119779	1	3120
885	141	95.777266221	0	3120
886	146	95.7605969158	5	3125
887	141	95.7446172743	0	3125
888	143	95.6802532492	1	3126
889	144	95.698151187	4	3130
890	149	95.7447985619	1	3131
891	145	95.7464193205	7	3138
892	148	95.8171704141	1	3139
893	145	95.7512725148	2	3141
894	144	95.699726924	6	3147
895	143	95.6549306177	3	3150
896	147	95.5747989102	0	3150
897	148	95.5083061921	3	3153
898	147	95.5795599721	0	3153
899	152	95.5629043705	6	3159
900	155	95.6575138777	7	3166
901	158	95.6745198255	6	3172
902	161	95.6061066442	7	3179
903	162	95.5357810548	4	3183
904	158	95.5472377388	0	3183
905	156	95.5924299409	2	3185
906	157	95.5546046727	4	3189
907	161	95.5444588108	2	3191
908	159	95.4647665631	4	3195
909	163	95.393265549	4	3199
910	158	95.4696007729	3	3202
911	157	95.3794411172	5	3207
912	153	95.4554114899	1	3208
913	148	95.4331109057	7	3215
914	150	95.35103577	4	3219
915	150	95.3740205527	3	3222
916	151	95.4196702807	3	3225
917	146	95.3642353603	6	3231
918	151	95.3217252196	0	3231
919	150	95.3620546934	2	3233
920	149	95.2759124837	6	3239
921	148	95.1967737854	3	3242
922	152	95.1650461896	7	3249
923	155	95.264922436	3	3252
924	152	95.3233754602	0	3252
925	156	95.3726387193	7	3259
926	154	95.3307276258	6	3265
927	158	95.3090955921	3	3268
928	159	95.2621403713	4	3272
929	162	95.2028364194	1	3273
930	165	95.2483855909	3	3276
931	165	95.3292667115	0	3276
932	166	95.2448939235	1	3277
933	171	95.1642825304	1	3278
934	167	95.1828783678	5	3283
935	170	95.0854696865	4	3287
936	171	94.9908597235	2	3289
937	176	94.9369525906	5	3294
938	176	94.9993763098	2	3296
939	178	95.0413205982	2	3298
940	182	94.9946346177	1	3299
941	181	94.9945769126	5	3304
942	176	94.962176749	6	3310
943	173	94.9619333379	6	3316
944	170	95.052700471	0	3316
945	172	95.1030186499	5	3321
946	170	95.0573670018	6	3327
947	169	95.0325119641	2	3329
948	167	94.9941661493	3	3332
949	171	94.9713444348	4	3336
950	175	95.0538684334	0	3336
951	173	95.125217619	3	3339
952	174	95.1437504933	2	3341
953	169	95.1110178783	2	3343
954	171	95.2031053463	4	3347
955	173	95.1131342939	7	3354
956	169	95.056824808	4	3358
957	167	95.0253646843	5	3363
958	172	95.0128791273	5	3368
959	172	94.9617440137	4	3372
960	175	94.9366768285	5	3377
961	176	94.9235292943	1	3378
962	179	94.8574813014	0	3378
963	182	94.8677784036	4	3382
964	184	94.9114616826	6	3388
965	185	94.8481427269	2	3390
966	185	94.9337227708	7	3397
967	187	94.88954574	5	3402
968	192	94.818611218	6	3408
969	188	94.8202305354	5	3413
970	187	94.8920707264	1	3414
971	192	94.8298237959	7	3421
972	187	94.8222253853	0	3421
973	187	94.7803513659	1	3422
974	191	94.8085380385	7	3429
975	193	94.7579962429	3	3432
976	198	94.7888947228	7	3439
977	196	94.6999438323	3	3442
978	194	94.6652906242	0	3442
979	189	94.6696235112	4	3446
980	185	94.5702630648	7	3453
981	185	94.64396924	7	3460
982	181	94.598028849	3	3463
983	186	94.5025947562	3	3466
984	191	94.4899341193	5	3471
985	190	94.4245659887	1	3472
986	190	94.4394907405	6	3478
987	192	94.3570229671	6	3484
988	196	94.386525078	7	3491
989	200	94.451824545	5	3496
990	197	94.5316853046	5	3501
991	197	94.4511976849	1	3502
992	192	94.5065942749	1	3503
993	189	94.4320258535	2	3505
994	185	94.5024117208	3	3508
995	187	94.5255804106	3	3511
996	186	94.4821060763	1	3512
997	181	94.3943232781	2	3514
998	181	94.4537605133	0	3514
999	186	94.5062899458	1	3515
1000	188	94.5639258652	0	3515
1001	184	94.5651062595	3	3518
1002	187	94.5410229705	0	3518
1003	187	94.5333346446	1	3519
1004	183	94.5778486086	7	3526
1005	187	94.6243624396	6	3532
1006	187	94.6378360385	3	3535
1007	182	94.6124388188	2	3537
1008	185	94.5831949474	6	3543
1009	189	94.5728046911	6	3549
1010	194	94.6242449615	7	3556
1011	193	94.6708040563	5	3561
1012	190	94.6820717798	4	3565
1013	186	94.69515532	0	3565
1014	186	94.7366417694	0	3565
1015	181	94.7733219893	0	3565
1016	176	94.8444002786	3	3568
1017	178	94.7703856214	7	3575
1018	181	94.6849712202	2	3577
1019	178	94.6326878407	4	3581
1020	183	94.6293363942	6	3587
1021	181	94.5673521371	1	3588
1022	176	94.6505640488	4	3592
1023	178	94.72243284	6	3598
1024	174	94.8206742508	7	3605
1025	169	94.888921879	5	3610
1026	172	94.9240379413	3	3613
1027	171	94.8469343085	2	3615
1028	174	94.8587945041	4	3619
1029	169	94.7814206493	7	3626
1030	173	94.880672982	5	3631
1031	178	94.9277445888	3	3634
1032	174	94.9328623424	6	3640
1033	175	94.9358160849	3	3643
1034	172	94.8719690563	1	3644
1035	167	94.8863682209	2	3646
1036	164	94.8035907801	6	3652
1037	166	94.8778064394	6	3658
1038	171	94.8099069081	4	3662
1039	176	94.7800486359	2	3664
1040	177	94.7288753253	0	3664
1041	176	94.6700054254	5	3669
1042	176	94.6848820487	5	3674
1043	174	94.7011369253	6	3680
1044	171	94.6588072905	3	3683
1045	169	94.6389046697	3	3686
1046	166	94.5457823165	1	3687
1047	161	94.5139534749	3	3690
1048	162	94.4884181294	0	3690
1049	158	94.4188057368	6	3696
1050	155	94.5045148054	6	3702
1051	150	94.481352149	1	3703
1052	154	94.453445302	0	3703
1053	158	94.36588077	3	3706
1054	162	94.4191153729	5	3711
1055	163	94.4581470661	1	3712
1056	164	94.4548121291	5	3717
1057	166	94.5368385521	3	3720
1058	171	94.4818441733	0	3720
1059	176	94.4669034699	3	3723
1060	178	94.4378849608	7	3730
1061	177	94.4230820103	0	3730
1062	173	94.3236759836	2	3732
1063	174	94.3228495902	1	3733
1064	176	94.3923569797	4	3737
1065	171	94.3813506644	0	3737
1066	173	94.3449584722	3	3740
1067	170	94.2816741412	5	3745
1068	172	94.3269353632	7	3752
1069	169	94.3986847436	4	3756
1070	165	94.3591991254	5	3761
1071	160	94.4585323758	6	3767
1072	160	94.3909259679	7	3774
1073	160	94.4748956458	0	3774
1074	164	94.5102205864	1	3775
1075	168	94.4780408949	1	3776
1076	168	94.5638029928	4	3780
1077	172	94.5401936727	1	3781
1078	176	94.5747250694	3	3784
1079	178	94.4904776804	4	3788
1080	181	94.4408146759	1	3789
1081	178	94.5181330336	6	3795
1082	175	94.5862470599	7	3802
1083	173	94.6701552624	2	3804
1084	174	94.6173288232	0	3804
1085	177	94.6727550284	5	3809
1086	175	94.719168593	6	3815
1087	179	94.8185625707	5	3820
1088	174	94.8963838891	1	3821
1089	175	94.8872145526	0	3821
1090	170	94.9574541831	5	3826
1091	169	95.0524504713	4	3830
1092	171	95.0324386064	6	3836
1093	176	95.0911047827	4	3840
1094	180	95.1571736257	5	3845
1095	175	95.1015326431	4	3849
1096	179	95.0474624862	5	3854
1097	179	95.0726695714	2	3856
1098	179	95.0213000042	6	3862
1099	174	94.9821366993	2	3864
1100	177	95.0535522293	5	3869
1101	179	95.0049788578	7	3876
1102	178	94.9323000818	7	3883
1103	173	94.8926003622	0	3883
1104	174	94.9047800256	3	3886
1105	169	94.9476856694	0	3886
1106	172	95.0400170955	2	3888
1107	174	95.0488126504	1	3889
1108	173	94.9861881333	7	3896
1109	178	94.9565114564	5	3901
1110	176	95.0121057557	5	3906
1111	181	94.928263424	5	3911
1112	185	94.905086902	1	3912
1113	180	94.8167867911	4	3916
1114	180	94.8622427716	7	3923
1115	178	94.8035202093	5	3928
1116	174	94.8099777214	5	3933
1117	169	94.7992050325	1	3934
1118	165	94.699859419	0	3934
1119	166	94.7842512728	6	3940
1120	165	94.8130121886	0	3940
1121	165	94.7171146169	3	3943
1122	163	94.7685372841	5	3948
1123	161	94.6776124549	1	3949
1124	161	94.6118654094	6	3955
1125	162	94.56899738	0	3955
1126	164	94.5911711941	4	3959
1127	165	94.4973166225	5	3964
1128	166	94.4336065627	4	3968
1129	170	94.3402266846	0	3968
1130	174	94.3006424118	3	3971
1131	176	94.2109547405	6	3977
1132	173	94.1994792872	1	3978
1133	173	94.2879151456	7	3985
1134	174	94.2501199819	5	3990
1135	177	94.2689899846	3	3993
1136	174	94.204377721	7	4000
1137	178	94.2652881868	0	4000
1138	179	94.2565679589	5	4005
1139	175	94.2252211193	1	4006
1140	173	94.1758976242	7	4013
1141	173	94.2297706628	0	4013
1142	178	94.1659190704	3	4016
1143	183	94.0797661242	5	4021
1144	184	94.0044863813	1	4022
1145	180	93.9643168398	4	4026
1146	182	94.0441891165	1	4027
1147	184	94.0438225583	4	4031
1148	185	94.0359373009	4	4035
1149	190	94.0845570391	0	4035
1150	191	94.0065097598	2	4037
1151	192	93.9476941272	2	4039
1152	190	93.8766730241	3	4042
1153	185	93.968927849	7	4049
1154	187	94.0592183125	5	4054
1155	192	94.1559893893	0	4054
1156	188	94.2159835889	2	4056
1157	192	94.19937518	7	4063
1158	187	94.2881019198	0	4063
1159	186	94.3810255898	0	4063
1160	182	94.3044881135	7	4070
1161	187	94.2500600499	7	4077
1162	184	94.2085967046	3	4080
1163	184	94.1761811911	0	4080
1164	189	94.1852276753	0	4080
1165	191	94.1903288654	6	4086
1166	189	94.1721184164	2	4088
1167	192	94.1136604982	2	4090
1168	197	94.0542255887	7	4097
1169	195	94.0434216285	7	4104
1170	199	94.0594260255	1	4105
1171	196	94.088024818	2	4107
1172	192	94.0456904852	5	4112
1173	192	94.0244600545	2	4114
1174	187	94.0011867783	5	4119
1175	191	93.9653304802	5	4124
1176	193	93.9197293543	3	4127
1177	191	93.9287429522	0	4127
1178	190	93.8449010815	3	4130
1179	189	93.75800883	1	4131
1180	184	93.8451081178	6	4137
1181	180	93.7996458314	6	4143
1182	180	93.7312600593	2	4145
1183	183	93.7415671931	1	4146
1184	188	93.773867837	0	4146
1185	192	93.8197921138	1	4147
1186	195	93.7506245916	4	4151
1187	196	93.8332455767	7	4158
1188	200	93.9275000619	7	4165
1189	198	93.9816723069	0	4165
1190	200	94.0572383158	0	4165
1191	200	94.0826950632	6	4171
1192	197	94.1445697783	3	4174
1193	197	94.1191085594	4	4178
1194	192	94.0453659449	6	4184
1195	194	94.0865611792	0	4184
1196	193	94.0013134672	5	4189
1197	192	93.9768152413	7	4196
1198	193	93.8923660845	4	4200
1199	194	93.9468292287	7	4207
1200	198	94.0372607124	6	4213
1201	193	94.0432967503	3	4216
1202	188	94.0649420195	0	4216
1203	188	93.9678796701	6	4222
1204	184	93.927831111	3	4225
1205	181	94.0037183467	1	4226
1206	182	94.0876103551	3	4229
1207	178	94.0028841776	2	4231
1208	179	94.0179867024	0	4231
1209	182	93.9321683817	3	4234
1210	186	93.9507186936	2	4236
1211	183	93.8651843274	7	4243
1212	188	93.9467284766	3	4246
1213	191	94.0022203584	0	4246
1214	195	93.9479356616	4	4250
1215	191	94.0388875675	5	4255
1216	187	94.0191906028	3	4258
1217	186	93.9626209679	0	4258
1218	185	94.0212623517	2	4260
1219	188	93.9381023156	0	4260
1220	190	93.9323719183	4	4264
1221	189	93.8906938854	5	4269
1222	190	93.90215244	1	4270
1223	189	93.9364897652	5	4275
1224	188	93.8430799902	0	4275
1225	184	93.8197702265	0	4275
1226	187	93.8322727974	6	4281
1227	183	93.9238517885	5	4286
1228	181	93.896771679	7	4293
1229	179	93.8343582163	2	4295
1230	176	93.9105181781	0	4295
1231	171	93.9747825733	4	4299
1232	170	93.9978663671	3	4302
1233	169	93.9149863781	5	4307
1234	174	93.859364198	2	4309
1235	179	93.9303413596	4	4313
1236	178	94.0039254177	4	4317
1237	177	94.083759204	1	4318
1238	181	94.1655581064	4	4322
1239	182	94.1992826441	1	4323
1240	180	94.2832779947	3	4326
1241	178	94.2244909755	0	4326
1242	182	94.1324805793	5	4331
1243	180	94.063806428	4	4335
1244	182	94.0858081525	7	4342
1245	183	94.0123102065	1	4343
1246	188	93.9178778297	1	4344
1247	193	93.9366538264	0	4344
1248	189	93.9619113398	7	4351
1249	193	93.9410099337	5	4356
1250	192	93.8428425567	1	4357
1251	194	93.8796804893	0	4357
1252	190	93.9611596783	1	4358
1253	190	93.9706472124	4	4362
1254	193	94.0227218454	6	4368
1255	193	94.033287342	2	4370
1256	188	94.1064747866	3	4373
1257	189	94.0483001619	5	4378
1258	192	94.0974378588	1	4379
1259	195	94.0955444934	6	4385
1260	199	94.1563543582	6	4391
1261	200	94.1145113011	0	4391
1262	200	94.0950622313	5	4396
1263	196	94.1278033298	0	4396
1264	194	94.1767646524	0	4396
1265	191	94.1695457567	1	4397
1266	187	94.2293640907	4	4401
1267	186	94.2143967377	5	4406
1268	186	94.193309898	6	4412
1269	190	94.1636994632	3	4415
1270	195	94.2350520184	6	4421
1271	200	94.2994726792	2	4423
1272	198	94.2598877104	6	4429
1273	194	94.3486378	6	4435
1274	189	94.4307546498	2	4437
1275	192	94.4233295832	2	4439
1276	188	94.3781209997	4	4443
1277	190	94.4503289549	7	4450
1278	191	94.4473020802	2	4452
1279	194	94.4216413986	5	4457
1280	198	94.4812694206	1	4458
1281	197	94.5339548734	0	4458
1282	192	94.6168683756	1	4459
1283	188	94.5749246375	3	4462
1284	189	94.5716989126	2	4464
1285	187	94.5072550978	7	4471
1286	182	94.5872434291	6	4477
1287	186	94.5881742154	4	4481
1288	190	94.620474384	7	4488
1289	185	94.6289799968	6	4494
1290	186	94.6035251006	5	4499
1291	188	94.5077394633	2	4501
1292	191	94.4370763629	1	4502
1293	194	94.488030405	0	4502
1294	189	94.4369464111	3	4505
1295	189	94.3992861166	4	4509
1296	194	94.4638109946	1	4510
1297	196	94.3931336078	0	4510
1298	198	94.4677627576	1	4511
1299	197	94.3938768591	0	4511
1300	200	94.4458895825	0	4511
1301	195	94.5170048759	7	4518
1302	192	94.4918578245	2	4520
1303	194	94.4040094428	3	4523
1304	189	94.4900809829	7	4530
1305	188	94.4606684477	5	4535
1306	186	94.5542871122	4	4539
1307	185	94.5445698294	4	4543
1308	182	94.4502431832	6	4549
1309	178	94.4529616699	1	4550
1310	175	94.3865988518	0	4550
1311	175	94.4053248124	6	4556
1312	180	94.4258075098	7	4563
1313	175	94.518375742	3	4566
1314	172	94.5383830191	2	4568
1315	173	94.4894362856	1	4569
1316	169	94.4263400803	1	4570
1317	170	94.3920145366	6	4576
1318	174	94.4903156532	7	4583
1319	178	94.5776006392	4	4587
1320	175	94.5413561165	6	4593
1321	177	94.4474563849	2	4595
1322	178	94.3614171138	3	4598
1323	179	94.456661789	5	4603
1324	180	94.5243391318	1	4604
1325	177	94.6159938088	5	4609
1326	180	94.7091815988	5	4614
1327	180	94.7571966271	0	4614
1328	175	94.8496555359	4	4618
1329	177	94.9479912535	2	4620
1330	175	95.016850301	5	4625
1331	175	95.0178302288	3	4628
1332	178	95.0888728499	4	4632
1333	183	95.177787175	4	4636
1334	186	95.1837233946	0	4636
1335	191	95.2347886336	1	4637
1336	187	95.3018128851	4	4641
1337	192	95.2860486967	2	4643
1338	187	95.3287642495	5	4648
1339	192	95.3090946287	4	4652
1340	191	95.2338255554	4	4656
1341	190	95.3162588593	3	4659
1342	185	95.2618487492	3	4662
1343	181	95.2062939688	1	4663
1344	178	95.2430197076	4	4667
1345	174	95.3368051636	2	4669
1346	175	95.3161983465	7	4676
1347	175	95.2797928055	3	4679
1348	180	95.2315028281	5	4684
1349	182	95.2781523534	7	4691
1350	178	95.1964482846	4	4695
1351	179	95.2276000821	0	4695
1352	176	95.1882460972	5	4700
1353	178	95.1376937987	6	4706
1354	175	95.0575869735	7	4713
1355	176	95.1321000213	4	4717
1356	171	95.2163055041	1	4718
1357	176	95.1291839304	3	4721
1358	173	95.2210598978	0	4721
1359	174	95.2521628546	4	4725
1360	173	95.2781490411	2	4727
1361	173	95.2324268079	7	4734
1362	171	95.3271918208	7	4741
1363	166	95.371401513	0	4741
1364	163	95.3357078926	4	4745
1365	158	95.380386759	6	4751
1366	158	95.4669508811	5	4756
1367	160	95.4199851082	3	4759
1368	159	95.4952076819	3	4762
1369	155	95.4121043677	0	4762
1370	155	95.4951921331	3	4765
1371	151	95.5666056182	3	4768
1372	147	95.6268755297	7	4775
1373	143	95.5914812202	0	4775
1374	139	95.6865325997	6	4781
1375	134	95.7593245688	1	4782
1376	135	95.6788850829	0	4782
1377	138	95.621417374	0	4782
1378	141	95.5369132262	0	4782
1379	136	95.602574653	7	4789
1380	136	95.6605920819	3	4792
1381	135	95.7081163712	4	4796
1382	140	95.8073131301	4	4800
1383	139	95.8095733545	2	4802
1384	144	95.8066660553	1	4803
1385	139	95.735320991	6	4809
1386	135	95.6395379833	1	4810
1387	137	95.596940201	4	4814
1388	142	95.6497426663	0	4814
1389	140	95.6360839767	0	4814
1390	137	95.6665769688	4	4818
1391	142	95.6156938511	7	4825
1392	144	95.5203770061	5	4830
1393	142	95.5365094729	2	4832
1394	144	95.6297291679	4	4836
1395	139	95.6299411392	1	4837
1396	140	95.5819134333	0	4837
1397	142	95.602110364	6	4843
1398	139	95.6152584939	0	4843
1399	141	95.7147326441	1	4844
1400	144	95.7343347564	4	4848
1401	147	95.7437183604	7	4855
1402	149	95.8206847718	0	4855
1403	146	95.7216018606	5	4860
1404	149	95.7365863961	1	4861
1405	150	95.8127837016	1	4862
1406	147	95.8626284704	6	4868
1407	149	95.8655450341	2	4870
1408	153	95.7864726175	4	4874
1409	149	95.8175885393	7	4881
1410	150	95.7641521054	4	4885
1411	154	95.7415632347	0	4885
1412	152	95.7140646647	4	4889
1413	154	95.791716168	3	4892
1414	149	95.8039492656	1	4893
1415	153	95.7505679261	7	4900
1416	148	95.8420800372	5	4905
1417	151	95.8436471196	1	4906
1418	149	95.7572276166	0	4906
1419	148	95.7607711621	0	4906
1420	143	95.8308580618	7	4913
1421	138	95.7510350453	2	4915
1422	139	95.7388774581	5	4920
1423	134	95.7873860276	4	4924
1424	131	95.7746905249	3	4927
1425	132	95.6942810201	5	4932
1426	134	95.6435461265	1	4933
1427	135	95.6573802632	4	4937
1428	136	95.5964534201	6	4943
1429	139	95.5523499547	4	4947
1430	137	95.4906605483	7	4954
1431	140	95.4327953592	0	4954
1432	140	95.4911640078	2	4956
1433	145	95.5896166384	1	4957
1434	144	95.5806154953	2	4959
1435	141	95.4997037451	2	4961
1436	144	95.5983358443	5	4966
1437	142	95.5354627871	6	4972
1438	138	95.5339515084	6	4978
1439	143	95.6068927273	2	4980
1440	138	95.5628337569	7	4987
1441	141	95.5481389001	1	4988
1442	143	95.5105324868	1	4989
1443	148	95.5089064194	0	4989
1444	151	95.4558726883	4	4993
1445	146	95.3966922331	4	4997
1446	148	95.3451587403	6	5003
1447	153	95.3225153369	5	5008
1448	155	95.2923037129	4	5012
1449	151	95.3535751437	4	5016
1450	147	95.3662679501	3	5019
1451	142	95.2870321109	6	5025
1452	145	95.2454726308	7	5032
1453	143	95.1699798257	4	5036
1454	142	95.2665719758	3	5039
1455	142	95.2584212017	0	5039
1456	144	95.2267081865	5	5044
1457	146	95.2565382385	2	5046
1458	141	95.247886634	2	5048
1459	142	95.2484265147	2	5050
1460	146	95.1608165225	6	5056
1461	142	95.2508198072	1	5057
1462	139	95.2395767711	0	5057
1463	139	95.148708954	6	5063
1464	139	95.1106669514	4	5067
1465	140	95.181964226	5	5072
1466	136	95.1636901203	1	5073
1467	135	95.2509899102	4	5077
1468	130	95.2437971282	2	5079
1469	127	95.1721836606	3	5082
1470	131	95.2294242105	1	5083
1471	136	95.1376469215	5	5088
1472	137	95.0803379443	0	5088
1473	133	95.1736326737	4	5092
1474	138	95.1164972871	2	5094
1475	135	95.178299933	2	5096
1476	131	95.1560737485	2	5098
1477	131	95.2456573381	7	5105
1478	126	95.2867661241	2	5107
1479	122	95.2527787606	6	5113
1480	118	95.228626309	0	5113
1481	115	95.1346190431	2	5115
1482	114	95.1937146746	2	5117
1483	112	95.291187259	6	5123
1484	113	95.2528656738	2	5125
1485	111	95.1708009867	7	5132
1486	114	95.2359300991	5	5137
1487	118	95.1865723961	5	5142
1488	122	95.1686692515	0	5142
1489	124	95.2209562527	3	5145
1490	120	95.1855066042	5	5150
1491	119	95.1220055971	0	5150
1492	123	95.1664017066	7	5157
1493	123	95.152202533	7	5164
1494	120	95.1009809965	5	5169
1495	124	95.0331063321	3	5172
1496	119	95.0117654437	6	5178
1497	114	95.0718304639	7	5185
1498	110	95.0955758448	1	5186
1499	112	95.1512998714	6	5192
1500	115	95.0603240865	5	5197
1501	118	95.0416981609	1	5198
1502	117	95.0505564308	2	5200
1503	119	95.0234143585	0	5200
1504	114	94.9682587462	2	5202
1505	111	94.9751595671	3	5205
1506	112	95.0475024217	1	5206
1507	114	94.9962866602	2	5208
1508	113	95.0836346682	5	5213
1509	115	95.0026638082	6	5219
1510	117	94.9390481267	6	5225
1511	113	95.0099332205	7	5232
1512	116	94.9812712215	3	5235
1513	120	95.0293445455	3	5238
1514	115	95.030604183	2	5240
1515	120	94.9725309728	1	5241
1516	123	94.9035477054	6	5247
1517	127	94.8624661972	5	5252
1518	126	94.8472851763	6	5258
1519	126	94.7790714024	4	5262
1520	129	94.6978474867	5	5267
1521	130	94.6942223772	1	5268
1522	129	94.7841854512	0	5268
1523	130	94.723710137	4	5272
1524	125	94.7869836093	3	5275
1525	124	94.8788667995	4	5279
1526	119	94.779390847	0	5279
1527	116	94.7299872212	7	5286
1528	114	94.8068702007	2	5288
1529	111	94.8485315554	0	5288
1530	106	94.8073108535	0	5288
1531	108	94.8579058307	5	5293
1532	112	94.7637893228	7	5300
1533	110	94.8200281724	3	5303
1534	114	94.7293547898	5	5308
1535	110	94.7127775433	0	5308
1536	110	94.7809579331	0	5308
1537	106	94.7240226581	2	5310
1538	108	94.8215105325	0	5310
1539	104	94.7824652903	2	5312
1540	102	94.838185462	3	5315
1541	99	94.8869673298	1	5316
1542	95	94.9307688973	4	5320
1543	98	94.9865879204	4	5324
1544	103	95.0349647969	1	5325
1545	98	95.0693985693	0	5325
1546	102	95.0793300603	1	5326
1547	107	95.0756340386	7	5333
1548	110	95.1094950532	7	5340
1549	112	95.1775785722	1	5341
1550	109	95.1964103163	3	5344
1551	111	95.1549190657	0	5344
1552	107	95.0900600026	1	5345
1553	109	94.9989485039	1	5346
1554	108	94.9679125545	5	5351
1555	111	94.9353097253	6	5357
1556	114	94.8771212359	0	5357
1557	118	94.8340646532	2	5359
1558	113	94.8601770863	0	5359
1559	111	94.9062198771	0	5359
1560	116	94.8687322217	1	5360
1561	116	94.8331824343	1	5361
1562	121	94.8934197938	4	5365
1563	122	94.8044004502	5	5370
1564	127	94.7132505454	3	5373
1565	129	94.6320247231	7	5380
1566	132	94.5949640583	1	5381
1567	137	94.5125357938	5	5386
1568	137	94.4544703154	1	5387
1569	135	94.4885195782	5	5392
1570	133	94.5354205816	7	5399
1571	132	94.5696392574	2	5401
1572	128	94.6520738979	3	5404
1573	126	94.5533103602	6	5410
1574	130	94.5092823553	3	5413
1575	129	94.5911818238	1	5414
1576	131	94.6669088294	4	5418
1577	126	94.6642553876	7	5425
1578	129	94.5993645041	6	5431
1579	132	94.6159134254	5	5436
1580	132	94.5270667842	5	5441
1581	134	94.4585881453	1	5442
1582	133	94.5431326286	7	5449
1583	130	94.4581444448	7	5456
1584	132	94.3776773289	3	5459
1585	137	94.2787491425	7	5466
1586	134	94.1912057955	7	5473
1587	131	94.2721718666	1	5474
1588	132	94.1737736846	2	5476
1589	127	94.0808329533	2	5478
1590	126	94.0209491113	3	5481
1591	122	93.9889076954	0	5481
1592	126	94.0745850873	4	5485
1593	121	94.0452489305	4	5489
1594	121	93.9473844386	2	5491
1595	117	93.9674937373	2	5493
1596	117	94.0163041753	4	5497
1597	120	94.0338234059	2	5499
1598	116	93.9681693587	1	5500
1599	116	94.0259778205	5	5505
1600	112	94.1045046852	0	5505
1601	116	94.1644903502	7	5512
1602	115	94.0845823314	1	5513
1603	113	94.0783187078	4	5517
1604	109	94.0625038628	6	5523
1605	112	94.1201617079	0	5523
1606	115	94.178746806	3	5526
1607	118	94.2222659646	4	5530
1608	114	94.2270866283	4	5534
1609	113	94.1336146147	3	5537
1610	118	94.040145693	7	5544
1611	123	93.9456920489	5	5549
1612	124	93.9729343681	5	5554
1613	125	93.9893608558	2	5556
1614	123	94.0520962637	6	5562
1615	119	94.1505428506	2	5564
1616	122	94.2265368111	1	5565
1617	122	94.1975754166	3	5568
1618	126	94.1517246564	5	5573
1619	124	94.05209006	0	5573
1620	120	94.0247499866	5	5578
1621	120	94.108450836	4	5582
1622	116	94.0284425446	5	5587
1623	113	94.0695445492	0	5587
1624	115	94.0357019408	0	5587
1625	115	93.947312949	2	5589
1626	120	93.8926658427	4	5593
1627	125	93.9463371956	4	5597
1628	121	94.0234824686	4	5601
1629	117	93.9444157815	4	5605
1630	112	94.0232215112	1	5606
1631	108	94.0293063867	3	5609
1632	104	93.9793434915	1	5610
1633	105	93.9240934978	3	5613
1634	110	93.8455778532	2	5615
1635	106	93.8288805994	2	5617
1636	111	93.7963407543	1	5618
1637	108	93.7833084001	4	5622
1638	103	93.809926198	2	5624
1639	103	93.8340105988	7	5631
1640	106	93.7744808664	7	5638
1641	111	93.702560331	1	5639
1642	112	93.7874232356	5	5644
1643	107	93.8457514937	2	5646
1644	105	93.8483306506	0	5646
1645	102	93.7583320874	0	5646
1646	99	93.6736554841	1	5647
1647	99	93.6884773823	3	5650
1648	95	93.640477661	0	5650
1649	96	93.6536542751	1	5651
1650	93	93.5730661939	1	5652
1651	89	93.5697717779	3	5655
1652	90	93.5956826038	3	5658
1653	85	93.6750074983	2	5660
1654	81	93.6851884048	1	5661
1655	86	93.7227945272	5	5666
1656	85	93.6398576513	3	5669
1657	84	93.6596154204	2	5671
1658	87	93.6753752447	0	5671
1659	83	93.7115978607	4	5675
1660	84	93.6992747409	7	5682
1661	82	93.7540015689	4	5686
1662	82	93.7719676956	5	5691
1663	81	93.7956052393	1	5692
1664	80	93.8864653736	2	5694
1665	82	93.942720156	3	5697
1666	81	93.8579289789	1	5698
1667	79	93.8752961613	2	5700
1668	80	93.8409838979	4	5704
1669	76	93.826452329	6	5710
1670	73	93.8779580293	0	5710
1671	69	93.8960577076	3	5713
1672	64	93.9609270155	1	5714
1673	66	94.0231221227	5	5719
1674	66	93.9620542728	5	5724
1675	63	93.8886411691	1	5725
1676	68	93.8923795079	6	5731
1677	65	93.8349767159	1	5732
1678	66	93.8661838225	7	5739
1679	69	93.8994192628	4	5743
1680	72	93.8161205426	6	5749
1681	70	93.7293415938	5	5754
1682	75	93.7540209182	7	5761
1683	71	93.6742494356	4	5765
1684	66	93.721210047	0	5765
1685	62	93.6939998071	3	5768
1686	65	93.7602281172	5	5773
1687	68	93.7008761441	1	5774
1688	73	93.7095463416	3	5777
1689	71	93.7603554141	3	5780
1690	69	93.6940119237	5	5785
1691	68	93.7331265748	5	5790
1692	67	93.7676210432	3	5793
1693	68	93.7045294069	2	5795
1694	67	93.6409441174	4	5799
1695	62	93.6008543945	0	5799
1696	67	93.5574777549	7	5806
1697	66	93.4672356831	4	5810
1698	68	93.5646536101	2	5812
1699	66	93.5168887886	7	5819
1700	71	93.4229288116	1	5820
1701	67	93.3587064132	6	5826
1702	67	93.4574808851	2	5828
1703	63	93.4303875642	7	5835
1704	61	93.4759038429	5	5840
1705	57	93.4746146843	4	5844
1706	57	93.4318985218	1	5845
1707	53	93.4819207989	5	5850
1708	54	93.521268642	0	5850
1709	50	93.4974385754	7	5857
1710	55	93.4767095356	3	5860
1711	52	93.4570963939	6	5866
1712	51	93.4532139369	1	5867
1713	51	93.4177924928	5	5872
1714	52	93.3344191845	3	5875
1715	57	93.2475470082	6	5881
1716	55	93.1609628269	1	5882
1717	53	93.1455564591	2	5884
1718	50	93.1063818166	5	5889
1719	53	93.2000480621	0	5889
1720	54	93.1968170814	2	5891
1721	57	93.1723468586	1	5892
1722	59	93.2580788855	7	5899
1723	63	93.3081420768	4	5903
1724	62	93.2317497485	6	5909
1725	59	93.3255497343	0	5909
1726	63	93.4241376088	0	5909
1727	62	93.3489301839	6	5915
1728	58	93.2848888504	1	5916
1729	63	93.3575426138	3	5919
1730	67	93.3385614314	4	5923
1731	71	93.2688210924	3	5926
1732	71	93.1713558246	4	5930
1733	76	93.1995239426	3	5933
1734	73	93.1906904042	7	5940
1735	71	93.1426720006	3	5943
1736	72	93.1754669205	0	5943
1737	77	93.2681013253	4	5947
1738	82	93.236993002	4	5951
1739	85	93.2972577546	6	5957
1740	83	93.2772446563	0	5957
1741	78	93.2483197829	3	5960
1742	79	93.1798692481	7	5967
1743	79	93.255982472	3	5970
1744	84	93.3553046085	6	5976
1745	83	93.4000519404	2	5978
1746	81	93.3120710308	2	5980
1747	86	93.3592752183	2	5982
1748	91	93.3352464803	5	5987
1749	90	93.3036952514	0	5987
1750	95	93.3784599527	3	5990
1751	97	93.4577028785	5	5995
1752	99	93.3663628378	5	6000
1753	98	93.2979986018	5	6005
1754	102	93.390590086	2	6007
1755	107	93.3151952086	3	6010
1756	107	93.2233873228	7	6017
1757	108	93.299207269	6	6023
1758	109	93.2075716217	0	6023
1759	107	93.1487539722	1	6024
1760	109	93.1295833336	2	6026
1761	109	93.0980752532	6	6032
1762	109	93.1115103368	4	6036
1763	104	93.0664444115	7	6043
1764	101	93.1279571064	1	6044
1765	102	93.2135619643	7	6051
1766	105	93.2005217937	3	6054
1767	102	93.1146910973	2	6056
1768	98	93.201678469	7	6063
1769	96	93.1760984496	1	6064
1770	91	93.137336557	4	6068
1771	93	93.1292644501	7	6075
1772	97	93.1935958684	5	6080
1773	93	93.2385638193	1	6081
1774	92	93.2703027886	1	6082
1775	96	93.3548623307	1	6083
1776	98	93.3539043638	3	6086
1777	102	93.4419815	0	6086
1778	105	93.5138694821	1	6087
1779	100	93.4768814222	5	6092
1780	104	93.3844838227	6	6098
1781	109	93.4043196023	0	6098
1782	105	93.4257271526	4	6102
1783	103	93.4051871107	1	6103
1784	103	93.3169622187	4	6107
1785	98	93.4142519832	6	6113
1786	96	93.3422140143	2	6115
1787	94	93.4380295321	3	6118
1788	96	93.4258768801	0	6118
1789	96	93.347127093	1	6119
1790	100	93.4422817037	5	6124
1791	98	93.3567454378	0	6124
1792	98	93.4213491281	7	6131
1793	93	93.4989039113	5	6136
1794	97	93.4216714549	4	6140
1795	97	93.3422611651	7	6147
1796	100	93.3709809652	3	6150
1797	96	93.3418945921	5	6155
1798	101	93.336049523	7	6162
1799	103	93.2471199067	4	6166
1800	107	93.3155713322	6	6172
1801	112	93.3855727464	2	6174
1802	114	93.4426648671	7	6181
1803	116	93.4407552664	6	6187
1804	113	93.368882064	5	6192
1805	116	93.4460817067	5	6197
1806	114	93.3991048201	4	6201
1807	118	93.4837791961	1	6202
1808	115	93.5074191914	3	6205
1809	118	93.486165611	6	6211
1810	119	93.531920502	7	6218
1811	115	93.4791174533	7	6225
1812	112	93.5512343937	0	6225
1813	107	93.5230584195	3	6228
1814	108	93.4303586901	4	6232
1815	110	93.5225575747	0	6232
1816	115	93.5123225144	1	6233
1817	112	93.5424376331	2	6235
1818	116	93.5760215741	6	6241
1819	113	93.5300993381	3	6244
1820	113	93.5636591218	5	6249
1821	115	93.5444629475	3	6252
1822	115	93.6103619897	6	6258
1823	112	93.6891601245	2	6260
1824	107	93.7336467795	4	6264
1825	110	93.7378174414	7	6271
1826	114	93.739859193	1	6272
1827	114	93.7335556728	0	6272
1828	114	93.6917380343	5	6277
1829	109	93.7539408167	2	6279
1830	114	93.6594026752	0	6279
1831	111	93.6070140313	0	6279
1832	111	93.6860060234	4	6283
1833	109	93.649252713	6	6289
1834	109	93.6765201018	4	6293
1835	107	93.6161486216	1	6294
1836	111	93.6479060942	4	6298
1837	108	93.5800066232	5	6303
1838	107	93.6721689195	4	6307
1839	108	93.5734131907	4	6311
1840	109	93.6069784733	3	6314
1841	107	93.6722978349	1	6315
1842	102	93.6051556686	1	6316
1843	106	93.676427883	2	6318
1844	109	93.5836409982	4	6322
1845	105	93.5129413241	3	6325
1846	108	93.5936425401	3	6328
1847	112	93.6089385689	4	6332
1848	113	93.6508992169	0	6332
1849	108	93.6343981947	6	6338
1850	111	93.6305108391	2	6340
1851	116	93.5336730531	0	6340
1852	116	93.5667067132	2	6342
1853	116	93.6071964127	4	6346
1854	114	93.571895362	4	6350
1855	109	93.5390348655	4	6354
1856	105	93.5774232522	5	6359
1857	110	93.478383303	0	6359
1858	107	93.3871601039	5	6364
1859	106	93.4457421456	3	6367
1860	108	93.3996185584	2	6369
1861	112	93.4446389652	7	6376
1862	110	93.4016893527	7	6383
1863	110	93.3020711767	4	6387
1864	115	93.270558887	0	6387
1865	112	93.1772702725	4	6391
1866	115	93.1338719067	7	6398
1867	119	93.1416579548	6	6404
1868	124	93.0916985617	7	6411
1869	122	93.0605242353	2	6413
1870	118	92.9605854768	3	6416
1871	115	92.8919575121	4	6420
1872	110	92.8764489551	7	6427
1873	105	92.9061321662	3	6430
1874	101	92.9963807236	4	6434
1875	106	92.9258063123	5	6439
1876	107	92.9460017491	2	6441
1877	108	92.9417785773	1	6442
1878	112	92.952093212	1	6443
1879	115	93.0355661344	4	6447
1880	117	93.0808299571	5	6452
1881	117	93.1723290206	5	6457
1882	112	93.1210887637	6	6463
1883	115	93.0489351938	6	6469
1884	115	93.0174454017	2	6471
1885	120	92.9689089646	4	6475
1886	119	92.8716541749	2	6477
1887	115	92.8451470248	7	6484
1888	111	92.9127177072	5	6489
1889	109	92.9249668383	2	6491
1890	104	92.8876618263	2	6493
1891	99	92.9157194175	3	6496
1892	96	93.0116444718	2	6498
1893	101	92.9158893483	4	6502
1894	103	92.8769986951	3	6505
1895	102	92.7921105361	4	6509
1896	101	92.8690031769	7	6516
1897	106	92.9478653316	4	6520
1898	110	92.9613975551	4	6524
1899	115	93.0030040559	0	6524
1900	110	93.070025664	4	6528
1901	108	93.0081562745	4	6532
1902	113	92.9346669996	6	6538
1903	108	92.9675857412	7	6545
1904	104	93.0552241709	3	6548
1905	107	93.084988608	0	6548
1906	111	93.1631245976	6	6554
1907	110	93.2602832438	3	6557
1908	106	93.2728672023	1	6558
1909	110	93.2109679118	2	6560
1910	108	93.1381602737	7	6567
1911	108	93.0493133291	2	6569
1912	104	93.0515958795	3	6572
1913	101	93.0752482887	7	6579
1914	98	93.1713817257	2	6581
1915	103	93.1537911075	0	6581
1916	98	93.1583692548	2	6583
1917	99	93.2496804464	0	6583
1918	102	93.2980639804	6	6589
1919	106	93.3639263856	6	6595
1920	109	93.3235597437	7	6602
1921	108	93.3078186561	2	6604
1922	109	93.3669216019	1	6605
1923	106	93.4205083505	0	6605
1924	107	93.3525583019	0	6605
1925	103	93.3090345957	0	6605
1926	99	93.3395106814	1	6606
1927	96	93.3282824822	7	6613
1928	96	93.3083958689	1	6614
1929	98	93.4076724014	0	6614
1930	98	93.3332403567	7	6621
1931	102	93.3894635362	1	6622
1932	104	93.4528631319	6	6628
1933	109	93.3556711018	6	6634
1934	114	93.3224356467	1	6635
1935	118	93.3215173489	2	6637
1936	121	93.3973479183	5	6642
1937	126	93.4064306883	4	6646
1938	128	93.4899899715	6	6652
1939	126	93.4868151047	7	6659
1940	121	93.4185063696	0	6659
1941	124	93.4213048705	1	6660
1942	122	93.5045905369	6	6666
1943	127	93.5602470334	2	6668
1944	126	93.6050326533	2	6670
1945	128	93.5381991477	0	6670
1946	123	93.6026941789	0	6670
1947	127	93.6603796107	0	6670
1948	124	93.7405209945	3	6673
1949	124	93.7703489755	3	6676
1950	124	93.8597704531	2	6678
1951	123	93.8430412759	3	6681
1952	122	93.8457399999	7	6688
1953	127	93.9184456047	7	6695
1954	122	93.9699337298	1	6696
1955	122	93.9159176441	5	6701
1956	124	93.862947366	1	6702
1957	126	93.9602727589	5	6707
1958	121	93.9429318546	7	6714
1959	118	93.9546748223	6	6720
1960	120	93.8921540946	2	6722
1961	124	93.8489305749	2	6724
1962	123	93.7801001139	1	6725
1963	125	93.8756070755	5	6730
1964	122	93.8398762319	2	6732
1965	123	93.740212881	5	6737
1966	121	93.8245767566	6	6743
1967	116	93.7821017362	5	6748
1968	116	93.7971323207	3	6751
1969	119	93.8223122899	4	6755
1970	123	93.7750418245	1	6756
1971	124	93.705032316	3	6759
1972	120	93.6881115494	7	6766
1973	124	93.7471234327	7	6773
1974	125	93.7234221441	6	6779
1975	121	93.8161302298	4	6783
1976	125	93.7564555216	6	6789
1977	130	93.7146103269	1	6790
1978	132	93.6954674169	3	6793
1979	134	93.7745110518	0	6793
1980	131	93.8251802959	7	6800
1981	136	93.8682166093	0	6800
1982	134	93.8931321915	0	6800
1983	129	93.8104494328	2	6802
1984	129	93.8129374761	6	6808
1985	128	93.7854214495	7	6815
1986	132	93.7994167347	0	6815
1987	136	93.7671511389	2	6817
1988	134	93.8202476791	1	6818
1989	134	93.8560569123	0	6818
1990	129	93.759771528	7	6825
1991	124	93.6971677649	5	6830
1992	128	93.7132867806	5	6835
1993	125	93.7740094333	6	6841
1994	127	93.7853698091	4	6845
1995	131	93.8462007711	5	6850
1996	129	93.8472319961	0	6850
1997	127	93.86719568	6	6856
1998	131	93.7856659908	0	6856
1999	128	93.7341470549	0	6856
2000	130	93.8077565104	0	6856
2001	131	93.8918340287	5	6861
2002	127	93.9497746876	1	6862
2003	123	93.8510507037	6	6868
2004	126	93.8448009892	7	6875
2005	122	93.8783035585	5	6880
2006	123	93.8585390556	2	6882
2007	124	93.7671104831	6	6888
2008	119	93.6915194732	4	6892
2009	117	93.7635717597	6	6898
2010	118	93.8442282983	7	6905
2011	121	93.8510706238	0	6905
2012	117	93.8823063513	3	6908
2013	113	93.9085157017	5	6913
2014	117	93.8362102212	0	6913
2015	118	93.8072469021	6	6919
2016	121	93.7623049784	3	6922
2017	118	93.6919090157	1	6923
2018	116	93.7223803907	2	6925
2019	118	93.7874131491	7	6932
2020	123	93.8656544375	2	6934
2021	118	93.9368929344	3	6937
2022	116	94.0321342867	7	6944
2023	112	94.0175591267	2	6946
2024	110	94.1076872256	4	6950
2025	107	94.1441975248	6	6956
2026	108	94.2435343432	2	6958
2027	107	94.1491726041	7	6965
2028	105	94.184020722	6	6971
2029	110	94.1227127793	1	6972
2030	114	94.0920167957	2	6974
2031	116	94.1083829378	3	6977
2032	120	94.1368905272	3	6980
2033	122	94.1954948188	3	6983
2034	119	94.195128356	0	6983
2035	119	94.1429287117	5	6988
2036	123	94.1302878995	3	6991
2037	118	94.1413781455	4	6995
2038	121	94.0706524112	5	7000
2039	124	93.9997913665	3	7003
2040	128	93.9013110831	5	7008
2041	123	93.8567601939	5	7013
2042	120	93.9410550379	6	7019
2043	122	93.8604395714	7	7026
2044	118	93.9350715368	7	7033
2045	114	93.8895456682	1	7034
2046	110	93.962810619	0	7034
2047	112	93.9811296378	4	7038
2048	115	94.0432615742	6	7044
2049	112	94.1370074438	6	7050
2050	115	94.0404372336	5	7055
2051	114	93.9932550904	6	7061
2052	109	93.9369244777	6	7067
2053	113	94.0264446178	7	7074
2054	111	93.981282879	2	7076
2055	114	93.9637105025	7	7083
2056	114	94.0229254124	4	7087
2057	115	93.9495099136	5	7092
2058	114	93.8602101681	2	7094
2059	113	93.7659050917	7	7101
2060	111	93.8524271158	4	7105
2061	106	93.9115077677	4	7109
2062	105	93.9627170683	3	7112
2063	100	93.8803124266	4	7116
2064	102	93.8481030983	4	7120
2065	104	93.912091105	7	7127
2066	105	94.0072127102	3	7130
2067	100	94.0782084665	2	7132
2068	95	93.9800622485	5	7137
2069	96	94.0212114883	2	7139
2070	101	94.0152676139	6	7145
2071	106	94.0844852924	0	7145
2072	103	94.0038529514	0	7145
2073	108	93.9102293571	2	7147
2074	105	94.0035983252	2	7149
2075	109	93.9103630799	7	7156
2076	107	93.9154900781	2	7158
2077	108	93.9547718779	6	7164
2078	103	94.0539694372	4	7168
2079	107	93.961982882	4	7172
2080	104	93.9550025312	1	7173
2081	101	93.9656910851	6	7179
2082	101	93.9708716887	7	7186
2083	104	93.8817016603	6	7192
2084	104	93.7921281014	6	7198
2085	107	93.7066368942	4	7202
2086	103	93.7726722925	3	7205
2087	98	93.8492599579	6	7211
2088	96	93.8693459044	7	7218
2089	97	93.815881812	2	7220
2090	98	93.8034097954	3	7223
2091	103	93.8530950823	2	7225
2092	99	93.773289052	2	7227
2093	104	93.8398792488	5	7232
2094	101	93.8784101288	5	7237
2095	105	93.8753754404	0	7237
2096	110	93.7909150313	5	7242
2097	108	93.7743188275	2	7244
2098	105	93.7085984503	5	7249
2099	103	93.6429575403	3	7252
2100	103	93.6372817062	6	7258
2101	108	93.6713363038	3	7261
2102	107	93.7003993221	2	7263
2103	107	93.7899183855	4	7267
2104	104	93.7244054754	6	7273
2105	109	93.7583831149	7	7280
2106	106	93.6642438686	7	7287
2107	103	93.6396219756	6	7293
2108	101	93.6979863157	5	7298
2109	102	93.6584436249	7	7305
2110	103	93.7234740924	0	7305
2111	103	93.6346031833	1	7306
2112	104	93.6598779514	2	7308
2113	105	93.6106146816	6	7314
2114	107	93.5999600189	4	7318
2115	106	93.5243172269	3	7321
2116	111	93.4773781983	0	7321
2117	116	93.3837638719	4	7325
2118	113	93.448701885	5	7330
2119	113	93.4725382941	6	7336
2120	118	93.4956385525	0	7336
2121	113	93.5570637217	6	7342
2122	111	93.6460616472	3	7345
2123	109	93.6950881591	5	7350
2124	109	93.5952386862	7	7357
2125	111	93.5041379901	1	7358
2126	110	93.574137221	0	7358
2127	111	93.5412820989	1	7359
2128	108	93.529896337	3	7362
2129	103	93.4701252659	3	7365
2130	102	93.4526509425	7	7372
2131	104	93.4762490937	3	7375
2132	109	93.4679349221	4	7379
2133	105	93.5316417103	0	7379
2134	108	93.4809034653	2	7381
2135	113	93.5123799138	3	7384
2136	112	93.4816974556	2	7386
2137	110	93.544156283	5	7391
2138	107	93.5564166282	1	7392
2139	111	93.60120687	4	7396
2140	106	93.5060395169	2	7398
2141	103	93.5412940566	6	7404
2142	103	93.6407323661	6	7410
2143	105	93.643914049	4	7414
2144	100	93.7294090825	4	7418
2145	96	93.6321571732	2	7420
2146	101	93.7010260583	0	7420
2147	102	93.6757575549	4	7424
2148	103	93.6313350433	6	7430
2149	100	93.6311780809	2	7432
2150	100	93.5754096222	2	7434
2151	101	93.5168116903	5	7439
2152	101	93.4944372262	2	7441
2153	106	93.5380488193	2	7443
2154	107	93.6087634273	1	7444
2155	112	93.5527423614	6	7450
2156	110	93.6151141496	3	7453
2157	112	93.6897793461	5	7458
2158	111	93.7273330093	2	7460
2159	109	93.6714905061	6	7466
2160	106	93.6791263386	0	7466
2161	102	93.5892478908	4	7470
2162	99	93.5412228771	1	7471
2163	104	93.6315933384	1	7472
2164	105	93.6343342045	3	7475
2165	105	93.5974655368	7	7482
2166	107	93.5508452247	0	7482
2167	106	93.5680128015	5	7487
2168	109	93.5990750848	5	7492
2169	108	93.5326537993	1	7493
2170	108	93.5030536255	2	7495
2171	109	93.4038354985	4	7499
2172	112	93.4003994728	7	7506
2173	115	93.3425101409	3	7509
2174	113	93.3411339587	0	7509
2175	117	93.3790701996	5	7514
2176	119	93.3268347016	4	7518
2177	124	93.2837254357	2	7520
2178	127	93.2126654061	1	7521
2179	130	93.1807560129	1	7522
2180	132	93.2698082551	1	7523
2181	129	93.1954234884	3	7526
2182	130	93.247018605	5	7531
2183	128	93.2025657686	7	7538
2184	128	93.1061349397	3	7541
2185	126	93.1060047243	4	7545
2186	128	93.0387715678	3	7548
2187	125	93.0167535406	5	7553
2188	129	92.9867613186	1	7554
2189	129	92.9797355953	2	7556
2190	130	93.0171874866	3	7559
2191	131	92.9294542115	7	7566
2192	126	92.9876893425	4	7570
2193	125	93.0305753155	3	7573
2194	125	92.9943148086	7	7580
2195	124	92.9724152442	2	7582
2196	119	92.9047218135	0	7582
2197	114	92.9831703078	0	7582
2198	115	93.0150845276	3	7585
2199	117	93.0541980335	1	7586
2200	117	93.1181286202	6	7592
2201	115	93.1097466266	1	7593
2202	113	93.1678112012	1	7594
2203	108	93.2647425173	4	7598
2204	112	93.1953646552	1	7599
2205	117	93.1889978224	6	7605
2206	122	93.2321539521	2	7607
2207	126	93.2746857	3	7610
2208	126	93.2206606282	5	7615
2209	127	93.1561107386	7	7622
2210	131	93.0842569878	6	7628
2211	126	92.9857380633	2	7630
2212	124	92.893220483	5	7635
2213	122	92.8398394957	1	7636
2214	121	92.8828278392	3	7639
2215	122	92.9385314804	0	7639
2216	119	92.9073598686	1	7640
2217	116	92.9241301696	1	7641
2218	115	92.8519831047	0	7641
2219	110	92.8263737625	5	7646
2220	112	92.7708267841	5	7651
2221	114	92.8314608723	7	7658
2222	110	92.7533824062	2	7660
2223	108	92.7821621312	7	7667
2224	106	92.8017101083	3	7670
2225	111	92.8330272461	6	7676
2226	106	92.797616014	3	7679
2227	103	92.7433337726	0	7679
2228	98	92.7405017135	0	7679
2229	98	92.810731064	6	7685
2230	93	92.787026777	0	7685
2231	96	92.799907823	1	7686
2232	91	92.8830134983	3	7689
2233	93	92.8790909877	7	7696
2234	98	92.8795785056	5	7701
2235	100	92.9295011447	1	7702
2236	103	92.8863733403	6	7708
2237	102	92.8029310078	5	7713
2238	106	92.7880483735	7	7720
2239	108	92.8612002368	6	7726
2240	111	92.9291610665	3	7729
2241	106	92.8822267363	2	7731
2242	102	92.9227707951	1	7732
2243	104	92.8487979251	7	7739
2244	107	92.8316900689	1	7740
2245	110	92.8959381962	5	7745
2246	110	92.9903510186	4	7749
2247	114	93.0044792668	5	7754
2248	119	92.9618554417	6	7760
2249	117	92.9843948386	2	7762
2250	118	93.0791489153	6	7768
2251	113	93.0618493447	0	7768
2252	115	93.1513435754	4	7772
2253	111	93.1841592759	0	7772
2254	116	93.1049802984	5	7777
2255	121	93.0514429937	0	7777
2256	119	93.0981017478	5	7782
2257	118	93.1576517389	2	7784
2258	117	93.1850602666	0	7784
2259	114	93.1777065689	1	7785
2260	110	93.0920402406	1	7786
2261	105	92.9977030981	0	7786
2262	110	92.9796856908	0	7786
2263	107	93.0423705556	2	7788
2264	112	93.0961572057	5	7793
2265	114	93.0524208038	2	7795
2266	112	92.9524394133	5	7800
2267	107	92.9670778855	2	7802
2268	106	92.8930512755	3	7805
2269	107	92.8156581669	5	7810
2270	110	92.7464958111	6	7816
2271	114	92.7403634464	7	7823
2272	117	92.6769758772	6	7829
2273	122	92.6217470556	0	7829
2274	117	92.7041199698	6	7835
2275	119	92.7185033902	7	7842
2276	119	92.6331815324	2	7844
2277	118	92.6223500844	2	7846
2278	115	92.6333127965	4	7850
2279	110	92.5713687238	4	7854
2280	106	92.6419079257	7	7861
2281	107	92.6361967332	5	7866
2282	105	92.6793814335	3	7869
2283	101	92.7358152567	7	7876
2284	97	92.8194153917	6	7882
2285	100	92.8493467356	5	7887
2286	99	92.9042676395	5	7892
2287	100	92.9746540442	7	7899
2288	100	93.0539850586	4	7903
2289	97	93.1500741493	1	7904
2290	101	93.188855822	2	7906
2291	98	93.1817060442	3	7909
2292	103	93.113635307	3	7912
2293	102	93.1014328202	7	7919
2294	105	93.1508758788	5	7924
2295	105	93.2172821049	4	7928
2296	102	93.2533552148	3	7931
2297	102	93.248335761	1	7932
2298	98	93.1800417254	5	7937
2299	102	93.0936232298	2	7939
2300	106	93.0477742456	0	7939
2301	102	93.016628591	2	7941
2302	102	93.0364040829	5	7946
2303	98	93.1310389697	5	7951
2304	98	93.1978792723	4	7955
2305	93	93.2477388822	1	7956
2306	91	93.2269322947	0	7956
2307	90	93.2750962553	6	7962
2308	88	93.281391575	3	7965
2309	83	93.280197817	4	7969
2310	80	93.2047814321	4	7973
2311	83	93.2171110151	6	7979
2312	85	93.1497506773	0	7979
2313	85	93.1843264044	5	7984
2314	81	93.1689759518	5	7989
2315	76	93.2195108022	5	7994
2316	74	93.3047638253	0	7994
2317	72	93.3988337719	5	7999
2318	73	93.3160618071	4	8003
2319	70	93.2809276136	5	8008
2320	71	93.2596368226	6	8014
2321	68	93.2242945787	7	8021
2322	65	93.2108317645	3	8024
2323	68	93.2013945088	2	8026
2324	66	93.2274359233	6	8032
2325	61	93.1662851836	2	8034
2326	65	93.2459997384	7	8041
2327	61	93.1841968289	1	8042
2328	63	93.1451968462	2	8044
2329	60	93.218932374	5	8049
2330	56	93.1387422036	6	8055
2331	59	93.2200048766	7	8062
2332	60	93.2627667796	2	8064
2333	60	93.2623806859	2	8066
2334	59	93.1712593783	5	8071
2335	54	93.0755796849	3	8074
2336	55	93.0130521558	4	8078
2337	56	92.9632175733	6	8084
2338	53	92.937650198	6	8090
2339	55	92.8951300224	1	8091
2340	60	92.8427763281	3	8094
2341	59	92.8450661378	2	8096
2342	61	92.7839161849	2	8098
2343	66	92.7163390686	1	8099
2344	65	92.6852105743	7	8106
2345	70	92.7534229464	1	8107
2346	73	92.7453754383	0	8107
2347	75	92.7582816191	2	8109
2348	75	92.7456264393	6	8115
2349	78	92.8211490888	3	8118
2350	77	92.7756128217	2	8120
2351	77	92.8702073804	2	8122
2352	79	92.8007947448	5	8127
2353	77	92.8122687568	0	8127
2354	75	92.7762002227	1	8128
2355	74	92.758080473	5	8133
2356	71	92.6865538645	7	8140
2357	71	92.6577242463	3	8143
2358	76	92.664458761	0	8143
2359	79	92.6781925228	4	8147
2360	74	92.6242377199	5	8152
2361	79	92.6795633024	1	8153
2362	74	92.6639255959	7	8160
2363	79	92.7002314291	2	8162
2364	81	92.7500850717	6	8168
2365	85	92.7183029941	2	8170
2366	89	92.7851370529	4	8174
2367	87	92.8501572723	6	8180
2368	90	92.8919214516	6	8186
2369	88	92.8853684411	2	8188
2370	92	92.8941130105	0	8188
2371	94	92.8598184275	6	8194
2372	94	92.8354782418	5	8199
2373	99	92.9060726918	5	8204
2374	94	92.9154722328	3	8207
2375	90	92.9577100341	7	8214
2376	88	92.9444050109	6	8220
2377	90	92.8966167422	6	8226
2378	87	92.9269755032	7	8233
2379	82	92.9137724701	5	8238
2380	87	92.9039905464	2	8240
2381	87	92.8110352855	2	8242
2382	83	92.765472468	3	8245
2383	85	92.7297394798	2	8247
2384	81	92.7230517084	7	8254
2385	82	92.8093399721	0	8254
2386	78	92.7482437852	3	8257
2387	76	92.6852591473	0	8257
2388	81	92.6130863527	1	8258
2389	82	92.5265568899	7	8265
2390	78	92.4585716843	0	8265
2391	80	92.5315793883	7	8272
2392	80	92.6292509799	5	8277
2393	80	92.5481119482	2	8279
2394	82	92.4709291662	3	8282
2395	87	92.5383970032	3	8285
2396	87	92.6013825553	2	8287
2397	83	92.5929733252	1	8288
2398	78	92.5026966228	6	8294
2399	79	92.5362844067	6	8300
2400	74	92.6270801192	5	8305
2401	71	92.7021093011	6	8311
2402	75	92.6582827313	0	8311
2403	78	92.7528588912	1	8312
2404	79	92.8348485301	4	8316
2405	76	92.8271292637	5	8321
2406	81	92.8577290297	1	8322
2407	78	92.8572344024	7	8329
2408	78	92.8432544348	0	8329
2409	79	92.8631526954	1	8330
2410	78	92.7892333499	0	8330
2411	81	92.7543279119	1	8331
2412	81	92.7649198836	2	8333
2413	76	92.7314721031	2	8335
2414	73	92.7990276178	7	8342
2415	69	92.897665549	7	8349
2416	70	92.8645925754	5	8354
2417	73	92.7758174519	7	8361
2418	70	92.8738094783	7	8368
2419	69	92.7906486102	2	8370
2420	66	92.7753637222	5	8375
2421	63	92.8221047	5	8380
2422	60	92.83830509	6	8386
2423	61	92.8481725027	2	8388
2424	65	92.7610979234	2	8390
2425	68	92.773881045	7	8397
2426	63	92.7849383458	2	8399
2427	61	92.8249792062	3	8402
2428	62	92.9242598597	5	8407
2429	63	92.8289845067	7	8414
2430	60	92.8104976464	6	8420
2431	61	92.8108525002	4	8424
2432	66	92.7230219458	7	8431
2433	70	92.6991074182	0	8431
2434	73	92.7776848495	7	8438
2435	68	92.8560067273	5	8443
2436	70	92.8890398358	2	8445
2437	75	92.8053716518	2	8447
2438	72	92.7369082808	0	8447
2439	68	92.6970226552	2	8449
2440	72	92.5971154577	2	8451
2441	76	92.5554363722	1	8452
2442	73	92.6366988413	0	8452
2443	77	92.6674358706	3	8455
2444	72	92.7644931619	7	8462
2445	74	92.6727177749	6	8468
2446	71	92.5757944504	1	8469
2447	70	92.5866283762	6	8475
2448	65	92.6366291264	3	8478
2449	62	92.6044490539	0	8478
2450	59	92.6487660094	5	8483
2451	57	92.6106185589	3	8486
2452	59	92.6799385326	2	8488
2453	62	92.7100867867	1	8489
2454	62	92.6397823063	6	8495
2455	58	92.5740569257	7	8502
2456	62	92.4845534987	6	8508
2457	60	92.5758300301	4	8512
2458	62	92.593658142	4	8516
2459	63	92.5719752251	1	8517
2460	64	92.5768606839	6	8523
2461	64	92.4993879051	2	8525
2462	63	92.5834495541	1	8526
2463	61	92.5319297457	0	8526
2464	63	92.488447497	1	8527
2465	61	92.5543873005	3	8530
2466	58	92.5055065583	3	8533
2467	60	92.4481629873	1	8534
2468	57	92.3826070197	3	8537
2469	56	92.3838097472	2	8539
2470	53	92.3456710737	2	8541
2471	56	92.4229925439	7	8548
2472	61	92.3350909989	2	8550
2473	63	92.4336012331	4	8554
2474	62	92.3985664379	7	8561
2475	65	92.3323580193	7	8568
2476	64	92.362725479	0	8568
2477	62	92.4176425104	3	8571
2478	57	92.4985883292	7	8578
2479	57	92.4783026779	1	8579
2480	52	92.4015301438	4	8583
2481	54	92.3571482621	4	8587
2482	59	92.3031535814	4	8591
2483	64	92.2850877962	4	8595
2484	60	92.2448112459	6	8601
2485	65	92.157669751	5	8606
2486	62	92.2329150048	7	8613
2487	57	92.2805027954	2	8615
2488	55	92.19489418	2	8617
2489	53	92.1581362494	0	8617
2490	53	92.2020574567	4	8621
2491	55	92.210196485	6	8627
2492	50	92.1438431068	5	8632
2493	55	92.2357873136	2	8634
2494	57	92.2732946951	0	8634
2495	56	92.3383542911	3	8637
2496	58	92.2411780983	6	8643
2497	53	92.2877562485	4	8647
2498	55	92.3077489591	5	8652
2499	59	92.2114721212	2	8654
2500	62	92.2064670219	2	8656
2501	59	92.1879685712	3	8659
2502	57	92.2226772163	0	8659
2503	53	92.138633124	5	8664
2504	50	92.0797942335	2	8666
2505	53	92.058422772	3	8669
2506	55	92.0106896716	3	8672
2507	51	91.910797349	6	8678
2508	50	91.963872926	0	8678
2509	50	91.9108377592	7	8685
2510	50	91.909825348	5	8690
2511	51	91.8373091203	6	8696
2512	50	91.9188769518	0	8696
2513	50	91.8837364877	4	8700
2514	50	91.9650140205	7	8707
2515	52	92.0344907569	5	8712
2516	53	92.0385682358	1	8713
2517	54	92.0679929894	7	8720
2518	59	92.1344853724	7	8727
2519	60	92.1129524102	2	8729
2520	55	92.0148004061	5	8734
2521	53	91.9905806797	6	8740
2522	52	91.9174553164	0	8740
2523	50	91.9499356365	2	8742
2524	53	91.9991517645	2	8744
2525	57	91.9752089416	6	8750
2526	60	91.9563188792	1	8751
2527	64	92.0045871407	1	8752
2528	62	91.9237862307	5	8757
2529	65	91.8969414368	1	8758
2530	67	91.8296144065	7	8765
2531	62	91.8206059857	2	8767
2532	67	91.7865169695	2	8769
2533	72	91.7041304989	1	8770
2534	74	91.7970420825	6	8776
2535	76	91.8346091616	4	8780
2536	75	91.827767143	2	8782
2537	75	91.8451853084	5	8787
2538	77	91.8293699104	3	8790
2539	72	91.7671922401	5	8795
2540	68	91.8108006296	6	8801
2541	73	91.8726250958	6	8807
2542	75	91.8907483709	6	8813
2543	80	91.8701509334	0	8813
2544	80	91.8886299075	4	8817
2545	75	91.9323715364	0	8817
2546	80	91.9766039608	1	8818
2547	78	91.9726003703	3	8821
2548	77	91.8819655447	7	8828
2549	81	91.8814385618	1	8829
2550	86	91.9764709106	2	8831
2551	91	92.0043943884	0	8831
2552	88	92.0704182979	2	8833
2553	89	92.0507057273	2	8835
2554	92	91.9944943158	4	8839
2555	96	92.0085105344	0	8839
2556	99	92.0592621263	6	8845
2557	96	92.0439170047	1	8846
2558	96	92.078855388	6	8852
2559	91	92.0244186936	2	8854
2560	96	91.9833720898	0	8854
2561	93	91.9055101519	3	8857
2562	88	91.9579740133	4	8861
2563	89	91.9766859977	5	8866
2564	88	91.9766688585	3	8869
2565	88	92.0540586791	4	8873
2566	93	92.1279548511	6	8879
2567	88	92.0840739941	7	8886
2568	83	92.014799137	3	8889
2569	82	91.9649575632	2	8891
2570	77	92.0250358424	5	8896
2571	78	92.0386332453	7	8903
2572	76	92.0486405148	4	8907
2573	77	91.9829062809	5	8912
2574	81	91.8838792496	2	8914
2575	80	91.8932352739	6	8920
2576	85	91.8722230774	6	8926
2577	84	91.91712196	4	8930
2578	84	91.9623633689	6	8936
2579	86	91.9976037944	4	8940
2580	86	92.0337501264	2	8942
2581	89	91.9712059202	4	8946
2582	87	92.0353406098	4	8950
2583	86	92.1305060573	5	8955
2584	82	92.074605428	2	8957
2585	83	92.0773489222	3	8960
2586	86	92.0707009039	4	8964
2587	90	92.0169794606	6	8970
2588	85	91.94184638	2	8972
2589	89	91.9805821989	4	8976
2590	91	92.059248143	3	8979
2591	92	92.0237927007	6	8985
2592	95	91.9697446398	5	8990
2593	94	92.0102167815	2	8992
2594	90	91.9815780789	2	8994
2595	88	92.0037259865	1	8995
2596	86	91.9455352988	5	9000
2597	82	92.012624902	4	9004
2598	79	92.0968499944	5	9009
2599	83	92.1006620412	0	9009
2600	80	92.1688287035	5	9014
2601	81	92.1436672994	1	9015
2602	77	92.1053733747	4	9019
2603	73	92.0404692044	5	9024
2604	76	92.1058299667	5	9029
2605	77	92.1454661689	3	9032
2606	75	92.1015222784	6	9038
2607	73	92.0820439555	0	9038
2608	72	92.0295007125	5	9043
2609	74	91.9796144193	6	9049
2610	69	92.0396663377	4	9053
2611	69	91.988761478	7	9060
2612	66	91.9177476061	7	9067
2613	65	91.828102248	7	9074
2614	60	91.8726057154	4	9078
2615	60	91.7733931379	4	9082
2616	64	91.820691693	2	9084
2617	68	91.8877409443	2	9086
2618	71	91.9581073391	3	9089
2619	71	91.8615949467	3	9092
2620	71	91.9404644778	0	9092
2621	75	91.9219713917	2	9094
2622	77	91.8382980767	6	9100
2623	73	91.8619222439	2	9102
2624	73	91.8684685755	0	9102
2625	70	91.7913649264	5	9107
2626	69	91.8237473276	6	9113
2627	69	91.8146393862	5	9118
2628	70	91.8649705867	1	9119
2629	71	91.7797249853	6	9125
2630	72	91.7978229821	2	9127
2631	71	91.709293218	3	9130
2632	75	91.6670161957	6	9136
2633	78	91.7135290542	7	9143
2634	79	91.786826157	5	9148
2635	83	91.8384833669	7	9155
2636	79	91.8065781015	7	9162
2637	74	91.7717590493	7	9169
2638	71	91.7052684483	4	9173
2639	71	91.6242400689	5	9178
2640	68	91.5715627606	5	9183
2641	67	91.6678564563	3	9186
2642	68	91.6011647458	6	9192
2643	71	91.5482818238	2	9194
2644	73	91.5192927644	7	9201
2645	77	91.540256568	2	9203
2646	74	91.6310339546	2	9205
2647	72	91.593138399	1	9206
2648	75	91.6598349235	4	9210
2649	80	91.6707892371	6	9216
2650	80	91.7450825453	2	9218
2651	78	91.705460144	3	9221
2652	78	91.6950060908	0	9221
2653	73	91.6540106761	7	9228
2654	75	91.7255268029	6	9234
2655	79	91.6333910104	6	9240
2656	76	91.6896298348	1	9241
2657	76	91.698444815	6	9247
2658	75	91.7639911643	2	9249
2659	71	91.8373447487	4	9253
2660	66	91.7680633306	1	9254
2661	69	91.6911287206	1	9255
2662	73	91.7534749997	6	9261
2663	70	91.7496127671	5	9266
2664	68	91.7397449199	1	9267
2665	73	91.8366447966	3	9270
2666	70	91.8035989319	2	9272
2667	73	91.7513101572	0	9272
2668	78	91.767557123	0	9272
2669	77	91.7775550957	3	9275
2670	76	91.861875369	0	9275
2671	73	91.9259375202	3	9278
2672	74	91.8898661916	0	9278
2673	72	91.9716716747	3	9281
2674	71	91.9007738668	7	9288
2675	69	91.9727857779	5	9293
2676	71	91.9412329273	5	9298
2677	71	91.9987177396	7	9305
2678	71	91.9386614891	6	9311
2679	68	91.9176041656	3	9314
2680	72	91.9813431103	4	9318
2681	72	92.0119285282	4	9322
2682	76	92.004212924	3	9325
2683	78	91.9511433409	5	9330
2684	78	91.8613789164	7	9337
2685	78	91.813376515	5	9342
2686	80	91.7606771262	4	9346
2687	77	91.8373401855	2	9348
2688	79	91.8366178884	7	9355
2689	83	91.8514640064	5	9360
2690	85	91.8161506648	3	9363
2691	88	91.7623185944	7	9370
2692	86	91.7222199768	5	9375
2693	87	91.637538968	5	9380
2694	85	91.6984285733	7	9387
2695	83	91.7118846727	6	9393
2696	83	91.6492590772	0	9393
2697	85	91.6397761142	0	9393
2698	83	91.6959283299	4	9397
2699	86	91.6541043272	4	9401
2700	90	91.6802977802	5	9406
2701	85	91.5908702542	5	9411
2702	87	91.5196367302	6	9417
2703	82	91.6185076328	0	9417
2704	81	91.612593928	6	9423
2705	82	91.5144420282	4	9427
2706	78	91.4822713246	5	9432
2707	75	91.4263801379	2	9434
2708	71	91.3655740789	5	9439
2709	66	91.4370847901	4	9443
2710	71	91.4343194858	4	9447
2711	72	91.4931593301	6	9453
2712	76	91.4282077076	7	9460
2713	78	91.440816865	7	9467
2714	83	91.379095998	1	9468
2715	81	91.4675138462	0	9468
2716	83	91.4139532385	1	9469
2717	78	91.4201150303	1	9470
2718	73	91.4368319037	2	9472
2719	73	91.4663637726	5	9477
2720	70	91.4431228786	7	9484
2721	75	91.5039736759	1	9485
2722	77	91.4599417471	2	9487
2723	80	91.5421629966	7	9494
2724	81	91.5674232175	0	9494
2725	77	91.6451286501	3	9497
2726	77	91.6167311944	1	9498
2727	74	91.5504754846	2	9500
2728	76	91.6433405031	6	9506
2729	73	91.6692749177	7	9513
2730	77	91.6883911849	6	9519
2731	79	91.6452244056	1	9520
2732	83	91.5896510148	4	9524
2733	84	91.582001169	3	9527
2734	80	91.6194158706	0	9527
2735	85	91.7189293684	0	9527
2736	87	91.6730388471	0	9527
2737	90	91.6537207774	6	9533
2738	86	91.6312931104	6	9539
2739	86	91.6443351376	5	9544
2740	81	91.7364024905	5	9549
2741	86	91.7969241233	3	9552
2742	88	91.8309282273	3	9555
2743	83	91.7720911544	5	9560
2744	78	91.8604175527	5	9565
2745	81	91.9308193042	2	9567
