1	126	94.9881217759	2	2
2	126	95.0483429674	3	5
3	127	94.9485950302	6	11
4	125	94.8769648644	4	15
5	124	94.9298607036	3	18
6	129	94.8419771411	1	19
7	132	94.8780582543	7	26
8	133	94.8359779398	6	32
9	133	94.8401766972	3	35
10	134	94.895129492	2	37
11	137	94.991443567	4	41
12	138	94.9129855827	4	45
13	141	94.870406992	0	45
14	138	94.9361787626	4	49
15	138	94.8724594963	5	54
16	137	94.8714091669	0	54
17	139	94.8569620133	1	55
18	138	94.9343606693	7	62
19	138	94.9833775992	0	62
20	134	94.9342425094	3	65
21	136	94.8704790519	2	67
22	132	94.8157958961	4	71
23	129	94.8561444085	7	78
24	134	94.8258103781	3	81
25	132	94.7428945922	6	87
26	134	94.6552627572	5	92
27	139	94.5689597799	2	94
28	134	94.4859106759	0	94
29	137	94.4261027055	1	95
30	138	94.4027513989	5	100
31	141	94.3849767773	1	101
32	136	94.4109959711	0	101
33	133	94.4873865446	4	105
34	128	94.4862986672	2	107
35	127	94.4945603429	3	110
36	123	94.5746717639	1	111
37	122	94.5418574554	1	112
38	118	94.5794962351	1	113
39	118	94.4827448553	1	114
40	121	94.5735305461	4	118
41	122	94.6506679563	6	124
42	118	94.5774178084	2	126
43	123	94.659163882	4	130
44	127	94.6610708417	2	132
45	127	94.7148281737	0	132
46	130	94.7379263294	7	139
47	135	94.6612977428	4	143
48	137	94.6886619619	5	148
49	142	94.6798073872	3	151
50	143	94.6854134498	3	154
51	146	94.7744187614	2	156
52	142	94.7053504006	0	156
53	146	94.7457858083	7	163
54	146	94.679340428	1	164
55	146	94.7731682106	5	169
56	147	94.6739571177	3	172
57	152	94.6801667088	1	173
58	150	94.6480780768	5	178
59	152	94.6239050422	5	183
60	151	94.6029998194	0	183
61	148	94.6771323045	0	183
62	151	94.5958681159	3	186
63	154	94.5604060031	6	192
64	159	94.5852158314	3	195
65	161	94.5911556668	1	196
66	164	94.6469601341	3	199
67	161	94.5966329291	7	206
68	165	94.5793306569	6	212
69	162	94.6191227718	1	213
70	159	94.556020685	3	216
71	159	94.5277221841	2	218
72	163	94.4291130821	1	219
73	167	94.3541564945	3	222
74	170	94.4111538212	1	223
75	169	94.4902718074	3	226
76	168	94.5609285532	6	232
77	166	94.5562023752	3	235
78	166	94.6130258797	2	237
79	166	94.6470803502	7	244
80	163	94.7295505674	6	250
81	160	94.6451274338	3	253
82	160	94.5871134084	5	258
83	160	94.6433923648	2	260
84	164	94.6012225896	4	264
85	169	94.6437723841	3	267
86	165	94.6800270696	4	271
87	162	94.6123064554	2	273
88	161	94.6973310824	3	276
89	158	94.69615109	4	280
90	157	94.6613486317	4	284
91	159	94.6463454088	4	288
92	158	94.6312661814	2	290
93	159	94.5609114308	5	295
94	155	94.4859103538	3	298
95	156	94.4490160424	4	302
96	153	94.4315969664	7	309
97	157	94.3796314781	6	315
98	159	94.4036351936	6	321
99	164	94.4149321018	7	328
100	162	94.4028475082	1	329
101	165	94.3362384378	0	329
102	162	94.3217526788	2	331
103	166	94.2979046396	1	332
104	170	94.2743473748	1	333
105	167	94.2584898045	6	339
106	169	94.3561265414	6	345
107	165	94.3500795072	1	346
108	163	94.3442523595	6	352
109	164	94.2816375503	0	352
110	166	94.3398864727	6	358
111	170	94.4225650541	5	363
112	165	94.4315688945	7	370
113	169	94.4004443938	2	372
114	173	94.3959996301	3	375
115	169	94.3972484863	3	378
116	167	94.3936738996	1	379
117	168	94.4827862538	7	386
118	163	94.3942724827	0	386
119	164	94.4916383463	6	392
120	168	94.4522996695	3	395
121	167	94.4249607379	7	402
122	166	94.3629641254	0	402
123	166	94.2639074247	3	405
124	161	94.243787778	6	411
125	166	94.2985083438	1	412
126	164	94.3310497523	4	416
127	169	94.310143201	4	420
128	170	94.3231038787	5	425
129	175	94.3272087128	3	428
130	177	94.2421740511	7	435
131	178	94.2172378978	4	439
132	177	94.1226843423	2	441
133	182	94.0935887076	5	446
134	182	94.0910113783	4	450
135	187	94.1640207146	1	451
136	191	94.1188365555	0	451
137	195	94.0644510114	7	458
138	200	94.1002306695	4	462
139	200	94.0397829001	7	469
140	196	94.0513509629	6	475
141	194	94.0042347178	1	476
142	190	94.0839701018	7	483
143	192	94.0068411324	4	487
144	190	93.9665221826	7	494
145	190	93.986458754	3	497
146	192	94.038565549	2	499
147	191	93.9697849679	7	506
148	190	93.9346140071	5	511
149	195	93.9980069441	5	516
150	190	94.0109198959	1	517
151	185	94.0998700366	5	522
152	183	94.1170996339	6	528
153	187	94.0944190837	0	528
154	190	94.1868014965	6	534
155	187	94.1427785991	4	538
156	190	94.1654476952	7	545
157	195	94.2547293406	6	551
158	199	94.2363629281	4	555
159	199	94.246052078	4	559
160	199	94.216125483	2	561
161	200	94.2932511424	5	566
162	196	94.3406834397	1	567
163	196	94.3262383585	0	567
164	200	94.3149901187	1	568
165	200	94.2323912993	1	569
166	198	94.1981751346	1	570
167	196	94.2643781848	0	570
168	198	94.1805944868	7	577
169	199	94.2363815031	0	577
170	198	94.2848264169	5	582
171	200	94.1880169624	2	584
172	195	94.2778359079	3	587
173	195	94.2165795843	6	593
174	191	94.3069006369	7	600
175	193	94.3749901525	4	604
176	192	94.3488389929	2	606
177	192	94.3444841451	3	609
178	194	94.2619386132	4	613
179	198	94.2238582075	3	616
180	193	94.2839255688	4	620
181	196	94.2428149277	7	627
182	198	94.2174132555	0	627
183	197	94.2463066369	5	632
184	198	94.1588907437	2	634
185	196	94.1080812061	1	635
186	200	94.0661364511	4	639
187	196	94.1349943386	5	644
188	196	94.1979464525	7	651
189	194	94.2159490717	7	658
190	196	94.2626395286	2	660
191	199	94.2319094078	1	661
192	200	94.1924623282	5	666
193	198	94.2820090355	1	667
194	197	94.3472739474	5	672
195	193	94.2916123918	7	679
196	193	94.3302504173	7	686
197	195	94.3459657008	5	691
198	200	94.4013249936	1	692
199	198	94.4835032504	0	692
200	200	94.4452147931	2	694
201	199	94.5190346136	4	698
202	199	94.5461761432	2	700
203	197	94.5394428686	7	707
204	200	94.5578386844	2	709
205	200	94.4901435426	2	711
206	200	94.4303281639	4	715
207	200	94.4616393045	1	716
208	200	94.4353798042	7	723
209	196	94.5087798936	2	725
210	198	94.4521085532	3	728
211	196	94.4418463277	2	730
212	193	94.4900052664	0	730
213	188	94.4293078388	6	736
214	188	94.4552446946	2	738
215	193	94.4711125066	6	744
216	194	94.5569346939	2	746
217	192	94.617229529	3	749
218	191	94.6378901477	6	755
219	194	94.5843670331	3	758
220	190	94.5593681707	5	763
221	195	94.5953223961	0	763
222	197	94.6212094643	5	768
223	192	94.7096138957	2	770
224	194	94.7188778077	2	772
225	199	94.7134348872	5	777
226	200	94.6780467746	7	784
227	197	94.6079302932	5	789
228	192	94.6851950309	0	789
229	190	94.6587491991	5	794
230	193	94.7191873216	6	800
231	188	94.6478357036	4	804
232	193	94.5843343729	3	807
233	189	94.6032677484	6	813
234	192	94.5827233434	5	818
235	188	94.6501606867	6	824
236	192	94.7186082061	3	827
237	190	94.7041516432	5	832
238	191	94.6218681658	1	833
239	195	94.5363718662	0	833
240	199	94.4932206011	0	833
241	200	94.5029632757	6	839
242	195	94.5438098443	5	844
243	194	94.5143103677	0	844
244	194	94.5763449082	2	846
245	196	94.6441532328	5	851
246	195	94.5715770017	4	855
247	193	94.501731695	6	861
248	189	94.5507197705	1	862
249	189	94.6260683188	6	868
250	190	94.5825856805	4	872
251	191	94.6016098327	1	873
252	186	94.551358536	4	877
253	185	94.616832081	4	881
254	187	94.6678701998	1	882
255	192	94.7254444824	5	887
256	195	94.6927072664	7	894
257	196	94.6029572845	1	895
258	194	94.5045998267	7	902
259	192	94.4086851855	3	905
260	188	94.4635877112	7	912
261	191	94.4052998691	3	915
262	195	94.4160064029	3	918
263	198	94.3459841971	6	924
264	194	94.4456762122	0	924
265	191	94.3803004303	0	924
266	190	94.2862711184	3	927
267	192	94.3368611879	0	927
268	187	94.2538595122	7	934
269	182	94.3266562699	3	937
270	185	94.4060437847	0	937
271	185	94.3219739997	0	937
272	185	94.362372057	5	942
273	188	94.4067988906	6	948
274	189	94.3216732039	2	950
275	188	94.3643447297	1	951
276	192	94.2709914555	5	956
277	192	94.2722606799	4	960
278	192	94.2337698823	1	961
279	189	94.3133343018	7	968
280	193	94.2358715964	5	973
281	189	94.3241911659	4	977
282	186	94.3275795716	2	979
283	186	94.2984453851	0	979
284	189	94.2664655924	4	983
285	188	94.3344929764	5	988
286	191	94.2446972943	1	989
287	188	94.2208467097	2	991
288	184	94.1712022191	5	996
289	187	94.2604643032	2	998
290	191	94.3286665727	7	1005
291	191	94.2642516733	6	1011
292	193	94.2578274573	6	1017
293	194	94.186529516	5	1022
294	197	94.1689445187	6	1028
295	198	94.2190130001	0	1028
296	193	94.2413647061	6	1034
297	188	94.1558476338	1	1035
298	187	94.1227317736	5	1040
299	184	94.0236161374	5	1045
300	181	94.0597061375	5	1050
301	180	93.9697528662	3	1053
302	185	93.9697481172	1	1054
303	186	93.91006763	2	1056
304	191	93.8386321422	5	1061
305	193	93.8160488474	7	1068
306	195	93.8632940951	2	1070
307	190	93.9518944918	5	1075
308	188	93.8840343053	1	1076
309	192	93.9820002402	5	1081
310	197	94.0406833693	3	1084
311	195	93.9799279787	3	1087
312	192	94.0707696395	3	1090
313	193	93.9885907829	4	1094
314	189	94.020896361	0	1094
315	192	94.0543365934	3	1097
316	195	94.0902975231	4	1101
317	197	94.1636636331	3	1104
318	200	94.1971909982	5	1109
319	197	94.2531403379	5	1114
320	192	94.1880391986	4	1118
321	192	94.1750767235	1	1119
322	194	94.2734423372	6	1125
323	199	94.2457547046	0	1125
324	197	94.2195359661	0	1125
325	197	94.264024265	0	1125
326	199	94.3317631021	6	1131
327	194	94.3136803551	7	1138
328	190	94.3163027512	2	1140
329	193	94.3370090607	7	1147
330	195	94.2569938904	5	1152
331	199	94.2308978372	2	1154
332	195	94.1621838728	5	1159
333	194	94.0882514288	1	1160
334	197	94.1483488702	0	1160
335	192	94.2422609776	4	1164
336	194	94.2184468789	3	1167
337	199	94.29023791	2	1169
338	196	94.3770220845	4	1173
339	191	94.3781948892	4	1177
340	186	94.3179497059	3	1180
341	184	94.2539832461	1	1181
342	188	94.2753598418	5	1186
343	188	94.3149390793	5	1191
344	192	94.2524267979	0	1191
345	197	94.2892528362	1	1192
346	194	94.3078152441	0	1192
347	193	94.2880139761	3	1195
348	190	94.3870557468	1	1196
349	194	94.3904788971	5	1201
350	197	94.4746899668	5	1206
351	194	94.4191867358	6	1212
352	199	94.4423364529	6	1218
353	200	94.4940637195	4	1222
354	196	94.4653930941	5	1227
355	196	94.4699117317	4	1231
356	200	94.4830180146	2	1233
357	200	94.4269899915	7	1240
358	197	94.4757957351	7	1247
359	198	94.4173687488	5	1252
360	200	94.4955563763	7	1259
361	200	94.5651604574	1	1260
362	200	94.4711291354	3	1263
363	200	94.5015264593	7	1270
364	200	94.5790319158	0	1270
365	196	94.5259675736	7	1277
366	194	94.5743022386	4	1281
367	193	94.5156398687	2	1283
368	195	94.4705915823	5	1288
369	199	94.4095213406	6	1294
370	196	94.4458187425	2	1296
371	200	94.4056954437	6	1302
372	199	94.3505204824	5	1307
373	197	94.2676013358	0	1307
374	199	94.2737797902	0	1307
375	200	94.3631285992	0	1307
376	200	94.4479681529	0	1307
377	200	94.3998073049	2	1309
378	199	94.4822564467	7	1316
379	194	94.3950418019	7	1323
380	190	94.4359651034	7	1330
381	195	94.4338537929	6	1336
382	200	94.5215342215	4	1340
383	200	94.4899574592	4	1344
384	200	94.5868892312	0	1344
385	200	94.5070468154	0	1344
386	200	94.5468154715	0	1344
387	195	94.5880216738	5	1349
388	200	94.5408773693	5	1354
389	200	94.4620663759	2	1356
390	196	94.4011683064	1	1357
391	200	94.3465454254	0	1357
392	199	94.4429487242	4	1361
393	195	94.5414543161	7	1368
394	194	94.6330322315	5	1373
395	193	94.5871234341	2	1375
396	190	94.5462841507	6	1381
397	195	94.4787779441	3	1384
398	191	94.4063298567	5	1389
399	196	94.3425367516	4	1393
400	199	94.2532823605	1	1394
401	199	94.2260183529	5	1399
402	200	94.1881051486	1	1400
403	200	94.159432213	3	1403
404	196	94.1230554407	5	1408
405	197	94.0989445103	4	1412
406	197	94.1930602572	3	1415
407	200	94.2703317873	2	1417
408	197	94.24411741	4	1421
409	199	94.2931292655	5	1426
410	200	94.2371251327	3	1429
411	200	94.1681058805	3	1432
412	200	94.1089591495	0	1432
413	200	94.0318068917	6	1438
414	200	94.0408493682	5	1443
415	200	94.0461192221	7	1450
416	200	93.9542784198	1	1451
417	196	93.8656016729	5	1456
418	200	93.7946042529	7	1463
419	195	93.7941785135	3	1466
420	193	93.7192255947	7	1473
421	193	93.7171680363	1	1474
422	193	93.711215768	5	1479
423	196	93.8042765818	1	1480
424	197	93.8087756909	5	1485
425	198	93.7553834718	4	1489
426	197	93.8301754122	1	1490
427	198	93.837881051	0	1490
428	197	93.7457942113	5	1495
429	198	93.7384444191	3	1498
430	197	93.8258710891	5	1503
431	195	93.8844189838	3	1506
432	193	93.8503204715	6	1512
433	189	93.7939677837	7	1519
434	184	93.7326541694	4	1523
435	179	93.6522304279	3	1526
436	179	93.6092041994	3	1529
437	178	93.6129325604	1	1530
438	181	93.7102930053	2	1532
439	178	93.6434867865	4	1536
440	180	93.6924464259	1	1537
441	185	93.6919519558	4	1541
442	181	93.6353499354	5	1546
443	180	93.6738406322	5	1551
444	180	93.6651100477	1	1552
445	176	93.7039050991	5	1557
446	178	93.6441317872	4	1561
447	178	93.6152652762	5	1566
448	179	93.6489426995	2	1568
449	174	93.7315865481	7	1575
450	175	93.6758143286	2	1577
451	178	93.6665823601	4	1581
452	182	93.5877930748	0	1581
453	182	93.5680648634	1	1582
454	185	93.5640274175	3	1585
455	190	93.621629045	0	1585
456	194	93.6339031198	3	1588
457	198	93.6613171557	6	1594
458	196	93.6137770651	5	1599
459	196	93.5290955593	0	1599
460	197	93.4472535622	6	1605
461	199	93.3853293208	2	1607
462	200	93.3700541565	7	1614
463	195	93.2909304504	4	1618
464	194	93.3863465268	1	1619
465	193	93.3622906488	3	1622
466	192	93.3799541655	1	1623
467	187	93.3522286269	5	1628
468	184	93.4080129927	4	1632
469	187	93.4042733959	0	1632
470	189	93.3860514486	5	1637
471	190	93.4298602427	4	1641
472	193	93.4660126452	0	1641
473	196	93.4928355297	0	1641
474	197	93.5922849101	5	1646
475	197	93.6007370552	0	1646
476	200	93.6238286841	3	1649
477	200	93.5869706532	4	1653
478	196	93.5868036377	0	1653
479	198	93.5944115597	0	1653
480	200	93.524330938	7	1660
481	200	93.524970645	7	1667
482	196	93.5342838952	6	1673
483	199	93.5862366257	0	1673
484	195	93.6067100186	3	1676
485	190	93.6688147852	6	1682
486	185	93.6261072885	7	1689
487	181	93.6764055906	0	1689
488	179	93.6347306664	7	1696
489	183	93.5572985226	2	1698
490	181	93.4703111488	1	1699
491	176	93.4890706894	6	1705
492	175	93.4149078461	2	1707
493	173	93.3541013783	3	1710
494	178	93.3583749772	1	1711
495	176	93.318354085	6	1717
496	175	93.2478805839	0	1717
497	176	93.3132163022	3	1720
498	175	93.2942279671	2	1722
499	173	93.2747262931	3	1725
500	176	93.3355668408	0	1725
501	173	93.3665819696	2	1727
502	172	93.3924918513	5	1732
503	176	93.4508793596	1	1733
504	174	93.3537932969	5	1738
505	171	93.2680482342	6	1744
506	173	93.1911123914	1	1745
507	168	93.2713790388	2	1747
508	164	93.191257452	5	1752
509	165	93.2207425994	4	1756
510	170	93.2426071964	1	1757
511	167	93.277527907	1	1758
512	165	93.2147972621	3	1761
513	162	93.1570476487	0	1761
514	160	93.130600414	5	1766
515	162	93.1088689124	5	1771
516	164	93.1167836414	6	1777
517	159	93.0868276993	4	1781
518	161	93.0642559541	3	1784
519	166	93.0216767075	1	1785
520	171	92.9773121527	4	1789
521	166	93.0296990723	1	1790
522	162	93.044076686	4	1794
523	162	92.9906007552	3	1797
524	167	92.9755073211	7	1804
525	165	93.0112517026	0	1804
526	161	93.0028611178	5	1809
527	160	93.0498222751	7	1816
528	161	93.0216194855	5	1821
529	164	93.0128324937	5	1826
530	161	92.9798717222	2	1828
531	157	92.9798190254	5	1833
532	155	92.9714875671	6	1839
533	155	93.0360545718	1	1840
534	159	93.0139423693	1	1841
535	159	92.9995709719	6	1847
536	159	93.058386242	2	1849
537	164	92.9808363102	3	1852
538	160	93.0554423553	3	1855
539	161	93.0393517485	5	1860
540	162	92.9875920597	2	1862
541	162	93.0359882288	0	1862
542	165	93.0124179041	7	1869
543	170	93.0036096471	4	1873
544	173	92.9110860354	6	1879
545	177	92.8373327243	1	1880
546	182	92.805590893	0	1880
547	178	92.87070617	0	1880
548	181	92.8068705788	6	1886
549	182	92.7349591897	4	1890
550	181	92.6789639459	4	1894
551	182	92.7776323308	7	1901
552	184	92.6832643395	5	1906
553	185	92.7001093882	5	1911
554	181	92.6452797391	1	1912
555	178	92.6581933579	6	1918
556	183	92.6767891626	6	1924
557	187	92.6608363869	6	1930
558	185	92.6284839881	2	1932
559	188	92.633221574	6	1938
560	187	92.5445996894	2	1940
561	187	92.6147698929	2	1942
562	183	92.5716430903	4	1946
563	178	92.6678113963	3	1949
564	174	92.6172786002	6	1955
565	178	92.5718715729	2	1957
566	179	92.4797236682	1	1958
567	176	92.3860826453	1	1959
568	180	92.476791986	2	1961
569	185	92.4208379434	3	1964
570	183	92.4191309291	7	1971
571	188	92.4867178067	7	1978
572	187	92.4302036873	4	1982
573	192	92.3702793489	5	1987
574	193	92.3502411846	3	1990
575	190	92.3913542417	7	1997
576	188	92.4797971798	0	1997
577	191	92.3986224471	4	2001
578	192	92.4626345083	7	2008
579	187	92.3946072879	3	2011
580	182	92.3745540401	0	2011
581	181	92.4251460879	6	2017
582	176	92.4301305403	4	2021
583	180	92.3464750236	0	2021
584	184	92.3085115542	3	2024
585	189	92.3266849061	2	2026
586	187	92.2636710073	5	2031
587	192	92.3140837489	0	2031
588	191	92.2831013274	0	2031
589	190	92.3490015829	1	2032
590	189	92.3530469085	5	2037
591	187	92.2958245868	5	2042
592	188	92.286140574	2	2044
593	187	92.2605329397	1	2045
594	190	92.2764486195	5	2050
595	193	92.3080906588	3	2053
596	198	92.3677458304	1	2054
597	197	92.3631146071	0	2054
598	193	92.2804884457	2	2056
599	192	92.2676444718	1	2057
600	195	92.2163742288	3	2060
601	198	92.1361411215	5	2065
602	200	92.0883491632	7	2072
603	196	92.1376831229	0	2072
604	199	92.1239612603	1	2073
605	199	92.1788008075	6	2079
606	199	92.1626212045	7	2086
607	194	92.1745501721	2	2088
608	198	92.2592888718	5	2093
609	200	92.1989016471	5	2098
610	196	92.1252411966	2	2100
611	198	92.0723326568	4	2104
612	200	92.0865990163	1	2105
613	197	92.064024242	0	2105
614	198	92.1204644826	2	2107
615	197	92.2145641208	0	2107
616	193	92.1249711095	2	2109
617	191	92.2090858859	2	2111
618	186	92.1125698873	0	2111
619	190	92.162803008	7	2118
620	188	92.1981941772	5	2123
621	191	92.2079357657	5	2128
622	186	92.2460887868	3	2131
623	182	92.3265941216	0	2131
624	186	92.3590211408	6	2137
625	191	92.4212934318	3	2140
626	189	92.3324658397	4	2144
627	189	92.2338071936	5	2149
628	187	92.2535586712	0	2149
629	183	92.2652314536	7	2156
630	180	92.2190593665	7	2163
631	182	92.2780638557	5	2168
632	180	92.3109501505	5	2173
633	178	92.3719592817	3	2176
634	178	92.3974122807	2	2178
635	182	92.3196224191	2	2180
636	186	92.2897640331	2	2182
637	186	92.3485084965	5	2187
638	182	92.3328006238	2	2189
639	178	92.2884828003	6	2195
640	176	92.3471748744	2	2197
641	171	92.3344302848	0	2197
642	166	92.2385643867	2	2199
643	162	92.2257971752	6	2205
644	164	92.2667626618	2	2207
645	162	92.2300593628	1	2208
646	159	92.3124449627	5	2213
647	158	92.3982046702	4	2217
648	154	92.4931373376	4	2221
649	158	92.4897810417	5	2226
650	153	92.4720554179	5	2231
651	153	92.5008982242	5	2236
652	148	92.5856071355	1	2237
653	149	92.5427196746	0	2237
654	153	92.4841511596	5	2242
655	157	92.5419252799	2	2244
656	155	92.5295719433	4	2248
657	152	92.6081547062	6	2254
658	157	92.6304198859	0	2254
659	161	92.5575802714	6	2260
660	164	92.4806716148	7	2267
661	165	92.4996268363	5	2272
662	163	92.5361250941	7	2279
663	164	92.5547237837	7	2286
664	163	92.5712188814	2	2288
665	167	92.5902036362	1	2289
666	166	92.6742662521	7	2296
667	169	92.6442767284	4	2300
668	173	92.5613846808	7	2307
669	176	92.6424541554	7	2314
670	171	92.6282939135	6	2320
671	168	92.715285467	5	2325
672	173	92.7400948386	1	2326
673	173	92.6782577596	5	2331
674	170	92.6415610039	2	2333
675	169	92.7125455496	1	2334
676	167	92.6625127299	5	2339
677	165	92.6007684659	6	2345
678	168	92.6896363634	7	2352
679	166	92.605974156	2	2354
680	161	92.660021142	4	2358
681	158	92.7089879541	4	2362
682	156	92.6105290698	4	2366
683	155	92.6320984067	6	2372
684	158	92.7062063207	5	2377
685	153	92.795628384	3	2380
686	158	92.8496611018	3	2383
687	157	92.775419073	0	2383
688	162	92.866542123	3	2386
689	160	92.8191826207	7	2393
690	156	92.8610207135	7	2400
691	152	92.7956695308	3	2403
692	154	92.7993589936	3	2406
693	154	92.7439455484	3	2409
694	156	92.8355618351	1	2410
695	153	92.7653233709	0	2410
696	158	92.8293080794	3	2413
697	153	92.7840893069	5	2418
698	152	92.7869718243	3	2421
699	149	92.6976668168	4	2425
700	147	92.6449470816	5	2430
701	152	92.7039795812	6	2436
702	151	92.6369864069	5	2441
703	153	92.5635645879	3	2444
704	149	92.5383578627	4	2448
705	147	92.4966862449	2	2450
706	148	92.4348714534	4	2454
707	143	92.406771309	0	2454
708	141	92.4852491648	6	2460
709	137	92.4642875416	3	2463
710	139	92.5003894905	2	2465
711	144	92.5395415502	0	2465
712	145	92.4809845061	1	2466
713	144	92.5026351669	7	2473
714	148	92.5741537018	3	2476
715	151	92.5268351058	3	2479
716	151	92.5717679286	0	2479
717	149	92.6030762891	1	2480
718	154	92.6613051798	0	2480
719	151	92.6309701204	6	2486
720	156	92.7035391866	3	2489
721	153	92.706146079	6	2495
722	149	92.7152381254	7	2502
723	147	92.6387905209	5	2507
724	143	92.5549606227	2	2509
725	145	92.5560715678	4	2513
726	146	92.6074990893	1	2514
727	150	92.5724970586	4	2518
728	155	92.5956452784	3	2521
729	153	92.6706429095	3	2524
730	157	92.750582013	5	2529
731	155	92.7028228438	1	2530
732	158	92.7300765684	2	2532
733	155	92.7211130691	0	2532
734	153	92.7488845138	3	2535
735	153	92.656835403	4	2539
736	154	92.7195321809	5	2544
737	158	92.7362437348	3	2547
738	155	92.7337482437	1	2548
739	159	92.7982225809	4	2552
740	162	92.8840608112	5	2557
741	167	92.7912138013	3	2560
742	172	92.7856672049	6	2566
743	174	92.7710239559	5	2571
744	169	92.8703332627	0	2571
745	164	92.896546285	5	2576
746	162	92.9729969872	1	2577
747	157	92.9356037664	1	2578
748	156	92.8532967313	6	2584
749	153	92.8874098519	6	2590
750	152	92.9261209903	6	2596
751	157	92.9756853698	6	2602
752	159	92.9607442786	7	2609
753	155	92.9335399059	0	2609
754	160	92.9316909833	4	2613
755	163	92.9779242472	7	2620
756	162	93.0125095338	5	2625
757	159	92.9274044807	3	2628
758	163	92.858185498	7	2635
759	164	92.9106113193	6	2641
760	161	92.9220215397	6	2647
761	163	92.9900699431	5	2652
762	166	92.9609171685	5	2657
763	170	92.9433850515	7	2664
764	165	92.9524781455	5	2669
765	160	92.938655997	1	2670
766	161	92.9045730038	4	2674
767	164	92.90956415	2	2676
768	168	92.8876639043	7	2683
769	163	92.8399880562	5	2688
770	160	92.8105720514	2	2690
771	163	92.847268096	1	2691
772	158	92.7926214026	5	2696
773	159	92.8187256437	0	2696
774	164	92.8410610435	4	2700
775	160	92.8909672891	0	2700
776	157	92.8250855758	0	2700
777	152	92.8453662537	6	2706
778	157	92.7485778269	3	2709
779	158	92.8170282919	3	2712
780	163	92.7675994855	6	2718
781	158	92.8355592936	0	2718
782	155	92.9286852294	6	2724
783	155	92.9417853001	7	2731
784	155	92.9183831292	5	2736
785	151	92.9601024014	7	2743
786	146	92.9354117046	2	2745
787	141	93.0020625032	3	2748
788	137	92.9669197125	3	2751
789	136	92.8808557899	7	2758
790	137	92.8882656382	7	2765
791	136	92.7931391994	0	2765
792	141	92.7488304213	6	2771
793	138	92.6711376591	2	2773
794	139	92.6157773414	1	2774
795	141	92.5173283785	7	2781
796	146	92.4352444269	0	2781
797	144	92.3443571532	7	2788
798	143	92.3722992638	4	2792
799	146	92.3440106851	0	2792
800	150	92.4090647791	1	2793
801	146	92.4793377745	4	2797
802	142	92.5329978033	3	2800
803	138	92.5652508096	3	2803
804	135	92.6559320339	2	2805
805	136	92.7399048724	6	2811
806	138	92.7997629115	1	2812
807	134	92.869127349	4	2816
808	129	92.849568462	3	2819
809	127	92.7875834477	3	2822
810	126	92.7218117396	3	2825
811	127	92.6605605902	1	2826
812	128	92.6493197448	1	2827
813	128	92.5891740695	2	2829
814	131	92.5655328393	1	2830
815	133	92.5598618223	7	2837
816	133	92.6260093489	5	2842
817	131	92.6124590669	0	2842
818	127	92.6941408466	2	2844
819	126	92.7796282222	4	2848
820	121	92.6880856299	5	2853
821	120	92.6194579198	4	2857
822	118	92.7051170036	5	2862
823	113	92.6613079884	4	2866
824	111	92.5869752682	4	2870
825	113	92.6626022087	2	2872
826	108	92.640781515	6	2878
827	104	92.5461775668	5	2883
828	102	92.5032580924	7	2890
829	99	92.5849902707	3	2893
830	95	92.6589971712	5	2898
831	97	92.6043626594	6	2904
832	94	92.6145316172	1	2905
833	93	92.5807892243	5	2910
834	97	92.486730432	0	2910
835	97	92.455676438	3	2913
836	94	92.4463092826	3	2916
837	99	92.5114275437	7	2923
838	102	92.4863272935	7	2930
839	97	92.5199291913	3	2933
840	100	92.5003920791	1	2934
841	103	92.5759177843	7	2941
842	103	92.5815921005	6	2947
843	100	92.5488880104	1	2948
844	98	92.6485782597	6	2954
845	94	92.5918522875	1	2955
846	91	92.5164837689	6	2961
847	88	92.4975936611	2	2963
848	83	92.5948190288	3	2966
849	79	92.6072115651	6	2972
850	83	92.5895648711	5	2977
851	84	92.6549840977	0	2977
852	88	92.6515425929	5	2982
853	86	92.750796519	4	2986
854	84	92.7394283246	2	2988
855	88	92.8196366077	3	2991
856	89	92.8843437542	7	2998
857	93	92.9118256621	0	2998
858	91	92.9190122839	2	3000
859	93	92.9285511875	0	3000
860	90	92.8556630742	5	3005
861	95	92.8309249942	4	3009
862	94	92.8003280586	3	3012
863	92	92.8668318052	0	3012
864	92	92.8352738895	2	3014
865	87	92.7640974878	4	3018
866	86	92.8553024763	4	3022
867	87	92.7623849794	2	3024
868	89	92.7846318174	4	3028
869	84	92.8833713813	6	3034
870	84	92.7909845777	4	3038
871	88	92.8284544266	5	3043
872	84	92.8412123652	1	3044
873	84	92.8708057291	0	3044
874	87	92.9101194849	0	3044
875	88	92.956544598	1	3045
876	89	92.9330974089	1	3046
877	89	93.02398766	1	3047
878	86	92.9846857608	1	3048
879	90	93.0749029665	7	3055
880	86	93.1341472442	6	3061
881	91	93.1090786742	7	3068
882	89	93.0859425511	4	3072
883	91	93.1007642216	0	3072
884	92	93.1222509655	6	3078
885	88	93.1053482643	1	3079
886	90	93.066713266	2	3081
887	88	93.0094943447	6	3087
888	87	93.0446603387	6	3093
889	86	92.9462186929	3	3096
890	86	92.9115709659	1	3097
891	90	92.9466081586	7	3104
892	92	93.0419781178	6	3110
893	92	93.0672127248	3	3113
894	94	93.1085536324	6	3119
895	90	93.1688706945	3	3122
896	86	93.2338301626	2	3124
897	90	93.2731715297	4	3128
898	85	93.365498001	5	3133
899	81	93.2875933784	4	3137
900	83	93.3796101733	2	3139
901	83	93.391903639	1	3140
902	80	93.3446887185	4	3144
903	81	93.3642693734	4	3148
904	76	93.3217148548	4	3152
905	79	93.3878446673	5	3157
906	81	93.3079629886	3	3160
907	80	93.3224094718	5	3165
908	77	93.3281198298	1	3166
909	76	93.2786998864	6	3172
910	81	93.3302604246	1	3173
911	80	93.2516200082	1	3174
912	78	93.2590200545	4	3178
913	83	93.2163229401	1	3179
914	88	93.1286054402	1	3180
915	84	93.2120224184	1	3181
916	84	93.1595088925	4	3185
917	89	93.1268820097	7	3192
918	93	93.1957352024	7	3199
919	91	93.2896092667	6	3205
920	92	93.2655131395	5	3210
921	87	93.284033726	5	3215
922	87	93.2845633367	1	3216
923	83	93.270138207	5	3221
924	80	93.2184231844	6	3227
925	83	93.2881084217	7	3234
926	84	93.2451444591	7	3241
927	87	93.1700823485	4	3245
928	83	93.0782470091	2	3247
929	82	93.0004316818	0	3247
930	81	93.0882511028	1	3248
931	81	93.1227268942	5	3253
932	83	93.0767784383	0	3253
933	78	93.1220834543	3	3256
934	82	93.1800943819	5	3261
935	85	93.2422857385	0	3261
936	90	93.252427081	7	3268
937	85	93.196536431	4	3272
938	86	93.2758694525	0	3272
939	83	93.223385241	7	3279
940	78	93.2644412847	3	3282
941	74	93.3436037691	7	3289
942	73	93.3671163694	3	3292
943	68	93.4479977636	6	3298
944	72	93.3916526836	5	3303
945	75	93.3404657054	7	3310
946	80	93.2482791995	7	3317
947	77	93.2835159396	4	3321
948	74	93.2315761791	5	3326
949	73	93.2448126254	0	3326
950	73	93.2418830305	6	3332
951	76	93.2859589729	0	3332
952	71	93.2694860902	2	3334
953	70	93.2373326008	2	3336
954	65	93.1839594771	3	3339
955	67	93.2458373486	7	3346
956	65	93.3182333855	5	3351
957	67	93.2819540524	1	3352
958	70	93.2144679801	1	3353
959	69	93.168071104	7	3360
960	74	93.1757172583	7	3367
961	77	93.1243428579	1	3368
962	74	93.0254500075	1	3369
963	72	93.0218190333	0	3369
964	71	93.0437063872	3	3372
965	69	92.9477354766	3	3375
966	71	92.9892859825	7	3382
967	76	93.019749075	6	3388
968	79	93.0688269812	0	3388
969	78	92.9834508797	5	3393
970	81	93.0554043995	3	3396
971	85	93.1316722094	5	3401
972	89	93.2180835261	3	3404
973	87	93.2274259222	5	3409
974	92	93.1878050612	1	3410
975	94	93.2739255347	0	3410
976	95	93.2588207119	7	3417
977	91	93.3352996154	7	3424
978	92	93.2975669147	6	3430
979	94	93.355014437	2	3432
980	90	93.3739347056	7	3439
981	85	93.4195332771	7	3446
982	85	93.3766843149	5	3451
983	82	93.3541920238	1	3452
984	77	93.2833482572	3	3455
985	74	93.3577366508	1	3456
986	73	93.280540959	3	3459
987	78	93.3331327106	0	3459
988	79	93.286145436	3	3462
989	84	93.2829157036	4	3466
990	82	93.2181530351	5	3471
991	79	93.1233011868	4	3475
992	82	93.194836305	3	3478
993	81	93.2220113708	1	3479
994	80	93.2794332435	4	3483
995	81	93.3654972235	6	3489
996	80	93.2719884182	1	3490
997	85	93.2863788751	1	3491
998	82	93.2126744559	4	3495
999	82	93.1127744798	0	3495
1000	83	93.1641213792	3	3498
1001	87	93.1481752073	6	3504
1002	84	93.1034111621	5	3509
1003	83	93.0089947408	5	3514
1004	80	93.0709931613	0	3514
1005	78	93.0211098039	5	3519
1006	75	93.0791856149	7	3526
1007	77	92.9927129998	6	3532
1008	79	92.99501419	1	3533
1009	74	92.9315609871	0	3533
1010	78	92.9528367077	5	3538
1011	78	92.9327557541	5	3543
1012	79	93.013807079	7	3550
1013	79	92.9891875198	1	3551
1014	79	93.053637999	6	3557
1015	74	93.0687740661	1	3558
1016	69	93.0438192317	0	3558
1017	66	93.0609557769	6	3564
1018	66	92.9850362086	5	3569
1019	67	92.9881273606	2	3571
1020	72	92.9114455635	1	3572
1021	71	92.9504689144	4	3576
1022	70	93.0343486135	7	3583
1023	70	93.0023865022	1	3584
1024	71	93.0626958896	3	3587
1025	72	93.123369202	1	3588
1026	73	93.2046131658	1	3589
1027	73	93.2850194808	2	3591
1028	70	93.3320252841	7	3598
1029	70	93.2388519735	2	3600
1030	71	93.1528659958	3	3603
1031	71	93.1438503861	2	3605
1032	74	93.1280032697	3	3608
1033	78	93.0536048428	5	3613
1034	77	93.1190268905	1	3614
1035	80	93.0333612013	2	3616
1036	84	93.009407176	0	3616
1037	84	92.9966563644	1	3617
1038	82	92.9107786501	7	3624
1039	78	92.8522814417	6	3630
1040	78	92.7951889355	3	3633
1041	83	92.8408487168	1	3634
1042	88	92.8349842417	1	3635
1043	88	92.7478338006	2	3637
1044	83	92.6859277545	1	3638
1045	82	92.657108635	3	3641
1046	78	92.5689694663	0	3641
1047	80	92.6313214805	3	3644
1048	77	92.5460859428	2	3646
1049	81	92.4967881281	1	3647
1050	81	92.4330942747	0	3647
1051	79	92.4908679487	6	3653
1052	83	92.5651307862	5	3658
1053	82	92.528030943	5	3663
1054	79	92.6008786654	1	3664
1055	75	92.6061380418	3	3667
1056	77	92.5445212412	4	3671
1057	74	92.571707601	0	3671
1058	73	92.5999542523	6	3677
1059	71	92.5547020687	0	3677
1060	70	92.6148124476	6	3683
1061	70	92.5153677415	6	3689
1062	69	92.5771700487	4	3693
1063	69	92.645153533	0	3693
1064	70	92.6196890795	7	3700
1065	66	92.573683988	6	3706
1066	69	92.6072138193	1	3707
1067	71	92.5706277915	7	3714
1068	70	92.5062964223	0	3714
1069	68	92.4752100276	1	3715
1070	64	92.5115160471	1	3716
1071	68	92.4863059665	7	3723
1072	68	92.4299458808	3	3726
1073	63	92.3345305986	1	3727
1074	67	92.374557198	5	3732
1075	70	92.3130679732	0	3732
1076	74	92.3845743093	7	3739
1077	70	92.441984164	6	3745
1078	75	92.4588450536	6	3751
1079	77	92.4736572095	3	3754
1080	74	92.3842486668	7	3761
1081	76	92.2934136071	6	3767
1082	72	92.2392971628	0	3767
1083	71	92.149232494	2	3769
1084	72	92.1724955902	0	3769
1085	77	92.0783918505	5	3774
1086	77	92.0328712049	1	3775
1087	74	91.9500165511	0	3775
1088	77	91.9202973999	1	3776
1089	76	91.9632788646	3	3779
1090	81	92.0545200166	6	3785
1091	77	92.0387984323	3	3788
1092	81	92.0065432932	7	3795
1093	85	91.9586194877	7	3802
1094	82	92.0268441278	2	3804
1095	87	91.9611879737	0	3804
1096	91	91.9769335727	0	3804
1097	95	91.9901993989	7	3811
1098	93	92.0420370052	3	3814
1099	93	92.0815327676	5	3819
1100	89	92.1413062605	7	3826
1101	90	92.0935428578	7	3833
1102	91	92.0868939881	5	3838
1103	96	91.9992736247	6	3844
1104	96	92.0074708145	5	3849
1105	100	91.9517630159	0	3849
1106	104	91.9935609014	5	3854
1107	104	92.0607251726	6	3860
1108	102	92.1462501306	2	3862
1109	102	92.2011560459	6	3868
1110	107	92.1533431542	5	3873
1111	111	92.1133079008	0	3873
1112	112	92.1216597176	4	3877
1113	116	92.0754951881	5	3882
1114	116	92.1133723368	5	3887
1115	112	92.0692645321	2	3889
1116	111	92.063629019	3	3892
1117	109	92.0512366399	5	3897
1118	106	92.068622193	4	3901
1119	107	92.0166848105	4	3905
1120	109	92.0897946902	2	3907
1121	106	91.9999212106	1	3908
1122	107	92.0758757936	7	3915
1123	103	91.9770721454	1	3916
1124	98	92.0470814208	4	3920
1125	96	92.0897470154	0	3920
1126	99	92.1802071002	2	3922
1127	102	92.2645125683	0	3922
1128	103	92.3217585525	1	3923
1129	106	92.4140651153	0	3923
1130	106	92.4084411084	4	3927
1131	103	92.3327144802	7	3934
1132	107	92.3277012857	5	3939
1133	107	92.3201533784	1	3940
1134	103	92.2746808355	1	3941
1135	106	92.1798175116	4	3945
1136	110	92.1819392188	4	3949
1137	114	92.1734784334	3	3952
1138	109	92.160667035	5	3957
1139	110	92.1318406813	7	3964
1140	114	92.0900403787	5	3969
1141	109	92.0793894684	7	3976
1142	108	92.0637917726	7	3983
1143	106	91.9887851019	2	3985
1144	102	91.9376715267	1	3986
1145	98	91.918888257	2	3988
1146	97	91.9187892959	7	3995
1147	102	91.8638002017	4	3999
1148	105	91.7922612707	0	3999
1149	105	91.7415174022	0	3999
1150	104	91.805453494	2	4001
1151	99	91.8722945578	5	4006
1152	97	91.8664511246	4	4010
1153	93	91.8722964935	3	4013
1154	97	91.8985915997	2	4015
1155	98	91.9213189166	2	4017
1156	98	91.9409974803	4	4021
1157	93	91.8640596997	7	4028
1158	94	91.8784577969	0	4028
1159	97	91.7804949305	6	4034
1160	102	91.8241195994	6	4040
1161	101	91.7957928761	2	4042
1162	106	91.8823585971	4	4046
1163	110	91.8080128034	7	4053
1164	110	91.8808143991	5	4058
1165	108	91.9028699775	6	4064
1166	104	91.8590857478	0	4064
1167	107	91.7891779005	5	4069
1168	110	91.8365091415	1	4070
1169	107	91.7826960978	3	4073
1170	108	91.7665327182	3	4076
1171	103	91.7586469512	4	4080
1172	108	91.7004908304	1	4081
1173	111	91.7088464031	1	4082
1174	114	91.6156188697	6	4088
1175	109	91.7009440138	2	4090
1176	108	91.6466367265	3	4093
1177	108	91.695979274	3	4096
1178	106	91.7874846747	6	4102
1179	108	91.7749167229	4	4106
1180	110	91.7336982957	1	4107
1181	111	91.6741502708	0	4107
1182	106	91.7415886767	1	4108
1183	102	91.7813623571	0	4108
1184	107	91.8602614641	5	4113
1185	111	91.8627786981	6	4119
1186	109	91.905101353	0	4119
1187	109	91.8348153365	3	4122
1188	114	91.8124973696	1	4123
1189	110	91.7687201352	7	4130
1190	113	91.8271509181	7	4137
1191	110	91.865240007	3	4140
1192	113	91.9312231111	2	4142
1193	112	92.0235105189	3	4145
1194	110	91.9278683373	0	4145
1195	105	91.8717610717	7	4152
1196	108	91.8947183892	7	4159
1197	112	91.8075801832	2	4161
1198	117	91.7926130694	6	4167
1199	119	91.7729506031	0	4167
1200	117	91.6839897804	6	4173
1201	120	91.7008842735	6	4179
1202	121	91.7905625667	2	4181
1203	119	91.8116443956	2	4183
1204	120	91.7847161902	5	4188
1205	125	91.7527098186	4	4192
1206	129	91.7813096243	2	4194
1207	125	91.7238601041	6	4200
1208	122	91.6730830479	4	4204
1209	121	91.7321064382	6	4210
1210	118	91.7375914396	2	4212
1211	121	91.7518480182	1	4213
1212	118	91.7288903835	0	4213
1213	117	91.8148111619	5	4218
1214	112	91.8254397865	3	4221
1215	114	91.7922697389	6	4227
1216	113	91.8844578021	5	4232
1217	114	91.9258784669	1	4233
1218	109	92.0122795575	2	4235
1219	109	92.0549964975	3	4238
1220	107	91.9919009089	6	4244
1221	106	91.9228518227	7	4251
1222	107	91.8406701811	3	4254
1223	107	91.7581783145	3	4257
1224	102	91.6696503214	6	4263
1225	100	91.6374103894	1	4264
1226	97	91.6575081535	7	4271
1227	102	91.6227010374	5	4276
1228	98	91.6511947434	3	4279
1229	102	91.5520436433	4	4283
1230	105	91.5211409414	4	4287
1231	107	91.5914694941	0	4287
1232	107	91.6006979935	1	4288
1233	112	91.6549773023	2	4290
1234	115	91.6149224122	5	4295
1235	110	91.6549462773	6	4301
1236	115	91.7334871944	1	4302
1237	117	91.7765060217	3	4305
1238	116	91.8028694818	4	4309
1239	120	91.7903391202	4	4313
1240	125	91.7085962298	3	4316
1241	122	91.7860507808	1	4317
1242	127	91.756486117	1	4318
1243	124	91.7673743978	1	4319
1244	127	91.7422275319	5	4324
1245	128	91.7049017817	2	4326
1246	126	91.6183895675	4	4330
1247	127	91.6416398	1	4331
1248	124	91.7277218038	7	4338
1249	127	91.7681908346	7	4345
1250	128	91.685200801	6	4351
1251	133	91.6175526339	7	4358
1252	130	91.6892213979	7	4365
1253	131	91.6705113905	1	4366
1254	129	91.6478774052	5	4371
1255	132	91.6190267569	2	4373
1256	132	91.6538827396	0	4373
1257	128	91.5993871759	6	4379
1258	129	91.6663582689	4	4383
1259	125	91.6747470772	6	4389
1260	121	91.593317115	0	4389
1261	123	91.6063808588	3	4392
1262	120	91.5146249202	3	4395
1263	121	91.5658587204	2	4397
1264	119	91.6058812812	3	4400
1265	118	91.5290623091	3	4403
1266	121	91.473555029	0	4403
1267	126	91.4382484745	0	4403
1268	125	91.3414945853	2	4405
1269	128	91.2536787603	6	4411
1270	127	91.2562861571	5	4416
1271	127	91.3299469434	4	4420
1272	125	91.4142274394	5	4425
1273	128	91.5077469932	2	4427
1274	128	91.5846656479	1	4428
1275	129	91.4954518104	0	4428
1276	126	91.5754162119	5	4433
1277	127	91.5873662115	6	4439
1278	126	91.5840258908	6	4445
1279	124	91.5951767711	6	4451
1280	124	91.5554644928	3	4454
1281	122	91.4643148348	4	4458
1282	124	91.4650846437	4	4462
1283	121	91.5214469317	5	4467
1284	121	91.4539849323	5	4472
1285	122	91.4153895014	1	4473
1286	118	91.4615032739	2	4475
1287	116	91.4504272177	1	4476
1288	114	91.5183571059	0	4476
1289	109	91.6074156007	1	4477
1290	112	91.6428418212	1	4478
1291	117	91.5586973755	3	4481
1292	112	91.5610192691	6	4487
1293	114	91.5840985537	4	4491
1294	117	91.5765002391	1	4492
1295	114	91.6320697661	7	4499
1296	110	91.5422539139	1	4500
1297	110	91.5088679902	2	4502
1298	115	91.5068607482	0	4502
1299	111	91.5144681362	2	4504
1300	108	91.4518215174	3	4507
1301	103	91.4989420693	7	4514
1302	100	91.4314590293	1	4515
1303	105	91.3754303574	5	4520
1304	104	91.373672903	1	4521
1305	102	91.4109712817	6	4527
1306	103	91.4704133913	5	4532
1307	105	91.4971208829	2	4534
1308	109	91.5930329863	0	4534
1309	113	91.5817361002	0	4534
1310	115	91.5171417735	4	4538
1311	116	91.4698476857	7	4545
1312	119	91.4930630657	5	4550
1313	114	91.5918719848	3	4553
1314	114	91.5402240166	5	4558
1315	109	91.4693971571	3	4561
1316	105	91.4344304992	0	4561
1317	105	91.3445298461	1	4562
1318	107	91.2910404831	1	4563
1319	102	91.3048020516	2	4565
1320	102	91.2553974414	0	4565
1321	107	91.3289342874	2	4567
1322	108	91.4133884209	4	4571
1323	111	91.4017693146	7	4578
1324	107	91.467533766	4	4582
1325	111	91.3933251125	4	4586
1326	113	91.4317864628	3	4589
1327	116	91.3400664833	5	4594
1328	117	91.3447286684	6	4600
1329	114	91.2846065666	2	4602
1330	116	91.3755970017	1	4603
1331	117	91.3748502181	1	4604
1332	113	91.3878084975	0	4604
1333	116	91.338598827	5	4609
1334	120	91.4197492784	2	4611
1335	121	91.3849677977	6	4617
1336	121	91.4490993009	1	4618
1337	125	91.5159037556	7	4625
1338	126	91.4492170335	3	4628
1339	131	91.4151494567	6	4634
1340	132	91.4571230186	4	4638
1341	132	91.4131933189	5	4643
1342	132	91.4426656596	5	4648
1343	136	91.4589189812	4	4652
1344	140	91.5290417561	1	4653
1345	141	91.5669728425	5	4658
1346	146	91.5559062425	2	4660
1347	150	91.4645428172	0	4660
1348	145	91.4037552702	6	4666
1349	146	91.3673405432	4	4670
1350	144	91.3354815359	0	4670
1351	143	91.4204740127	2	4672
1352	146	91.4194532112	1	4673
1353	151	91.4255457438	6	4679
1354	146	91.3364620652	0	4679
1355	145	91.3055772834	3	4682
1356	144	91.3318223271	7	4689
1357	148	91.2582839892	3	4692
1358	153	91.345982001	1	4693
1359	152	91.3858861899	7	4700
1360	148	91.4283741191	2	4702
1361	153	91.3721295154	7	4709
1362	148	91.4458529519	3	4712
1363	148	91.4090750482	2	4714
1364	151	91.3837815584	7	4721
1365	149	91.3720097487	2	4723
1366	144	91.3849991328	3	4726
1367	149	91.4247319825	4	4730
1368	151	91.4035551742	6	4736
1369	152	91.3072508832	4	4740
1370	148	91.4003150709	7	4747
1371	146	91.3992747875	7	4754
1372	149	91.4124141445	4	4758
1373	144	91.3693627572	3	4761
1374	146	91.2930785255	1	4762
1375	150	91.3467449722	6	4768
1376	153	91.3760295362	6	4774
1377	153	91.4015710952	6	4780
1378	151	91.440473114	6	4786
1379	150	91.3673577344	1	4787
1380	147	91.4474899788	4	4791
1381	148	91.4280762072	4	4795
1382	152	91.3447279939	5	4800
1383	153	91.288930208	6	4806
1384	149	91.3573840286	4	4810
1385	144	91.4449290336	3	4813
1386	140	91.4833844003	0	4813
1387	137	91.4659839052	4	4817
1388	135	91.4943551463	6	4823
1389	132	91.445174242	1	4824
1390	127	91.390217503	1	4825
1391	130	91.337236786	1	4826
1392	135	91.2558307365	1	4827
1393	136	91.2426391759	0	4827
1394	132	91.2748806251	3	4830
1395	137	91.2678682144	4	4834
1396	133	91.225194602	3	4837
1397	137	91.1957538333	7	4844
1398	141	91.1822669575	4	4848
1399	139	91.2573887787	4	4852
1400	136	91.1760093299	5	4857
1401	132	91.1013396278	6	4863
1402	134	91.1046752235	3	4866
1403	136	91.0751825921	1	4867
1404	138	91.1689369947	5	4872
1405	142	91.2125974034	4	4876
1406	140	91.2919914533	5	4881
1407	137	91.3163947994	5	4886
1408	142	91.3466018569	1	4887
1409	144	91.2978082936	0	4887
1410	139	91.3513341928	2	4889
1411	138	91.278721298	6	4895
1412	142	91.3547149289	4	4899
1413	137	91.2685849568	4	4903
1414	136	91.1868977857	0	4903
1415	133	91.1280711879	4	4907
1416	135	91.0295567244	6	4913
1417	134	91.1048515756	4	4917
1418	137	91.1908454379	5	4922
1419	138	91.1548524822	2	4924
1420	139	91.1924699118	5	4929
1421	141	91.2724738476	4	4933
1422	144	91.3300315824	5	4938
1423	142	91.3786996288	3	4941
1424	146	91.3956076933	5	4946
1425	141	91.4309213718	5	4951
1426	141	91.405456301	0	4951
1427	143	91.4759114735	6	4957
1428	147	91.3876958713	5	4962
1429	144	91.3545388962	0	4962
1430	142	91.3324463638	0	4962
1431	141	91.3802629716	6	4968
1432	138	91.4018150089	0	4968
1433	135	91.3052781302	5	4973
1434	134	91.2112447728	5	4978
1435	129	91.2342328513	5	4983
1436	128	91.2600714413	3	4986
1437	129	91.1848339794	2	4988
1438	134	91.2821933204	1	4989
1439	134	91.308002738	3	4992
1440	135	91.2165944725	0	4992
1441	130	91.2237556706	7	4999
1442	128	91.3065509777	0	4999
1443	132	91.2344801642	3	5002
1444	136	91.3050882419	2	5004
1445	131	91.2348544118	0	5004
1446	133	91.1917976189	0	5004
1447	131	91.2311606241	7	5011
1448	129	91.2353050999	5	5016
1449	131	91.241172133	7	5023
1450	135	91.2626218719	0	5023
1451	137	91.307795758	4	5027
1452	135	91.2808000696	2	5029
1453	132	91.3495328815	5	5034
1454	137	91.3317602415	0	5034
1455	132	91.4269978452	1	5035
1456	135	91.3802344586	5	5040
1457	138	91.2954767334	4	5044
1458	140	91.2747333276	7	5051
1459	137	91.2641504755	2	5053
1460	139	91.3444482251	7	5060
1461	134	91.2676936803	7	5067
1462	135	91.3354304125	7	5074
1463	138	91.3065301186	7	5081
1464	138	91.4010401117	2	5083
1465	138	91.3934146998	1	5084
1466	143	91.3984720564	0	5084
1467	142	91.3463713462	7	5091
1468	146	91.4116641569	1	5092
1469	149	91.5064370957	1	5093
1470	152	91.5752554081	3	5096
1471	153	91.5387720726	4	5100
1472	150	91.5575260351	1	5101
1473	154	91.5129497995	0	5101
1474	156	91.4626813356	5	5106
1475	158	91.4021243879	7	5113
1476	156	91.4052893066	6	5119
1477	155	91.4549203094	7	5126
1478	150	91.5017412795	1	5127
1479	155	91.4632141311	5	5132
1480	155	91.4570073104	0	5132
1481	157	91.5508628687	7	5139
1482	161	91.4844187668	4	5143
1483	156	91.4489447643	4	5147
1484	159	91.3582261497	2	5149
1485	158	91.4008397235	4	5153
1486	157	91.4700055421	4	5157
1487	159	91.4876817345	7	5164
1488	158	91.454403786	3	5167
1489	157	91.5414282006	3	5170
1490	159	91.5530940733	2	5172
1491	164	91.556606604	7	5179
1492	165	91.5125085088	3	5182
1493	163	91.5411558897	7	5189
1494	158	91.4776015128	7	5196
1495	158	91.4401131567	4	5200
1496	162	91.3787959823	5	5205
1497	158	91.3559351341	2	5207
1498	161	91.2989066366	2	5209
1499	164	91.3058983214	7	5216
1500	163	91.3036057887	2	5218
1501	161	91.3052148941	3	5221
1502	166	91.2450296295	3	5224
1503	165	91.2436285329	4	5228
1504	160	91.2622543998	0	5228
1505	163	91.1869778607	3	5231
1506	168	91.1207614128	1	5232
1507	163	91.1613618006	5	5237
1508	163	91.2211259914	3	5240
1509	162	91.1566028951	1	5241
1510	159	91.1349862694	5	5246
1511	164	91.0510231204	2	5248
1512	160	91.0663653396	3	5251
1513	162	90.9815604995	7	5258
1514	166	90.8899428246	4	5262
1515	164	90.9704470315	0	5262
1516	163	91.04203476	7	5269
1517	160	91.1395743201	7	5276
1518	165	91.1800468403	2	5278
1519	161	91.166844153	3	5281
1520	159	91.2133130663	3	5284
1521	162	91.3128284482	2	5286
1522	161	91.3006025555	1	5287
1523	161	91.2143351794	5	5292
1524	165	91.2570585011	0	5292
1525	165	91.3353480332	1	5293
1526	169	91.3355742448	0	5293
1527	169	91.3011610941	5	5298
1528	166	91.3050899883	5	5303
1529	165	91.2166143933	5	5308
1530	167	91.2666866836	7	5315
1531	165	91.3051198328	2	5317
1532	167	91.2234635548	1	5318
1533	166	91.1298325896	4	5322
1534	163	91.0748155187	4	5326
1535	160	91.1047798171	2	5328
1536	158	91.0069104701	2	5330
1537	155	91.030088626	4	5334
1538	156	91.0336974291	1	5335
1539	157	91.0638957479	0	5335
1540	158	91.1498569292	2	5337
1541	158	91.0810216814	6	5343
1542	155	91.0658582149	0	5343
1543	159	91.1381089659	7	5350
1544	157	91.0937917989	3	5353
1545	160	91.0684113615	2	5355
1546	155	91.0146466983	0	5355
1547	150	91.0793381185	7	5362
1548	151	91.1438285522	0	5362
1549	151	91.1967946573	3	5365
1550	151	91.1464783637	0	5365
1551	154	91.1385430326	2	5367
1552	149	91.0648693386	4	5371
1553	147	91.1294958806	7	5378
1554	146	91.1997030408	3	5381
1555	142	91.1251108525	6	5387
1556	143	91.1807525286	0	5387
1557	145	91.2664363405	3	5390
1558	140	91.2708030609	0	5390
1559	136	91.283867288	1	5391
1560	140	91.2934545892	0	5391
1561	139	91.2811921899	7	5398
1562	134	91.3704855468	5	5403
1563	132	91.3001284649	7	5410
1564	131	91.3449072475	4	5414
1565	135	91.4307646047	3	5417
1566	138	91.4235533098	7	5424
1567	137	91.4466442671	6	5430
1568	140	91.5432159476	2	5432
1569	139	91.4432766319	6	5438
1570	134	91.4783511317	7	5445
1571	135	91.3880756849	4	5449
1572	133	91.4257730792	4	5453
1573	136	91.3574899295	4	5457
1574	140	91.3289927216	4	5461
1575	143	91.3882989385	3	5464
1576	139	91.4726607736	1	5465
1577	144	91.4617975395	5	5470
1578	139	91.5166548766	5	5475
1579	138	91.5852945578	0	5475
1580	141	91.600010984	5	5480
1581	145	91.6280004022	2	5482
1582	146	91.5558969601	6	5488
1583	150	91.4822060382	3	5491
1584	145	91.5214339108	0	5491
1585	146	91.5258992062	5	5496
1586	141	91.509984085	1	5497
1587	137	91.5812081163	1	5498
1588	141	91.6654194847	2	5500
1589	141	91.6508271992	7	5507
1590	140	91.5812437897	6	5513
1591	145	91.5576114331	6	5519
1592	144	91.5250214869	6	5525
1593	143	91.5544995936	0	5525
1594	145	91.5996001933	5	5530
1595	147	91.5219474384	3	5533
1596	149	91.5202256585	3	5536
1597	151	91.5717823327	0	5536
1598	146	91.5829613853	5	5541
1599	149	91.6073478016	1	5542
1600	146	91.522739303	7	5549
1601	141	91.4991315799	1	5550
1602	139	91.4430301637	3	5553
1603	143	91.464702387	6	5559
1604	147	91.5401240592	7	5566
1605	144	91.5170313504	0	5566
1606	142	91.5249424952	1	5567
1607	147	91.4632350286	1	5568
1608	147	91.3783649714	3	5571
1609	149	91.3039484758	5	5576
1610	153	91.2671025102	6	5582
1611	157	91.2061657067	4	5586
1612	162	91.302259632	4	5590
1613	161	91.2145992673	5	5595
1614	158	91.2846802811	3	5598
1615	158	91.2930284827	1	5599
1616	159	91.2750685304	0	5599
1617	156	91.1836684024	7	5606
1618	154	91.2802328225	3	5609
1619	159	91.2630001781	3	5612
1620	157	91.2452417203	5	5617
1621	157	91.2811987505	2	5619
1622	153	91.2144498777	7	5626
1623	152	91.2937174217	5	5631
1624	151	91.3823384404	3	5634
1625	148	91.3328242548	2	5636
1626	152	91.3438556136	7	5643
1627	153	91.248253281	7	5650
1628	154	91.261836772	0	5650
1629	159	91.2768112745	3	5653
1630	159	91.2822147741	2	5655
1631	155	91.2899936443	6	5661
1632	154	91.2229308173	1	5662
1633	153	91.3211845635	2	5664
1634	154	91.2341621607	0	5664
1635	156	91.2227578787	0	5664
1636	161	91.1918181667	4	5668
1637	159	91.2424916372	7	5675
1638	157	91.3345956596	7	5682
1639	155	91.3705295763	7	5689
1640	152	91.4435488839	1	5690
1641	154	91.5065219927	5	5695
1642	151	91.4195373039	3	5698
1643	150	91.3692693416	6	5704
1644	149	91.3265585531	1	5705
1645	149	91.3424681353	4	5709
1646	146	91.3130672581	7	5716
1647	149	91.2162394804	0	5716
1648	153	91.1454057858	3	5719
1649	157	91.134368495	3	5722
1650	154	91.0839342695	4	5726
1651	150	91.0436750834	0	5726
1652	149	91.0529083142	2	5728
1653	154	91.0313495098	5	5733
1654	154	91.0961383157	0	5733
1655	151	91.1358292729	3	5736
1656	150	91.1140787164	5	5741
1657	154	91.1200995323	6	5747
1658	153	91.0260397577	0	5747
1659	151	91.0981492968	2	5749
1660	149	91.0774923523	3	5752
1661	148	91.1384058456	1	5753
1662	146	91.0695307178	7	5760
1663	151	91.1408331428	7	5767
1664	153	91.2085006527	2	5769
1665	150	91.2438341113	1	5770
1666	153	91.2914653996	3	5773
1667	154	91.2598527681	4	5777
1668	158	91.235977106	5	5782
1669	161	91.2676505225	5	5787
1670	159	91.3047640979	4	5791
1671	155	91.2628797696	1	5792
1672	156	91.2872016108	2	5794
1673	153	91.3580698897	5	5799
1674	158	91.2838237957	1	5800
1675	157	91.2276702829	7	5807
1676	162	91.1543832963	3	5810
1677	162	91.106672352	4	5814
1678	163	91.0793083406	0	5814
1679	168	91.1526411209	3	5817
1680	163	91.2484230177	6	5823
1681	159	91.2176735991	1	5824
1682	154	91.2425159579	7	5831
1683	153	91.3396067046	1	5832
1684	149	91.3293890297	5	5837
1685	151	91.359857625	2	5839
1686	153	91.3314429823	2	5841
1687	149	91.3740834967	5	5846
1688	149	91.3330777619	2	5848
1689	147	91.3251636504	1	5849
1690	145	91.4053193142	1	5850
1691	145	91.3628004655	2	5852
1692	142	91.3656707121	3	5855
1693	139	91.3535225031	4	5859
1694	141	91.4371115392	1	5860
1695	137	91.4156696963	3	5863
1696	136	91.3848148624	3	5866
1697	139	91.4568615228	2	5868
1698	137	91.4294434685	6	5874
1699	138	91.4894952906	6	5880
1700	135	91.3952410824	6	5886
1701	134	91.3098884733	7	5893
1702	139	91.2937078254	4	5897
1703	144	91.2280938126	6	5903
1704	139	91.1301449584	4	5907
1705	136	91.229287113	0	5907
1706	134	91.1376418326	0	5907
1707	129	91.0992627757	7	5914
1708	127	91.034785657	3	5917
1709	130	91.0598572177	5	5922
1710	134	90.9765527537	2	5924
1711	135	90.9861696835	3	5927
1712	132	90.9697698907	3	5930
1713	127	90.9281544709	2	5932
1714	126	90.8606413941	2	5934
1715	125	90.7712338233	3	5937
1716	124	90.7603274357	7	5944
1717	124	90.746273069	1	5945
1718	121	90.762332787	3	5948
1719	116	90.8121811554	6	5954
1720	121	90.7739970883	4	5958
1721	120	90.7026372357	3	5961
1722	121	90.6836638716	2	5963
1723	116	90.628853593	0	5963
1724	111	90.7256072501	7	5970
1725	107	90.6893712793	7	5977
1726	102	90.7177985184	6	5983
1727	100	90.6529935493	3	5986
1728	104	90.5942899604	3	5989
1729	106	90.6818798486	7	5996
1730	103	90.6229445413	1	5997
1731	100	90.6286343554	0	5997
1732	102	90.5346571464	0	5997
1733	106	90.5788741813	2	5999
1734	111	90.6533276323	6	6005
1735	116	90.5993808879	5	6010
1736	113	90.6878973024	5	6015
1737	111	90.7757644789	1	6016
1738	113	90.6776495742	7	6023
1739	108	90.5850927721	0	6023
1740	106	90.6461477261	6	6029
1741	101	90.5869991158	1	6030
1742	103	90.5574085702	3	6033
1743	101	90.4816041055	6	6039
1744	104	90.4056861354	4	6043
1745	101	90.385162975	5	6048
1746	106	90.4780485563	7	6055
1747	111	90.4847950825	1	6056
1748	113	90.5817272385	7	6063
1749	117	90.6422773176	2	6065
1750	116	90.711342738	2	6067
1751	112	90.755779171	2	6069
1752	113	90.6607236386	7	6076
1753	116	90.6569028547	7	6083
1754	111	90.5571369899	3	6086
1755	116	90.5396659503	2	6088
1756	120	90.5351639364	6	6094
1757	122	90.4564477324	7	6101
1758	121	90.5049331285	6	6107
1759	123	90.5026112133	5	6112
1760	119	90.599031026	6	6118
1761	117	90.6366452791	3	6121
1762	122	90.5460048485	7	6128
1763	126	90.638407327	1	6129
1764	131	90.5574099414	1	6130
1765	130	90.5876289668	5	6135
1766	133	90.6516704018	6	6141
1767	129	90.73119737	0	6141
1768	134	90.7906870021	1	6142
1769	134	90.8033122396	5	6147
1770	139	90.859718223	2	6149
1771	144	90.7624094389	5	6154
1772	145	90.750744657	7	6161
1773	150	90.7693964757	1	6162
1774	151	90.7445907719	2	6164
1775	151	90.6475196934	0	6164
1776	151	90.743070868	4	6168
1777	149	90.6581300696	2	6170
1778	154	90.6789677358	2	6172
1779	152	90.5925339382	2	6174
1780	151	90.5286724719	5	6179
1781	155	90.4740711899	0	6179
1782	150	90.4652243728	6	6185
1783	146	90.4755464757	0	6185
1784	150	90.5138500275	2	6187
1785	155	90.6116846726	4	6191
1786	155	90.5607784374	4	6195
1787	155	90.6258878655	1	6196
1788	154	90.6582329714	2	6198
1789	150	90.6322442427	4	6202
1790	147	90.6548598909	4	6206
1791	143	90.7471101038	4	6210
1792	141	90.7560774925	0	6210
1793	139	90.7485556813	5	6215
1794	143	90.7053245877	1	6216
1795	147	90.6139720014	4	6220
1796	148	90.6327993933	0	6220
1797	149	90.6450229407	1	6221
1798	144	90.6003217226	3	6224
1799	146	90.6614192034	4	6228
1800	144	90.6986233107	5	6233
1801	149	90.6729865508	0	6233
1802	154	90.7709101137	6	6239
1803	158	90.7502470626	1	6240
1804	161	90.8451173173	1	6241
1805	166	90.8745207917	1	6242
1806	161	90.8880205559	7	6249
1807	158	90.9842545845	2	6251
1808	157	91.0670209386	2	6253
1809	154	91.1478485992	3	6256
1810	155	91.1789777578	7	6263
1811	151	91.1499943095	0	6263
1812	155	91.1554043618	6	6269
1813	160	91.0564778989	4	6273
1814	163	90.9891237139	7	6280
1815	165	90.890573957	7	6287
1816	167	90.8684749993	1	6288
1817	167	90.8509318507	3	6291
1818	171	90.9120841381	5	6296
1819	167	90.9719174958	1	6297
1820	172	90.9108990083	5	6302
1821	172	90.9448703004	0	6302
1822	175	90.9587782932	4	6306
1823	172	90.9468805109	1	6307
1824	171	91.0315663148	1	6308
1825	166	90.9425135998	3	6311
1826	161	90.8737805781	6	6317
1827	158	90.8724749992	3	6320
1828	161	90.8488048252	4	6324
1829	164	90.9202115277	4	6328
1830	168	90.9828298608	1	6329
1831	167	91.0141021003	2	6331
1832	171	91.1100762905	4	6335
1833	172	91.0502226044	6	6341
1834	170	91.1128056568	4	6345
1835	174	91.2046659381	2	6347
1836	175	91.1106609942	2	6349
1837	178	91.0310781544	1	6350
1838	183	91.0865466393	5	6355
1839	181	91.0773280647	7	6362
1840	176	91.1733011588	1	6363
1841	179	91.1404849405	6	6369
1842	181	91.1489183614	5	6374
1843	177	91.0509039896	3	6377
1844	182	91.1085364635	0	6377
1845	183	91.011159477	1	6378
1846	178	90.9251054819	1	6379
1847	176	90.8810572118	4	6383
1848	171	90.8159873988	0	6383
1849	175	90.778301182	2	6385
1850	170	90.8649774492	4	6389
1851	165	90.9324491323	6	6395
1852	168	90.8449126129	6	6401
1853	163	90.775548161	3	6404
1854	161	90.756078896	4	6408
1855	156	90.817547532	0	6408
1856	157	90.7535731562	3	6411
1857	159	90.7671626888	2	6413
1858	163	90.750040129	4	6417
1859	160	90.7715183826	2	6419
1860	163	90.6734623365	6	6425
1861	167	90.7400215452	5	6430
1862	163	90.6914301463	3	6433
1863	158	90.5963000526	7	6440
1864	155	90.6506632789	3	6443
1865	159	90.6696639357	4	6447
1866	164	90.688469263	6	6453
1867	161	90.6681841968	5	6458
1868	164	90.7434981703	2	6460
1869	167	90.7890746903	4	6464
1870	167	90.7348981063	0	6464
1871	165	90.6579914828	6	6470
1872	161	90.7369064108	7	6477
1873	157	90.7142955328	6	6483
1874	153	90.6651726491	3	6486
1875	155	90.6362458342	7	6493
1876	154	90.5690325267	5	6498
1877	155	90.6643303349	6	6504
1878	158	90.6246234676	2	6506
1879	156	90.7037430174	4	6510
1880	158	90.6663529194	4	6514
1881	153	90.648711431	5	6519
1882	149	90.5855812539	4	6523
1883	145	90.6377254001	0	6523
1884	141	90.5559340014	0	6523
1885	136	90.4683953006	4	6527
1886	138	90.4326856298	6	6533
1887	139	90.5090287686	2	6535
1888	144	90.4954245663	1	6536
1889	144	90.5591429274	2	6538
1890	144	90.5432155831	5	6543
1891	147	90.6038317549	4	6547
1892	144	90.5324936123	7	6554
1893	139	90.5173241366	3	6557
1894	136	90.4718395871	1	6558
1895	139	90.5043229745	0	6558
1896	142	90.4572828394	2	6560
1897	141	90.4590733927	6	6566
1898	139	90.4805538496	7	6573
1899	141	90.3848123706	3	6576
1900	137	90.3118651866	4	6580
1901	142	90.3671466552	2	6582
1902	142	90.3571016013	1	6583
1903	141	90.3604143986	5	6588
1904	136	90.451733602	4	6592
1905	136	90.4009437441	1	6593
1906	140	90.3696774131	4	6597
1907	136	90.3678071641	2	6599
1908	140	90.2857172048	5	6604
1909	141	90.2480803683	6	6610
1910	137	90.2100526063	4	6614
1911	138	90.17197605	6	6620
1912	143	90.1377482721	5	6625
1913	148	90.1979310094	7	6632
1914	144	90.1371396815	4	6636
1915	139	90.1594550174	6	6642
1916	135	90.1125861647	5	6647
1917	132	90.0422307086	2	6649
1918	135	90.0091558009	3	6652
1919	131	89.9561285436	5	6657
1920	129	89.9661264743	2	6659
1921	124	89.9111848416	4	6663
1922	129	89.944043896	5	6668
1923	127	90.03771492	7	6675
1924	126	89.9571498965	6	6681
1925	121	89.9705664238	5	6686
1926	120	89.8745799729	1	6687
1927	117	89.9530454789	0	6687
1928	114	90.0231410332	4	6691
1929	119	90.1087870038	7	6698
1930	123	90.1354256903	7	6705
1931	128	90.0672430905	1	6706
1932	130	90.0891470492	1	6707
1933	134	90.0591264718	1	6708
1934	129	90.1135421111	4	6712
1935	129	90.0655717365	3	6715
1936	127	90.0311397675	5	6720
1937	126	89.9445381619	5	6725
1938	128	89.9777239116	4	6729
1939	123	90.0025508809	5	6734
1940	122	90.0839936056	7	6741
1941	125	90.1124164469	5	6746
1942	125	90.1552409691	6	6752
1943	121	90.2550927517	0	6752
1944	124	90.3501662758	5	6757
1945	120	90.4153609158	2	6759
1946	124	90.5023550742	1	6760
1947	127	90.459115562	7	6767
1948	132	90.4466340908	0	6767
1949	133	90.4649036797	3	6770
1950	129	90.4284352783	2	6772
1951	126	90.4123329017	6	6778
1952	128	90.4103365355	4	6782
1953	128	90.4339595735	4	6786
1954	123	90.3937508685	6	6792
1955	124	90.4513966261	4	6796
1956	125	90.3603917951	2	6798
1957	121	90.3130095912	4	6802
1958	120	90.2181572003	2	6804
1959	117	90.2391236222	7	6811
1960	115	90.2988383728	7	6818
1961	120	90.2489805242	0	6818
1962	122	90.3012649584	3	6821
1963	117	90.2658463542	0	6821
1964	112	90.3506032891	4	6825
1965	111	90.3706218388	2	6827
1966	113	90.3407960691	0	6827
1967	115	90.2568987995	7	6834
1968	113	90.2078399491	3	6837
1969	109	90.2503841461	6	6843
1970	105	90.170925796	7	6850
1971	101	90.2074034087	0	6850
1972	100	90.1321239467	2	6852
1973	98	90.1381368341	4	6856
1974	96	90.2009694435	3	6859
1975	95	90.1071833917	6	6865
1976	92	90.1460346261	5	6870
1977	96	90.0681699535	4	6874
1978	98	89.9888516279	6	6880
1979	97	89.9516352119	1	6881
1980	99	89.9264198468	1	6882
1981	95	89.9583631445	5	6887
1982	91	89.8888543082	7	6894
1983	91	89.8537290553	2	6896
1984	93	89.8106805532	7	6903
1985	93	89.7270121964	6	6909
1986	97	89.7458938764	7	6916
1987	93	89.7806259682	5	6921
1988	90	89.7575998573	2	6923
1989	93	89.6959922677	6	6929
1990	95	89.7901451199	4	6933
1991	99	89.799053191	5	6938
1992	98	89.7464646599	0	6938
1993	101	89.8027905239	5	6943
1994	102	89.784297444	1	6944
1995	103	89.7557983286	1	6945
1996	98	89.8189407759	2	6947
1997	97	89.7980585968	3	6950
1998	101	89.7024006687	3	6953
1999	96	89.7897670914	7	6960
2000	100	89.7777975067	2	6962
2001	100	89.7874243031	7	6969
2002	98	89.8056831083	1	6970
2003	102	89.7794352106	2	6972
2004	104	89.6921586611	1	6973
2005	100	89.7581451912	1	6974
2006	98	89.749202669	6	6980
2007	101	89.7063486863	4	6984
2008	100	89.723598579	2	6986
2009	102	89.8053305203	1	6987
2010	99	89.7600742652	2	6989
2011	101	89.7572055315	0	6989
2012	104	89.7146291054	3	6992
2013	108	89.6186015843	3	6995
2014	113	89.5747805902	3	6998
2015	118	89.5722615036	2	7000
2016	116	89.4923182045	4	7004
2017	119	89.4107473039	2	7006
2018	120	89.458521881	6	7012
2019	124	89.5373548694	0	7012
2020	125	89.5567120165	2	7014
2021	130	89.5331361377	0	7014
2022	127	89.5665528245	7	7021
2023	127	89.5132550395	6	7027
2024	122	89.4232731496	2	7029
2025	123	89.3674005487	2	7031
2026	122	89.4276681465	3	7034
2027	123	89.4469846967	3	7037
2028	125	89.4514139458	7	7044
2029	124	89.4687262078	1	7045
2030	120	89.3717006836	5	7050
2031	118	89.3011572395	7	7057
2032	121	89.2406533965	2	7059
2033	120	89.1695184278	6	7065
2034	116	89.0917879896	5	7070
2035	116	89.0232156853	3	7073
2036	111	89.0368747113	3	7076
2037	115	89.1123305137	3	7079
2038	113	89.0465087651	1	7080
2039	115	89.0030030204	0	7080
2040	115	88.9980943303	5	7085
2041	119	89.0445806073	2	7087
2042	124	88.9630436444	1	7088
2043	126	89.0594210881	7	7095
2044	130	89.0868051591	1	7096
2045	128	88.9896080526	5	7101
2046	129	88.9857709214	4	7105
2047	132	89.0653330079	6	7111
2048	136	89.1023124022	6	7117
2049	133	89.1477851889	4	7121
2050	136	89.2341296369	1	7122
2051	137	89.2500991479	5	7127
2052	132	89.3212028844	7	7134
2053	130	89.2498430752	4	7138
2054	126	89.3160911379	5	7143
2055	131	89.2881381914	7	7150
2056	131	89.3853391124	1	7151
2057	136	89.3494479891	6	7157
2058	138	89.3669224055	5	7162
2059	138	89.3626752461	7	7169
2060	136	89.3731893223	5	7174
2061	136	89.4101710375	5	7179
2062	141	89.3991540714	6	7185
2063	145	89.3041277117	5	7190
2064	141	89.3411415695	5	7195
2065	144	89.434046351	5	7200
2066	142	89.3483269778	1	7201
2067	140	89.2614529312	5	7206
2068	141	89.2243611401	3	7209
2069	141	89.2862576982	6	7215
2070	140	89.383429956	1	7216
2071	140	89.3988507264	7	7223
2072	142	89.4844031071	3	7226
2073	145	89.4528149372	1	7227
2074	148	89.4533084168	7	7234
2075	150	89.3903374798	0	7234
2076	151	89.4682451443	0	7234
2077	154	89.5548965951	5	7239
2078	159	89.545260084	5	7244
2079	155	89.5647497271	0	7244
2080	160	89.5023740013	5	7249
2081	158	89.5383882232	4	7253
2082	163	89.5444090962	0	7253
2083	164	89.5392668498	0	7253
2084	165	89.4754523641	3	7256
2085	161	89.5465940965	0	7256
2086	157	89.5667063031	4	7260
2087	160	89.5920379813	5	7265
2088	156	89.6026934164	5	7270
2089	160	89.6747901186	5	7275
2090	165	89.7103194467	2	7277
2091	163	89.7192064542	3	7280
2092	163	89.6724438154	5	7285
2093	160	89.7214614142	5	7290
2094	159	89.7774906289	1	7291
2095	164	89.8384056892	6	7297
2096	165	89.7465530002	5	7302
2097	161	89.8141856711	4	7306
2098	156	89.8568914088	6	7312
2099	158	89.9559728753	3	7315
2100	160	89.9718145689	0	7315
2101	165	89.9837940066	1	7316
2102	161	89.89476417	7	7323
2103	162	89.8631373275	7	7330
2104	158	89.94431276	6	7336
2105	155	89.9455296778	7	7343
2106	154	89.8804785404	2	7345
2107	150	89.8018998409	0	7345
2108	148	89.8310641977	7	7352
2109	145	89.7367105619	3	7355
2110	145	89.7113100426	4	7359
2111	149	89.6249011005	4	7363
2112	151	89.6035392862	2	7365
2113	146	89.6217909987	1	7366
2114	141	89.5602849897	4	7370
2115	145	89.6213524119	0	7370
2116	144	89.590587957	6	7376
2117	145	89.5190701558	6	7382
2118	148	89.5371927404	5	7387
2119	150	89.5131843223	3	7390
2120	145	89.448055187	4	7394
2121	149	89.4474844923	7	7401
2122	145	89.5290810481	5	7406
2123	141	89.5229185912	5	7411
2124	146	89.5338170337	6	7417
2125	147	89.576342651	3	7420
2126	151	89.6611863762	4	7424
2127	156	89.7549875397	5	7429
2128	153	89.7274768915	5	7434
2129	157	89.7046676135	5	7439
2130	157	89.6134970321	3	7442
2131	152	89.5189767616	1	7443
2132	153	89.4958347358	3	7446
2133	153	89.5007210888	6	7452
2134	150	89.5443085833	3	7455
2135	151	89.5135992814	4	7459
2136	147	89.5582789346	6	7465
2137	143	89.5089727114	6	7471
2138	145	89.5186937793	5	7476
2139	150	89.5934500369	3	7479
2140	146	89.5966309122	6	7485
2141	146	89.5473910803	7	7492
2142	146	89.5830332362	0	7492
2143	142	89.5647169778	6	7498
2144	141	89.5656658229	5	7503
2145	136	89.6538149861	5	7508
2146	140	89.6121831794	1	7509
2147	145	89.7016558603	0	7509
2148	146	89.6957831414	5	7514
2149	142	89.6278942241	3	7517
2150	137	89.6195196801	2	7519
2151	141	89.5711674157	2	7521
2152	136	89.6208052703	1	7522
2153	134	89.5977049783	3	7525
2154	138	89.6391636315	3	7528
2155	140	89.689591707	5	7533
2156	144	89.6338536597	3	7536
2157	143	89.6670960326	0	7536
2158	139	89.6163028059	1	7537
2159	143	89.5501519262	2	7539
2160	138	89.5785754468	1	7540
2161	138	89.5384629751	6	7546
2162	140	89.5551637319	5	7551
2163	145	89.6441806842	7	7558
2164	142	89.6331704059	5	7563
2165	145	89.5545058876	4	7567
2166	143	89.5695988309	1	7568
2167	138	89.5308598156	1	7569
2168	136	89.4322680929	0	7569
2169	136	89.3501993262	6	7575
2170	132	89.3884438555	2	7577
2171	133	89.3420444704	2	7579
2172	130	89.3024714618	6	7585
2173	131	89.2363857896	0	7585
2174	136	89.1956539638	0	7585
2175	135	89.2744946366	6	7591
2176	140	89.1979912986	4	7595
2177	143	89.2563945558	4	7599
2178	139	89.1835544911	3	7602
2179	138	89.1736161707	6	7608
2180	140	89.1542660212	7	7615
2181	143	89.0871731998	2	7617
2182	139	89.0713362967	3	7620
2183	136	89.1559351295	3	7623
2184	136	89.1835286281	1	7624
2185	139	89.2251461874	7	7631
2186	141	89.2713717904	0	7631
2187	141	89.312867716	5	7636
2188	142	89.2328049411	4	7640
2189	146	89.2675947706	2	7642
2190	143	89.1742389168	3	7645
2191	146	89.2632024949	0	7645
2192	149	89.3127734614	0	7645
2193	148	89.4097349213	1	7646
2194	144	89.3901685634	7	7653
2195	148	89.421014166	3	7656
2196	153	89.3741177902	3	7659
2197	155	89.3526799542	5	7664
2198	152	89.3162134673	3	7667
2199	152	89.2762635425	1	7668
2200	151	89.3225026689	0	7668
2201	150	89.4077017192	4	7672
2202	146	89.3460919475	2	7674
2203	142	89.3932952839	0	7674
2204	141	89.3409750956	6	7680
2205	145	89.3404575507	4	7684
2206	144	89.4216483965	1	7685
2207	144	89.5145994506	0	7685
2208	147	89.5345346393	3	7688
2209	145	89.5996032328	7	7695
2210	150	89.5122142529	2	7697
2211	154	89.5733396612	1	7698
2212	156	89.4826711516	0	7698
2213	156	89.5408135903	4	7702
2214	151	89.5824590363	2	7704
2215	154	89.5737328814	0	7704
2216	153	89.6644805753	0	7704
2217	152	89.7346081619	3	7707
2218	157	89.703579793	0	7707
2219	162	89.6531220178	0	7707
2220	160	89.6969135763	4	7711
2221	158	89.7882002679	6	7717
2222	156	89.7403458005	6	7723
2223	160	89.7960426301	3	7726
2224	158	89.7253118437	1	7727
2225	159	89.6826136622	6	7733
2226	162	89.6010608692	7	7740
2227	162	89.5667953613	2	7742
2228	167	89.5057944859	7	7749
2229	162	89.5209666175	0	7749
2230	160	89.5846144539	5	7754
2231	161	89.4893850868	6	7760
2232	158	89.5724319469	4	7764
2233	159	89.6501638747	2	7766
2234	161	89.6996985853	3	7769
2235	156	89.7126845999	4	7773
2236	158	89.6601995853	6	7779
2237	158	89.5625741423	6	7785
2238	160	89.532713788	5	7790
2239	164	89.4510238611	0	7790
2240	161	89.3852292438	5	7795
2241	159	89.3740064979	4	7799
2242	156	89.3989567566	1	7800
2243	157	89.3987136676	1	7801
2244	162	89.4349908524	5	7806
2245	164	89.5239025716	3	7809
2246	166	89.4894601145	0	7809
2247	161	89.399846754	6	7815
2248	166	89.332808874	2	7817
2249	167	89.2734126011	1	7818
2250	169	89.291723595	0	7818
2251	169	89.3868885024	6	7824
2252	172	89.3935491073	7	7831
2253	168	89.39042294	2	7833
2254	166	89.4405058448	4	7837
2255	162	89.4133611273	0	7837
2256	167	89.4664455227	4	7841
2257	163	89.5636877032	0	7841
2258	167	89.5755403989	2	7843
2259	166	89.5291987062	1	7844
2260	166	89.6114379427	3	7847
2261	170	89.6372067025	6	7853
2262	170	89.5902714834	6	7859
2263	170	89.6554828443	5	7864
2264	171	89.6070625656	1	7865
2265	168	89.5484787512	2	7867
2266	172	89.6154463255	6	7873
2267	177	89.577885781	3	7876
2268	177	89.5160778773	2	7878
2269	172	89.5459976429	1	7879
2270	172	89.5686608952	6	7885
2271	170	89.6627265798	0	7885
2272	173	89.7200362684	6	7891
2273	172	89.6213672325	1	7892
2274	176	89.6408881056	4	7896
2275	180	89.6091571736	1	7897
2276	185	89.6104872651	1	7898
2277	185	89.6315079887	4	7902
2278	190	89.5525581611	0	7902
2279	194	89.5722393787	3	7905
2280	194	89.6266416575	0	7905
2281	199	89.6711010453	6	7911
2282	200	89.5930934052	0	7911
2283	197	89.6241351077	6	7917
2284	200	89.5685764497	4	7921
2285	200	89.6185234972	5	7926
2286	196	89.564892302	1	7927
2287	200	89.4674612876	2	7929
2288	195	89.4727425867	1	7930
2289	194	89.4706592556	5	7935
2290	195	89.4131480125	4	7939
2291	196	89.3457975506	0	7939
2292	192	89.3910915716	3	7942
2293	189	89.4256836863	4	7946
2294	191	89.3346206742	7	7953
2295	189	89.3212122699	7	7960
2296	194	89.3234328957	2	7962
2297	190	89.2769822063	5	7967
2298	187	89.3361652961	7	7974
2299	191	89.4210684945	2	7976
2300	196	89.4492466628	5	7981
2301	194	89.4022822361	7	7988
2302	190	89.4171091373	1	7989
2303	190	89.3836366115	4	7993
2304	191	89.4698195523	6	7999
2305	191	89.4041737967	1	8000
2306	194	89.3129126656	5	8005
2307	189	89.3505500624	4	8009
2308	188	89.2623035324	1	8010
2309	186	89.321641481	1	8011
2310	182	89.3822251179	0	8011
2311	177	89.3844253121	0	8011
2312	173	89.3800233471	5	8016
2313	174	89.4351469683	4	8020
2314	174	89.3615292467	1	8021
2315	175	89.340603871	0	8021
2316	170	89.3302578502	6	8027
2317	169	89.3205627808	2	8029
2318	171	89.4108898511	1	8030
2319	173	89.3469898296	2	8032
2320	175	89.4283642192	0	8032
2321	174	89.3838709862	3	8035
2322	169	89.4834851351	0	8035
2323	174	89.4894809274	5	8040
2324	170	89.5587987291	6	8046
2325	165	89.5762759373	3	8049
2326	168	89.4947399023	1	8050
2327	173	89.4342483481	0	8050
2328	177	89.3778318218	0	8050
2329	175	89.3099740886	3	8053
2330	176	89.3930438628	2	8055
2331	180	89.3950938923	5	8060
2332	175	89.3051308919	1	8061
2333	176	89.3325885751	3	8064
2334	173	89.3458561474	7	8071
2335	171	89.3206140546	3	8074
2336	173	89.3751362489	1	8075
2337	175	89.3577246345	5	8080
2338	171	89.3559852001	2	8082
2339	167	89.3519221991	4	8086
2340	171	89.3329782409	2	8088
2341	168	89.4182525875	1	8089
2342	166	89.4575620169	3	8092
2343	166	89.4001489973	5	8097
2344	168	89.4723607608	2	8099
2345	164	89.5169632368	2	8101
2346	164	89.4913908362	3	8104
2347	168	89.4066645748	5	8109
2348	172	89.3154938245	0	8109
2349	173	89.3463188562	0	8109
2350	171	89.2513046324	2	8111
2351	172	89.3161129817	3	8114
2352	173	89.3795898545	0	8114
2353	178	89.4022114177	1	8115
2354	176	89.4773560531	0	8115
2355	173	89.5058058716	6	8121
2356	173	89.5142239102	6	8127
2357	171	89.46207068	2	8129
2358	176	89.4980393566	4	8133
2359	173	89.4994671628	7	8140
2360	175	89.5951003818	7	8147
2361	176	89.5913944275	2	8149
2362	177	89.5652679618	4	8153
2363	172	89.5626907164	5	8158
2364	172	89.4983925992	4	8162
2365	172	89.4577590029	1	8163
2366	170	89.4613023437	5	8168
2367	175	89.4912002813	2	8170
2368	180	89.3993701394	6	8176
2369	184	89.4075190745	4	8180
2370	189	89.3514540947	6	8186
2371	192	89.4366387266	7	8193
2372	190	89.3708933413	7	8200
2373	190	89.3894964836	3	8203
2374	185	89.3048482934	5	8208
2375	186	89.3322820603	6	8214
2376	181	89.2817765896	0	8214
2377	176	89.2765152789	3	8217
2378	175	89.3675420583	0	8217
2379	174	89.3036371423	4	8221
2380	173	89.3410648001	7	8228
2381	172	89.2909985028	7	8235
2382	169	89.3297717606	4	8239
2383	169	89.3802836355	5	8244
2384	169	89.3510946029	4	8248
2385	171	89.4103084154	5	8253
2386	167	89.4075594152	0	8253
2387	162	89.3857778042	5	8258
2388	158	89.2995618333	1	8259
2389	161	89.3889148444	6	8265
2390	166	89.441566349	7	8272
2391	167	89.3750922238	5	8277
2392	172	89.3807421845	7	8284
2393	173	89.3441386692	0	8284
2394	178	89.3571107973	2	8286
2395	173	89.4150492374	7	8293
2396	170	89.4599226982	2	8295
2397	171	89.3756005126	7	8302
2398	172	89.4358912658	7	8309
2399	172	89.4378313047	1	8310
2400	171	89.3751723802	1	8311
2401	174	89.3996103336	5	8316
2402	176	89.3018040436	6	8322
2403	175	89.2218834382	7	8329
2404	170	89.2710202123	1	8330
2405	172	89.2517661302	5	8335
2406	169	89.2550613184	4	8339
2407	173	89.2638531299	7	8346
2408	173	89.2678231735	4	8350
2409	172	89.274101777	0	8350
2410	170	89.252994026	3	8353
2411	170	89.314212517	4	8357
2412	170	89.4065764412	7	8364
2413	175	89.4532056909	6	8370
2414	180	89.4500070575	4	8374
2415	176	89.4545762928	0	8374
2416	178	89.536631787	6	8380
2417	182	89.5942803217	5	8385
2418	179	89.5666607621	1	8386
2419	177	89.601931352	6	8392
2420	182	89.5727481067	1	8393
2421	185	89.6633457507	5	8398
2422	182	89.7094154604	1	8399
2423	179	89.8004887275	0	8399
2424	183	89.8066103914	6	8405
2425	188	89.8675060125	1	8406
2426	191	89.965379785	3	8409
2427	188	89.9520631181	5	8414
2428	188	89.8936931704	4	8418
2429	187	89.8001197886	4	8422
2430	182	89.7007832951	0	8422
2431	180	89.6490575657	2	8424
2432	180	89.5855744847	1	8425
2433	178	89.5028722349	3	8428
2434	182	89.410628196	0	8428
2435	187	89.4052330758	5	8433
2436	192	89.3100474663	0	8433
2437	195	89.3225933233	0	8433
2438	196	89.3585772803	0	8433
2439	200	89.2839318464	3	8436
2440	200	89.3002419462	6	8442
2441	198	89.3344951748	1	8443
2442	196	89.4190629504	2	8445
2443	192	89.3935206178	0	8445
2444	196	89.4673462528	6	8451
2445	198	89.4924027234	4	8455
2446	194	89.4924439532	5	8460
2447	194	89.4069890985	0	8460
2448	197	89.5059353197	1	8461
2449	192	89.4157969069	5	8466
2450	190	89.4528559211	2	8468
2451	194	89.3924350404	0	8468
2452	199	89.48317973	0	8468
2453	197	89.461017838	3	8471
2454	199	89.5525553094	1	8472
2455	200	89.5788082774	4	8476
2456	196	89.4905083082	3	8479
2457	196	89.444671366	0	8479
2458	194	89.4125085155	1	8480
2459	189	89.4362376746	4	8484
2460	193	89.4405491721	2	8486
2461	191	89.4540578296	4	8490
2462	193	89.4956645248	7	8497
2463	189	89.5532324408	5	8502
2464	190	89.5933679134	3	8505
2465	188	89.5689248679	7	8512
2466	188	89.6008226653	0	8512
2467	183	89.5406735456	5	8517
2468	188	89.5350567946	0	8517
2469	191	89.494094931	3	8520
2470	192	89.5636498104	7	8527
2471	193	89.5007244512	5	8532
2472	193	89.5953027096	2	8534
2473	193	89.6207551914	7	8541
2474	191	89.6634759488	5	8546
2475	190	89.595589902	4	8550
2476	189	89.6157455131	0	8550
2477	187	89.6692627143	4	8554
2478	187	89.6614162618	1	8555
2479	183	89.6832945964	6	8561
2480	182	89.754318158	5	8566
2481	177	89.8267258891	6	8572
2482	173	89.8040772587	7	8579
2483	177	89.8675880174	5	8584
2484	179	89.804564619	5	8589
2485	179	89.8711458508	2	8591
2486	183	89.7749073766	6	8597
2487	186	89.8554265856	4	8601
2488	189	89.7687966637	3	8604
2489	188	89.8537823606	1	8605
2490	190	89.9131600458	0	8605
2491	194	89.8953775938	1	8606
2492	192	89.9529831672	1	8607
2493	189	89.8581881398	2	8609
2494	184	89.8056520948	1	8610
2495	180	89.7495427792	1	8611
2496	178	89.7458802313	3	8614
2497	175	89.6628546543	6	8620
2498	177	89.708469564	6	8626
2499	177	89.7303090562	6	8632
2500	173	89.7442633983	5	8637
2501	169	89.682583025	1	8638
2502	166	89.7574942792	4	8642
2503	168	89.7568851544	6	8648
2504	168	89.6728446507	4	8652
2505	166	89.6662531464	5	8657
2506	163	89.5763109301	6	8663
2507	168	89.5127776016	6	8669
2508	164	89.5692861436	4	8673
2509	160	89.4732539948	1	8674
2510	160	89.4621159711	7	8681
2511	158	89.5557566479	1	8682
2512	159	89.5554678431	4	8686
2513	158	89.4882336641	7	8693
2514	162	89.5313447151	6	8699
2515	167	89.6063258421	7	8706
2516	169	89.672899234	4	8710
2517	165	89.6911253532	3	8713
2518	160	89.7224436382	1	8714
2519	161	89.8096446223	0	8714
2520	165	89.9069236175	1	8715
2521	165	89.9761157691	1	8716
2522	163	89.998915763	0	8716
2523	168	90.050644801	2	8718
2524	166	90.0946177991	0	8718
2525	171	90.1815579032	3	8721
2526	169	90.1929198738	5	8726
2527	166	90.2356749301	1	8727
2528	165	90.14116702	4	8731
2529	160	90.1354823289	0	8731
2530	158	90.0938862058	5	8736
2531	160	90.0584294663	3	8739
2532	158	89.9916017205	5	8744
2533	158	89.9124147456	5	8749
2534	155	89.8945929735	2	8751
2535	152	89.8855367078	7	8758
2536	157	89.9504021953	3	8761
2537	153	89.9595670842	2	8763
2538	158	89.9846227936	4	8767
2539	157	89.9748417259	4	8771
2540	155	90.0127771395	3	8774
2541	155	90.072621482	0	8774
2542	160	90.1275960902	2	8776
2543	165	90.0400017633	1	8777
2544	163	89.9785338753	7	8784
2545	167	89.9029737683	5	8789
2546	164	89.8844028226	4	8793
2547	169	89.7920142188	5	8798
2548	172	89.7737423402	7	8805
2549	172	89.7156043678	4	8809
2550	171	89.6266146265	6	8815
2551	168	89.6836358123	3	8818
2552	164	89.5868962276	4	8822
2553	165	89.643906758	7	8829
2554	160	89.6865963713	1	8830
2555	165	89.7659087988	4	8834
2556	168	89.7007868271	4	8838
2557	165	89.6307823274	3	8841
2558	168	89.6957513489	7	8848
2559	167	89.7477445622	0	8848
2560	170	89.7121285056	7	8855
2561	166	89.7073988188	7	8862
2562	169	89.7973184175	0	8862
2563	165	89.8334347741	3	8865
2564	162	89.8326993094	2	8867
2565	163	89.796662936	7	8874
2566	167	89.8316351912	1	8875
2567	167	89.8359071272	4	8879
2568	168	89.9161313571	0	8879
2569	168	89.9791577282	0	8879
2570	171	89.9026875168	7	8886
2571	171	89.9738354291	0	8886
2572	170	90.0399913458	7	8893
2573	173	89.9416916806	5	8898
2574	170	89.8892992749	4	8902
2575	175	89.940481845	0	8902
2576	174	90.0062867165	2	8904
2577	173	90.0880868121	4	8908
2578	176	90.0112374422	4	8912
2579	174	89.9869834523	6	8918
2580	177	90.0775463422	0	8918
2581	177	90.1667632483	2	8920
2582	180	90.2577557001	2	8922
2583	180	90.2227608567	1	8923
2584	182	90.3066806926	3	8926
2585	187	90.2484251158	0	8926
2586	182	90.1600243668	3	8929
2587	180	90.2329780302	6	8935
2588	177	90.1488586956	1	8936
2589	177	90.0694422202	1	8937
2590	176	90.0815606089	1	8938
2591	179	90.1550654611	7	8945
2592	181	90.1840661927	0	8945
2593	186	90.2525467712	5	8950
2594	182	90.2693770668	2	8952
2595	187	90.248220208	4	8956
2596	192	90.2769225085	5	8961
2597	197	90.2625555805	3	8964
2598	196	90.1763872375	4	8968
2599	197	90.1095683666	3	8971
2600	194	90.1604241926	5	8976
2601	199	90.1788895109	6	8982
2602	194	90.1714927231	1	8983
2603	196	90.1431286122	4	8987
2604	194	90.1340191203	2	8989
2605	193	90.0362103455	2	8991
2606	189	90.0658255069	7	8998
2607	190	90.1470362841	0	8998
2608	190	90.160468295	3	9001
2609	188	90.1491554066	5	9006
2610	189	90.1478517167	3	9009
2611	189	90.2169968632	3	9012
2612	188	90.216409136	6	9018
2613	184	90.2150445463	2	9020
2614	182	90.2043570616	2	9022
2615	185	90.1359477361	4	9026
2616	188	90.0927661188	5	9031
2617	183	90.0371033875	4	9035
2618	182	89.9884518912	2	9037
2619	182	90.0041688063	4	9041
2620	180	89.9096183416	1	9042
2621	175	89.9366134152	1	9043
2622	176	89.8544707251	6	9049
2623	175	89.8125054468	2	9051
2624	175	89.7863894557	3	9054
2625	177	89.759175759	3	9057
2626	180	89.793047044	4	9061
2627	175	89.8729910888	0	9061
2628	180	89.8457520856	2	9063
2629	178	89.9245784883	2	9065
2630	178	89.827003584	6	9071
2631	178	89.778832843	7	9078
2632	174	89.8547230154	0	9078
2633	174	89.8507581035	7	9085
2634	174	89.7864293098	4	9089
2635	170	89.747627366	1	9090
2636	166	89.7020813696	1	9091
2637	165	89.6153242688	4	9095
2638	164	89.5801071633	3	9098
2639	168	89.6198055425	3	9101
2640	169	89.6317006379	1	9102
2641	165	89.6882134857	0	9102
2642	169	89.7081303922	7	9109
2643	172	89.7829869413	2	9111
2644	168	89.7397931569	1	9112
2645	165	89.6990644799	0	9112
2646	165	89.6431836864	6	9118
2647	164	89.645617044	6	9124
2648	169	89.6268904331	6	9130
2649	165	89.7262046867	2	9132
2650	170	89.7642301431	3	9135
2651	170	89.7590209279	1	9136
2652	170	89.7889447337	3	9139
2653	167	89.8297667149	0	9139
2654	170	89.864632581	5	9144
2655	169	89.8799813864	2	9146
2656	170	89.8378044708	3	9149
2657	168	89.7497698788	7	9156
2658	168	89.6835267733	2	9158
2659	163	89.7171896375	6	9164
2660	167	89.680949729	7	9171
2661	172	89.7415905319	6	9177
2662	167	89.7444575663	4	9181
2663	162	89.7591758949	5	9186
2664	167	89.7160928797	5	9191
2665	168	89.7654577454	6	9197
2666	165	89.8642176191	2	9199
2667	166	89.9456478561	6	9205
2668	167	90.0117569588	1	9206
2669	170	89.984249426	0	9206
2670	171	90.0178192603	7	9213
2671	170	89.9228470903	0	9213
2672	169	89.9926732137	4	9217
2673	171	89.982187796	7	9224
2674	170	90.0716154486	6	9230
2675	168	89.9985031051	4	9234
2676	165	89.9376178084	5	9239
2677	165	89.9198897432	1	9240
2678	166	89.9476544916	4	9244
2679	161	90.0087661677	4	9248
2680	162	90.0839807746	6	9254
2681	160	90.1414729638	7	9261
2682	156	90.2256808865	6	9267
2683	151	90.3036179212	5	9272
2684	148	90.2217246719	1	9273
2685	148	90.2139075751	0	9273
2686	145	90.1990723779	7	9280
2687	147	90.1121135267	1	9281
2688	148	90.0157655931	7	9288
2689	146	90.1137871687	0	9288
2690	142	90.1641167264	2	9290
2691	137	90.1754242959	0	9290
2692	135	90.2101510115	0	9290
2693	135	90.3073202555	4	9294
2694	132	90.2209283209	2	9296
2695	131	90.2584368346	2	9298
2696	133	90.235980951	2	9300
2697	135	90.1728300381	6	9306
2698	139	90.0932754311	0	9306
2699	143	90.1913916623	5	9311
2700	138	90.1365865054	7	9318
2701	143	90.1947793383	5	9323
2702	144	90.2456179461	5	9328
2703	146	90.2189132123	2	9330
2704	149	90.2760558164	6	9336
2705	150	90.3163437645	4	9340
2706	154	90.245045772	4	9344
2707	155	90.298729902	1	9345
2708	159	90.3055152045	1	9346
2709	155	90.3302746713	1	9347
2710	151	90.328581657	6	9353
2711	147	90.2804658765	2	9355
2712	149	90.3630064275	0	9355
2713	148	90.3251487355	5	9360
2714	144	90.2716474685	5	9365
2715	140	90.3256928514	0	9365
2716	136	90.2513030561	6	9371
2717	135	90.3058442857	4	9375
2718	132	90.3019807458	1	9376
2719	127	90.3950450473	7	9383
2720	130	90.4264512335	0	9383
2721	125	90.3346545618	3	9386
2722	124	90.242616864	6	9392
2723	124	90.3408049766	0	9392
2724	128	90.4032222719	5	9397
2725	129	90.4752046762	2	9399
2726	130	90.4235585041	2	9401
2727	133	90.3497803899	0	9401
2728	135	90.2915743863	5	9406
2729	133	90.2998979501	7	9413
2730	133	90.2239124279	3	9416
2731	137	90.2472315119	5	9421
2732	141	90.2137328811	2	9423
2733	143	90.1628063898	1	9424
2734	141	90.2560287723	1	9425
2735	138	90.2647792036	3	9428
2736	141	90.1937801034	6	9434
2737	141	90.1377586307	2	9436
2738	143	90.0855329554	0	9436
2739	147	90.0251404237	5	9441
2740	148	90.0173076076	6	9447
2741	153	90.0095816906	5	9452
2742	153	90.0465279541	3	9455
2743	148	89.97390631	1	9456
2744	150	89.9577545237	3	9459
2745	152	89.9024217563	4	9463
2746	156	89.899109107	5	9468
2747	152	89.9134681997	2	9470
2748	151	89.8214736536	0	9470
2749	149	89.8465757624	3	9473
2750	147	89.9094862959	4	9477
2751	144	89.9462358177	5	9482
2752	140	89.983300612	3	9485
2753	143	90.0125728797	4	9489
2754	146	89.9990973503	5	9494
2755	151	89.961983029	0	9494
2756	149	89.9439384668	0	9494
2757	147	89.9720284298	1	9495
2758	149	89.8816873941	2	9497
2759	149	89.9449270278	2	9499
2760	154	90.0144755172	4	9503
2761	156	90.0557551563	4	9507
2762	151	90.111701772	0	9507
2763	151	90.1242222468	5	9512
2764	150	90.1499181898	3	9515
2765	147	90.083004924	1	9516
2766	147	90.1672225559	2	9518
2767	152	90.2517200456	2	9520
2768	148	90.1804111537	2	9522
2769	153	90.2562198835	1	9523
2770	148	90.199352567	4	9527
2771	153	90.2693653459	3	9530
2772	157	90.2773882446	5	9535
2773	154	90.28228439	0	9535
2774	150	90.2107046958	4	9539
2775	147	90.2122840285	4	9543
2776	149	90.2540624594	6	9549
2777	152	90.1927477404	5	9554
2778	153	90.177281317	7	9561
2779	149	90.2607401265	1	9562
2780	152	90.2719408424	4	9566
2781	154	90.346108425	6	9572
2782	151	90.2646869456	0	9572
2783	155	90.3376765887	1	9573
2784	151	90.3931811147	6	9579
2785	155	90.4395257103	7	9586
2786	158	90.5120876985	1	9587
2787	159	90.5311814864	1	9588
2788	161	90.5757677735	4	9592
2789	163	90.6014925535	6	9598
2790	166	90.6303238743	5	9603
2791	161	90.6902119565	0	9603
2792	163	90.6735225799	0	9603
2793	162	90.7057301004	6	9609
2794	159	90.7919068911	3	9612
2795	164	90.8211064916	0	9612
2796	164	90.9101106752	3	9615
2797	159	90.9228409265	1	9616
2798	155	90.958120088	3	9619
2799	152	90.9354552736	6	9625
2800	157	90.8419992711	6	9631
2801	153	90.8912871851	5	9636
2802	153	90.9710656693	5	9641
2803	152	91.0138280061	1	9642
2804	147	90.9331931451	3	9645
2805	146	90.8615531846	0	9645
2806	146	90.8265440678	4	9649
2807	147	90.8043213223	0	9649
2808	145	90.750903976	6	9655
2809	147	90.7539140768	2	9657
2810	147	90.7811715056	4	9661
2811	151	90.8268659469	5	9666
2812	155	90.8484132027	4	9670
2813	159	90.7795104922	3	9673
2814	162	90.83397218	1	9674
2815	161	90.8635122524	2	9676
2816	163	90.9196257553	6	9682
2817	158	90.8843418994	6	9688
2818	154	90.8657014927	5	9693
2819	151	90.8971924433	6	9699
2820	153	90.911152099	7	9706
2821	148	90.9340446982	4	9710
2822	152	90.9383813487	1	9711
2823	147	90.9975990766	2	9713
2824	145	90.9934198446	6	9719
2825	149	91.0803230891	4	9723
2826	151	91.1676849364	4	9727
2827	155	91.1545222442	6	9733
2828	159	91.2084821354	0	9733
2829	160	91.2838824346	2	9735
2830	155	91.2335970428	3	9738
2831	155	91.1509243664	2	9740
2832	153	91.191379883	1	9741
2833	153	91.2525527359	3	9744
2834	154	91.2978898245	3	9747
2835	151	91.2847650807	7	9754
2836	149	91.3187629022	4	9758
2837	147	91.2893661579	4	9762
2838	148	91.1926225548	0	9762
2839	148	91.1654608726	7	9769
2840	148	91.0985640314	3	9772
2841	146	91.1367169309	4	9776
2842	145	91.0970273052	1	9777
2843	148	91.1138922016	7	9784
2844	149	91.1008022393	6	9790
2845	152	91.1711949075	7	9797
2846	155	91.201954175	0	9797
2847	154	91.2803388674	4	9801
2848	154	91.324550592	2	9803
2849	154	91.2411962482	5	9808
2850	153	91.2524087226	6	9814
2851	155	91.21781402	2	9816
2852	154	91.2094602968	2	9818
2853	153	91.2167240454	4	9822
2854	148	91.2800964009	5	9827
2855	149	91.3066965686	4	9831
2856	147	91.259746337	5	9836
2857	147	91.2548005424	4	9840
2858	147	91.168747866	1	9841
2859	148	91.2668233634	5	9846
2860	153	91.2040479663	0	9846
2861	149	91.2734707545	2	9848
2862	149	91.2024014423	0	9848
2863	146	91.2135387726	0	9848
2864	150	91.1606615337	0	9848
2865	155	91.1642483867	1	9849
2866	152	91.2005171821	1	9850
2867	147	91.2589547984	1	9851
2868	152	91.2491679613	4	9855
2869	156	91.2894392596	3	9858
2870	153	91.3049202112	1	9859
2871	155	91.2345738424	4	9863
2872	153	91.2947321788	6	9869
2873	156	91.3357206643	7	9876
2874	159	91.2698819364	3	9879
2875	159	91.1975931303	1	9880
2876	162	91.1706424529	5	9885
2877	162	91.1089167177	2	9887
2878	166	91.1843191932	1	9888
2879	164	91.1864632322	2	9890
2880	162	91.1048660531	4	9894
2881	159	91.0830169125	1	9895
2882	157	91.0357064775	2	9897
2883	158	91.1314084431	4	9901
2884	161	91.0466174574	7	9908
2885	160	91.0208515778	3	9911
2886	159	91.0542569557	6	9917
2887	163	91.1129744346	4	9921
2888	158	91.0880396619	2	9923
2889	157	91.0661876389	0	9923
2890	160	91.0018479095	1	9924
2891	160	90.9805185642	3	9927
2892	156	90.8889044088	4	9931
2893	156	90.9410295516	4	9935
2894	157	91.0098119479	1	9936
2895	158	91.09324341	1	9937
2896	160	91.1758011144	5	9942
2897	161	91.1737236658	4	9946
2898	165	91.1067792127	3	9949
2899	162	91.1019326576	5	9954
2900	160	91.0350088533	4	9958
2901	163	90.9628470361	4	9962
2902	168	90.8688740935	0	9962
2903	170	90.8706521901	2	9964
2904	167	90.8817309022	6	9970
2905	169	90.9089733093	1	9971
2906	172	90.9548297072	6	9977
2907	169	90.952167919	6	9983
2908	173	90.9384976025	7	9990
2909	178	90.8742518236	3	9993
2910	182	90.8662211425	2	9995
2911	185	90.9211245341	0	9995
2912	187	90.9571131211	1	9996
2913	192	90.9822912813	2	9998
2914	195	91.0628324549	0	9998
2915	197	90.9648138909	3	10001
2916	200	90.959396276	1	10002
2917	200	91.0463951845	7	10009
2918	200	91.1370379692	0	10009
2919	200	91.0908740325	4	10013
2920	199	91.0201706813	6	10019
2921	200	90.9829025011	7	10026
2922	200	90.8953385143	0	10026
2923	195	90.9641991949	5	10031
2924	192	90.9621988649	2	10033
2925	193	90.8699735928	0	10033
2926	198	90.8612877004	2	10035
2927	200	90.8163182479	2	10037
2928	196	90.8577465315	2	10039
2929	193	90.8314680234	0	10039
2930	192	90.8673597586	3	10042
2931	191	90.959303841	5	10047
2932	191	90.9623928058	7	10054
2933	193	90.9292747449	4	10058
2934	193	90.9633805446	2	10060
2935	194	91.0108635811	6	10066
2936	196	91.0583265851	4	10070
2937	200	90.9790519873	2	10072
2938	200	91.004314136	3	10075
2939	196	91.0172589721	5	10080
2940	199	91.0944182851	5	10085
2941	194	91.1236639203	5	10090
2942	193	91.1790399082	4	10094
2943	193	91.1309527081	2	10096
2944	188	91.1034075344	3	10099
2945	188	91.1591118352	4	10103
2946	190	91.127958485	6	10109
2947	187	91.1867867439	7	10116
2948	192	91.2242441338	6	10122
2949	192	91.1925003789	5	10127
2950	189	91.1662636207	5	10132
2951	185	91.2032743616	4	10136
2952	181	91.1924538121	2	10138
2953	180	91.1372594525	7	10145
2954	182	91.2259504235	6	10151
2955	180	91.273548003	4	10155
2956	175	91.2931875622	4	10159
2957	175	91.2091279176	6	10165
2958	173	91.1672245251	1	10166
2959	178	91.2286526597	2	10168
2960	180	91.1788743852	5	10173
2961	181	91.1580891146	1	10174
2962	180	91.1419056655	3	10177
2963	178	91.2362078072	0	10177
2964	176	91.3234933615	4	10181
2965	171	91.4213655319	2	10183
2966	169	91.4566552688	5	10188
2967	167	91.4902888505	6	10194
2968	166	91.4269274605	7	10201
2969	162	91.4178992701	0	10201
2970	163	91.3371556139	3	10204
2971	163	91.2633787638	3	10207
2972	166	91.3441044806	7	10214
2973	169	91.3796750796	0	10214
2974	168	91.4561677064	7	10221
2975	163	91.5446100967	7	10228
2976	162	91.4488209361	5	10233
2977	160	91.3951819938	3	10236
2978	161	91.4178339321	1	10237
2979	163	91.4717493625	1	10238
2980	166	91.549739852	6	10244
2981	171	91.5953222267	2	10246
2982	171	91.6791666391	4	10250
2983	175	91.6278228285	2	10252
2984	172	91.5339175555	4	10256
2985	170	91.58873573	1	10257
2986	175	91.6120062657	7	10264
2987	170	91.6366084865	5	10269
2988	170	91.538220351	6	10275
2989	173	91.4477515506	2	10277
2990	170	91.3725364646	4	10281
2991	167	91.4094184558	2	10283
2992	167	91.4208218251	6	10289
2993	170	91.4537861401	5	10294
2994	169	91.4149059644	6	10300
2995	172	91.467365573	5	10305
2996	172	91.4362126297	4	10309
2997	177	91.4412988193	4	10313
2998	182	91.506824144	0	10313
2999	183	91.5434060935	1	10314
3000	187	91.4612765247	5	10319
3001	187	91.4422622383	6	10325
3002	192	91.4877293559	2	10327
3003	194	91.585094019	7	10334
3004	194	91.6806230662	1	10335
3005	191	91.755094235	3	10338
3006	186	91.7377384808	7	10345
3007	182	91.7900610514	4	10349
3008	187	91.7359745705	6	10355
3009	188	91.6669568554	5	10360
3010	187	91.6668896418	4	10364
3011	190	91.6769221896	6	10370
3012	186	91.6003853435	3	10373
3013	191	91.5071383645	7	10380
3014	194	91.5532470411	6	10386
3015	192	91.5698947303	0	10386
3016	196	91.5081245404	3	10389
3017	195	91.6056782348	6	10395
3018	198	91.659215856	6	10401
3019	199	91.5939250688	4	10405
3020	194	91.6139130432	0	10405
3021	194	91.6444373173	3	10408
3022	194	91.7285513151	6	10414
3023	194	91.6871485138	5	10419
3024	195	91.7756464913	1	10420
3025	193	91.7445558434	2	10422
3026	192	91.6742412025	3	10425
3027	187	91.689080739	1	10426
3028	190	91.6785478097	5	10431
3029	188	91.7174413341	1	10432
3030	187	91.6902377825	2	10434
3031	190	91.6253340377	4	10438
3032	189	91.6962126468	4	10442
3033	190	91.6749235042	5	10447
3034	187	91.5876758206	4	10451
3035	188	91.6680770158	7	10458
3036	193	91.6633095835	5	10463
3037	190	91.7120916991	4	10467
3038	192	91.6847692745	4	10471
3039	191	91.7528911112	6	10477
3040	192	91.7063557305	6	10483
3041	197	91.6955718244	6	10489
3042	194	91.6287546031	1	10490
3043	194	91.6527127449	6	10496
3044	191	91.5798793474	0	10496
3045	194	91.5824920664	2	10498
3046	193	91.5002800012	4	10502
3047	192	91.428167121	2	10504
3048	195	91.4119017518	2	10506
3049	191	91.3746793583	6	10512
3050	192	91.3396508017	3	10515
3051	192	91.4015617119	6	10521
3052	187	91.4784339473	6	10527
3053	191	91.4805752834	3	10530
3054	189	91.4625735146	5	10535
3055	189	91.516401793	6	10541
3056	191	91.4658414192	0	10541
3057	193	91.5616835264	7	10548
3058	195	91.518968185	4	10552
3059	196	91.4621265638	2	10554
3060	196	91.4326765862	0	10554
3061	198	91.4886670332	6	10560
3062	197	91.4737640453	4	10564
3063	199	91.510110146	5	10569
3064	200	91.5614536214	5	10574
3065	195	91.4901074205	3	10577
