1	133	2.43	5.183
2	135	2.93	6.274
3	138	2.57	6.040
4	140	3.03	6.687
5	140	2.82	6.932
6	140	2.88	6.688
7	139	3.13	6.290
8	141	2.38	6.861
9	139	3.00	7.030
10	138	2.61	6.813
11	135	2.57	6.373
12	137	3.11	6.706
13	140	2.70	6.428
14	140	2.80	6.521
15	140	3.24	6.641
16	142	2.73	7.365
17	144	3.33	7.221
18	143	3.18	7.180
19	142	2.48	6.848
20	139	2.95	6.642
21	139	2.56	6.522
22	136	2.75	6.213
23	135	2.20	6.287
24	133	3.03	5.525
25	134	2.23	5.947
26	135	2.73	6.138
27	136	2.69	5.746
28	137	2.33	6.010
29	136	2.35	6.129
30	138	2.45	6.265
31	140	3.04	7.231
32	142	2.64	7.716
33	142	2.98	6.844
34	144	3.31	7.762
35	147	2.61	7.907
36	148	3.44	9.002
37	147	2.76	8.003
38	148	2.81	8.317
39	146	3.04	7.852
40	145	3.22	7.834
41	148	3.41	8.629
42	148	3.12	8.331
43	150	3.61	9.127
44	151	3.69	9.610
45	150	3.43	9.279
46	150	3.00	9.504
47	153	3.54	10.373
48	154	3.89	10.390
49	155	3.33	10.808
50	152	3.76	9.815
51	153	3.45	10.337
52	150	3.14	9.087
53	147	3.04	8.228
54	150	3.18	9.267
55	147	3.47	8.169
56	146	3.40	7.785
57	145	2.98	7.589
58	142	2.46	7.230
59	143	2.48	7.764
60	142	3.07	7.658
61	145	3.41	7.596
62	147	2.82	8.448
63	149	2.69	8.528
64	149	2.78	9.020
65	146	2.86	7.835
66	149	3.42	9.112
67	152	3.82	9.335
68	152	3.63	9.430
69	155	3.44	10.550
70	156	3.54	11.263
71	159	3.87	11.750
72	159	4.01	12.082
73	162	4.16	13.346
74	165	4.18	14.330
75	165	4.35	14.425
76	167	3.68	15.427
77	167	3.64	14.695
78	169	4.01	16.610
79	167	3.72	15.599
80	166	4.31	15.188
81	164	3.91	14.018
82	161	3.72	12.655
83	159	3.66	12.189
84	158	3.12	11.605
85	156	3.42	11.359
86	158	3.86	12.071
87	155	3.82	10.878
88	157	3.49	11.374
89	160	3.46	12.317
90	160	3.82	12.705
91	161	3.49	13.003
92	163	4.16	13.871
93	160	4.01	12.620
94	157	3.60	11.384
95	155	3.93	10.234
96	152	3.56	9.686
97	150	3.15	9.232
98	149	2.79	9.133
99	151	3.49	9.264
100	152	3.72	9.497
101	153	3.09	10.138
102	154	3.16	9.825
103	154	2.99	10.683
104	155	3.82	10.346
105	154	3.83	10.499
106	155	3.66	10.193
107	158	3.74	11.943
108	155	3.90	11.031
109	156	3.09	10.674
110	153	3.56	10.096
111	154	3.48	10.387
112	155	3.63	11.056
113	154	3.18	10.105
114	152	3.03	9.978
115	153	3.49	9.514
116	156	3.62	11.186
117	156	3.95	10.650
118	155	3.58	10.768
119	155	3.48	10.402
120	155	3.07	10.634
121	158	3.90	11.904
122	160	3.52	12.592
123	162	4.21	12.747
124	164	3.65	13.812
125	167	3.83	14.812
126	169	4.14	16.505
127	170	4.45	16.388
128	170	4.59	16.792
129	169	3.79	15.790
130	166	3.85	14.507
131	169	4.61	16.572
132	170	4.16	16.884
133	170	4.45	16.850
134	168	4.21	15.420
135	169	4.01	16.340
136	167	4.21	15.107
137	168	4.61	16.144
138	168	4.47	15.875
139	170	4.72	16.252
140	171	4.86	17.342
141	173	4.67	17.891
142	175	4.28	19.368
143	174	4.47	18.667
144	171	3.99	17.537
145	169	4.48	15.701
146	169	4.04	16.478
147	172	4.35	18.037
148	169	4.65	16.624
149	167	4.34	15.147
150	167	3.92	15.452
151	167	3.77	15.521
152	166	3.97	15.166
153	165	4.35	13.857
154	168	4.67	15.757
155	166	3.91	15.070
156	163	3.98	13.062
157	161	3.76	12.802
158	161	3.58	12.647
159	158	3.55	11.598
160	158	3.56	11.798
161	157	3.15	10.765
162	160	3.84	12.357
163	159	3.76	11.656
164	160	4.03	11.899
165	162	3.58	13.164
166	161	3.56	12.493
167	164	3.91	13.896
168	164	4.29	14.200
169	166	4.00	14.571
170	167	3.79	14.946
171	164	3.57	14.110
172	166	3.67	14.303
173	169	4.38	16.626
174	171	3.90	17.502
175	169	4.19	16.127
176	171	4.28	17.235
177	168	4.68	15.844
178	167	3.80	14.920
179	170	4.45	16.526
180	170	4.24	16.520
181	171	4.46	16.798
182	171	4.62	16.767
183	168	3.96	15.844
184	171	4.43	17.321
185	169	3.88	15.744
186	166	4.20	15.184
187	165	4.29	14.692
188	164	3.54	13.850
189	164	4.29	13.989
190	161	4.03	12.563
191	158	4.11	11.125
192	158	3.12	11.939
193	156	3.06	11.294
194	155	2.97	10.125
195	158	3.23	11.682
196	158	3.95	11.840
197	158	3.26	11.078
198	156	3.34	10.692
199	154	3.86	10.414
200	157	3.89	11.401
201	158	4.10	11.802
202	157	3.62	11.435
203	156	3.41	10.906
204	157	3.89	11.618
205	154	3.34	9.949
206	157	3.99	11.153
207	156	3.04	11.092
208	154	3.16	10.614
209	152	3.31	9.334
210	155	3.85	10.658
211	152	3.47	9.765
212	150	2.79	8.885
213	150	2.76	8.690
214	150	3.42	8.644
215	153	3.85	9.666
216	150	3.65	9.581
217	149	2.91	8.893
218	152	2.94	9.252
219	155	3.12	10.987
220	155	3.28	10.361
221	156	3.37	10.975
222	158	3.94	11.862
223	157	3.40	10.836
224	154	3.58	10.052
225	156	3.15	10.446
226	159	3.89	11.617
227	162	4.21	13.424
228	164	4.15	13.812
229	162	3.40	12.945
230	159	4.15	11.518
231	161	4.21	12.248
232	160	3.90	12.670
233	159	4.04	12.404
234	159	4.09	11.721
235	158	3.91	11.880
236	156	3.71	10.856
237	155	3.73	10.964
238	152	3.28	9.679
239	150	3.40	8.672
240	151	3.73	9.029
241	154	3.32	9.792
242	156	3.58	10.950
243	155	2.98	10.938
244	155	3.87	10.455
245	157	3.78	11.407
246	154	3.60	10.627
247	151	3.69	9.447
248	148	3.58	8.424
249	150	3.72	8.762
250	153	3.31	9.528
251	154	3.79	10.567
252	155	3.59	10.714
253	152	3.29	9.526
254	152	3.21	9.169
255	155	3.93	10.658
256	156	3.14	11.213
257	155	3.77	10.683
258	154	3.57	10.437
259	151	3.50	9.800
260	152	3.52	10.091
261	150	3.57	9.451
262	151	2.87	9.785
263	148	2.63	8.990
264	148	2.94	8.920
265	151	2.93	9.442
266	151	2.90	9.728
267	148	2.74	8.174
268	151	3.02	9.736
269	148	3.19	8.795
270	151	3.47	9.013
271	148	2.85	8.366
272	151	2.95	9.172
273	152	3.26	9.237
274	150	3.58	9.341
275	153	3.51	10.310
276	156	3.81	10.394
277	153	3.16	9.954
278	152	3.00	10.132
279	154	3.85	10.217
280	156	3.55	11.292
281	158	3.41	11.166
282	155	3.78	10.632
283	155	3.71	10.125
284	155	3.77	10.552
285	157	3.08	11.127
286	159	3.31	12.374
287	160	3.58	12.485
288	163	3.54	13.879
289	160	3.51	12.432
290	159	3.42	12.305
291	159	3.70	12.270
292	162	3.62	13.372
293	159	3.92	11.615
294	156	3.57	10.591
295	158	3.99	11.390
296	155	3.92	10.218
297	153	3.06	9.866
298	156	3.37	11.204
299	153	2.96	9.860
300	154	3.04	10.116
301	155	3.69	10.104
302	154	3.10	10.279
303	154	2.95	10.623
304	155	3.31	10.459
305	157	3.77	11.555
306	157	3.19	11.422
307	157	4.01	11.245
308	156	3.12	11.287
309	154	3.49	10.645
310	154	3.85	10.134
311	154	3.43	10.016
312	153	3.22	9.840
313	150	3.38	9.428
314	150	2.83	8.710
315	148	2.89	8.946
316	148	2.73	8.549
317	151	2.88	8.998
318	150	3.32	9.348
319	153	3.12	10.230
320	152	3.30	9.447
321	150	2.96	9.604
322	149	3.14	9.077
323	152	2.83	9.863
324	149	3.64	9.001
325	146	2.77	8.248
326	146	3.31	8.229
327	149	2.76	8.634
328	149	3.13	9.296
329	148	2.78	8.734
330	150	3.05	9.461
331	153	3.07	9.648
332	152	3.41	9.558
333	151	3.25	9.572
334	149	3.09	9.284
335	151	2.90	9.233
336	150	3.59	9.534
337	150	3.36	8.800
338	153	3.23	9.981
339	152	3.04	9.248
340	150	3.31	8.707
341	147	3.16	8.043
342	149	2.95	8.771
343	149	3.13	9.010
344	152	3.35	10.152
345	154	3.78	9.994
346	151	3.02	9.429
347	150	3.29	8.754
348	149	3.47	9.153
349	150	3.36	8.675
350	148	3.47	8.209
351	150	2.85	8.816
352	148	3.21	9.038
353	151	3.31	9.087
354	152	3.39	9.656
355	155	3.83	10.423
356	155	3.62	10.664
357	153	3.56	9.790
358	151	3.01	9.181
359	150	3.07	9.467
360	151	2.92	9.133
361	154	3.21	10.260
362	151	2.92	9.808
363	151	3.70	9.680
364	148	2.67	8.617
365	149	3.08	8.540
366	152	3.69	9.414
367	152	2.89	9.253
368	150	3.16	9.260
369	148	3.57	8.893
370	146	3.36	8.579
371	149	3.07	8.731
372	148	3.31	8.910
373	149	3.57	8.609
374	149	3.00	9.086
375	147	2.92	8.394
376	149	3.55	9.076
377	149	2.75	8.607
378	146	3.18	8.472
379	143	2.82	7.461
380	144	3.45	7.857
381	141	3.09	7.146
382	144	2.47	7.501
383	142	3.11	7.611
384	145	2.51	8.177
385	143	2.65	7.513
386	144	3.41	7.492
387	144	2.69	7.164
388	145	3.06	7.663
389	144	2.48	7.586
390	144	3.17	7.626
391	146	2.58	8.506
392	147	3.45	8.191
393	146	3.42	8.187
394	148	3.38	8.474
395	148	2.86	8.103
396	149	2.87	9.163
397	146	3.15	7.670
398	149	2.91	9.265
399	148	3.19	8.772
400	145	2.53	8.293
401	142	3.11	7.694
402	141	2.53	7.047
403	144	3.46	7.313
404	146	3.36	8.190
405	149	3.04	8.598
406	147	3.34	8.106
407	146	3.15	8.070
408	147	2.71	8.129
409	144	3.06	7.225
410	146	3.27	8.555
411	149	3.37	8.708
412	146	3.01	7.848
413	144	3.20	7.349
414	146	2.63	7.647
415	143	2.94	7.028
416	141	3.26	6.803
417	142	2.67	7.506
418	140	2.78	7.150
419	140	2.80	7.103
420	141	3.22	6.677
421	143	2.49	7.514
422	140	3.24	7.144
423	138	2.61	6.089
424	137	2.89	6.095
425	139	3.01	7.037
426	141	2.46	6.938
427	138	2.25	6.764
428	136	2.19	5.583
429	133	2.11	5.625
430	134	2.35	5.860
431	132	2.10	5.380
432	135	2.70	6.150
433	132	2.07	5.444
434	132	2.87	5.700
435	129	2.88	5.184
436	132	2.63	5.781
437	132	2.51	5.431
438	132	2.54	5.357
439	129	1.93	5.331
440	127	2.06	4.526
441	127	2.64	4.780
442	125	1.84	4.412
443	125	2.64	4.408
444	128	1.99	4.462
445	131	2.45	5.503
446	128	1.95	5.321
447	127	2.07	4.563
448	129	2.04	4.551
449	132	2.58	5.092
450	129	2.74	4.755
451	126	2.30	4.988
452	127	2.60	4.451
453	127	2.23	4.831
454	125	2.57	4.169
455	128	2.28	5.345
456	127	2.30	4.908
457	129	2.07	5.258
458	131	2.42	5.069
459	129	2.11	4.788
460	127	2.68	4.627
461	124	2.00	4.619
462	123	1.85	4.135
463	126	2.04	4.909
464	129	2.80	5.096
465	127	2.38	5.133
466	124	2.38	4.705
467	122	2.63	4.094
468	121	2.22	4.405
469	123	1.88	4.126
470	121	2.52	4.349
471	123	2.73	4.042
472	121	2.48	4.174
473	120	2.06	4.346
474	122	2.37	4.571
475	119	2.45	3.937
476	120	2.23	4.054
477	119	1.88	4.268
478	119	2.41	3.933
479	121	2.57	3.715
480	119	2.08	3.467
481	121	2.66	3.688
482	121	1.93	3.563
483	124	2.30	4.220
484	122	2.19	3.972
485	122	2.54	4.090
486	119	1.75	3.920
487	118	2.08	3.713
488	116	1.72	3.768
489	119	2.21	4.167
490	117	1.58	3.660
491	119	1.77	3.555
492	122	2.66	4.022
493	123	2.10	3.919
494	123	2.08	4.178
495	124	2.05	4.789
496	126	2.18	4.588
497	129	2.45	5.303
498	129	2.70	5.177
499	132	2.81	5.849
500	133	2.22	5.251
501	133	2.90	5.132
502	135	2.64	6.274
503	133	2.34	5.661
504	136	2.82	6.206
505	135	3.08	5.607
506	137	2.91	6.119
507	140	2.41	7.202
508	139	3.20	6.338
509	142	2.88	7.172
510	140	3.06	7.134
511	139	2.67	6.843
512	141	3.24	6.976
513	140	2.45	6.543
514	138	2.60	6.539
515	141	3.20	7.330
516	138	2.85	6.027
517	138	2.61	5.944
518	136	2.60	5.788
519	134	2.34	5.538
520	137	2.54	5.880
521	136	2.38	6.393
522	138	2.29	6.638
523	137	2.55	6.466
524	137	2.29	5.826
525	138	2.82	6.494
526	137	3.07	6.300
527	138	2.57	6.200
528	140	2.45	6.562
529	138	2.50	6.438
530	136	2.90	6.539
531	133	2.57	5.623
532	130	2.11	4.831
533	133	2.62	5.168
534	133	2.62	5.996
535	132	2.62	5.731
536	132	2.45	5.866
537	129	2.49	5.044
538	127	2.58	4.596
539	128	2.61	5.251
540	127	2.05	4.977
541	128	2.59	4.941
542	128	2.48	4.776
543	130	2.60	5.302
544	130	2.57	5.098
545	131	2.96	5.414
546	129	2.12	5.402
547	128	2.23	5.317
548	130	2.40	5.272
549	131	2.68	5.130
550	132	2.73	5.875
551	132	2.17	4.950
552	131	2.56	4.786
553	131	2.41	5.215
554	133	2.77	5.589
555	133	2.06	5.094
556	135	2.76	6.019
557	137	3.08	5.968
558	137	2.81	6.677
559	140	3.01	6.500
560	137	2.83	5.772
561	135	2.78	5.685
562	137	3.18	5.925
563	138	3.04	6.458
564	139	2.48	6.739
565	141	2.96	6.536
566	144	2.60	7.631
567	144	2.78	7.980
568	143	3.33	7.658
569	141	2.89	7.208
570	141	3.13	6.888
571	142	2.99	7.110
572	141	2.99	6.592
573	139	2.43	6.434
574	136	2.71	6.262
575	136	2.62	6.031
576	133	2.90	6.065
577	131	2.25	5.325
578	128	2.49	5.023
579	129	2.05	5.046
580	129	2.20	4.661
581	127	2.48	5.206
582	130	2.21	5.242
583	129	2.05	4.913
584	130	2.34	4.980
585	128	2.31	5.245
586	130	2.34	4.843
587	129	2.72	5.474
588	126	2.36	4.856
589	123	1.87	3.939
590	124	2.10	4.236
591	122	2.62	4.234
592	119	2.51	3.677
593	122	1.79	4.576
594	123	2.21	4.154
595	126	2.54	4.645
596	129	2.59	4.985
597	127	2.62	4.287
598	130	2.70	5.024
599	132	2.50	5.500
600	134	3.00	5.419
601	135	2.68	6.205
602	138	2.90	6.770
603	137	2.86	5.752
604	138	3.22	6.516
605	135	2.44	6.139
606	136	2.49	6.398
607	138	2.70	5.950
608	135	2.52	5.463
609	138	3.04	6.307
610	140	3.00	6.932
611	141	3.28	6.532
612	140	3.16	7.119
613	141	2.78	6.911
614	144	2.98	7.709
615	143	2.52	7.530
616	144	2.61	7.488
617	147	3.39	8.725
618	145	3.29	8.060
619	147	2.90	8.406
620	146	2.66	7.872
621	143	2.55	7.892
622	141	2.70	6.558
623	138	3.00	6.142
624	138	3.22	6.652
625	140	3.14	6.951
626	138	2.69	6.889
627	138	2.38	6.466
628	137	2.21	6.482
629	137	2.40	6.230
630	137	2.80	6.047
631	139	3.06	6.123
632	140	2.83	7.065
633	140	3.24	6.675
634	140	2.73	6.591
635	143	2.84	7.877
636	145	2.78	7.938
637	147	2.94	8.217
638	149	3.64	8.757
639	146	3.22	8.169
640	149	3.40	8.902
641	147	3.39	8.609
642	148	2.93	8.740
643	151	3.25	9.289
644	150	2.94	9.416
645	151	3.66	9.131
646	149	2.92	8.696
647	150	3.17	9.569
648	151	2.85	9.795
649	153	2.97	9.690
650	151	3.13	9.254
651	150	3.71	8.816
652	153	3.37	9.862
653	155	3.51	10.417
654	155	3.28	10.067
655	156	3.11	10.824
656	154	3.44	10.604
657	157	3.92	10.916
658	156	4.00	11.260
659	155	3.07	10.177
660	157	3.83	10.800
661	158	3.17	11.468
662	155	3.41	10.354
663	156	3.21	10.804
664	154	3.48	10.196
665	156	3.11	11.040
666	156	3.99	11.011
667	156	3.55	10.887
668	159	3.38	11.371
669	156	3.90	10.606
670	158	3.22	11.381
671	158	3.96	11.790
672	155	3.84	10.253
673	155	3.42	10.798
674	154	3.01	10.027
675	151	3.34	9.170
676	153	2.91	9.828
677	151	2.79	9.177
678	153	3.66	9.907
679	150	3.23	8.746
680	152	3.44	10.072
681	150	3.61	9.024
682	149	3.56	9.199
683	151	3.48	9.075
684	149	3.09	8.665
685	150	3.63	9.329
686	147	2.67	8.583
687	148	3.35	9.020
688	145	3.47	7.430
689	146	3.08	7.953
690	143	3.00	7.322
691	142	2.45	6.829
692	142	2.80	7.041
693	140	2.67	7.105
694	143	2.86	7.251
695	145	2.52	7.922
696	143	3.36	7.086
697	144	3.08	7.207
698	146	2.92	7.961
699	143	2.47	7.686
700	146	2.76	7.926
701	148	2.72	8.066
702	149	2.89	8.315
703	151	3.57	9.719
704	149	2.99	8.315
705	148	3.27	8.136
706	151	3.41	9.660
707	149	3.63	8.548
708	148	3.20	9.021
709	145	3.25	7.507
710	148	3.38	8.218
711	148	2.92	8.578
712	147	2.73	8.187
713	150	3.69	9.386
714	148	3.39	8.413
715	150	3.52	8.758
716	153	3.40	10.044
717	156	3.36	10.820
718	154	3.91	9.712
719	154	3.80	9.718
720	155	3.78	10.037
721	154	3.76	9.734
722	154	3.10	9.796
723	151	2.91	8.974
724	148	3.01	8.210
725	149	3.57	8.624
726	148	2.98	8.164
727	149	2.82	8.446
728	149	3.44	9.243
729	152	3.49	9.516
730	151	3.17	8.994
731	149	3.58	8.420
732	150	3.35	9.138
733	148	3.32	8.365
734	146	2.69	8.162
735	147	3.18	7.988
736	146	3.22	7.763
737	149	3.67	9.176
738	148	2.95	8.121
739	150	3.45	8.956
740	148	2.65	8.460
741	146	3.18	7.670
742	145	3.21	7.623
743	143	2.75	7.410
744	146	3.54	8.524
745	149	3.43	8.322
746	152	2.92	10.090
747	154	3.69	10.230
748	156	3.34	10.799
749	158	3.34	11.645
750	156	3.33	11.285
751	158	3.22	11.237
752	158	3.22	11.080
753	160	3.32	12.429
754	158	4.03	11.753
755	161	3.84	12.258
756	164	3.50	14.038
757	163	4.19	13.843
758	162	3.39	13.462
759	165	4.41	14.323
760	165	4.45	13.785
761	162	3.82	12.492
762	159	3.87	11.722
763	159	3.97	11.658
764	161	3.96	12.578
765	159	3.30	11.983
766	160	4.17	12.331
767	159	3.61	11.440
768	159	3.54	11.532
769	156	3.07	10.638
770	159	3.26	12.313
771	157	3.25	11.114
772	158	3.56	11.087
773	160	3.70	12.395
774	162	3.99	12.903
775	162	3.48	13.100
776	162	4.14	13.283
777	159	3.74	11.554
778	161	3.43	12.962
779	163	3.67	13.395
780	161	3.29	12.852
781	158	3.12	11.788
782	156	3.09	10.654
783	157	3.55	11.080
784	160	4.01	12.366
785	162	4.20	12.996
786	165	4.20	13.909
787	163	3.43	12.903
788	165	4.29	14.613
789	162	4.05	12.502
790	165	3.86	13.806
791	163	3.65	13.320
792	166	3.59	14.167
793	165	3.96	13.722
794	168	4.23	15.097
795	169	4.04	15.749
796	166	4.51	14.788
797	163	3.51	13.805
798	166	4.43	14.545
799	166	3.80	14.515
800	164	4.04	14.267
801	162	3.97	12.770
802	160	3.62	12.627
803	157	3.83	10.976
804	155	3.81	10.612
805	157	3.40	11.270
806	156	3.74	11.199
807	157	3.35	11.607
808	156	3.96	10.925
809	154	3.87	9.809
810	154	3.12	10.147
811	152	2.88	9.230
812	149	3.41	8.347
813	151	3.56	9.254
814	150	3.44	8.592
815	151	3.33	9.242
816	154	3.65	10.016
817	157	3.64	11.606
818	160	3.23	12.041
819	158	3.23	11.304
820	155	3.77	10.793
821	152	3.59	9.594
822	154	3.23	10.648
823	152	3.32	9.956
824	150	3.06	9.530
825	150	3.40	9.217
826	152	3.04	9.769
827	152	3.30	9.421
828	151	3.38	8.944
829	151	2.94	8.936
830	153	3.64	9.400
831	150	3.19	8.845
832	149	3.25	8.931
833	147	3.25	7.819
834	150	3.04	8.578
835	148	2.67	8.179
836	147	3.16	8.251
837	144	2.99	7.685
838	145	2.86	8.306
839	145	2.85	7.696
840	148	2.71	8.122
841	145	3.36	8.146
842	147	3.29	8.140
843	147	3.03	8.752
844	144	3.23	7.616
845	142	2.52	6.671
846	143	2.56	7.600
847	145	3.51	7.696
848	142	3.06	6.928
849	139	2.88	6.349
850	142	2.71	7.072
851	139	2.92	7.065
852	142	2.72	7.189
853	144	3.30	7.544
854	144	3.37	7.593
855	144	2.48	7.863
856	143	2.61	7.498
857	145	3.14	7.604
858	148	2.82	8.554
859	148	3.31	8.983
860	151	2.86	9.267
861	153	3.02	10.377
862	150	3.06	8.577
863	151	3.69	9.639
864	154	3.42	10.574
865	152	3.33	9.420
866	155	3.84	10.966
867	155	3.81	10.636
868	152	3.80	9.128
869	149	3.36	9.198
870	148	2.87	8.671
871	148	2.77	8.702
872	151	3.36	9.667
873	152	3.75	9.354
874	154	3.31	10.189
875	157	3.70	10.852
876	154	3.79	9.885
877	152	3.13	9.178
878	155	3.18	10.577
879	158	3.85	11.560
880	158	3.76	11.128
881	161	3.87	12.212
882	161	4.18	12.748
883	159	3.21	12.044
884	161	3.51	12.114
885	160	3.67	12.516
886	157	3.57	11.600
887	159	3.46	11.684
888	159	3.90	12.162
889	160	4.06	11.968
890	160	3.44	12.065
891	157	3.70	11.611
892	159	4.09	12.169
893	157	3.22	10.884
894	157	3.12	11.161
895	154	3.04	10.097
896	155	3.68	10.547
897	156	3.93	10.433
898	157	3.74	11.007
899	157	3.27	11.387
900	154	3.04	10.153
901	156	3.76	11.173
902	156	3.51	10.832
903	153	3.72	9.860
904	153	3.22	9.958
905	156	3.78	10.718
906	158	3.73	11.168
907	159	3.19	11.583
908	157	3.59	11.181
909	160	3.47	12.417
910	162	3.69	12.584
911	164	3.77	13.294
912	167	4.14	15.468
913	164	4.40	13.384
914	167	4.06	15.208
915	169	3.93	15.625
916	170	4.23	16.904
917	170	4.78	16.208
918	170	4.71	16.479
919	171	4.46	17.034
920	170	4.23	16.639
921	168	3.76	15.374
922	167	3.76	14.738
923	164	4.06	13.856
924	165	3.70	13.803
925	163	3.96	13.283
926	163	4.24	13.146
927	166	4.18	14.373
928	163	3.51	13.621
929	166	4.55	14.851
930	163	3.76	12.952
931	160	3.72	11.950
932	157	3.42	10.748
933	157	3.66	11.152
934	154	3.61	10.305
935	157	3.51	10.725
936	160	4.19	12.077
937	162	3.88	12.891
938	159	3.71	11.683
939	162	4.13	12.650
940	161	3.97	13.001
941	161	3.54	12.931
942	159	3.63	11.632
943	162	3.81	12.653
944	165	3.79	14.390
945	163	3.63	13.461
946	163	4.09	13.420
947	163	3.57	13.067
948	164	3.85	13.421
949	167	3.68	14.649
950	166	4.27	15.042
951	168	3.73	15.958
952	170	4.22	16.085
953	170	3.95	16.758
954	170	4.37	16.754
955	171	4.66	16.965
956	173	4.74	18.473
957	171	4.58	17.388
958	173	4.48	17.898
959	173	4.06	18.423
960	171	4.04	17.445
961	174	4.69	18.666
962	175	5.11	19.631
963	177	4.55	20.164
964	178	4.87	20.845
965	179	5.19	21.775
966	177	4.36	20.079
967	179	4.80	21.834
968	176	4.68	19.608
969	174	4.85	18.474
970	177	4.78	20.117
971	180	4.65	22.704
972	179	5.32	21.918
973	181	5.47	23.509
974	182	5.43	23.779
975	185	5.06	26.874
976	184	5.63	25.844
977	181	4.80	23.456
978	182	5.28	24.234
979	182	5.07	24.381
980	182	4.78	23.861
981	185	5.30	26.688
982	185	4.98	26.324
983	182	4.79	23.641
984	183	5.15	24.437
985	186	5.21	27.013
986	186	5.14	27.658
987	184	4.95	25.139
988	186	5.26	27.075
989	189	5.86	29.619
990	188	5.54	28.996
991	185	5.86	26.333
992	182	4.88	24.079
993	180	5.15	22.520
994	179	4.42	22.242
995	181	5.08	23.217
996	180	5.30	22.780
997	181	5.18	23.739
998	184	4.81	25.909
999	185	4.89	26.122
1000	182	5.48	23.916
1001	181	5.55	23.352
1002	184	5.79	25.406
1003	186	5.83	27.023
1004	185	5.67	26.710
1005	182	5.27	24.524
1006	181	4.94	23.333
1007	180	5.38	22.408
1008	178	4.61	21.041
1009	176	4.61	19.837
1010	177	4.75	20.886
1011	178	5.08	20.774
1012	180	5.40	22.673
1013	182	5.07	24.327
1014	180	5.07	22.971
1015	178	5.14	21.417
1016	179	4.89	22.203
1017	181	5.05	23.432
1018	182	4.95	23.680
1019	182	4.76	23.691
1020	181	5.54	23.650
1021	184	4.98	25.364
1022	186	5.29	27.126
1023	186	5.77	27.052
1024	188	5.46	29.071
1025	185	5.54	25.940
1026	187	5.06	27.971
1027	187	5.93	28.176
1028	190	5.88	30.967
1029	189	5.79	30.457
1030	191	5.72	31.998
1031	192	5.87	33.440
1032	192	5.70	33.325
1033	192	6.03	32.628
1034	192	5.97	33.293
1035	195	5.96	36.685
1036	192	6.39	33.056
1037	194	6.23	35.214
1038	197	6.07	38.441
1039	199	6.99	41.481
1040	200	6.88	42.350
1041	198	6.60	40.336
1042	198	6.40	40.055
1043	200	6.44	42.781
1044	200	7.18	42.371
1045	197	6.66	38.527
1046	200	6.50	42.626
1047	200	7.15	42.543
1048	200	6.76	42.489
1049	200	6.63	41.992
1050	200	6.45	42.731
1051	200	6.99	42.883
1052	200	6.41	42.261
1053	197	6.06	38.697
1054	198	6.95	39.824
1055	200	7.07	42.529
1056	200	7.25	42.048
1057	199	7.10	40.774
1058	199	6.50	41.149
1059	200	6.35	42.691
1060	197	6.35	38.234
1061	196	6.01	37.228
1062	197	6.42	39.097
1063	199	6.19	41.366
1064	200	6.78	42.919
1065	199	6.58	41.189
1066	199	6.35	41.326
1067	197	6.46	38.491
1068	199	6.90	40.993
1069	199	6.87	41.556
1070	196	6.73	37.215
1071	195	5.85	36.471
1072	196	6.56	37.672
1073	197	6.17	38.880
1074	200	7.11	42.313
1075	200	7.23	42.083
1076	197	6.15	38.208
1077	196	6.19	37.871
1078	197	6.42	38.780
1079	195	6.16	35.925
1080	192	5.87	33.191
1081	190	6.28	30.673
1082	188	5.93	28.714
1083	188	5.16	29.484
1084	190	5.78	30.598
1085	192	6.06	32.938
1086	190	5.96	30.692
1087	189	5.28	29.969
1088	187	5.66	27.937
1089	186	5.06	27.361
1090	186	5.07	27.513
1091	185	5.53	26.802
1092	188	5.33	29.092
1093	187	5.38	27.925
1094	187	5.60	28.257
1095	190	5.80	30.832
1096	188	5.44	28.854
1097	186	5.57	26.962
1098	183	5.48	24.614
1099	185	5.84	26.054
1100	187	6.00	28.574
1101	186	5.33	27.396
1102	188	5.33	28.761
1103	186	5.23	26.968
1104	189	6.13	29.623
1105	188	5.39	28.759
1106	186	5.52	26.902
1107	184	4.97	25.745
1108	181	5.11	23.063
1109	182	5.25	23.762
1110	183	5.43	24.950
1111	180	5.01	22.705
1112	179	5.31	21.483
1113	179	4.73	22.333
1114	179	4.73	21.744
1115	176	5.11	19.586
1116	175	4.57	19.284
1117	175	4.85	18.836
1118	177	4.29	20.909
1119	180	4.60	22.417
1120	181	4.86	22.871
1121	183	5.55	25.107
1122	180	5.43	22.084
1123	177	4.69	21.014
1124	176	5.12	19.928
1125	178	4.88	21.518
1126	180	4.63	22.544
1127	177	5.24	20.976
1128	174	4.30	18.428
1129	171	4.74	17.532
1130	168	4.57	15.793
1131	168	3.85	15.517
1132	165	4.23	14.362
1133	164	3.81	13.767
1134	162	3.66	13.001
1135	165	4.28	13.744
1136	163	4.35	13.087
1137	164	3.92	13.910
1138	164	4.38	14.030
1139	163	4.19	13.244
1140	165	4.47	13.718
1141	167	4.07	15.404
1142	169	4.48	15.918
1143	166	4.14	14.302
1144	167	3.84	15.211
1145	168	3.93	15.867
1146	165	3.84	14.314
1147	167	3.72	15.089
1148	167	3.72	15.135
1149	168	4.47	15.799
1150	168	3.78	15.262
1151	170	3.88	16.982
1152	172	4.32	17.659
1153	170	4.41	16.618
1154	172	4.42	17.336
1155	172	3.98	17.948
1156	172	3.96	17.441
1157	170	4.75	16.501
1158	170	4.29	16.656
1159	171	4.73	17.240
1160	171	4.37	16.836
1161	172	3.94	17.434
1162	169	3.91	15.971
1163	168	3.88	15.334
1164	171	4.17	16.577
1165	172	4.22	17.129
1166	171	4.15	17.310
1167	173	4.26	18.005
1168	175	4.35	19.662
1169	176	4.81	20.062
1170	179	4.94	22.325
1171	176	4.33	19.638
1172	176	4.58	19.431
1173	174	4.65	18.841
1174	174	4.69	19.039
1175	173	4.59	17.995
1176	173	4.95	17.802
1177	176	4.36	19.832
1178	179	4.95	21.443
1179	180	4.53	22.346
1180	177	4.37	20.761
1181	175	4.35	18.872
1182	177	4.92	20.720
1183	174	4.46	18.343
1184	173	4.60	18.005
1185	175	4.28	18.938
1186	177	4.36	20.588
1187	179	4.93	22.366
1188	180	5.03	22.678
1189	177	4.53	20.656
1190	174	4.90	18.577
1191	175	5.00	19.148
1192	175	4.99	19.564
1193	176	4.50	19.915
1194	175	4.86	19.186
1195	177	4.94	20.265
1196	176	4.72	19.716
1197	176	4.76	19.834
1198	176	4.86	20.058
1199	179	4.66	21.839
1200	181	5.46	23.725
1201	180	4.75	22.744
1202	179	4.97	22.356
1203	178	4.74	21.093
1204	175	4.37	19.606
1205	175	4.90	18.882
1206	173	4.48	18.503
1207	172	4.26	17.963
1208	170	4.02	16.323
1209	168	4.34	15.699
1210	166	3.98	15.086
1211	167	4.04	15.327
1212	168	4.58	15.279
1213	170	4.10	16.874
1214	172	4.11	17.355
1215	175	4.88	19.264
1216	178	4.53	21.025
1217	178	4.95	21.183
1218	178	4.42	21.144
1219	175	4.19	19.623
1220	173	4.66	17.679
1221	175	4.50	19.344
1222	177	4.40	20.473
1223	175	4.39	19.325
1224	175	4.30	19.613
1225	177	4.83	20.230
1226	175	4.34	19.060
1227	177	4.75	20.074
1228	178	5.20	21.366
1229	178	4.77	21.019
1230	180	4.65	22.742
1231	183	5.34	24.378
1232	185	5.22	26.428
1233	188	5.42	28.630
1234	189	5.42	29.894
1235	191	6.05	32.285
1236	189	6.11	29.731
1237	188	5.77	28.524
1238	189	5.87	30.180
1239	186	5.77	26.885
1240	187	5.29	28.328
1241	187	5.52	27.648
1242	189	5.70	29.482
1243	191	5.82	31.696
1244	188	5.58	28.617
1245	186	5.64	27.598
1246	185	5.32	26.394
1247	184	4.81	25.542
1248	186	5.35	27.399
1249	189	5.85	30.420
1250	192	6.33	33.166
1251	194	6.18	34.888
1252	195	6.60	36.673
1253	195	6.12	36.589
1254	197	6.78	38.960
1255	196	6.79	36.994
1256	199	6.18	41.584
1257	198	6.07	40.129
1258	200	6.82	42.034
1259	200	7.11	42.686
1260	200	6.32	42.862
1261	200	6.40	42.656
1262	200	6.89	42.575
1263	200	6.53	42.046
1264	200	6.28	42.596
1265	197	6.28	38.292
1266	194	6.51	34.581
1267	192	5.74	32.996
1268	189	6.21	29.805
1269	187	5.32	28.600
1270	185	5.38	26.108
1271	183	5.49	25.213
1272	181	5.06	23.085
1273	181	5.23	23.759
1274	180	4.76	22.335
1275	183	5.38	25.055
1276	185	5.66	26.560
1277	182	5.45	24.478
1278	184	5.72	25.309
1279	182	5.06	24.507
1280	179	4.81	21.934
1281	180	4.51	22.361
1282	180	5.20	22.554
1283	183	5.55	24.319
1284	185	5.09	26.213
1285	186	5.31	27.713
1286	186	5.02	26.938
1287	186	5.35	27.415
1288	189	5.74	30.164
1289	186	5.81	27.563
1290	184	5.42	25.872
1291	183	4.87	25.156
1292	186	5.86	27.435
1293	187	5.67	27.744
1294	185	5.41	26.780
1295	186	5.89	27.119
1296	187	5.63	28.152
1297	184	5.33	25.481
1298	183	5.64	25.274
1299	183	5.03	24.287
1300	181	5.01	22.930
1301	182	5.02	24.489
1302	184	5.17	25.626
1303	181	5.54	23.561
1304	184	5.26	25.801
1305	181	5.47	23.666
1306	178	4.35	21.304
1307	180	5.03	22.271
1308	178	5.24	21.277
1309	175	4.32	19.120
1310	173	4.68	18.327
1311	176	5.16	20.011
1312	179	4.88	21.467
1313	176	4.68	20.131
1314	178	5.29	21.315
1315	176	4.33	19.919
1316	175	4.70	19.325
1317	178	4.40	21.440
1318	177	4.87	20.693
1319	178	4.73	21.359
1320	177	5.09	21.031
1321	180	5.18	22.167
1322	181	4.65	22.969
1323	180	4.80	22.299
1324	178	4.62	20.787
1325	175	4.67	19.373
1326	176	4.27	20.330
1327	176	4.45	20.119
1328	177	5.27	20.546
1329	175	4.72	19.085
1330	172	4.39	17.462
1331	173	4.37	18.123
1332	170	4.20	16.873
1333	169	4.29	16.488
1334	172	4.03	17.819
1335	172	3.95	17.862
1336	173	4.73	17.833
1337	175	5.02	19.161
1338	178	5.21	21.383
1339	176	4.32	20.009
1340	176	5.16	19.564
1341	177	4.62	20.725
1342	179	5.28	22.249
1343	176	4.93	19.923
1344	177	4.48	20.437
1345	177	5.27	20.586
1346	178	4.82	21.289
1347	175	4.50	19.345
1348	174	4.07	18.830
1349	177	4.38	20.332
1350	176	4.47	19.579
1351	173	4.25	18.600
1352	174	4.67	18.437
1353	174	4.90	18.513
1354	174	4.83	18.260
1355	175	4.15	18.912
1356	174	4.07	18.365
1357	175	5.11	19.029
1358	172	4.23	18.038
1359	173	4.10	18.382
1360	176	4.72	19.796
1361	175	4.35	18.982
1362	176	4.59	20.017
1363	175	4.17	19.368
1364	172	4.05	17.431
1365	173	4.85	17.739
1366	174	4.65	18.948
1367	177	4.81	20.983
1368	176	4.85	19.716
1369	177	4.65	20.356
1370	177	4.76	20.387
1371	178	4.40	20.856
1372	176	4.47	19.607
1373	179	4.79	21.371
1374	179	4.72	21.884
1375	177	4.56	20.757
1376	176	4.86	20.323
1377	178	4.44	21.511
1378	176	4.61	20.076
1379	178	4.78	21.645
1380	181	5.42	22.895
1381	180	5.45	22.410
1382	180	5.11	22.283
1383	183	5.61	25.008
1384	185	5.16	26.760
1385	182	4.65	24.089
1386	185	5.00	26.671
1387	187	5.82	27.878
1388	188	5.31	29.063
1389	185	5.05	26.103
1390	183	4.81	24.434
1391	183	5.03	24.840
1392	180	5.39	22.321
1393	181	5.46	23.088
1394	180	4.53	22.472
1395	180	5.26	22.461
1396	178	4.73	21.317
1397	179	5.39	22.282
1398	178	4.85	21.380
1399	181	4.95	23.513
1400	180	5.03	22.143
1401	183	4.79	24.794
1402	180	4.71	22.145
1403	180	4.87	22.828
1404	183	5.71	24.928
1405	181	5.26	23.356
1406	183	5.28	24.585
1407	180	4.90	22.573
1408	179	4.96	22.311
1409	178	4.86	20.797
1410	181	5.47	22.875
1411	182	5.55	24.093
1412	183	5.66	24.618
1413	182	5.00	24.008
1414	181	5.08	23.707
1415	179	4.42	21.981
1416	178	4.86	21.592
1417	175	5.13	19.694
1418	174	4.92	18.229
1419	171	4.30	17.038
1420	168	3.77	15.526
1421	170	4.32	16.880
1422	173	4.86	17.936
1423	172	4.41	17.657
1424	169	4.01	16.090
1425	166	3.90	14.250
1426	165	3.86	14.081
1427	166	3.85	14.895
1428	163	4.15	13.606
1429	160	4.11	11.676
1430	159	3.65	11.794
1431	162	3.73	13.388
1432	164	4.14	13.641
1433	161	3.84	12.501
1434	162	3.49	13.029
1435	162	3.90	12.717
1436	165	3.53	14.251
1437	162	3.68	12.536
1438	162	3.53	12.508
1439	161	4.21	12.773
1440	158	3.31	11.575
1441	155	2.98	10.110
1442	154	3.46	10.359
1443	155	3.05	10.809
1444	157	3.60	11.407
1445	159	4.01	11.730
1446	157	3.58	10.652
1447	160	3.24	11.700
1448	163	3.62	13.167
1449	165	3.61	14.189
1450	167	3.80	15.045
1451	168	4.43	15.904
1452	168	4.06	15.678
1453	170	3.87	16.097
1454	168	4.12	15.874
1455	168	3.75	15.163
1456	167	4.31	15.022
1457	168	3.84	15.157
1458	166	4.54	15.077
1459	163	4.00	13.350
1460	163	3.50	12.870
1461	164	4.19	14.082
1462	166	4.11	14.689
1463	167	3.92	14.573
1464	167	3.74	15.193
1465	164	4.01	13.522
1466	165	4.31	14.493
1467	167	4.22	14.997
1468	165	3.88	13.812
1469	165	3.97	14.208
1470	168	4.10	15.902
1471	166	4.48	15.040
1472	169	4.14	15.780
1473	167	3.89	14.641
1474	170	4.63	16.543
1475	168	3.90	15.058
1476	165	3.66	14.217
1477	167	4.14	14.770
1478	168	4.18	15.042
1479	169	4.49	15.977
1480	168	3.72	15.237
1481	168	4.13	15.611
1482	165	3.88	14.554
1483	166	4.05	14.178
1484	167	4.16	15.096
1485	164	3.98	13.613
1486	162	4.20	12.508
1487	162	4.30	12.997
1488	161	3.75	12.212
1489	159	3.38	11.630
1490	162	4.26	13.052
1491	160	3.69	12.082
1492	162	3.55	13.388
1493	164	3.91	13.789
1494	162	3.72	13.187
1495	163	4.38	13.728
1496	162	3.85	12.634
1497	165	4.29	13.894
1498	163	3.87	13.550
1499	166	4.21	15.089
1500	167	3.89	15.385
1501	164	3.48	13.538
1502	163	4.34	13.037
1503	164	3.70	13.439
1504	164	3.87	13.254
1505	163	4.08	13.153
1506	163	4.00	12.867
1507	162	3.40	12.790
1508	160	3.28	12.306
1509	157	3.48	11.187
1510	157	3.39	11.415
1511	158	3.69	11.545
1512	155	3.30	10.622
1513	157	3.77	11.272
1514	155	3.00	10.760
1515	152	2.90	9.503
1516	155	3.71	10.632
1517	156	3.32	10.383
1518	156	3.51	10.981
1519	159	4.07	12.026
1520	158	3.69	11.683
1521	156	3.32	10.773
1522	157	3.88	10.784
1523	160	3.24	12.417
1524	159	3.49	11.678
1525	159	3.59	11.668
1526	161	4.04	12.160
1527	159	3.69	11.844
1528	159	3.55	11.317
1529	156	3.80	10.785
1530	157	3.43	10.652
1531	155	3.01	10.730
1532	153	3.68	9.670
1533	154	3.69	10.139
1534	152	3.71	9.773
1535	155	3.90	10.749
1536	154	3.16	10.427
1537	152	3.66	9.058
1538	153	3.06	9.616
1539	154	3.49	9.859
1540	156	3.14	10.830
1541	153	2.90	9.891
1542	152	3.11	9.306
1543	151	3.59	9.603
1544	151	3.21	9.090
1545	152	3.36	9.872
1546	155	3.25	10.312
1547	155	3.72	10.544
1548	152	3.36	9.152
1549	149	3.40	8.974
1550	151	3.61	9.093
1551	153	3.52	9.848
1552	151	3.39	9.240
1553	151	3.41	9.537
1554	152	3.69	9.242
1555	149	3.34	8.608
1556	152	3.13	9.429
1557	152	3.73	9.734
1558	154	3.09	10.392
1559	154	3.22	10.438
1560	152	3.53	9.332
1561	153	2.92	9.691
1562	155	3.47	10.733
1563	153	2.87	10.314
1564	153	3.74	9.704
1565	151	3.36	8.922
1566	154	3.59	9.708
1567	155	3.80	10.732
1568	155	3.56	10.176
1569	153	3.14	9.670
1570	155	3.58	10.525
1571	155	3.43	10.819
1572	154	3.62	9.680
1573	156	3.10	11.073
1574	153	3.54	10.145
1575	151	3.74	9.504
1576	150	2.83	8.944
1577	153	3.17	9.366
1578	155	3.17	10.024
1579	152	2.82	9.758
1580	151	3.71	9.167
1581	153	3.20	9.874
1582	151	3.70	9.622
1583	154	3.58	10.580
1584	154	3.64	10.311
1585	152	3.50	9.241
1586	150	2.85	8.907
1587	149	3.37	8.446
1588	147	3.16	8.646
1589	149	2.96	8.502
1590	146	2.78	7.956
1591	143	2.59	7.035
1592	140	2.67	6.931
1593	139	2.58	6.770
1594	136	2.42	5.690
1595	139	2.53	6.867
1596	142	2.99	7.349
1597	140	2.81	6.655
1598	142	2.60	6.719
1599	140	3.10	7.082
1600	138	3.10	6.377
1601	137	2.92	6.576
1602	138	3.08	6.628
1603	140	2.59	6.759
1604	142	2.64	6.775
1605	143	2.86	7.211
1606	142	2.45	6.800
1607	139	2.74	6.664
1608	137	2.20	5.928
1609	134	2.61	5.184
1610	131	2.87	4.973
1611	129	2.43	5.227
1612	132	2.30	5.221
1613	131	2.04	5.315
1614	132	2.16	4.832
1615	134	2.39	5.238
1616	137	2.73	5.909
1617	135	2.81	5.576
1618	132	2.70	5.159
1619	135	2.34	5.803
1620	136	3.12	5.521
1621	134	2.58	5.480
1622	133	2.22	5.662
1623	132	2.50	4.906
1624	132	2.62	4.830
1625	130	2.47	5.060
1626	131	2.34	5.314
1627	128	2.63	4.935
1628	129	2.65	4.972
1629	131	2.86	4.861
1630	131	2.64	5.619
1631	129	2.32	5.166
1632	129	2.51	5.111
1633	132	2.46	4.926
1634	134	2.76	5.876
1635	132	3.02	5.739
1636	134	2.85	5.871
1637	135	3.09	5.303
1638	138	3.10	5.879
1639	140	3.09	6.462
1640	139	2.84	6.560
1641	137	3.12	6.144
1642	138	3.11	6.798
1643	135	2.88	6.006
1644	132	2.79	5.104
1645	132	2.75	5.552
1646	131	2.00	4.952
1647	128	2.55	5.132
1648	125	2.10	4.555
1649	123	1.87	3.960
1650	121	1.89	3.977
1651	122	1.86	4.338
1652	119	2.54	4.183
1653	122	2.60	3.638
1654	122	1.98	3.650
1655	125	2.79	4.393
1656	128	2.53	4.987
1657	128	1.95	4.277
1658	128	2.32	4.678
1659	127	1.92	4.519
1660	130	2.55	4.835
1661	131	2.04	5.286
1662	133	2.35	5.271
1663	133	2.60	5.898
1664	130	2.66	4.725
1665	129	2.64	5.095
1666	128	2.33	4.356
1667	125	2.04	4.539
1668	124	1.95	4.559
1669	121	1.76	3.426
1670	124	2.66	3.787
1671	121	2.16	3.410
1672	121	2.62	3.956
1673	119	1.97	4.086
1674	122	2.49	4.001
1675	123	2.50	3.748
1676	122	1.89	4.242
1677	124	2.43	4.588
1678	124	2.74	4.330
1679	126	2.77	4.112
1680	129	2.70	5.338
1681	126	2.73	4.498
1682	129	2.08	5.140
1683	127	2.34	4.346
1684	124	2.12	4.402
1685	121	2.35	4.303
1686	123	1.87	4.032
1687	125	2.20	4.158
1688	124	2.31	4.118
1689	121	2.46	3.461
1690	124	2.74	3.925
1691	124	2.72	4.128
1692	122	2.03	4.018
1693	121	2.43	3.423
1694	118	1.98	3.541
1695	116	2.08	3.089
1696	117	2.30	3.251
1697	115	1.55	3.306
1698	112	2.05	3.145
1699	113	2.31	2.869
1700	114	1.86	3.262
1701	111	1.55	2.850
1702	111	2.23	2.736
1703	112	2.00	2.839
1704	115	2.35	2.951
1705	113	1.91	2.992
1706	113	2.19	2.974
1707	116	1.91	2.982
1708	116	2.23	3.600
1709	113	2.06	2.978
1710	113	2.01	3.259
1711	111	1.45	3.036
1712	109	2.31	2.877
1713	111	1.59	3.160
1714	113	2.10	3.174
1715	113	1.90	3.510
1716	113	1.48	3.492
1717	115	2.32	3.425
1718	117	2.51	3.832
1719	120	1.86	3.842
1720	123	2.30	4.598
1721	122	1.96	4.401
1722	121	2.51	3.805
1723	118	1.99	3.679
1724	120	2.60	3.944
1725	117	1.76	3.843
1726	116	2.18	3.883
1727	116	1.60	3.689
1728	114	2.13	2.843
1729	116	2.21	3.748
1730	114	1.71	3.164
1731	116	1.84	3.401
1732	115	2.29	3.195
1733	112	1.89	3.249
1734	109	2.34	3.059
1735	109	1.76	2.448
1736	110	1.78	2.964
1737	109	1.46	3.321
1738	108	1.82	3.203
1739	106	1.32	2.902
1740	108	1.88	3.019
1741	110	2.22	2.553
1742	108	2.29	2.380
1743	108	1.83	2.668
1744	105	1.37	2.118
1745	103	1.71	2.418
1746	102	2.21	2.767
1747	102	1.61	2.311
1748	102	1.66	2.541
1749	101	1.37	2.210
1750	102	1.67	2.180
1751	102	2.01	2.018
1752	99	1.59	2.394
1753	101	1.29	2.123
1754	100	1.27	2.624
1755	103	2.20	2.306
1756	102	1.66	2.514
1757	102	1.96	1.877
1758	99	1.96	2.275
1759	101	1.63	2.176
1760	102	1.53	1.909
1761	102	1.64	1.873
1762	101	2.18	2.220
1763	100	1.46	2.554
1764	101	1.54	2.171
1765	100	1.37	2.617
1766	101	1.90	2.556
1767	102	1.39	2.711
1768	100	1.33	2.379
1769	98	1.70	2.625
1770	100	1.39	2.661
1771	102	1.97	1.921
1772	102	1.76	2.422
1773	104	1.87	2.277
1774	101	1.59	2.784
1775	98	1.38	2.230
1776	95	1.23	2.448
1777	93	1.51	1.663
1778	91	1.65	1.716
1779	88	1.73	1.826
1780	86	1.39	1.648
1781	86	1.38	1.171
1782	86	1.64	1.659
1783	89	1.70	1.592
1784	87	1.31	1.723
1785	84	1.29	1.365
1786	86	1.43	1.158
1787	87	0.97	2.137
1788	89	1.02	2.144
1789	88	1.95	1.889
1790	88	1.37	2.032
1791	87	1.29	1.925
1792	84	1.26	1.068
1793	84	1.63	1.569
1794	82	1.69	1.424
1795	80	1.39	1.433
1796	83	1.21	1.446
1797	82	1.47	1.543
1798	80	1.16	1.056
1799	83	1.54	1.213
1800	83	1.57	1.654
1801	85	0.98	1.669
1802	88	1.36	2.064
1803	85	1.77	1.978
1804	83	1.23	1.564
1805	83	1.26	1.734
1806	80	1.74	1.582
1807	77	1.11	0.964
1808	75	0.94	1.761
1809	78	0.87	0.962
1810	78	1.26	1.285
1811	78	1.05	0.982
1812	81	1.36	1.890
1813	79	1.05	0.969
1814	80	1.28	1.374
1815	77	1.40	0.941
1816	77	1.41	1.433
1817	79	1.14	1.153
1818	82	0.99	1.582
1819	83	1.03	1.964
1820	80	1.65	1.426
1821	80	0.88	1.394
1822	77	1.73	1.778
1823	74	1.28	0.807
1824	71	1.33	0.879
1825	70	1.30	1.610
1826	69	1.70	1.532
1827	68	1.32	1.393
1828	70	1.53	0.772
1829	72	0.80	0.871
1830	71	0.77	1.553
1831	69	1.11	0.775
1832	70	0.89	0.739
1833	67	1.38	1.458
1834	64	0.88	0.912
1835	64	1.47	1.206
1836	61	1.19	0.767
1837	61	1.56	0.734
1838	61	1.21	0.887
1839	58	1.37	0.649
1840	61	1.54	0.953
1841	59	0.89	1.002
1842	62	0.78	0.601
1843	62	1.35	0.731
1844	59	1.34	0.944
1845	56	1.46	0.835
1846	57	1.04	0.623
1847	59	1.15	0.818
1848	60	1.06	1.058
1849	59	1.57	0.446
1850	61	1.06	0.600
1851	62	0.80	1.428
1852	59	1.14	0.659
1853	57	0.58	0.822
1854	58	0.91	1.374
1855	61	1.53	1.274
1856	59	1.47	1.249
1857	60	0.87	0.709
1858	62	1.46	1.162
1859	63	1.14	0.773
1860	66	1.00	1.148
1861	69	1.08	0.698
1862	68	0.85	0.728
1863	66	1.16	1.198
1864	68	1.37	0.767
1865	65	1.09	1.436
1866	68	1.20	0.802
1867	68	1.63	0.967
1868	69	1.05	1.189
1869	67	0.76	1.255
1870	65	0.77	1.219
1871	65	1.62	1.121
1872	66	0.89	1.247
1873	66	1.53	1.120
1874	65	1.60	1.414
1875	68	0.81	1.339
1876	71	1.42	1.081
1877	72	1.59	1.643
1878	69	1.20	0.845
1879	67	1.01	1.341
1880	65	1.51	0.798
1881	64	1.49	0.811
1882	65	0.98	1.514
1883	64	1.12	1.484
1884	65	0.69	0.573
1885	66	1.26	1.398
1886	64	1.22	1.395
1887	66	0.70	1.531
1888	68	1.41	1.496
1889	65	1.04	0.708
1890	67	0.97	1.561
1891	68	1.33	0.633
1892	69	1.24	1.485
1893	66	1.65	1.253
1894	67	0.77	1.544
1895	68	1.52	0.989
1896	67	1.46	1.387
1897	69	1.20	1.333
1898	70	1.06	0.904
1899	68	0.70	0.655
1900	68	0.95	1.229
1901	67	1.31	0.653
1902	65	1.56	1.253
1903	66	1.62	1.550
1904	67	1.34	1.456
1905	65	1.57	1.439
1906	68	0.74	1.348
1907	70	1.12	0.762
1908	67	1.15	0.696
1909	65	1.04	1.429
1910	64	0.78	1.252
1911	63	1.63	0.776
1912	63	1.20	1.390
1913	63	0.73	0.779
1914	66	1.41	0.944
1915	67	1.63	0.967
1916	69	1.04	1.059
1917	69	1.02	1.241
1918	72	1.61	0.987
1919	72	1.69	0.806
1920	72	1.59	0.803
1921	69	0.84	1.121
1922	68	0.94	0.797
1923	69	0.98	1.572
1924	70	1.32	1.094
1925	69	0.78	0.686
1926	71	1.05	1.477
1927	71	0.90	1.037
1928	71	1.48	1.427
1929	72	1.58	0.801
1930	69	0.99	1.326
1931	72	0.89	0.760
1932	70	1.34	0.693
1933	72	1.60	1.149
1934	70	1.57	1.431
1935	72	1.20	1.183
1936	71	1.04	1.151
1937	68	0.99	0.878
1938	71	0.88	1.085
1939	69	1.69	0.719
1940	68	1.28	1.437
1941	68	1.53	1.307
1942	67	1.17	0.871
1943	68	0.73	1.170
1944	69	1.50	0.935
1945	69	1.27	0.816
1946	68	1.46	1.071
1947	67	1.67	0.851
1948	65	1.00	1.178
1949	64	1.16	1.343
1950	67	0.85	0.948
1951	68	1.20	1.542
1952	68	1.06	1.540
1953	67	1.07	1.101
1954	69	1.55	1.235
1955	72	0.85	0.698
1956	70	0.92	0.708
1957	68	1.22	0.770
1958	67	1.00	1.566
1959	66	1.55	1.553
1960	69	0.91	0.935
1961	66	1.12	1.413
1962	65	1.39	1.463
1963	68	1.66	0.966
1964	70	1.07	1.545
1965	68	0.88	1.280
1966	70	0.94	1.309
1967	68	1.48	1.101
1968	71	1.18	0.718
1969	71	1.08	0.765
1970	74	1.24	1.097
1971	73	1.55	1.493
1972	74	1.35	1.511
1973	74	1.72	1.651
1974	72	1.11	1.499
1975	75	1.19	0.812
1976	78	1.58	1.405
1977	79	0.99	1.018
1978	78	1.69	1.712
1979	76	0.93	1.237
1980	78	1.20	0.939
1981	76	1.10	1.517
1982	74	1.41	0.803
1983	77	1.54	1.362
1984	74	1.12	1.718
1985	73	1.19	1.226
1986	76	1.33	1.239
1987	79	1.39	1.524
1988	79	1.67	1.815
1989	78	1.38	1.329
1990	80	0.99	1.883
1991	80	1.73	1.232
1992	82	1.87	1.353
1993	82	0.89	0.997
1994	79	1.44	0.896
1995	77	1.14	0.953
1996	76	0.89	1.657
1997	74	1.70	1.579
1998	75	1.45	0.967
1999	75	1.59	1.118
2000	77	0.82	0.983
2001	76	1.56	1.283
2002	75	1.76	1.420
2003	78	0.87	0.982
2004	79	1.72	1.352
2005	80	1.37	1.105
2006	77	1.30	1.053
2007	74	1.42	0.807
2008	73	1.53	1.279
2009	73	1.23	1.142
2010	71	0.94	1.433
2011	68	1.34	1.131
2012	65	0.72	0.812
2013	67	1.54	1.074
2014	69	1.59	1.134
2015	66	1.22	0.827
2016	68	1.37	0.978
2017	69	1.68	1.167
2018	70	1.16	1.470
2019	68	1.34	0.943
2020	71	1.12	1.566
2021	68	0.89	0.805
2022	67	1.29	0.764
2023	66	1.41	1.211
2024	69	0.99	0.995
2025	72	1.15	1.631
2026	70	0.81	1.437
2027	73	1.21	1.521
2028	73	1.00	1.377
2029	72	0.96	1.135
2030	74	1.35	0.928
2031	71	0.94	1.224
2032	69	1.56	0.617
2033	66	0.99	1.003
2034	67	1.45	0.709
2035	65	0.76	1.465
2036	68	1.68	1.410
2037	68	1.39	0.936
2038	67	1.38	1.398
2039	69	0.87	0.745
2040	72	1.28	0.727
2041	69	1.07	0.900
2042	69	1.48	1.103
2043	66	0.70	1.189
2044	67	1.39	1.161
2045	68	0.76	1.427
2046	66	1.24	1.035
2047	66	1.08	0.566
2048	68	1.28	0.711
2049	71	1.43	1.361
2050	73	1.55	0.832
2051	72	1.26	1.158
2052	73	1.21	1.671
2053	74	0.89	1.505
2054	72	1.58	1.653
2055	75	1.11	1.295
2056	73	0.76	0.919
2057	76	1.67	1.670
2058	74	1.59	1.246
2059	75	1.41	1.158
2060	78	1.79	1.809
2061	80	0.96	1.559
2062	77	0.84	0.846
2063	77	1.39	1.267
2064	78	0.85	1.103
2065	78	1.76	0.989
2066	77	1.30	1.347
2067	80	1.01	1.118
2068	77	1.27	1.301
2069	80	1.09	1.621
2070	80	1.18	1.365
2071	83	1.61	1.241
2072	81	0.94	1.293
2073	82	0.89	0.964
2074	80	0.98	1.281
2075	82	1.87	1.433
2076	79	1.82	1.406
2077	80	1.47	1.702
2078	81	0.92	1.856
2079	84	1.41	1.305
2080	86	1.89	2.018
2081	84	1.37	1.288
2082	85	1.11	1.652
2083	88	1.35	1.303
2084	89	1.25	2.034
2085	88	1.16	1.472
2086	85	1.53	1.167
2087	82	1.63	1.093
2088	85	1.35	1.621
2089	82	1.84	1.031
2090	80	1.78	1.156
2091	83	1.15	1.165
2092	86	1.80	1.305
2093	87	0.98	1.790
2094	88	1.03	1.684
2095	88	1.62	1.989
2096	89	1.90	1.858
2097	87	1.51	1.363
2098	88	1.87	1.507
2099	90	1.51	1.515
2100	90	1.62	1.524
2101	87	1.88	1.783
2102	87	1.49	1.705
2103	86	1.58	1.128
2104	88	1.82	1.716
2105	87	1.55	1.505
2106	89	1.47	2.151
2107	86	1.83	1.350
2108	87	1.05	1.613
2109	88	1.02	1.846
2110	87	1.53	1.294
2111	86	1.03	1.666
2112	84	0.94	1.139
2113	86	1.10	1.290
2114	87	1.57	1.170
2115	84	1.86	1.270
2116	84	1.09	1.119
2117	81	1.73	1.750
2118	79	1.34	1.563
2119	80	1.14	1.545
2120	81	1.74	1.751
2121	80	1.78	0.891
2122	78	1.52	1.812
2123	81	0.88	1.262
2124	79	1.14	1.171
2125	82	1.38	1.638
2126	84	1.89	1.522
2127	82	1.49	1.363
2128	83	1.05	1.963
2129	82	1.79	1.790
2130	80	1.75	1.021
2131	77	1.60	1.735
2132	78	1.24	1.592
2133	75	1.55	1.304
2134	76	1.14	1.747
2135	74	0.95	1.490
2136	77	0.81	1.384
2137	76	1.68	1.695
2138	78	0.86	1.027
2139	81	0.92	1.870
2140	82	1.51	1.866
2141	80	1.79	1.238
2142	82	1.64	1.266
2143	81	1.57	0.963
2144	81	1.63	1.863
2145	81	1.68	1.322
2146	81	1.77	1.891
2147	82	1.82	1.778
2148	85	1.59	1.744
2149	83	1.49	1.761
2150	84	1.50	1.711
2151	86	1.87	1.752
2152	88	1.30	1.268
2153	88	1.80	1.518
2154	88	1.31	1.885
2155	89	1.05	1.675
2156	87	1.95	1.610
2157	87	1.50	1.853
2158	85	1.40	1.117
2159	88	1.18	1.668
2160	89	1.68	1.714
2161	89	1.81	1.286
2162	86	1.67	1.156
2163	86	1.71	1.174
2164	86	1.77	1.462
2165	85	1.46	1.855
2166	87	1.28	1.828
2167	85	1.86	1.793
2168	85	1.31	1.770
2169	85	1.04	1.252
2170	85	1.75	1.270
2171	85	1.68	1.381
2172	86	1.53	1.355
2173	85	1.70	1.434
2174	86	1.40	1.872
2175	86	1.61	1.310
2176	87	1.42	1.521
2177	84	1.33	1.870
2178	82	1.59	1.305
2179	84	1.55	1.045
2180	82	1.21	1.604
2181	84	1.59	1.662
2182	82	1.38	1.487
2183	80	1.08	1.273
2184	81	1.47	1.331
2185	83	1.63	1.646
2186	81	1.29	1.814
2187	84	1.91	1.181
2188	87	1.79	1.168
2189	88	1.76	1.897
2190	87	1.85	1.712
2191	85	1.31	1.329
2192	86	1.33	1.291
2193	89	1.67	1.338
2194	89	1.43	1.814
2195	86	1.35	1.261
2196	87	1.32	2.110
2197	88	1.42	1.618
2198	90	1.33	1.532
2199	90	1.09	1.984
2200	92	1.31	1.722
2201	94	1.15	2.222
2202	92	1.35	1.628
2203	90	1.85	1.646
2204	92	1.54	1.548
2205	94	1.22	2.242
2206	93	1.84	2.070
2207	96	1.43	2.336
2208	98	1.36	2.192
2209	100	2.00	2.354
2210	102	1.79	1.968
2211	105	1.67	2.586
2212	108	1.86	2.908
2213	106	2.03	2.128
2214	103	1.41	2.242
2215	106	2.26	2.816
2216	104	1.91	2.177
2217	101	1.35	2.086
2218	104	1.67	2.657
2219	101	1.53	2.387
2220	102	1.62	2.629
2221	104	1.56	2.497
2222	105	1.32	2.196
2223	103	1.47	2.479
2224	105	1.49	2.828
2225	103	2.18	2.864
2226	106	1.75	2.210
2227	106	1.69	2.551
2228	104	1.30	2.013
2229	101	2.13	2.238
2230	104	2.04	2.480
2231	104	1.95	1.965
2232	107	1.36	2.952
2233	104	1.49	2.569
2234	107	1.61	2.801
2235	108	2.10	2.691
2236	108	1.40	2.715
2237	109	1.51	3.092
2238	109	2.14	2.854
2239	109	2.02	2.488
2240	106	2.01	2.718
2241	109	2.22	2.798
2242	107	2.19	2.414
2243	107	1.69	3.014
2244	104	1.60	2.129
2245	103	1.37	2.629
2246	104	1.44	2.896
2247	102	1.53	2.508
2248	103	1.89	2.675
2249	104	1.57	2.482
2250	102	2.10	2.486
2251	101	1.43	2.714
2252	99	2.11	2.059
2253	100	1.35	2.096
2254	99	1.55	1.896
2255	96	1.60	1.583
2256	99	1.96	2.090
2257	101	1.97	2.652
2258	101	1.54	2.467
2259	99	2.03	2.089
2260	101	1.83	2.411
2261	102	1.45	1.915
2262	103	2.12	2.488
2263	106	1.67	2.928
2264	108	2.14	2.737
2265	111	2.33	3.090
2266	111	1.93	2.643
2267	110	1.99	2.572
2268	108	1.87	3.130
2269	108	2.07	2.811
2270	109	1.54	2.647
2271	110	2.11	3.262
2272	108	2.15	2.563
2273	106	1.37	2.205
2274	105	2.21	2.008
2275	106	1.58	2.802
2276	108	2.25	2.215
2277	105	1.61	2.416
2278	104	1.61	2.201
2279	104	1.72	2.039
2280	101	1.42	2.507
2281	100	1.63	2.191
2282	102	1.41	2.383
2283	103	1.32	2.280
2284	104	1.96	2.526
2285	104	2.20	2.846
2286	105	2.07	2.551
2287	102	2.12	2.695
2288	100	1.26	2.651
2289	98	1.40	1.922
2290	95	1.18	1.752
2291	92	1.04	1.565
2292	91	1.72	2.185
2293	92	1.33	1.706
2294	89	1.49	1.394
2295	92	1.71	1.641
2296	91	1.17	2.100
2297	92	1.89	1.518
2298	91	1.08	1.572
2299	91	1.76	1.698
2300	90	1.24	1.700
2301	91	1.34	1.788
2302	91	1.40	1.429
2303	93	1.45	2.030
2304	92	1.10	1.868
2305	89	1.96	1.775
2306	88	1.01	1.723
2307	88	1.49	2.019
2308	87	1.93	1.670
2309	84	1.63	1.559
2310	82	1.49	1.390
2311	85	1.61	1.980
2312	83	1.44	1.820
2313	85	1.76	1.738
2314	84	1.04	1.662
2315	85	1.54	1.790
2316	82	1.71	1.717
2317	81	1.40	1.817
2318	81	1.40	1.364
2319	81	1.42	1.812
2320	84	1.01	1.687
2321	87	1.09	1.735
2322	85	1.61	1.855
2323	87	1.85	1.380
2324	87	1.08	1.300
2325	87	1.16	1.243
2326	87	1.40	1.481
2327	84	1.60	1.449
2328	84	0.97	1.604
2329	85	1.17	1.452
2330	85	1.34	2.003
2331	88	1.19	1.978
2332	91	1.09	1.520
2333	94	1.32	1.506
2334	92	1.72	2.214
2335	92	2.00	2.233
2336	93	1.62	2.199
2337	95	1.81	1.789
2338	97	1.22	1.729
2339	94	1.38	1.890
2340	94	1.78	1.735
2341	96	1.12	2.058
2342	96	1.93	2.060
2343	98	1.68	2.456
2344	101	1.35	2.298
2345	103	1.30	2.299
2346	100	1.83	2.528
2347	97	1.82	2.248
2348	99	1.84	2.026
2349	99	1.89	2.597
2350	97	1.52	1.602
2351	94	1.49	2.338
2352	95	2.03	2.397
2353	92	1.49	1.703
2354	91	1.53	1.940
2355	88	1.83	1.805
2356	86	1.75	1.845
2357	86	1.63	1.956
2358	84	1.86	1.534
2359	85	1.76	1.597
2360	83	1.14	1.122
2361	83	1.77	1.529
2362	85	1.14	1.350
2363	83	0.96	1.759
2364	80	1.29	1.479
2365	80	0.87	1.783
2366	81	1.43	1.838
2367	81	1.37	1.794
2368	83	1.42	1.874
2369	80	1.43	1.277
2370	81	1.36	1.889
2371	84	1.40	1.693
2372	82	0.96	1.859
2373	79	1.67	1.520
2374	82	0.90	1.381
2375	85	1.29	1.990
2376	88	0.99	1.510
2377	87	1.93	1.904
2378	85	0.98	1.069
2379	86	1.60	1.301
2380	86	1.31	1.076
2381	84	0.94	0.993
2382	81	1.01	1.842
2383	78	1.44	1.723
2384	80	1.14	1.226
2385	78	0.82	1.212
2386	81	1.68	0.958
2387	81	1.02	1.064
2388	82	1.61	1.635
2389	84	1.11	1.941
2390	81	1.46	1.013
2391	78	1.48	1.367
2392	78	1.24	1.363
2393	81	1.16	1.356
2394	83	1.59	1.606
2395	86	0.97	1.257
2396	86	1.37	1.913
2397	88	1.72	1.409
2398	89	1.30	2.096
2399	92	1.81	1.910
2400	91	1.04	1.366
2401	92	1.96	2.196
2402	89	1.64	1.993
2403	87	0.96	1.628
2404	84	1.62	1.861
2405	82	1.19	1.033
2406	85	1.47	1.621
2407	83	1.78	0.961
2408	82	1.33	1.338
2409	84	1.89	1.020
2410	82	1.30	1.283
2411	79	1.46	1.722
2412	81	1.84	1.082
2413	84	1.18	1.949
2414	87	1.03	1.403
2415	89	1.15	1.797
2416	86	1.36	1.799
2417	83	1.75	1.714
2418	80	1.83	1.687
2419	78	1.63	1.274
2420	79	1.00	1.664
2421	81	0.94	1.365
2422	80	0.93	1.585
2423	79	1.40	1.162
2424	79	1.42	1.775
2425	82	1.22	1.171
2426	83	1.26	1.864
2427	81	1.58	0.890
2428	82	1.61	1.387
2429	83	1.18	1.881
2430	86	1.49	1.715
2431	86	1.89	1.083
2432	84	1.14	1.068
2433	86	1.87	1.374
2434	89	1.79	2.102
2435	89	1.41	1.209
2436	87	1.44	1.572
2437	85	1.10	1.077
2438	84	1.57	1.217
2439	85	1.31	1.099
2440	82	0.93	1.379
2441	82	1.49	0.923
2442	79	1.02	0.910
2443	82	1.41	1.874
2444	79	1.06	1.072
2445	76	1.30	1.616
2446	73	1.45	0.692
2447	74	0.91	1.584
2448	74	1.10	1.230
2449	76	1.13	1.183
2450	78	0.83	1.458
2451	77	0.89	1.312
2452	77	1.50	1.044
2453	78	1.40	0.826
2454	78	0.88	1.289
2455	81	1.29	1.563
2456	84	0.94	1.749
2457	81	1.44	0.977
2458	79	1.60	1.519
2459	81	1.18	1.604
2460	79	1.42	1.476
2461	82	0.96	1.558
2462	83	1.26	1.708
2463	83	1.10	1.601
2464	83	1.36	1.104
2465	80	1.04	1.422
2466	80	1.23	1.247
2467	83	1.23	1.896
2468	86	1.93	1.900
2469	89	1.24	1.640
2470	92	1.18	1.843
2471	92	1.07	2.252
2472	91	1.10	1.592
2473	89	1.51	1.203
2474	92	1.82	1.899
2475	91	2.01	1.429
2476	91	1.96	1.644
2477	93	2.00	2.088
2478	92	2.00	2.227
2479	95	1.51	2.135
2480	96	1.78	1.916
2481	94	1.92	2.220
2482	94	1.28	1.816
2483	97	1.30	1.561
2484	97	2.08	2.010
2485	100	1.94	2.632
2486	99	2.06	1.649
2487	97	1.49	2.274
2488	97	1.51	1.834
2489	99	1.68	1.969
2490	96	1.79	2.181
2491	99	1.96	1.895
2492	100	1.95	2.068
2493	100	1.78	2.578
