1	128	1	95.0041805817
2	131	6	95.078622188
3	135	10	95.1764323049
4	138	11	95.1612993105
5	140	15	95.2194028885
6	138	20	95.2602144313
7	134	20	95.2854133147
8	134	20	95.3066595855
9	138	25	95.207658951
10	137	32	95.1816569692
11	140	35	95.0984995196
12	142	42	95.0608951548
13	138	46	95.1176170688
14	136	49	95.1443945214
15	133	54	95.1457403027
16	130	58	95.1645502154
17	129	63	95.1583386731
18	126	67	95.193750653
19	121	67	95.1096251103
20	116	73	95.1763699846
21	116	77	95.1323098069
22	112	79	95.1329306408
23	117	80	95.1086772622
24	114	82	95.1873924349
25	118	88	95.1291669817
26	123	88	95.0856026595
27	119	95	95.0549602606
28	114	99	95.0526403442
29	112	102	94.9562212455
30	110	109	94.9067652153
31	108	109	94.8264989812
32	111	115	94.9248500615
33	116	118	94.8317765959
34	120	119	94.8325853611
35	119	124	94.8747958634
36	124	131	94.8130230877
37	129	135	94.7564444424
38	126	137	94.8375933306
39	127	140	94.8542991816
40	125	147	94.7549827774
41	127	149	94.7269121386
42	128	150	94.7516343074
43	133	156	94.7826024555
44	136	163	94.75726868
45	139	165	94.7608590552
46	135	165	94.7869101386
47	133	167	94.8137343062
48	131	168	94.9115320558
49	135	173	94.8174202245
50	134	179	94.8951888588
51	137	183	94.8395456784
52	136	186	94.9180931985
53	140	188	94.9651541231
54	145	188	94.9701031925
55	142	191	94.9032514895
56	146	192	94.8107292941
57	145	198	94.8013058632
58	145	202	94.8197186287
59	140	207	94.8966116064
60	142	209	94.9861916254
61	144	216	94.9855678313
62	142	218	95.0005033578
63	147	222	95.0192655303
64	152	224	95.0070719989
65	157	230	95.0177201608
66	152	234	95.0663595267
67	149	240	94.9836486567
68	150	245	94.954471829
69	149	248	94.9931766141
70	153	251	94.9455706084
71	155	251	94.9883522453
72	150	257	95.0690413986
73	145	257	95.0467370635
74	145	261	95.0213327652
75	150	266	94.9217700929
76	145	273	94.9188781637
77	144	276	94.9140327548
78	143	280	94.8900307518
79	144	283	94.9614520578
80	139	287	94.877586476
81	141	287	94.8098423571
82	136	294	94.7370432259
83	138	298	94.8347213639
84	136	299	94.8493905381
85	141	299	94.7998478298
86	146	305	94.8752823797
87	147	312	94.8773406102
88	149	317	94.8272847189
89	144	324	94.758564972
90	145	330	94.8535568467
91	145	335	94.8667986695
92	149	339	94.8473598028
93	144	341	94.905868424
94	143	342	94.8224201463
95	145	349	94.889033507
96	148	349	94.9366898983
97	143	351	94.9397100516
98	139	358	94.9304262711
99	136	364	95.0300891429
100	141	364	94.9584407165
101	139	370	94.8935967836
102	136	374	94.9494061866
103	135	376	94.9694308538
104	130	380	94.9110179013
105	134	387	94.8945201999
106	131	387	94.8552013853
107	130	389	94.9534500494
108	130	392	94.857638597
109	127	397	94.8463924581
110	130	404	94.7821068592
111	128	411	94.7176238713
112	124	417	94.6979153035
113	125	417	94.6585720729
114	120	419	94.7228639163
115	125	422	94.6421683239
116	123	428	94.7120208898
117	124	432	94.6827739273
118	123	434	94.6573610318
119	125	435	94.7043915423
120	130	435	94.6939332733
121	134	437	94.6092965479
122	133	441	94.5567338242
123	136	441	94.5991252618
124	141	445	94.5532759129
125	144	450	94.5474969362
126	142	457	94.5711549568
127	143	462	94.6117003669
128	140	464	94.5998267985
129	144	469	94.6473493591
130	147	471	94.6918298065
131	142	474	94.6486213654
132	147	474	94.6018732353
133	147	478	94.6505890445
134	142	485	94.6564724767
135	140	486	94.5698317261
136	136	490	94.5871963418
137	131	496	94.5902799871
138	128	499	94.6671780455
139	132	501	94.72705655
140	132	502	94.6849401699
141	136	507	94.7419550433
142	135	512	94.7890230386
143	138	514	94.7221205512
144	135	520	94.691260362
145	137	520	94.6283483587
146	142	524	94.5395315445
147	143	526	94.5053249373
148	146	527	94.5623513628
149	147	534	94.5424747722
150	151	541	94.5886639038
151	156	546	94.5237608966
152	153	546	94.4590993186
153	153	546	94.4573220952
154	150	548	94.5483110704
155	150	551	94.46521724
156	145	554	94.4568716275
157	141	560	94.4715181127
158	141	567	94.4064869095
159	144	573	94.4547596459
160	143	575	94.3918935263
161	141	576	94.3378903183
162	142	576	94.2680129963
163	138	577	94.2756030494
164	142	577	94.2986260888
165	146	581	94.2728136346
166	151	587	94.32225318
167	149	590	94.3528736913
168	147	592	94.4460294547
169	144	594	94.4548104998
170	148	594	94.4744467549
171	151	601	94.4835251115
172	152	606	94.5695993682
173	152	606	94.6692199448
174	151	608	94.6358458063
175	155	608	94.6862136875
176	155	610	94.7454856898
177	152	616	94.7529708208
178	148	616	94.6536886766
179	151	617	94.5561290016
180	150	618	94.5929141319
181	147	618	94.5246010293
182	142	622	94.4352521228
183	140	622	94.5102892598
184	144	629	94.5552726604
185	142	633	94.5492224583
186	144	639	94.646453361
187	149	644	94.5966068421
188	150	646	94.5871761933
189	153	649	94.4953169231
190	156	654	94.5777134092
191	160	657	94.5586328723
192	164	664	94.5317251035
193	163	667	94.4406438098
194	161	671	94.395305733
195	162	673	94.3284168178
196	165	677	94.257176608
197	165	683	94.2355590368
198	161	687	94.323344486
199	160	689	94.3323484909
200	162	693	94.2996872592
201	163	695	94.2439108489
202	167	698	94.1479601235
203	167	705	94.2092185598
204	167	711	94.2689258196
205	170	712	94.3509196881
206	173	713	94.3961239783
207	172	718	94.4515815547
208	172	724	94.511069
209	171	729	94.5413265495
210	166	732	94.6062397298
211	162	734	94.6818365432
212	157	738	94.6452226136
213	155	741	94.60340036
214	158	748	94.6471322398
215	162	755	94.718229818
216	162	759	94.7613271612
217	164	759	94.7163905481
218	169	759	94.7845228166
219	173	763	94.6857219434
220	171	770	94.711510431
221	175	770	94.6136288679
222	176	777	94.6221754547
223	176	780	94.5389162672
224	175	787	94.4669636955
225	172	788	94.4199201767
226	170	788	94.5034181053
227	174	795	94.4130850863
228	170	795	94.4734990438
229	173	796	94.4155991831
230	174	801	94.380284742
231	173	807	94.4081821411
232	170	812	94.4097059849
233	170	818	94.4119119132
234	172	824	94.3940036865
235	172	824	94.3708438868
236	177	825	94.3374182346
237	179	832	94.2512816362
238	184	832	94.2059566189
239	183	837	94.1098380642
240	180	837	94.1955450343
241	176	838	94.1362504997
242	180	841	94.1301841125
243	179	843	94.119375982
244	184	843	94.0327591932
245	179	844	94.024699413
246	180	847	93.9391734849
247	182	847	93.8923150329
248	183	852	93.8030037385
249	181	852	93.7850638917
250	176	857	93.7982905735
251	181	862	93.8557569324
252	181	862	93.7914494008
253	186	867	93.8125914252
254	187	868	93.7603134794
255	189	874	93.6859450098
256	188	880	93.7210419534
257	186	881	93.7821568996
258	181	882	93.8598425709
259	182	887	93.9514066112
260	177	892	94.0024093054
261	174	894	94.0776381093
262	171	896	94.0891429125
263	166	901	94.0371254784
264	169	903	93.9725375075
265	167	906	94.0557201521
266	171	913	94.1128520208
267	173	916	94.1308555439
268	171	919	94.0550674908
269	171	923	94.1304653531
270	173	924	94.1828395647
271	168	931	94.2825742849
272	163	935	94.3680143202
273	159	938	94.3636622303
274	163	942	94.2715284193
275	160	949	94.2687348585
276	163	956	94.3504406778
277	163	961	94.2640223716
278	168	964	94.2998787219
279	165	969	94.3772017642
280	164	971	94.4630511796
281	160	974	94.552803229
282	162	981	94.6337931662
283	157	983	94.6177081964
284	153	985	94.6106697396
285	156	990	94.6102311209
286	159	994	94.6332867629
287	161	998	94.6688996088
288	158	998	94.7573096978
289	162	1004	94.8559206571
290	162	1007	94.9247220547
291	167	1014	94.9340869223
292	162	1020	94.9317808605
293	167	1023	95.0062602907
294	171	1025	94.9530208208
295	167	1029	94.8793100483
296	165	1029	94.7961083045
297	164	1031	94.8695808574
298	161	1037	94.8468403727
299	159	1038	94.8027338872
300	158	1043	94.8081334774
301	162	1045	94.7347480661
302	161	1049	94.8013770906
303	161	1050	94.7240872463
304	157	1056	94.6729400453
305	156	1060	94.6359358732
306	151	1061	94.6779450647
307	149	1063	94.6059081029
308	149	1070	94.5472542363
309	144	1073	94.6029048068
310	141	1073	94.540775644
311	145	1075	94.4604134145
312	150	1080	94.4007566489
313	146	1080	94.3489599674
314	141	1080	94.325877604
315	144	1083	94.4008417304
316	141	1088	94.3039250442
317	136	1089	94.3781884145
318	141	1089	94.3136241072
319	146	1093	94.2333856803
320	146	1094	94.3073035375
321	144	1099	94.307360152
322	140	1103	94.2176232556
323	142	1104	94.2906276678
324	147	1107	94.1969118194
325	149	1108	94.1714135068
326	151	1110	94.0793259555
327	153	1116	94.0696104387
328	152	1123	93.9744139185
329	153	1127	94.0191065949
330	157	1129	94.1052245654
331	158	1133	94.0358879792
332	155	1140	94.0489626926
333	151	1140	94.0510329898
334	147	1140	94.0398131309
335	145	1143	94.0401378383
336	149	1143	94.012591848
337	150	1143	94.1007076953
338	152	1148	94.0573731727
339	150	1152	94.1384221908
340	149	1156	94.1997718462
341	152	1156	94.1227952535
342	155	1159	94.1357779441
343	157	1166	94.1881458258
344	158	1172	94.1668257366
345	157	1174	94.1592487979
346	154	1174	94.2143328965
347	154	1181	94.1730807
348	155	1181	94.0887437142
349	158	1188	94.0376130731
350	158	1195	94.0909327648
351	153	1201	94.0308873078
352	148	1207	93.9842391158
353	148	1210	94.0553609582
354	147	1216	94.0703820285
355	150	1222	93.9957013761
356	149	1224	93.9211679602
357	150	1231	93.8632110423
358	150	1235	93.8990426572
359	147	1237	93.8093656377
360	144	1238	93.8510876725
361	145	1244	93.812330922
362	142	1250	93.8893584111
363	140	1255	93.861674016
364	139	1262	93.8042941689
365	134	1262	93.8558900021
366	136	1269	93.9517123869
367	137	1272	94.0305778758
368	137	1272	93.9547499276
369	140	1273	94.0167417565
370	145	1277	93.9254146838
371	148	1277	93.98058245
372	152	1279	94.0774992355
373	155	1280	94.1637057199
374	150	1283	94.2408560443
375	149	1290	94.1730805441
376	151	1295	94.0791728959
377	151	1297	94.1326397037
378	156	1302	94.170827129
379	155	1302	94.1514939482
380	157	1307	94.1010076496
381	156	1313	94.1443646483
382	160	1319	94.1235411296
383	158	1323	94.181980958
384	160	1325	94.2495211349
385	160	1328	94.1932007383
386	164	1328	94.2568706438
387	165	1329	94.2936344603
388	161	1334	94.2307677945
389	165	1336	94.268496141
390	165	1337	94.3617009696
391	165	1340	94.2857250946
392	170	1341	94.2249773285
393	166	1348	94.2241364324
394	168	1349	94.3207136008
395	166	1356	94.3304378368
396	171	1361	94.4197634573
397	174	1366	94.3873492072
398	178	1369	94.3884093924
399	178	1374	94.3448044339
400	174	1374	94.2653066904
401	172	1379	94.264507627
402	177	1381	94.3320740202
403	173	1384	94.3118660115
404	175	1386	94.2907577301
405	173	1387	94.3771068605
406	178	1393	94.3361269422
407	175	1394	94.2369187422
408	177	1401	94.2962597992
409	174	1403	94.3314281902
410	172	1403	94.2708142227
411	172	1404	94.3110518128
412	170	1410	94.3136093381
413	175	1415	94.3000945678
414	174	1421	94.3392931112
415	170	1423	94.4030111536
416	172	1423	94.4623151965
417	169	1430	94.3981955124
418	170	1431	94.3180420285
419	167	1435	94.3429234885
420	171	1437	94.3107120698
421	175	1440	94.295855443
422	177	1445	94.2804393836
423	178	1446	94.2175832842
424	177	1448	94.1610943118
425	182	1454	94.2218203625
426	180	1461	94.2979176642
427	175	1463	94.3295782769
428	172	1464	94.3375673677
429	177	1468	94.3599092249
430	173	1469	94.2675097843
431	172	1474	94.2616039797
432	177	1476	94.3520672196
433	173	1476	94.4477203012
434	175	1480	94.543103128
435	172	1481	94.6176641974
436	172	1487	94.6885230481
437	170	1491	94.6677252579
438	172	1495	94.6942172649
439	176	1495	94.6346553687
440	173	1497	94.6104797395
441	177	1497	94.5944605547
442	177	1502	94.6698704777
443	173	1509	94.7191245738
444	177	1512	94.6793875576
445	182	1515	94.739943904
446	183	1520	94.7736046375
447	187	1521	94.7012548902
448	185	1528	94.6510366527
449	185	1532	94.7213029364
450	182	1538	94.6439542182
451	183	1538	94.6064598726
452	181	1544	94.66928454
453	180	1544	94.5900120418
454	176	1547	94.5830906874
455	181	1550	94.6765637669
456	185	1557	94.6308854849
457	182	1564	94.622748187
458	181	1565	94.5894154601
459	182	1565	94.5066510442
460	185	1569	94.6028435754
461	187	1571	94.5426250698
462	188	1573	94.5929998228
463	190	1575	94.6552560986
464	192	1582	94.7158759405
465	194	1584	94.8061817581
466	189	1586	94.796361813
467	194	1589	94.7723303497
468	197	1593	94.764293649
469	199	1598	94.6739556735
470	200	1599	94.7519210386
471	198	1599	94.7664922198
472	195	1602	94.7841194114
473	194	1602	94.8200033573
474	198	1608	94.9014402703
475	196	1614	94.93134149
476	195	1619	94.8868250979
477	195	1621	94.8604585067
478	193	1621	94.909669631
479	193	1626	94.8763983405
480	198	1632	94.816937068
481	200	1637	94.8416644722
482	197	1643	94.7766996218
483	197	1648	94.862680878
484	200	1652	94.8337184426
485	200	1653	94.8716906481
486	200	1660	94.8833828528
487	200	1661	94.9440628455
488	196	1668	94.8608591324
489	192	1673	94.855823129
490	193	1674	94.7916341371
491	192	1677	94.7824107374
492	196	1683	94.8097964345
493	192	1688	94.7859543523
494	195	1690	94.8267526602
495	191	1696	94.7665833562
496	188	1702	94.801947905
497	192	1706	94.7342172366
498	194	1706	94.6799392244
499	196	1713	94.6732268654
500	195	1715	94.6365165531
501	200	1717	94.5661884922
502	200	1717	94.5680567241
503	197	1724	94.6427148048
504	196	1730	94.6314011217
505	195	1735	94.5656833492
506	197	1742	94.5515846226
507	200	1747	94.6336474983
508	195	1748	94.5963285881
509	190	1752	94.5351172551
510	190	1757	94.5683910812
511	186	1761	94.5069491644
512	181	1763	94.5776773066
513	179	1766	94.6603248739
514	182	1768	94.6185224171
515	180	1774	94.6046438805
516	178	1781	94.6679654629
517	173	1782	94.7328213194
518	176	1783	94.7167020557
519	172	1783	94.7750611855
520	170	1786	94.6901182333
521	170	1790	94.5982671457
522	173	1795	94.5025599047
523	174	1797	94.5829820144
524	179	1802	94.579044575
525	177	1805	94.6548167413
526	180	1809	94.689149682
527	181	1810	94.6134835109
528	183	1812	94.6479110797
529	185	1819	94.6384448717
530	187	1822	94.6190694941
531	186	1827	94.6714563958
532	184	1834	94.6078719988
533	179	1836	94.6780679886
534	179	1837	94.6745400171
535	178	1839	94.5779320399
536	175	1842	94.6762654073
537	174	1843	94.6209809307
538	172	1846	94.6056826672
539	169	1849	94.6637576283
540	172	1851	94.7410879373
541	169	1851	94.6969530693
542	166	1858	94.7395325812
543	167	1865	94.7290192723
544	162	1870	94.6791516417
545	167	1871	94.7772774108
546	167	1877	94.731577508
547	165	1877	94.8133854388
548	165	1881	94.7671231725
549	164	1888	94.7740673134
550	159	1888	94.6963553776
551	160	1894	94.6420480463
552	164	1897	94.6447639843
553	165	1899	94.6527294582
554	164	1901	94.6828559395
555	162	1908	94.6024910633
556	167	1910	94.6238749274
557	170	1911	94.6715386372
558	170	1918	94.7285293108
559	170	1918	94.7096187666
560	165	1921	94.6666788848
561	163	1921	94.6214889138
562	165	1924	94.5985357129
563	163	1924	94.5068467795
564	163	1929	94.4613156572
565	164	1933	94.3833911089
566	166	1938	94.3744418595
567	171	1942	94.294824042
568	175	1949	94.3069831494
569	175	1949	94.220766201
570	178	1952	94.2781132914
571	181	1957	94.3297019029
572	185	1960	94.394284128
573	186	1964	94.4441922981
574	184	1966	94.3714277973
575	181	1968	94.469118978
576	183	1975	94.4507161031
577	188	1981	94.517342291
578	193	1986	94.506167431
579	193	1990	94.4822485605
580	188	1992	94.5739340551
581	193	1994	94.6559787082
582	192	1995	94.5937031921
583	193	2002	94.5763057877
584	192	2006	94.513811069
585	196	2013	94.4540940278
586	197	2018	94.4231208652
587	196	2022	94.352674233
588	197	2027	94.4465601544
589	194	2033	94.4019328002
590	192	2035	94.3126186136
591	187	2042	94.3303361577
592	185	2043	94.2970163487
593	187	2046	94.2586363896
594	191	2047	94.2237817172
595	196	2048	94.1726561131
596	199	2048	94.130157848
597	200	2051	94.1782524292
598	198	2056	94.1082671047
599	197	2056	94.1723337444
600	200	2063	94.1033286672
601	196	2064	94.0946479897
602	195	2070	94.1280944841
603	193	2075	94.1659237456
604	194	2081	94.0748036435
605	198	2081	94.1217764911
606	193	2082	94.1404964818
607	193	2086	94.1052318294
608	197	2086	94.1297545001
609	198	2089	94.1379175908
610	200	2090	94.2227775728
611	198	2092	94.2494432949
612	200	2096	94.2227686938
613	195	2103	94.2747763132
614	192	2105	94.3581429003
615	190	2107	94.3787043227
616	187	2109	94.4449697155
617	184	2112	94.3502381717
618	184	2116	94.4181962596
619	179	2116	94.3540507687
620	179	2121	94.3137587626
621	175	2122	94.3943451316
622	180	2124	94.4874857009
623	176	2124	94.5393108083
624	175	2130	94.5609737965
625	175	2134	94.5398805628
626	178	2134	94.4580668107
627	182	2139	94.516053824
628	183	2145	94.4914211678
629	178	2152	94.474693641
630	183	2156	94.5082214681
631	181	2159	94.5921492334
632	183	2161	94.5151545357
633	178	2165	94.5755997292
634	176	2170	94.4920783045
635	171	2171	94.5665688074
636	167	2178	94.5646302085
637	168	2181	94.479968787
638	170	2182	94.5619619517
639	173	2185	94.619049554
640	171	2190	94.6777760539
641	174	2197	94.6703882614
642	175	2199	94.6190885299
643	171	2204	94.5320234232
644	168	2211	94.5314067509
645	172	2216	94.461412456
646	175	2223	94.5255784384
647	176	2225	94.4836307688
648	176	2225	94.4945934703
649	179	2232	94.4482238885
650	175	2238	94.4187261353
651	170	2241	94.472100054
652	175	2243	94.5614601364
653	178	2244	94.4973995514
654	183	2247	94.4340953018
655	185	2254	94.4777728855
656	188	2255	94.5433393584
657	190	2257	94.4676659006
658	192	2259	94.3903377314
659	193	2260	94.331929323
660	196	2267	94.2735701893
661	195	2267	94.208098492
662	200	2271	94.1097209654
663	200	2271	94.0436797361
664	196	2276	93.9793419546
665	195	2282	93.9914471566
666	190	2282	94.0875500385
667	188	2285	94.0664355517
668	192	2291	94.096241576
669	192	2293	94.1631578047
670	197	2293	94.1194498244
671	200	2295	94.0560573748
672	200	2302	94.0073083368
673	200	2307	93.9953076324
674	200	2312	93.9177606761
675	198	2319	93.8419150577
676	200	2326	93.8947866184
677	200	2330	93.9206175133
678	198	2334	93.8362142039
679	200	2340	93.793305512
680	197	2340	93.8017330643
681	195	2345	93.8977399482
682	200	2351	93.9050840618
683	200	2355	93.8557198871
684	200	2362	93.8256790856
685	199	2362	93.7467007581
686	200	2366	93.8243059931
687	200	2372	93.8467288981
688	200	2379	93.7669703838
689	197	2386	93.6904402587
690	200	2391	93.7632898375
691	200	2394	93.681273283
692	200	2397	93.6672891106
693	200	2400	93.5923175243
694	200	2404	93.590272735
695	199	2411	93.5098685205
696	195	2418	93.580372844
697	194	2418	93.5392921042
698	199	2419	93.5326853553
699	200	2423	93.5087250998
700	200	2423	93.4418770005
701	199	2424	93.3544137361
702	194	2425	93.291241114
703	191	2426	93.3083436073
704	191	2432	93.3642137412
705	193	2439	93.4430537964
706	193	2441	93.3875706186
707	193	2447	93.4675164723
708	188	2447	93.549169296
709	191	2451	93.5808423958
710	195	2452	93.5768980712
711	198	2457	93.5619580942
712	200	2458	93.5294560728
713	195	2460	93.4469517247
714	199	2467	93.3495748039
715	200	2471	93.2496016292
716	197	2471	93.2921921368
717	196	2471	93.2815936259
718	200	2473	93.343558275
719	200	2473	93.2919445995
720	200	2478	93.2440911401
721	197	2480	93.3260170883
722	193	2484	93.240848726
723	197	2488	93.326158612
724	192	2490	93.2602862142
725	189	2492	93.344917538
726	188	2499	93.3418085383
727	192	2499	93.3315474866
728	194	2503	93.2948407277
729	194	2509	93.3071821601
730	197	2512	93.3889866379
731	192	2518	93.4600893326
732	196	2524	93.4007509185
733	191	2529	93.3214072487
734	189	2533	93.3801873525
735	189	2534	93.451731658
736	190	2539	93.4923474303
737	192	2540	93.414331012
738	196	2541	93.4806563309
739	198	2543	93.5614908774
740	194	2550	93.629024018
741	198	2553	93.6439719523
742	200	2554	93.6799486283
743	200	2554	93.7138849652
744	195	2558	93.8012898584
745	190	2560	93.7558093532
746	192	2562	93.7833662111
747	195	2563	93.8361345163
748	192	2566	93.7436860162
749	193	2573	93.6535313232
750	193	2575	93.5966672423
751	198	2576	93.5108135963
752	195	2580	93.5798210712
753	198	2584	93.6552567504
754	200	2590	93.6859039723
755	200	2590	93.6142681324
756	197	2593	93.5692616498
757	194	2598	93.5849801181
758	196	2605	93.6473642205
759	193	2609	93.7009922833
760	198	2614	93.6585418063
761	200	2616	93.7110469079
762	200	2620	93.7380613469
763	195	2622	93.6605838437
764	196	2624	93.733028471
765	200	2625	93.7191227549
766	200	2627	93.7147311515
767	200	2629	93.6470627305
768	195	2635	93.6887055745
769	194	2641	93.5991009468
770	198	2648	93.6121304444
771	197	2651	93.5459142615
772	196	2655	93.5478134714
773	200	2658	93.5651924401
774	200	2659	93.4991474045
775	195	2664	93.5985554196
776	196	2671	93.6319486662
777	197	2676	93.6425093181
778	198	2678	93.7099713245
779	196	2679	93.7526053019
780	192	2684	93.7931186984
781	197	2689	93.7253871121
782	192	2691	93.6642755975
783	197	2694	93.6151014932
784	200	2699	93.5605663499
785	200	2699	93.4722675945
786	195	2706	93.4706402007
787	200	2708	93.4338778849
788	199	2711	93.4464070437
789	200	2714	93.4842038764
790	200	2718	93.414939564
791	198	2723	93.4234046832
792	200	2730	93.3295857192
793	200	2737	93.2545506957
794	200	2738	93.2607639251
795	200	2742	93.1862032633
796	198	2749	93.1462890767
797	195	2750	93.1531808071
798	194	2750	93.0769374133
799	196	2751	93.0106921506
800	194	2751	92.918886775
801	199	2752	92.8319405326
802	198	2759	92.7536332985
803	199	2759	92.6800905376
804	195	2761	92.6887703167
805	197	2768	92.7761183487
806	200	2771	92.8057135038
807	200	2776	92.7402740101
808	195	2783	92.7361843504
809	191	2783	92.7203760069
810	188	2790	92.7302740022
811	186	2794	92.8065645887
812	189	2797	92.7484539007
813	185	2800	92.782033089
814	190	2801	92.8373880864
815	188	2807	92.9271455598
816	190	2807	92.9283270347
817	187	2813	92.834492634
818	183	2813	92.9027931803
819	186	2820	92.9886737644
820	188	2826	93.0829003555
821	187	2828	93.1793590068
822	191	2829	93.2641748458
823	190	2836	93.167852628
824	187	2841	93.1592154418
825	184	2842	93.2479708506
826	183	2844	93.2225549296
827	187	2845	93.1532951737
828	185	2846	93.2370464347
829	187	2846	93.2034241127
830	183	2850	93.2799481989
831	182	2857	93.377451479
832	184	2860	93.4438908019
833	189	2864	93.3759849815
834	188	2864	93.3885162344
835	193	2871	93.4237222136
836	190	2874	93.3392595522
837	192	2875	93.3471668749
838	193	2880	93.427218932
839	198	2882	93.4950290906
840	200	2882	93.4411859819
841	197	2883	93.4869810257
842	198	2883	93.4388273163
843	200	2886	93.4924083005
844	195	2887	93.4252131127
845	199	2888	93.354395159
846	200	2893	93.4168978592
847	196	2894	93.3669405991
848	200	2899	93.4438535668
849	199	2902	93.4110964805
850	200	2902	93.4986012733
851	198	2908	93.5964803685
852	200	2909	93.5154743652
853	200	2912	93.5800611899
854	200	2914	93.5207981386
855	200	2914	93.552746202
856	200	2916	93.4932715361
857	196	2916	93.576291945
858	200	2919	93.6439702733
859	195	2919	93.7006959045
860	199	2923	93.6846991875
861	195	2930	93.6960361684
862	190	2934	93.7523146081
863	195	2934	93.846215885
864	196	2936	93.8672042416
865	191	2943	93.8322143567
866	189	2947	93.8341674892
867	187	2952	93.8852606711
868	184	2953	93.9424113156
869	182	2960	93.9689436604
870	177	2960	94.0400986995
871	182	2964	94.1395673979
872	185	2969	94.2366015038
873	185	2976	94.2336459657
874	183	2982	94.2538764293
875	183	2984	94.174804499
876	186	2984	94.2709595359
877	188	2984	94.206731211
878	192	2984	94.2042666269
879	190	2985	94.2140936034
880	189	2987	94.2876024152
881	193	2994	94.3042588461
882	190	3001	94.3131671251
883	185	3004	94.3608705384
884	182	3010	94.3881748259
885	184	3014	94.3767864003
886	189	3018	94.3057281962
887	189	3018	94.2246930562
888	194	3021	94.2234356427
889	196	3021	94.2318958067
890	199	3024	94.1807474324
891	198	3024	94.2255994207
892	200	3029	94.2002584064
893	200	3032	94.1185793951
894	197	3037	94.1873344499
895	193	3040	94.1471779957
896	191	3041	94.0816009314
897	186	3046	94.0226661207
898	185	3046	94.0390689214
899	182	3053	94.0642377995
900	185	3057	94.0533005021
901	182	3057	93.9552612075
902	177	3057	93.9986777417
903	173	3064	93.9484777443
904	168	3064	93.9689552165
905	167	3068	93.9347905734
906	167	3072	93.9116626704
907	172	3072	93.8840344689
908	169	3079	93.9630591798
909	172	3085	93.9614343564
910	176	3085	94.0091645008
911	171	3086	94.0189986848
912	172	3091	94.0582119713
913	168	3097	93.9931263998
914	163	3104	94.0641089211
915	165	3109	93.9817672808
916	169	3113	93.9848998428
917	167	3119	93.9582133949
918	166	3122	94.052584475
919	169	3128	94.0553689139
920	171	3134	93.994017158
921	168	3137	93.9309982619
922	166	3140	93.9337187434
923	161	3142	93.8610972806
924	161	3143	93.9273937611
925	165	3145	93.8543577043
926	168	3149	93.9181198903
927	167	3154	93.9886535944
928	164	3161	94.0563568104
929	161	3162	94.1080361949
930	157	3168	94.0741335769
931	156	3171	94.0018712563
932	158	3176	94.0145612929
933	161	3179	94.0980725379
934	159	3179	94.0770947838
935	161	3186	94.0032187932
936	162	3190	93.9065028747
937	160	3195	93.9188899219
938	155	3202	93.9406079237
939	152	3209	93.9961645504
940	147	3216	93.9209934381
941	145	3222	93.8267669942
942	146	3229	93.8036714853
943	151	3236	93.734377964
944	147	3241	93.676761592
945	143	3248	93.6097331646
946	145	3253	93.6747668565
947	150	3257	93.629866257
948	151	3262	93.5467622279
949	155	3264	93.4524916875
950	157	3270	93.4650813599
951	158	3271	93.5017421707
952	158	3271	93.5006372954
953	157	3277	93.5644359227
954	153	3282	93.5015180462
955	152	3288	93.534774494
956	156	3291	93.5032184692
957	161	3295	93.5627573756
958	157	3295	93.6604236433
959	160	3301	93.6555820413
960	162	3305	93.7315569776
961	165	3305	93.7125407497
962	168	3308	93.6748123601
963	172	3312	93.6495114449
964	171	3319	93.619185979
965	172	3321	93.6167798341
966	172	3322	93.6388649339
967	168	3329	93.6776905246
968	172	3336	93.6792139011
969	167	3337	93.7091326235
970	168	3344	93.7671695485
971	170	3344	93.7713043241
972	170	3349	93.8154248427
973	168	3354	93.8648970467
974	171	3354	93.7942448825
975	170	3361	93.8713435528
976	167	3364	93.9554934887
977	172	3364	93.9657196889
978	175	3368	93.9554985124
979	175	3374	93.9639838555
980	179	3380	93.9966849484
981	184	3387	94.0199678643
982	181	3391	94.0879636069
983	181	3398	94.0744723119
984	177	3399	94.0202139011
985	174	3406	94.0313522001
986	177	3411	93.9787554173
987	181	3413	93.9936598545
988	183	3416	94.0589333686
989	181	3423	93.9594442836
990	185	3428	93.891045112
991	189	3428	93.9002045731
992	185	3428	93.9818361517
993	180	3435	93.9064227856
994	185	3441	93.8861687452
995	184	3441	93.9492284448
996	182	3442	93.885847099
997	183	3448	93.9213738042
998	183	3450	93.8910552257
999	182	3453	93.883816697
1000	186	3455	93.8973764961
1001	188	3458	93.9269786701
1002	191	3465	93.8827178659
1003	191	3468	93.9455211129
1004	188	3469	93.9960104126
1005	183	3475	93.9021879777
1006	187	3480	93.9867546791
1007	191	3485	94.0490727887
1008	194	3485	94.068389698
1009	197	3487	94.0517665996
1010	195	3488	94.0009622402
1011	192	3492	93.9378928698
1012	191	3495	93.9765028063
1013	190	3498	94.0020413412
1014	191	3503	94.0469805171
1015	186	3507	94.0073248454
1016	188	3512	94.1062171938
1017	193	3513	94.1503382146
1018	196	3513	94.1670714808
1019	200	3519	94.1214843302
1020	195	3521	94.1052103593
1021	197	3525	94.016582164
1022	193	3527	94.106963543
1023	188	3533	94.0480174197
1024	190	3536	93.9510715938
1025	194	3537	93.8739859411
1026	193	3544	93.9215761928
1027	190	3550	93.9218116641
1028	185	3556	93.8906612735
1029	185	3561	93.8237909554
1030	189	3563	93.7499817693
1031	187	3569	93.7416300158
1032	182	3569	93.6667376045
1033	177	3572	93.603937387
1034	181	3576	93.6100937551
1035	181	3582	93.5409325156
1036	182	3583	93.4846593973
1037	182	3588	93.5005650489
1038	180	3593	93.5357269584
1039	184	3598	93.628395775
1040	184	3605	93.6046510558
1041	179	3609	93.5638490915
1042	180	3613	93.5421609641
1043	179	3614	93.5571615388
1044	184	3621	93.5961118827
1045	179	3628	93.5198512376
1046	184	3635	93.4395496081
1047	187	3641	93.394845282
1048	183	3646	93.4387705288
1049	188	3651	93.4741120416
1050	190	3653	93.4775621355
1051	190	3653	93.520660062
1052	185	3656	93.6186726153
1053	180	3661	93.6370299968
1054	179	3664	93.5459293541
1055	175	3666	93.4572968997
1056	175	3671	93.4823884675
1057	172	3676	93.4894471015
1058	172	3678	93.4798451026
1059	169	3681	93.4598778366
1060	172	3683	93.3683404212
1061	169	3686	93.3462842264
1062	164	3692	93.3012105882
1063	169	3695	93.3857419692
1064	169	3702	93.3151870067
1065	174	3707	93.2457442388
1066	171	3714	93.3256273338
1067	169	3714	93.3289092927
1068	167	3719	93.3559866107
1069	165	3725	93.3217590231
1070	166	3731	93.3826305318
1071	171	3733	93.4422222051
1072	169	3736	93.3970182923
1073	173	3742	93.3717195643
1074	176	3742	93.3660709078
1075	173	3744	93.4540756393
1076	170	3745	93.4631764381
1077	173	3747	93.4757513202
1078	168	3751	93.5512151126
1079	170	3758	93.4539278024
1080	173	3758	93.4653193084
1081	171	3763	93.5431952115
1082	173	3766	93.481498865
1083	178	3772	93.3829902699
1084	179	3774	93.3974788689
1085	175	3776	93.3399604886
1086	171	3780	93.2582731263
1087	173	3781	93.2263737126
1088	174	3781	93.275321365
1089	171	3785	93.2535521025
1090	172	3791	93.2029037209
1091	175	3797	93.2317748101
1092	176	3797	93.1925793647
1093	178	3797	93.1733610012
1094	173	3804	93.2099253113
1095	170	3810	93.2394317402
1096	165	3817	93.3118170345
1097	170	3818	93.244274648
1098	165	3820	93.3060765229
1099	160	3824	93.3758177097
1100	162	3831	93.4737422966
1101	160	3834	93.4327305759
1102	159	3834	93.392674074
1103	156	3840	93.3081941138
1104	157	3843	93.2243809995
1105	162	3847	93.1760019836
1106	167	3853	93.1935523775
1107	165	3858	93.2618790398
1108	161	3865	93.2168345456
1109	161	3868	93.2032189672
1110	166	3871	93.2777858025
1111	169	3874	93.1842268502
1112	168	3880	93.2218353652
1113	171	3880	93.1901846177
1114	176	3884	93.1951078085
1115	179	3891	93.267270467
1116	175	3891	93.3469002772
1117	171	3894	93.2791964944
1118	166	3898	93.3470008787
1119	165	3898	93.2705638649
1120	170	3903	93.1710872128
1121	167	3906	93.2333921326
1122	169	3909	93.2656310227
1123	167	3911	93.2806070342
1124	169	3916	93.2722781907
1125	170	3916	93.2857418966
1126	165	3923	93.2984345344
1127	167	3927	93.3374732015
1128	167	3933	93.342382214
1129	170	3938	93.3123955614
1130	173	3938	93.287603147
1131	176	3944	93.2959755198
1132	175	3944	93.2338959449
1133	174	3949	93.1830574391
1134	174	3951	93.268249584
1135	176	3957	93.2203745081
1136	177	3963	93.2785416583
1137	179	3965	93.2443331712
1138	175	3966	93.3193308185
1139	170	3969	93.2328608375
1140	167	3974	93.2967208043
1141	165	3977	93.2883319233
1142	170	3977	93.2513670945
1143	166	3980	93.2055361115
1144	162	3985	93.1888514754
1145	164	3986	93.2094376597
1146	162	3993	93.2347421844
1147	158	3993	93.2503210958
1148	158	3998	93.1787622435
1149	162	4003	93.1524881234
1150	160	4003	93.1709809987
1151	160	4007	93.1126424492
1152	157	4010	93.191087329
1153	155	4010	93.2452326208
1154	153	4016	93.1828869717
1155	150	4018	93.1918123489
1156	151	4024	93.1271835463
1157	150	4029	93.145369769
1158	153	4035	93.1874254524
1159	154	4042	93.0974897041
1160	151	4049	93.1038008781
1161	156	4054	93.1737382196
1162	160	4061	93.1613282379
1163	157	4068	93.2154043982
1164	155	4068	93.2088558763
1165	159	4070	93.1858511706
1166	162	4075	93.1949862145
1167	160	4075	93.1709517794
1168	163	4081	93.1724954449
1169	160	4082	93.1435268869
1170	155	4086	93.2171585572
1171	152	4091	93.2563024885
1172	152	4095	93.2550025631
1173	155	4099	93.346303308
1174	151	4105	93.2927245282
1175	150	4108	93.3051219165
1176	153	4111	93.3115479264
1177	149	4111	93.4059426754
1178	149	4114	93.3935861269
1179	152	4115	93.2985949887
1180	151	4116	93.3934847016
1181	152	4122	93.3787495133
1182	151	4125	93.329041635
1183	153	4127	93.3631435163
1184	154	4127	93.3921504381
1185	150	4129	93.4187072003
1186	150	4132	93.3316718961
1187	153	4135	93.2474079748
1188	149	4141	93.3035521408
1189	150	4142	93.2890803131
1190	151	4142	93.1989390383
1191	152	4143	93.2988148139
1192	152	4145	93.3534991994
1193	156	4148	93.2592384265
1194	153	4153	93.3148900706
1195	156	4153	93.3323374375
1196	154	4153	93.2836206711
1197	157	4159	93.3489078384
1198	156	4161	93.2490512219
1199	155	4162	93.2951238266
1200	153	4165	93.2621977468
1201	152	4168	93.2944299948
1202	155	4170	93.2415180498
1203	158	4171	93.3176412181
1204	158	4173	93.3947951117
1205	162	4178	93.3597736838
1206	159	4183	93.3807991989
1207	157	4183	93.3497183688
1208	154	4183	93.3630346947
1209	149	4187	93.2739961385
1210	149	4189	93.2549709711
1211	147	4196	93.2220267154
1212	151	4198	93.2922173061
1213	156	4201	93.2665984514
1214	158	4208	93.2602378689
1215	162	4213	93.2438025935
1216	166	4217	93.2405419154
1217	167	4219	93.3231434706
1218	169	4224	93.3798567862
1219	164	4225	93.3735095949
1220	169	4231	93.3315918043
1221	171	4231	93.252944
1222	168	4238	93.3004430822
1223	172	4244	93.3902165531
1224	172	4245	93.4752004254
1225	175	4252	93.5646886609
1226	175	4255	93.5767338901
1227	171	4257	93.5008318895
1228	168	4261	93.487088013
1229	172	4264	93.4513969754
1230	171	4271	93.4290094637
1231	174	4273	93.481613985
1232	179	4275	93.4726472317
1233	175	4279	93.4744905251
1234	179	4279	93.4588190737
1235	176	4280	93.3948019556
1236	178	4284	93.3860561473
1237	175	4291	93.4626279563
1238	172	4298	93.4388813561
1239	173	4301	93.4159309845
1240	173	4304	93.3809457255
1241	170	4309	93.3496475391
1242	173	4313	93.4155091623
1243	174	4319	93.5056156205
1244	178	4325	93.5680663385
1245	175	4331	93.6455167492
1246	175	4334	93.664002953
1247	180	4340	93.6196840146
1248	182	4342	93.5444200032
1249	181	4346	93.6411364765
1250	179	4347	93.7093532984
1251	183	4347	93.6658527349
1252	180	4347	93.6537149679
1253	175	4349	93.6280746752
1254	176	4355	93.5389940103
1255	178	4360	93.5858444353
1256	173	4363	93.6070191039
1257	174	4366	93.6309788216
1258	171	4371	93.6116570633
1259	170	4372	93.6015465891
1260	173	4374	93.5817704298
1261	177	4381	93.5014886255
1262	173	4384	93.4362611185
1263	172	4390	93.489777102
1264	177	4396	93.4577056981
1265	178	4400	93.5524675754
1266	176	4403	93.4874896965
1267	178	4404	93.5839531964
1268	180	4409	93.6788340384
1269	177	4410	93.7732812548
1270	173	4414	93.8293724908
1271	172	4414	93.8626132579
1272	176	4417	93.8753337705
1273	171	4424	93.9272658352
1274	172	4424	94.0031450399
1275	177	4424	94.0125779023
1276	179	4425	93.935637025
1277	182	4428	93.8631622084
1278	178	4428	93.8130859024
1279	180	4432	93.8858014971
1280	181	4434	93.8587598563
1281	179	4440	93.8674998827
1282	182	4444	93.7736302181
1283	184	4451	93.7120303219
1284	179	4453	93.7180392422
1285	177	4456	93.6327083108
1286	177	4456	93.687861229
1287	180	4462	93.7127938606
1288	176	4468	93.660206376
1289	177	4468	93.6403005764
1290	172	4472	93.6071875949
1291	176	4477	93.6367502047
1292	172	4479	93.6085511093
1293	170	4486	93.6477046262
1294	166	4489	93.5992320662
1295	171	4491	93.6597025013
1296	173	4491	93.6566459303
1297	168	4498	93.5582087188
1298	164	4503	93.5198575181
1299	165	4505	93.4632105345
1300	168	4505	93.46770548
1301	169	4512	93.5039006371
1302	166	4518	93.4905109445
1303	170	4522	93.5312551686
1304	168	4525	93.4926026071
1305	165	4525	93.5843508792
1306	163	4531	93.6313304807
1307	160	4531	93.7062021481
1308	165	4537	93.7516169413
1309	167	4544	93.6900996952
1310	166	4550	93.7320048215
1311	165	4555	93.6815569028
1312	165	4556	93.6260873702
1313	169	4556	93.545522569
1314	164	4558	93.4698734018
1315	162	4560	93.5196768513
1316	167	4564	93.6104101052
1317	172	4569	93.581317667
1318	172	4573	93.6370351668
1319	176	4575	93.6636744995
1320	175	4581	93.7040500431
1321	179	4584	93.7445423584
1322	175	4585	93.7966643809
1323	174	4591	93.7226579884
1324	177	4598	93.6926249547
1325	181	4602	93.7244341596
1326	183	4604	93.7477650135
1327	178	4605	93.7780384556
1328	176	4606	93.8542556213
1329	178	4610	93.9007358132
1330	181	4610	93.9087667229
1331	179	4611	93.8281589367
1332	180	4613	93.8318648825
1333	185	4613	93.7968520955
1334	182	4618	93.712363394
1335	183	4624	93.7091760143
1336	186	4629	93.6724868772
1337	190	4635	93.6273971922
1338	190	4637	93.5648532084
1339	190	4638	93.4654113491
1340	195	4639	93.4373229329
1341	192	4642	93.4549628045
1342	187	4649	93.55057069
1343	187	4650	93.6073305192
1344	192	4650	93.5995272044
1345	197	4652	93.6228332936
1346	199	4656	93.719005491
1347	198	4663	93.6480585413
1348	199	4664	93.5649856961
1349	197	4665	93.5174740379
1350	200	4665	93.6125778796
1351	198	4672	93.6193669677
1352	194	4676	93.5677048933
1353	194	4678	93.5581629152
1354	196	4682	93.4955171088
1355	196	4689	93.4714608555
1356	198	4689	93.4039037875
1357	193	4695	93.3782754618
1358	193	4701	93.282657329
1359	188	4701	93.1855987525
1360	189	4702	93.2113961805
1361	184	4703	93.2161337576
1362	187	4707	93.3042030643
1363	184	4711	93.2991822527
1364	189	4712	93.3755184475
1365	193	4716	93.2952031313
1366	196	4717	93.3702218381
1367	192	4721	93.3940937554
1368	188	4721	93.3743963674
1369	189	4721	93.3641350462
1370	185	4721	93.2866659451
1371	183	4726	93.3162585556
1372	183	4726	93.2171886055
1373	179	4732	93.2346525508
1374	179	4737	93.2637222551
1375	175	4738	93.1837922854
1376	176	4740	93.1775298572
1377	175	4741	93.1609305899
1378	172	4747	93.0690256216
1379	176	4751	93.0472172938
1380	176	4753	93.0283877577
1381	179	4759	92.9487139516
1382	174	4763	92.9204246199
1383	172	4763	92.8676341167
1384	172	4766	92.9291624192
1385	172	4768	92.9912538395
1386	171	4774	93.0286991729
1387	172	4778	92.9506082415
1388	173	4783	92.9364297667
1389	169	4783	92.8378799392
1390	168	4789	92.8088626703
1391	163	4790	92.7890646762
1392	164	4795	92.7522276527
1393	169	4796	92.7142945883
1394	164	4799	92.7661141865
1395	166	4803	92.7469861696
1396	163	4806	92.7049295751
1397	165	4808	92.7990813704
1398	161	4812	92.868727854
1399	157	4816	92.8225525635
1400	152	4819	92.8326518276
1401	148	4825	92.8047085261
1402	144	4827	92.7469313362
1403	146	4830	92.7675033863
1404	149	4835	92.8409568278
1405	149	4836	92.77559756
1406	145	4843	92.7199389123
1407	141	4843	92.6503560154
1408	139	4848	92.6180006269
1409	143	4850	92.7060165772
1410	140	4856	92.7723578715
1411	139	4863	92.7931444377
1412	137	4864	92.8125778502
1413	134	4864	92.8329061098
1414	136	4867	92.927139891
1415	138	4872	92.8360049968
1416	140	4879	92.8599485008
1417	139	4881	92.8478705878
1418	138	4883	92.8658364199
1419	140	4889	92.8162599698
1420	143	4895	92.8409704709
1421	148	4896	92.9305881453
1422	149	4897	92.8783615702
1423	150	4904	92.8926259587
1424	150	4909	92.9125749485
1425	145	4910	92.8976147574
1426	148	4910	92.9562223874
1427	146	4911	92.8767234019
1428	144	4918	92.8917306876
1429	147	4924	92.9732894768
1430	145	4924	92.9215580219
1431	141	4927	92.890957348
1432	140	4932	92.9103172082
1433	145	4939	92.8889004494
1434	144	4941	92.853719286
1435	144	4943	92.8891320019
1436	140	4944	92.9571678395
1437	135	4950	92.9891887697
1438	134	4957	93.0345015955
1439	139	4958	93.0450947173
1440	141	4959	93.0663510865
1441	138	4960	93.156438498
1442	141	4964	93.2467542692
1443	142	4966	93.1909661951
1444	144	4971	93.1157824453
1445	146	4973	93.1704097441
1446	148	4976	93.0961687239
1447	149	4980	93.1468469977
1448	153	4987	93.0733679341
1449	149	4992	93.0014448531
1450	154	4997	92.9551301307
1451	158	5001	93.0252184392
1452	158	5006	93.0835157476
1453	158	5010	93.0833083539
1454	163	5015	93.0975577141
1455	163	5015	93.0200031233
1456	164	5018	93.0818669239
1457	164	5020	93.0935038023
1458	166	5026	93.0239619225
1459	161	5032	93.0129143248
1460	159	5038	92.9429441553
1461	160	5039	92.9908698543
1462	165	5040	92.8948332671
1463	170	5045	92.9512941163
1464	168	5048	93.039130796
1465	172	5050	92.9717499443
1466	168	5056	92.9684023357
1467	163	5057	92.8821012614
1468	158	5059	92.8616934155
1469	160	5060	92.813859366
1470	160	5060	92.7974737673
1471	157	5066	92.7273300359
1472	162	5072	92.6318894946
1473	162	5074	92.618283466
1474	159	5080	92.5746251254
1475	161	5081	92.6193566211
1476	164	5083	92.5214327318
1477	161	5085	92.579527927
1478	164	5087	92.6351092946
1479	165	5092	92.5529054149
1480	168	5094	92.5075845422
1481	173	5098	92.4684543031
1482	168	5102	92.3729518947
1483	170	5107	92.3750871006
1484	170	5111	92.4548172039
1485	166	5117	92.4534713211
1486	169	5117	92.3571682712
1487	171	5117	92.4453854889
1488	169	5124	92.3832481015
1489	165	5128	92.2991783792
1490	170	5130	92.3362936677
1491	174	5130	92.2673933288
1492	169	5136	92.2740100964
1493	164	5143	92.282747105
1494	164	5149	92.3003799654
1495	168	5152	92.3645319238
1496	173	5156	92.3717345978
1497	173	5156	92.2852104764
1498	172	5159	92.2571155791
1499	172	5163	92.2923122631
1500	173	5163	92.3634030576
1501	169	5165	92.4474798216
1502	172	5170	92.4634349262
1503	171	5175	92.4460898735
1504	172	5182	92.4903640576
1505	167	5187	92.5388561306
1506	165	5188	92.6071479177
1507	167	5195	92.6241494795
1508	164	5196	92.6115161753
1509	165	5196	92.5376968236
1510	165	5198	92.6356501411
1511	169	5199	92.6182313548
1512	165	5205	92.5216179729
1513	166	5205	92.4734332136
1514	166	5207	92.4009483079
1515	170	5214	92.3702631773
1516	167	5218	92.3459956865
1517	163	5224	92.2613091695
1518	161	5227	92.1842087911
1519	165	5232	92.2595866232
1520	169	5238	92.2798022615
1521	172	5245	92.328737309
1522	174	5247	92.3559017789
1523	172	5252	92.3696315969
1524	176	5258	92.2758390739
1525	171	5262	92.300380577
1526	171	5269	92.2746755342
1527	170	5273	92.2452287704
1528	173	5278	92.3227861909
1529	175	5284	92.2510753685
1530	174	5286	92.3060611924
1531	172	5288	92.3212057783
1532	171	5288	92.3479401669
1533	174	5290	92.3584717535
1534	170	5292	92.4218682828
1535	172	5293	92.4582119902
1536	172	5295	92.4843843334
1537	175	5300	92.467614834
1538	173	5301	92.5031400694
1539	169	5305	92.5703402879
1540	169	5310	92.4895555747
1541	168	5315	92.4748339072
1542	170	5321	92.5582210917
1543	169	5328	92.4851470306
1544	168	5334	92.4660841382
1545	166	5337	92.5337550085
1546	169	5343	92.5228251769
1547	173	5347	92.4697008998
1548	177	5347	92.4026446091
1549	178	5348	92.4070774784
1550	178	5350	92.3149376135
1551	175	5354	92.3648756142
1552	176	5358	92.3060306681
1553	178	5358	92.3431617623
1554	177	5360	92.4343460811
1555	182	5366	92.3834830453
1556	177	5369	92.3696477938
1557	179	5371	92.4137801101
1558	182	5371	92.4505183171
1559	183	5378	92.3744879781
1560	179	5380	92.3912214032
1561	174	5386	92.2929592333
1562	177	5390	92.2140540258
1563	179	5392	92.2855337896
1564	174	5399	92.2274362441
1565	174	5402	92.326528489
1566	179	5403	92.3158220508
1567	174	5403	92.3694933129
1568	176	5404	92.2904542694
1569	180	5408	92.2748895515
1570	182	5409	92.3051756088
1571	182	5410	92.2812418993
1572	187	5411	92.2340459085
1573	190	5412	92.1630086088
1574	188	5417	92.1177966505
1575	189	5421	92.0805219308
1576	188	5424	92.0161259771
1577	189	5429	91.9661457068
1578	184	5435	91.9745866756
1579	189	5440	91.8851721014
1580	185	5441	91.9039898659
1581	187	5446	91.8456648029
1582	182	5453	91.8163974346
1583	184	5458	91.8049860764
1584	188	5460	91.8307862151
1585	190	5460	91.8981923533
1586	188	5464	91.8750561199
1587	193	5471	91.8708796646
1588	195	5477	91.9544943324
1589	196	5478	91.9124756581
1590	198	5479	91.9613547128
1591	200	5483	91.8839608818
1592	200	5490	91.8621033863
1593	198	5496	91.8292281749
1594	194	5500	91.83992146
1595	192	5500	91.8531521295
1596	194	5500	91.8855962122
1597	193	5503	91.9033073072
1598	188	5507	91.9115376432
1599	183	5511	91.8974987388
1600	182	5512	91.8645758365
1601	186	5516	91.9236947895
1602	185	5516	92.01191117
1603	187	5523	91.9975814792
1604	186	5527	92.0579939025
1605	184	5531	92.0961271401
1606	189	5532	92.0123767239
1607	192	5532	92.1056888054
1608	189	5537	92.127491889
1609	188	5539	92.2126058995
1610	193	5546	92.2733588369
1611	192	5546	92.1904242381
1612	190	5549	92.276486778
1613	194	5552	92.3391738708
1614	196	5559	92.3263273117
1615	195	5565	92.2333396209
1616	190	5566	92.2320594549
1617	193	5566	92.3142828604
1618	190	5568	92.3378138411
1619	186	5575	92.2996510822
1620	191	5576	92.3450946201
1621	192	5581	92.3163271231
1622	197	5585	92.3737461359
1623	200	5586	92.3390767611
1624	199	5590	92.3729535186
1625	200	5596	92.2835562244
1626	200	5603	92.2548924581
1627	200	5608	92.1663745956
1628	200	5615	92.1083154078
1629	198	5620	92.1489628854
1630	195	5622	92.0834327252
1631	192	5629	92.1641991423
1632	188	5635	92.1473324644
1633	187	5636	92.0786475345
1634	187	5637	92.1456294827
1635	188	5643	92.1178110564
1636	187	5643	92.0361957036
1637	186	5647	92.0606184558
1638	187	5650	92.0952107766
1639	187	5654	92.1131058873
1640	192	5658	92.0930103293
1641	189	5660	92.0194411815
1642	189	5662	91.9869897317
1643	189	5668	92.0315921694
1644	185	5673	91.9341208366
1645	187	5677	91.8975406366
1646	187	5679	91.8729821881
1647	191	5681	91.8266076833
1648	192	5684	91.7923877075
1649	190	5690	91.8441253307
1650	191	5690	91.796631373
1651	190	5690	91.7552224211
1652	188	5694	91.7687111668
1653	193	5701	91.8217458657
1654	189	5703	91.7988662818
1655	193	5708	91.7858249673
1656	188	5712	91.7770223484
1657	188	5718	91.6861492705
1658	192	5719	91.6457846585
1659	192	5726	91.6619660234
1660	193	5727	91.5980469714
1661	192	5729	91.6216850979
1662	189	5734	91.6650286593
1663	186	5735	91.6553217193
1664	190	5742	91.6745892815
1665	189	5749	91.6405878393
1666	193	5749	91.6740992332
1667	198	5749	91.6633606171
1668	200	5756	91.5971901631
1669	199	5757	91.5382595365
1670	200	5761	91.5491769911
1671	200	5767	91.4566992483
1672	200	5773	91.5081685998
1673	199	5779	91.5359566287
1674	200	5784	91.6196551856
1675	200	5786	91.5206227241
1676	195	5786	91.4567760289
1677	199	5786	91.3706969821
1678	200	5787	91.3605503725
1679	200	5790	91.4029052251
1680	199	5794	91.5024430741
1681	200	5799	91.422064854
1682	200	5802	91.3818845996
1683	200	5803	91.4389230756
1684	200	5806	91.3483401512
1685	199	5807	91.4149990928
1686	196	5808	91.3874906324
1687	196	5814	91.4340139845
1688	198	5821	91.4584448191
1689	195	5822	91.4326347944
1690	193	5827	91.3948317716
1691	193	5829	91.4611774409
1692	198	5833	91.4156076542
1693	200	5836	91.413318097
1694	196	5838	91.425064725
1695	200	5838	91.4096742227
1696	200	5841	91.3414439548
1697	200	5846	91.2422430643
1698	198	5848	91.2015941186
1699	199	5852	91.1797434233
1700	196	5854	91.2692188568
1701	200	5859	91.3037632699
1702	197	5860	91.3441028704
1703	192	5862	91.3349599632
1704	188	5865	91.3059081856
1705	186	5868	91.354495071
1706	187	5868	91.2794399379
1707	185	5873	91.3017989243
1708	187	5876	91.3747776721
1709	191	5878	91.3500604455
1710	189	5885	91.2797265155
1711	186	5886	91.2015058732
1712	181	5888	91.2254305974
1713	181	5894	91.2429554626
1714	176	5900	91.1807166343
1715	177	5903	91.2281401032
1716	173	5904	91.1312541803
1717	171	5906	91.0889736223
1718	174	5908	91.1803774845
1719	170	5908	91.1817089958
1720	174	5915	91.2452738917
1721	172	5922	91.1857121125
1722	174	5922	91.1984898685
1723	176	5929	91.1904497547
1724	180	5933	91.2767277061
1725	184	5940	91.3603927545
1726	179	5945	91.2952289307
1727	184	5948	91.3944046131
1728	189	5948	91.3591784107
1729	191	5948	91.2869549176
1730	190	5955	91.192747926
1731	194	5957	91.1665859176
1732	194	5964	91.247108744
1733	193	5965	91.3372389434
1734	188	5968	91.4018777863
1735	193	5973	91.4804723834
1736	189	5977	91.5031152439
1737	187	5981	91.5135792401
1738	189	5985	91.4243302593
1739	184	5985	91.5131458036
1740	180	5990	91.5772027048
1741	181	5995	91.6728363471
1742	184	6001	91.6706395005
1743	188	6006	91.7310687209
1744	183	6011	91.6380022731
1745	183	6011	91.6886466718
1746	184	6015	91.6207121997
1747	183	6021	91.5959557611
1748	183	6022	91.5205283965
1749	184	6029	91.567230192
1750	179	6031	91.6357451773
1751	182	6031	91.5981213938
1752	187	6037	91.6763884626
1753	185	6041	91.5795416973
1754	186	6044	91.6545912142
1755	187	6044	91.7430083068
1756	186	6049	91.7442248674
1757	181	6054	91.8220531178
1758	176	6058	91.8847503238
1759	181	6060	91.9475155456
1760	185	6063	91.9262813939
1761	181	6064	91.8509749967
1762	180	6069	91.9322367527
1763	175	6070	92.0169997045
1764	171	6071	92.0771904258
1765	176	6076	92.049859667
1766	175	6082	92.134009686
1767	177	6082	92.1302064512
1768	180	6089	92.0380984945
1769	185	6090	92.0894785513
1770	185	6096	92.1514415176
1771	185	6099	92.1637127505
1772	190	6105	92.2274603207
1773	195	6105	92.1872985996
1774	197	6106	92.2065789091
1775	195	6107	92.201459714
1776	196	6110	92.1416103709
1777	196	6114	92.0785838648
1778	197	6116	92.1333810335
1779	194	6120	92.1408435891
1780	199	6127	92.1952053237
1781	196	6134	92.222933513
1782	200	6138	92.168181931
1783	198	6141	92.1707053772
1784	200	6145	92.1438689154
1785	200	6147	92.1035250466
1786	200	6149	92.059538759
1787	200	6156	92.0222365789
1788	200	6161	92.0294484853
1789	199	6164	91.9903203033
1790	195	6170	91.9642241938
1791	197	6170	91.9945080676
1792	200	6172	91.9451233759
1793	195	6177	91.9299652782
1794	191	6179	91.9329326423
1795	187	6181	91.8880670814
1796	184	6183	91.8447262524
1797	187	6188	91.8672395948
1798	188	6191	91.9505342614
1799	193	6197	91.8995258497
1800	193	6199	91.8183535255
1801	195	6204	91.7600171675
1802	190	6204	91.7398038562
1803	188	6209	91.6509810886
1804	183	6216	91.6590996537
1805	187	6221	91.6097197736
1806	187	6222	91.5528883577
1807	185	6222	91.5891286952
1808	183	6228	91.6408011766
1809	184	6235	91.6675138914
1810	188	6239	91.6248471484
1811	186	6246	91.5512404744
1812	189	6251	91.4855320494
1813	185	6257	91.5692558105
1814	188	6259	91.5221289246
1815	192	6263	91.5782204687
1816	192	6267	91.4919486821
1817	191	6272	91.5432608205
1818	194	6272	91.4955384969
1819	190	6277	91.5138651093
1820	185	6277	91.5068143733
1821	185	6280	91.4501451323
1822	182	6283	91.5316946617
1823	180	6286	91.5750118491
1824	183	6289	91.5875815304
1825	185	6293	91.6170702868
1826	188	6300	91.6398235652
1827	190	6301	91.6456787152
1828	189	6303	91.7082568519
1829	192	6308	91.6617177829
1830	195	6311	91.62410131
1831	190	6311	91.5656905524
1832	191	6316	91.6124298476
1833	192	6319	91.5174656898
1834	191	6326	91.5791158951
1835	186	6328	91.6445897205
1836	183	6333	91.6239284824
1837	183	6339	91.6574347485
1838	187	6342	91.5808435559
1839	190	6343	91.5639612492
1840	194	6349	91.5413411783
1841	192	6355	91.5251413734
1842	188	6361	91.4773502278
1843	183	6365	91.4739047567
1844	184	6365	91.5218471632
1845	182	6366	91.5422362801
1846	183	6371	91.5688302582
1847	179	6377	91.6585047001
1848	184	6377	91.5785139866
1849	181	6384	91.6443291405
1850	180	6384	91.5960899673
1851	180	6386	91.6728905148
1852	176	6388	91.700514618
1853	171	6390	91.7729394906
1854	169	6392	91.7188624664
1855	168	6399	91.6714662221
1856	172	6402	91.7087961411
1857	173	6407	91.6511787909
1858	173	6414	91.6305046499
1859	178	6417	91.6247158923
1860	180	6417	91.6259795423
1861	178	6422	91.622182411
1862	179	6423	91.629531785
1863	177	6427	91.5863574482
1864	178	6431	91.604526051
1865	176	6436	91.6224191
1866	172	6440	91.7035672369
1867	174	6444	91.6895260667
1868	172	6449	91.61054997
1869	168	6449	91.693880796
1870	164	6451	91.7867366661
1871	163	6454	91.7464079977
1872	166	6459	91.6895740956
1873	169	6459	91.6513989283
1874	167	6461	91.7040306204
1875	165	6464	91.7386824576
1876	166	6470	91.7972599022
1877	166	6470	91.8413316315
1878	163	6477	91.8000336907
1879	162	6480	91.7428780948
1880	158	6486	91.8408185231
1881	163	6493	91.7594330732
1882	159	6494	91.7884709723
1883	155	6500	91.8803036219
1884	159	6503	91.9138270204
1885	156	6506	91.9353833176
1886	155	6510	91.8803529033
1887	154	6510	91.8114062014
1888	157	6513	91.7636514804
1889	153	6519	91.7037283667
1890	148	6524	91.7125330047
1891	144	6531	91.7822409698
1892	140	6536	91.8796881238
1893	138	6538	91.7966791029
1894	141	6541	91.8616876477
1895	137	6543	91.8121135799
1896	133	6549	91.8216991725
1897	136	6549	91.8753184742
1898	141	6550	91.8231814456
1899	142	6553	91.8185698337
1900	139	6559	91.7296449115
1901	134	6566	91.8126474517
1902	137	6573	91.7920110358
1903	136	6578	91.8876102603
1904	138	6578	91.9665740483
1905	133	6582	91.9694627162
1906	134	6584	91.9772724782
1907	133	6590	91.9811361771
1908	130	6593	91.8827963063
1909	126	6598	91.9579074714
1910	123	6599	91.9729350744
1911	128	6599	91.9569814055
1912	127	6600	91.8977792381
1913	131	6605	91.8454917403
1914	131	6609	91.7778202164
1915	133	6609	91.7418425871
1916	137	6613	91.6844577454
1917	141	6616	91.601082812
1918	140	6619	91.6906098033
1919	136	6624	91.5961921208
1920	133	6624	91.614798939
1921	131	6627	91.7057583075
1922	126	6631	91.7117724628
1923	122	6631	91.714194493
1924	121	6635	91.6319299058
1925	126	6640	91.6665802618
1926	128	6644	91.5915134497
1927	132	6647	91.5126827152
1928	129	6649	91.4712195087
1929	131	6653	91.4063659923
1930	131	6653	91.4197523312
1931	135	6658	91.4960751913
1932	138	6662	91.5413339687
1933	138	6665	91.4603979111
1934	135	6672	91.4641663657
1935	134	6673	91.4550762597
1936	137	6675	91.5199188696
1937	138	6677	91.5173457652
1938	140	6680	91.456747675
1939	145	6681	91.3942755971
1940	141	6682	91.4177687811
1941	141	6683	91.353571165
1942	138	6690	91.4388669291
1943	142	6693	91.345850411
1944	139	6696	91.3715872972
1945	144	6701	91.3434615641
1946	144	6701	91.4116050592
1947	149	6701	91.3930560164
1948	151	6704	91.3940967709
1949	149	6706	91.4430294794
1950	152	6711	91.4062488329
1951	157	6715	91.3322799561
1952	153	6718	91.3412566905
1953	149	6722	91.432000196
1954	153	6724	91.4686682099
1955	158	6731	91.482369694
1956	157	6733	91.5449089903
1957	152	6740	91.6115805614
1958	148	6746	91.6552332651
1959	145	6746	91.7346434083
1960	146	6750	91.7352026873
1961	150	6757	91.7021611971
1962	155	6760	91.63873263
1963	157	6762	91.6649872782
1964	155	6768	91.7194377003
1965	156	6771	91.7115359436
1966	151	6778	91.6239433838
1967	150	6778	91.5361794432
1968	152	6781	91.4723774274
1969	151	6785	91.4532505769
1970	152	6792	91.3819738209
1971	156	6798	91.2881571167
1972	161	6798	91.2452326872
1973	156	6802	91.3450994423
1974	152	6808	91.3981201652
1975	148	6809	91.4069965918
1976	148	6814	91.4854334674
1977	152	6818	91.5236606774
1978	147	6824	91.5113042687
1979	152	6824	91.5201203181
1980	147	6827	91.5035696866
1981	145	6829	91.5402451473
1982	142	6831	91.4716463981
1983	137	6832	91.4418375229
1984	138	6838	91.4012874856
1985	138	6842	91.3098928986
1986	138	6848	91.2349895286
1987	141	6850	91.1811492101
1988	145	6855	91.2801038759
1989	146	6857	91.3236900899
1990	143	6858	91.3697607739
1991	146	6865	91.3886801198
1992	147	6868	91.368137119
1993	149	6873	91.3349801438
1994	150	6876	91.2427121581
1995	151	6877	91.3104108685
1996	152	6879	91.361286748
1997	149	6884	91.3961341954
1998	145	6885	91.472045698
1999	148	6888	91.4420661849
2000	146	6893	91.4218383969
2001	148	6896	91.4355981664
2002	147	6901	91.4450218384
2003	151	6907	91.4178910265
2004	150	6914	91.4024518612
2005	147	6914	91.3412908359
2006	143	6921	91.3022733541
2007	139	6926	91.266562128
2008	139	6929	91.2989266767
2009	136	6936	91.3620550162
2010	137	6940	91.3472809763
2011	136	6941	91.2806859308
2012	132	6943	91.3482742964
2013	135	6944	91.436151015
2014	131	6944	91.4927955187
2015	128	6950	91.4146294597
2016	129	6953	91.4796033683
2017	133	6958	91.5403320224
2018	134	6958	91.5243276786
2019	131	6960	91.5610619096
2020	135	6962	91.5000082588
2021	130	6967	91.5945784537
2022	131	6974	91.6789934934
2023	130	6977	91.7636825778
2024	126	6984	91.7178481579
2025	130	6985	91.6981706681
2026	126	6985	91.7694398316
2027	122	6990	91.7601818176
2028	124	6992	91.6829857162
2029	127	6998	91.7477246099
2030	129	7000	91.8029864775
2031	130	7007	91.8952746178
2032	133	7011	91.8726770191
2033	137	7013	91.7952703795
2034	140	7020	91.7892894014
2035	138	7025	91.7509655913
2036	138	7028	91.7356642097
2037	136	7035	91.8346376966
2038	131	7038	91.9145116688
2039	128	7043	91.9308941957
2040	125	7043	91.9219105926
2041	129	7046	91.8669746072
2042	127	7052	91.9622447621
2043	129	7057	91.9553807492
2044	132	7064	92.0368444868
2045	129	7064	92.0432070097
2046	126	7067	92.0886594761
2047	126	7071	92.0796943913
2048	131	7072	92.0298113969
2049	129	7074	92.0322541269
2050	132	7079	92.0571718704
2051	131	7082	92.1518343907
2052	136	7085	92.2275007059
2053	140	7090	92.287400332
2054	139	7096	92.2534661691
2055	139	7102	92.1949460932
2056	144	7102	92.1602357048
2057	146	7103	92.0764197339
2058	150	7110	92.1109263518
2059	147	7112	92.1303378162
2060	148	7114	92.140252596
2061	150	7118	92.164624927
2062	149	7125	92.0848128736
2063	151	7130	92.1033197742
2064	156	7136	92.1448746424
2065	156	7136	92.1233014835
2066	152	7139	92.0310295049
2067	150	7141	92.0278331677
2068	153	7141	91.9854148798
2069	150	7144	91.9912095273
2070	152	7148	91.9829924163
2071	156	7150	92.0465541019
2072	154	7152	92.0448060984
2073	159	7157	91.9744444485
2074	157	7162	91.997159937
2075	160	7168	91.9958774631
2076	160	7173	92.0067468892
2077	156	7176	91.9680593497
2078	160	7182	92.0383855858
2079	162	7183	92.0477080765
2080	159	7185	91.9840854441
2081	163	7189	91.9804348387
2082	159	7191	91.880962929
2083	160	7193	91.9499592147
2084	162	7197	91.901872064
2085	162	7203	91.94183142
2086	162	7208	91.9031558386
2087	165	7212	91.8348423461
2088	161	7214	91.7428264323
2089	156	7217	91.8007348003
2090	158	7221	91.8107999001
2091	160	7226	91.7780477375
2092	162	7226	91.8226941092
2093	158	7230	91.7821289171
2094	161	7236	91.7649701487
2095	161	7243	91.8448762687
2096	161	7249	91.9224636679
2097	160	7256	91.8537487199
2098	162	7259	91.9415337002
2099	160	7259	92.0008167703
2100	156	7260	92.0853049764
2101	153	7266	92.172087103
2102	156	7266	92.0720975302
2103	160	7270	92.0270499743
2104	158	7272	91.9691799577
2105	163	7279	92.0493836153
2106	167	7282	91.9941239354
2107	166	7287	92.055054106
2108	161	7294	92.1052544689
2109	156	7298	92.0180032457
2110	153	7301	91.978608051
2111	153	7305	92.0208687139
2112	158	7311	92.1074035187
2113	161	7311	92.0433750461
2114	166	7314	91.9503537494
2115	164	7314	91.9040932653
2116	164	7319	91.8282075494
2117	165	7321	91.7563042113
2118	163	7323	91.6703396147
2119	164	7329	91.6591281516
2120	163	7332	91.6904796288
2121	160	7332	91.6932483804
2122	165	7332	91.7657426883
2123	170	7332	91.7833139824
2124	169	7337	91.8211262936
2125	164	7341	91.8147426393
2126	160	7348	91.7673841156
2127	164	7351	91.7547864619
2128	162	7351	91.8030602838
2129	158	7352	91.8998214521
2130	160	7353	91.9261312118
2131	165	7355	91.8692024747
2132	170	7355	91.8200759237
2133	166	7355	91.8107499833
2134	170	7356	91.8949833233
2135	173	7358	91.815213168
2136	174	7360	91.8483119599
2137	176	7360	91.9045701647
2138	174	7366	91.8595297399
2139	173	7371	91.8781149933
2140	171	7371	91.8542364383
2141	166	7378	91.8039339079
2142	168	7384	91.7508596752
2143	170	7388	91.6843242147
2144	170	7395	91.7083719
2145	165	7397	91.615034216
2146	169	7399	91.5377906514
2147	168	7405	91.4812037802
2148	172	7409	91.5380140419
2149	177	7411	91.5260486717
2150	179	7415	91.4708461265
