1	129	95.0132384887	7	7
2	132	95.0077480797	4	11
3	137	94.9842672985	6	17
4	138	95.0607405141	2	19
5	134	95.0395116407	5	24
6	135	95.015540285	0	24
7	135	94.9240189733	7	31
8	134	94.9230252118	4	35
9	139	94.9476168178	4	39
10	137	94.9203573294	6	45
11	139	94.9613102696	1	46
12	134	95.0124275786	3	49
13	139	94.9969292587	3	52
14	144	94.9461936288	2	54
15	149	94.9733967572	6	60
16	150	95.0155020526	7	67
17	154	94.9977458133	5	72
18	159	95.0621939909	5	77
19	159	95.0406007994	6	83
20	157	95.0331268229	2	85
21	159	95.0360148266	0	85
22	156	95.1110676995	0	85
23	161	95.14926957	1	86
24	159	95.1995118226	5	91
25	164	95.2057751069	4	95
26	169	95.1156343819	6	101
27	170	95.1566993618	7	108
28	166	95.2034032475	3	111
29	162	95.2444071645	4	115
30	162	95.2579236934	2	117
31	163	95.2856411765	7	124
32	165	95.2064817934	7	131
33	170	95.1615364065	1	132
34	170	95.1048616227	3	135
35	175	95.0329225286	4	139
36	171	95.0124391966	4	143
37	173	95.0636219538	2	145
38	174	94.985657011	7	152
39	173	94.9466718575	6	158
40	171	94.8830857688	7	165
41	166	94.9690900834	2	167
42	170	94.9179582396	6	173
43	171	94.8587451012	1	174
44	167	94.9520568062	3	177
45	166	94.909864673	4	181
46	164	94.9421873698	6	187
47	169	94.860278054	3	190
48	170	94.9364389763	1	191
49	171	94.9382313914	4	195
50	176	94.9849442532	5	200
51	172	94.9333917304	5	205
52	172	94.9512801758	7	212
53	172	94.9817984431	1	213
54	168	95.0264801686	0	213
55	164	94.965558608	1	214
56	163	95.0430989241	7	221
57	165	95.0785082886	0	221
58	160	95.0763544811	2	223
59	165	95.1425141369	0	223
60	168	95.2246249423	7	230
61	166	95.2696237018	1	231
62	170	95.2219456496	3	234
63	168	95.2372431029	1	235
64	170	95.2273665508	7	242
65	173	95.2020876885	3	245
66	172	95.10767141	1	246
67	176	95.0291896428	1	247
68	175	94.9938541084	4	251
69	171	95.0067170267	3	254
70	167	95.0542678512	4	258
71	168	94.9983058865	3	261
72	165	95.0575373211	3	264
73	165	95.1515269148	4	268
74	162	95.2473550836	7	275
75	161	95.3234789275	5	280
76	160	95.3365531764	0	280
77	164	95.2615886121	6	286
78	167	95.2779674504	3	289
79	165	95.3062449177	3	292
80	167	95.2159818558	6	298
81	169	95.2313756691	7	305
82	165	95.1916682687	5	310
83	162	95.2101796406	7	317
84	166	95.2281950523	0	317
85	169	95.2311706957	3	320
86	171	95.146772229	0	320
87	170	95.1991264278	1	321
88	174	95.2723401735	6	327
89	171	95.3543783316	1	328
90	175	95.3211890052	1	329
91	180	95.354675108	1	330
92	175	95.4106349207	6	336
93	170	95.50527349	7	343
94	172	95.600309416	0	343
95	177	95.5586011614	6	349
96	172	95.5447682945	4	353
97	171	95.4695001598	2	355
98	174	95.5170302597	2	357
99	173	95.4828481141	0	357
100	173	95.448587069	1	358
101	174	95.4771024031	2	360
102	178	95.5750594488	1	361
103	183	95.5836616782	7	368
104	183	95.6552605741	3	371
105	183	95.5852247502	3	374
106	178	95.6068347297	1	375
107	176	95.5322774666	6	381
108	181	95.6099139586	4	385
109	176	95.6862538285	4	389
110	175	95.602895673	2	391
111	175	95.6234099363	7	398
112	180	95.6595307638	5	403
113	175	95.6644412828	3	406
114	173	95.7294422192	1	407
115	177	95.6657308784	7	414
116	173	95.5844177269	7	421
117	178	95.5507539385	7	428
118	179	95.4624516308	5	433
119	179	95.3649752288	2	435
120	175	95.3274651095	7	442
121	175	95.3557683844	2	444
122	170	95.3627341095	2	446
123	166	95.3278501616	2	448
124	169	95.2862942799	6	454
125	168	95.3612069041	2	456
126	170	95.424876191	7	463
127	175	95.3889753191	5	468
128	175	95.3135822446	6	474
129	180	95.3180946404	6	480
130	185	95.2645828457	7	487
131	185	95.2472636676	7	494
132	185	95.3144425324	5	499
133	190	95.253550777	5	504
134	195	95.1864476403	1	505
135	192	95.2768230087	4	509
136	188	95.367791363	1	510
137	184	95.2846701566	1	511
138	183	95.2923487853	1	512
139	184	95.3335945383	4	516
140	183	95.2664453366	1	517
141	179	95.338242519	7	524
142	180	95.40224052	3	527
143	180	95.4462999226	3	530
144	176	95.4279391825	3	533
145	175	95.3453700253	5	538
146	175	95.316543956	3	541
147	178	95.2166539634	4	545
148	182	95.2656457417	3	548
149	187	95.306255552	4	552
150	185	95.3639669704	3	555
151	184	95.3464055689	2	557
152	186	95.36641985	6	563
153	185	95.3456643496	4	567
154	182	95.4402878849	2	569
155	184	95.5400006009	3	572
156	185	95.4664900578	1	573
157	180	95.3673831616	0	573
158	185	95.3609857322	5	578
159	189	95.317039407	2	580
160	189	95.3549896562	1	581
161	190	95.4480581533	3	584
162	190	95.411849077	1	585
163	187	95.4318111333	2	587
164	185	95.4656567169	2	589
165	187	95.5373535679	5	594
166	188	95.490206803	1	595
167	183	95.5418640598	2	597
168	180	95.5268550466	4	601
169	175	95.5754381527	3	604
170	171	95.6699659626	2	606
171	174	95.715265542	6	612
172	173	95.6876310638	1	613
173	168	95.6955505272	0	613
174	166	95.7821786024	3	616
175	167	95.7914390669	7	623
176	170	95.7541236992	1	624
177	167	95.8269544993	0	624
178	166	95.7952333417	0	624
179	167	95.7325669059	5	629
180	162	95.6638330665	4	633
181	164	95.6971240187	3	636
182	159	95.7434021379	7	643
183	159	95.8004716893	0	643
184	154	95.8226675686	4	647
185	156	95.7679349127	4	651
186	160	95.8630620177	2	653
187	162	95.9626715396	7	660
188	157	95.9617524994	2	662
189	154	95.9878570926	0	662
190	156	96.0035049803	7	669
191	158	96.0158908775	6	675
192	162	96.0969224561	1	676
193	163	96.1816765195	0	676
194	167	96.2609847191	4	680
195	166	96.2055362481	4	684
196	168	96.1285352955	5	689
197	165	96.1644965844	2	691
198	165	96.2311099761	0	691
199	163	96.15886844	3	694
200	164	96.2193811513	6	700
201	161	96.2527372691	7	707
202	163	96.3237906274	6	713
203	160	96.2552917688	7	720
204	164	96.3028477682	1	721
205	159	96.3020207942	1	722
206	156	96.3495034044	5	727
207	160	96.3251500413	4	731
208	165	96.3308666738	2	733
209	168	96.2858604215	1	734
210	171	96.3728894025	6	740
211	171	96.3134395683	4	744
212	174	96.289595611	1	745
213	172	96.3306201898	7	752
214	168	96.4159262203	1	753
215	167	96.364403122	3	756
216	167	96.3284645684	1	757
217	165	96.2683132888	5	762
218	160	96.3197896302	1	763
219	162	96.3675792224	5	768
220	164	96.4008654024	3	771
221	159	96.4079007234	2	773
222	160	96.3791402614	6	779
223	158	96.3970837507	5	784
224	160	96.4223210192	2	786
225	160	96.3512563486	7	793
226	158	96.4480149993	4	797
227	153	96.3704938042	1	798
228	152	96.3650403489	5	803
229	150	96.3895829655	2	805
230	147	96.4863374392	0	805
231	149	96.437851739	0	805
232	148	96.4274129808	2	807
233	153	96.3881520621	0	807
234	150	96.4650946715	2	809
235	155	96.4918753874	7	816
236	158	96.5617132645	7	823
237	163	96.6342465287	1	824
238	161	96.6671108789	1	825
239	164	96.7364491096	4	829
240	166	96.785683212	6	835
241	162	96.6940230626	1	836
242	157	96.6194953428	4	840
243	156	96.6614841301	0	840
244	152	96.5619486345	1	841
245	149	96.5116059988	7	848
246	154	96.5903605151	0	848
247	155	96.6670805523	2	850
248	160	96.5722847703	5	855
249	164	96.5945988769	4	859
250	168	96.5354319058	4	863
251	169	96.4488490319	5	868
252	168	96.3849341354	1	869
253	168	96.3148893297	4	873
254	169	96.2665574829	7	880
255	173	96.2291343532	6	886
256	173	96.2574842543	4	890
257	177	96.163897079	2	892
258	172	96.1299831898	6	898
259	176	96.2109891918	0	898
260	171	96.2705973511	2	900
261	174	96.2105190794	4	904
262	171	96.151805057	5	909
263	171	96.0579552792	5	914
264	170	96.0118160966	6	920
265	172	96.1010490341	3	923
266	177	96.0969658703	3	926
267	179	96.1058100237	7	933
268	181	96.0543454284	1	934
269	177	95.9656895766	0	934
270	173	95.9700650877	1	935
271	170	95.9417158545	5	940
272	172	96.0003138575	2	942
273	172	96.0738970029	0	942
274	172	96.1343441137	6	948
275	167	96.1517835429	1	949
276	165	96.1033796741	1	950
277	168	96.0717154575	1	951
278	163	96.1031403745	2	953
279	160	96.0796104254	0	953
280	165	96.0381747812	7	960
281	162	96.095446716	2	962
282	163	96.083922319	7	969
283	166	96.0802659828	7	976
284	163	96.0544809806	5	981
285	164	96.1271706153	6	987
286	162	96.103065437	3	990
287	165	96.0754756673	1	991
288	168	96.0087618586	4	995
289	168	96.0188811892	4	999
290	163	96.0708868139	1	1000
291	165	95.9972216587	1	1001
292	160	96.0362607997	0	1001
293	159	96.0661913252	6	1007
294	156	96.0657694132	1	1008
295	152	95.9962408035	2	1010
296	148	95.9628312473	1	1011
297	152	95.9453071749	2	1013
298	148	95.9728727565	0	1013
299	152	96.0690318138	4	1017
300	153	96.003709179	5	1022
301	148	96.0779876704	4	1026
302	150	96.0144378532	5	1031
303	149	95.924848555	3	1034
304	148	96.006587594	1	1035
305	145	96.0800472524	0	1035
306	149	96.0893958937	3	1038
307	148	95.9894483138	7	1045
308	144	96.0342077557	6	1051
309	143	95.9678907779	2	1053
310	147	95.9891810275	5	1058
311	148	95.9244384936	7	1065
312	150	95.8760898191	5	1070
313	155	95.8015108624	2	1072
314	155	95.7741466191	1	1073
315	155	95.7943276966	3	1076
316	154	95.7099488126	3	1079
317	149	95.6408349855	3	1082
318	151	95.6223141968	7	1089
319	154	95.7106155697	2	1091
320	158	95.7406450997	5	1096
321	154	95.6426056223	6	1102
322	152	95.7265401409	6	1108
323	154	95.7744941244	0	1108
324	156	95.7119395497	4	1112
325	155	95.6589800259	2	1114
326	155	95.5867840287	1	1115
327	151	95.5553068302	4	1119
328	149	95.5762467237	7	1126
329	150	95.5386033846	0	1126
330	152	95.4693062508	6	1132
331	153	95.3853532659	2	1134
332	148	95.4505259758	0	1134
333	153	95.4935884808	6	1140
334	148	95.4911472698	4	1144
335	150	95.5662293675	0	1144
336	147	95.6359927242	2	1146
337	152	95.5768310587	7	1153
338	153	95.5028181236	0	1153
339	157	95.4357359027	0	1153
340	159	95.4318069601	2	1155
341	154	95.5188549374	2	1157
342	150	95.4895698582	6	1163
343	150	95.5174167693	3	1166
344	155	95.5002071232	3	1169
345	152	95.4082062751	7	1176
346	148	95.3118015019	5	1181
347	145	95.3104101707	6	1187
348	147	95.2450593991	7	1194
349	148	95.1493507278	7	1201
350	143	95.1654059758	4	1205
351	148	95.082868659	7	1212
352	150	95.1615401985	1	1213
353	148	95.2515925382	5	1218
354	150	95.1532373825	4	1222
355	149	95.1746220499	6	1228
356	152	95.221114589	5	1233
357	156	95.1848323763	3	1236
358	153	95.2342519159	0	1236
359	149	95.2131201286	2	1238
360	147	95.2594380623	6	1244
361	146	95.33664071	3	1247
362	145	95.411285884	5	1252
363	141	95.4510632701	7	1259
364	145	95.355524815	4	1263
365	144	95.2993170312	2	1265
366	148	95.2960207911	3	1268
367	145	95.3915451305	4	1272
368	142	95.4186119562	7	1279
369	144	95.4471271732	5	1284
370	149	95.5087319812	5	1289
371	144	95.4099406389	6	1295
372	141	95.3686716491	7	1302
373	144	95.4302887899	4	1306
374	141	95.3345291686	2	1308
375	145	95.254991378	2	1310
376	140	95.2269719511	6	1316
377	135	95.1668091981	1	1317
378	137	95.2624054072	3	1320
379	140	95.3473203309	4	1324
380	137	95.3464254349	0	1324
381	132	95.2675655365	2	1326
382	137	95.3388146169	3	1329
383	139	95.3461456454	3	1332
384	143	95.4236770019	5	1337
385	139	95.4136408926	7	1344
386	140	95.3397873903	3	1347
387	141	95.4374501175	3	1350
388	141	95.386396816	2	1352
389	143	95.3949211528	6	1358
390	139	95.4259364579	2	1360
391	138	95.5138347002	5	1365
392	138	95.4247267828	6	1371
393	143	95.3273335973	0	1371
394	147	95.2322546276	1	1372
395	150	95.1575321452	1	1373
396	152	95.2184580246	3	1376
397	153	95.1655087902	2	1378
398	156	95.0769289643	1	1379
399	152	95.1228295991	1	1380
400	151	95.158322906	3	1383
401	150	95.1810914757	2	1385
402	152	95.1621849231	5	1390
403	151	95.1968358707	6	1396
404	153	95.199709503	0	1396
405	154	95.1024493717	5	1401
406	154	95.1755029123	6	1407
407	159	95.155230538	2	1409
408	157	95.2548455983	0	1409
409	160	95.2125762572	7	1416
410	157	95.2130863815	6	1422
411	161	95.1530070548	3	1425
412	162	95.1303424229	7	1432
413	160	95.1238405667	2	1434
414	156	95.0989527193	1	1435
415	159	95.121360392	2	1437
416	155	95.0375802576	0	1437
417	159	94.9513766925	5	1442
418	158	94.86447509	4	1446
419	157	94.9092666779	4	1450
420	154	94.8221574125	0	1450
421	157	94.7811534825	3	1453
422	159	94.8239400763	0	1453
423	155	94.7796028234	1	1454
424	154	94.724309221	1	1455
425	155	94.7171600793	4	1459
426	154	94.7055719097	0	1459
427	154	94.7688786554	4	1463
428	151	94.7996202693	4	1467
429	146	94.8411304101	7	1474
430	147	94.7744656648	1	1475
431	152	94.7588201501	7	1482
432	150	94.8354655344	1	1483
433	145	94.7788999375	5	1488
434	143	94.7039140097	6	1494
435	139	94.7941473959	2	1496
436	141	94.7555155069	4	1500
437	142	94.7763833978	6	1506
438	141	94.6845252402	5	1511
439	144	94.7115390056	0	1511
440	141	94.6250898678	3	1514
441	142	94.6181665791	4	1518
442	137	94.6541015277	2	1520
443	135	94.5840207313	1	1521
444	138	94.5647909521	1	1522
445	139	94.548317496	3	1525
446	135	94.4612756908	0	1525
447	133	94.3826833769	0	1525
448	135	94.3708018424	2	1527
449	137	94.4058194727	7	1534
450	134	94.3631358495	1	1535
451	130	94.2933290491	3	1538
452	127	94.3048287889	3	1541
453	131	94.2266647499	4	1545
454	127	94.2637883883	5	1550
455	128	94.1642973982	6	1556
456	128	94.2322133575	7	1563
457	132	94.2005938415	4	1567
458	132	94.1998664794	7	1574
459	130	94.1902034178	0	1574
460	133	94.1958794965	4	1578
461	128	94.2732353722	5	1583
462	129	94.2995606527	0	1583
463	130	94.396475447	6	1589
464	126	94.3984290138	6	1595
465	131	94.335873074	2	1597
466	134	94.2429717612	4	1601
467	136	94.2824463013	7	1608
468	140	94.2203452694	5	1613
469	135	94.164540461	4	1617
470	130	94.2421276451	1	1618
471	129	94.3277996752	5	1623
472	134	94.4181491841	5	1628
473	136	94.3914882305	2	1630
474	140	94.4162124691	7	1637
475	140	94.3533151852	5	1642
476	145	94.4442711724	7	1649
477	148	94.4733724103	1	1650
478	151	94.5551233922	1	1651
479	149	94.6013749509	0	1651
480	154	94.5405838116	1	1652
481	153	94.4759701995	0	1652
482	150	94.3921012543	5	1657
483	150	94.4578364614	7	1664
484	150	94.5194836096	7	1671
485	149	94.5585965082	2	1673
486	152	94.6272320704	3	1676
487	151	94.6671672175	4	1680
488	156	94.6725649251	7	1687
489	158	94.58264852	0	1687
490	154	94.6016143968	4	1691
491	158	94.6961991701	7	1698
492	158	94.7164286597	6	1704
493	155	94.8147287173	3	1707
494	156	94.8631340613	3	1710
495	152	94.8064212714	5	1715
496	153	94.8550064993	7	1722
497	150	94.8783450216	6	1728
498	147	94.7811532138	5	1733
499	149	94.8607115901	4	1737
500	152	94.7967739543	4	1741
501	154	94.7642581111	2	1743
502	157	94.8098578628	1	1744
503	158	94.8265560401	4	1748
504	155	94.761588319	6	1754
505	151	94.7771291627	6	1760
506	154	94.7275094987	0	1760
507	150	94.7523339177	3	1763
508	148	94.7318093339	7	1770
509	152	94.633216705	2	1772
510	150	94.5357595142	6	1778
511	150	94.5554838174	7	1785
512	148	94.5773807714	4	1789
513	143	94.5767457087	4	1793
514	145	94.5442906176	4	1797
515	141	94.6199854047	5	1802
516	144	94.6951416392	1	1803
517	146	94.6831740923	2	1805
518	145	94.6432885188	4	1809
519	149	94.7112983973	5	1814
520	152	94.7523766191	5	1819
521	148	94.8059350061	3	1822
522	145	94.7945726374	2	1824
523	141	94.8944076419	2	1826
524	139	94.8573748845	3	1829
525	140	94.9092169433	3	1832
526	143	94.9297167146	7	1839
527	146	94.8963708607	4	1843
528	142	94.822735565	6	1849
529	142	94.7438982108	1	1850
530	144	94.8226523588	6	1856
531	141	94.7673260405	0	1856
532	144	94.7729160104	2	1858
533	141	94.7093303828	0	1858
534	137	94.7631092061	7	1865
535	134	94.6690772964	1	1866
536	138	94.7077942932	6	1872
537	140	94.6311780809	5	1877
538	144	94.5924999004	2	1879
539	142	94.5458525721	2	1881
540	137	94.5649640445	0	1881
541	135	94.4688280141	4	1885
542	135	94.3777603584	3	1888
543	140	94.4592000992	2	1890
544	136	94.4926837059	0	1890
545	133	94.4174234734	2	1892
546	136	94.3465604505	4	1896
547	140	94.2486049286	6	1902
548	140	94.2823913106	3	1905
549	137	94.2099814042	1	1906
550	135	94.281558191	4	1910
551	137	94.2618361174	1	1911
552	140	94.210402322	4	1915
553	145	94.1763388586	3	1918
554	150	94.1761939746	6	1924
555	152	94.1831916268	0	1924
556	147	94.2765170671	5	1929
557	146	94.221428003	3	1932
558	147	94.1456789093	1	1933
559	144	94.0823948602	3	1936
560	140	94.1015579733	2	1938
561	141	94.1978070173	0	1938
562	137	94.2084012855	1	1939
563	138	94.2355925669	2	1941
564	137	94.3190342603	3	1944
565	134	94.4139017931	0	1944
566	132	94.433293967	4	1948
567	128	94.4398398676	5	1953
568	130	94.3595296413	7	1960
569	128	94.3246630798	6	1966
570	131	94.3687862565	1	1967
571	133	94.4608584236	0	1967
572	136	94.4460006228	0	1967
573	139	94.3980374179	0	1967
574	135	94.3622627031	2	1969
575	130	94.3932326312	0	1969
576	128	94.4512479317	1	1970
577	126	94.434443431	5	1975
578	125	94.3941957161	1	1976
579	128	94.363034835	4	1980
580	124	94.4473663994	6	1986
581	129	94.3568105037	3	1989
582	127	94.3038812465	1	1990
583	132	94.3520285577	1	1991
584	137	94.3446771455	3	1994
585	141	94.3422010195	4	1998
586	141	94.3490804619	7	2005
587	142	94.4194111241	2	2007
588	141	94.4257808584	2	2009
589	139	94.4709551693	1	2010
590	140	94.4425237335	3	2013
591	142	94.4239373701	1	2014
592	139	94.3810480411	5	2019
593	134	94.3601200635	5	2024
594	130	94.4106711707	4	2028
595	129	94.4106392619	6	2034
596	125	94.3903429211	5	2039
597	121	94.4432725023	4	2043
598	125	94.3861521723	4	2047
599	124	94.318656989	0	2047
600	121	94.3274984535	1	2048
601	126	94.3954095478	6	2054
602	130	94.4799578536	6	2060
603	135	94.4416885245	5	2065
604	140	94.3977666767	5	2070
605	139	94.4564970755	5	2075
606	142	94.5444517996	4	2079
607	137	94.635733593	2	2081
608	134	94.7153325127	7	2088
609	133	94.62050543	0	2088
610	133	94.7108122529	3	2091
611	136	94.6253904074	4	2095
612	139	94.6060319754	2	2097
613	142	94.6706371395	0	2097
614	147	94.6568224319	5	2102
615	150	94.6286709416	2	2104
616	154	94.6294274291	7	2111
617	157	94.6135065375	3	2114
618	155	94.6368714944	2	2116
619	159	94.6795840238	6	2122
620	159	94.746765372	7	2129
621	155	94.8176598222	3	2132
622	154	94.7257216582	0	2132
623	151	94.6946507273	4	2136
624	147	94.6571477884	3	2139
625	146	94.7505460122	0	2139
626	150	94.8209322376	4	2143
627	152	94.919052778	4	2147
628	152	94.8558598708	6	2153
629	149	94.772982616	2	2155
630	151	94.7542583391	1	2156
631	154	94.703080398	1	2157
632	155	94.770289642	5	2162
633	152	94.7807991502	4	2166
634	155	94.7433829115	5	2171
635	153	94.8240971705	1	2172
636	156	94.8943665822	3	2175
637	155	94.9302368983	4	2179
638	152	94.9686973815	7	2186
639	150	95.0274539838	2	2188
640	148	95.0759351073	2	2190
641	150	95.0540172059	5	2195
642	147	94.985965706	7	2202
643	144	94.9411219243	7	2209
644	140	94.922601052	6	2215
645	143	95.0000935093	6	2221
646	140	95.0029905278	4	2225
647	136	94.9828837263	5	2230
648	138	94.9155569112	1	2231
649	140	94.8515065263	4	2235
650	137	94.9158852291	1	2236
651	132	94.9988628249	0	2236
652	132	94.9111703897	3	2239
653	137	94.9679878101	4	2243
654	135	94.914206354	4	2247
655	136	94.8488957008	2	2249
656	134	94.7732056641	0	2249
657	137	94.7621479169	2	2251
658	139	94.7910719923	3	2254
659	142	94.8223290153	0	2254
660	138	94.8440160562	3	2257
661	138	94.7491956705	2	2259
662	137	94.7783586178	1	2260
663	141	94.8073649385	3	2263
664	146	94.8785638154	1	2264
665	150	94.925446186	5	2269
666	153	94.9527176486	5	2274
667	150	94.925571328	7	2281
668	146	94.8757010274	4	2285
669	143	94.9416774673	5	2290
670	140	94.8730953154	4	2294
671	135	94.7850342642	6	2300
672	132	94.803680655	7	2307
673	135	94.7052284045	3	2310
674	133	94.75125644	7	2317
675	129	94.7649691888	3	2320
676	133	94.858516216	1	2321
677	134	94.7741528345	0	2321
678	136	94.7308843283	4	2325
679	141	94.738503287	2	2327
680	138	94.75411795	5	2332
681	137	94.7546993616	2	2334
682	142	94.7309184624	7	2341
683	138	94.6867394185	7	2348
684	134	94.6714181987	7	2355
685	134	94.7676828926	7	2362
686	135	94.801361419	7	2369
687	136	94.8560282863	5	2374
688	134	94.8379350619	4	2378
689	129	94.8913187099	4	2382
690	134	94.9323292941	7	2389
691	133	94.9249649481	5	2394
692	129	94.8630876733	2	2396
693	133	94.9021488916	2	2398
694	132	94.9916852868	2	2400
695	131	94.8993738905	0	2400
696	132	94.9595831762	7	2407
697	132	94.9217235841	3	2410
698	132	94.9680561318	3	2413
699	134	94.8886717121	5	2418
700	130	94.815211856	3	2421
701	128	94.8173498222	2	2423
702	130	94.7714984583	6	2429
703	132	94.8031841944	2	2431
704	127	94.9026495321	2	2433
705	129	94.9529233914	4	2437
706	126	94.9222018148	3	2440
707	131	95.0198463617	6	2446
708	127	95.0734738433	5	2451
709	125	94.980472072	1	2452
710	130	95.0460272096	3	2455
711	125	95.0652916693	1	2456
712	126	95.0855262798	2	2458
713	122	95.0858377065	2	2460
714	121	95.1854880458	3	2463
715	125	95.261563739	0	2463
716	120	95.1759280094	1	2464
717	122	95.2619218621	5	2469
718	122	95.3322925722	2	2471
719	127	95.2619198642	6	2477
720	126	95.2533913559	7	2484
721	129	95.2396973495	7	2491
722	129	95.1824790339	5	2496
723	128	95.2377352013	1	2497
724	127	95.196489362	0	2497
725	129	95.268876615	5	2502
726	124	95.3595612614	2	2504
727	126	95.4520457843	5	2509
728	128	95.5445515141	4	2513
729	126	95.5317596472	4	2517
730	129	95.4683534569	4	2521
731	131	95.4967808945	2	2523
732	133	95.511889687	4	2527
733	130	95.4505619453	6	2533
734	126	95.3672706144	7	2540
735	126	95.3161511386	5	2545
736	124	95.2965124763	3	2548
737	128	95.3895463249	1	2549
738	133	95.3346371753	4	2553
739	138	95.3453860291	4	2557
740	135	95.3847398396	3	2560
741	137	95.2904083447	3	2563
742	138	95.2736347768	6	2569
743	134	95.3222478107	1	2570
744	129	95.4172731252	0	2570
745	129	95.4844721353	2	2572
746	130	95.5418155125	6	2578
747	133	95.4733255225	3	2581
748	128	95.4418976331	4	2585
749	131	95.5364805395	5	2590
750	135	95.4379699795	5	2595
751	131	95.458766857	0	2595
752	126	95.430799771	3	2598
753	130	95.3501310794	2	2600
754	128	95.3362710879	0	2600
755	123	95.311879808	4	2604
756	122	95.3752026751	6	2610
757	123	95.3290690359	1	2611
758	126	95.3265914739	0	2611
759	126	95.3771223983	7	2618
760	125	95.4561264204	6	2624
761	123	95.476520557	4	2628
762	118	95.5330301764	6	2634
763	123	95.5011630798	7	2641
764	125	95.409906217	1	2642
765	121	95.4619386832	0	2642
766	121	95.4174987109	5	2647
767	124	95.4206866808	2	2649
768	128	95.3508156894	5	2654
769	131	95.3843436638	0	2654
770	131	95.3101818112	0	2654
771	134	95.4029382839	3	2657
772	134	95.3608952913	5	2662
773	132	95.4453009807	6	2668
774	137	95.4108076137	2	2670
775	134	95.397857471	4	2674
776	131	95.4887887301	0	2674
777	132	95.5758473588	2	2676
778	137	95.5631957861	6	2682
779	136	95.6606204361	0	2682
780	136	95.6481069635	6	2688
781	138	95.5573728863	1	2689
782	143	95.5100197384	4	2693
783	146	95.4644242161	6	2699
784	150	95.3804932455	4	2703
785	149	95.3218235664	3	2706
786	147	95.2633433221	0	2706
787	144	95.2472853452	1	2707
788	146	95.1985046707	7	2714
789	147	95.2365301535	0	2714
790	144	95.2256570318	5	2719
791	141	95.3243661584	1	2720
792	143	95.3051554388	3	2723
793	145	95.3392461307	1	2724
794	142	95.4161728992	0	2724
795	138	95.4043588718	1	2725
796	134	95.3254960237	5	2730
797	136	95.3897877472	7	2737
798	137	95.483171009	2	2739
799	133	95.4241212664	6	2745
800	131	95.4107401506	5	2750
801	126	95.3964290379	2	2752
802	123	95.4468957978	2	2754
803	125	95.4690396173	6	2760
804	123	95.3737116774	5	2765
805	122	95.4273589513	3	2768
806	127	95.4431990741	6	2774
807	122	95.4537741075	3	2777
808	126	95.3799281297	5	2782
809	125	95.3399663268	1	2783
810	129	95.3303897995	5	2788
811	129	95.3620985859	2	2790
812	133	95.4483076448	7	2797
813	136	95.5437861786	5	2802
814	138	95.6121264093	3	2805
815	135	95.5654871318	6	2811
816	140	95.5754551523	3	2814
817	141	95.4974692329	2	2816
818	144	95.4559256834	6	2822
819	147	95.5125528861	1	2823
820	151	95.5818208317	6	2829
821	148	95.4857268758	2	2831
822	145	95.5326216986	5	2836
823	149	95.4472923427	1	2837
824	152	95.4930733953	7	2844
825	154	95.4586760355	7	2851
826	152	95.4030840593	3	2854
827	151	95.314495821	7	2861
828	149	95.3908772157	6	2867
829	149	95.4766068744	7	2874
830	145	95.4785368279	0	2874
831	143	95.3911828776	2	2876
832	147	95.4869981396	7	2883
833	143	95.448096817	3	2886
834	148	95.3852680575	0	2886
835	151	95.4312292642	6	2892
836	150	95.4067404396	7	2899
837	147	95.456666776	7	2906
838	150	95.3602722604	3	2909
839	145	95.3324613576	4	2913
840	147	95.390920288	0	2913
841	143	95.3614357397	6	2919
842	147	95.3635763151	3	2922
843	142	95.34325163	7	2929
844	147	95.2774824431	3	2932
845	149	95.2499817591	6	2938
846	146	95.2652710489	2	2940
847	148	95.1764863264	4	2944
848	149	95.0799842902	3	2947
849	144	95.0746653597	2	2949
850	144	95.1721584156	0	2949
851	144	95.2047098005	2	2951
852	140	95.1416854195	6	2957
853	137	95.1593223543	7	2964
854	142	95.215697088	2	2966
855	147	95.230489477	6	2972
856	149	95.1565200346	0	2972
857	147	95.1411567566	5	2977
858	149	95.0939498808	3	2980
859	148	95.0815831086	2	2982
860	143	95.0122648914	2	2984
861	140	95.073821231	5	2989
862	137	95.0509512232	7	2996
863	133	95.0240439399	3	2999
864	128	95.0593778814	0	2999
865	128	95.0319415892	3	3002
866	127	95.0707734649	3	3005
867	127	95.0285607937	6	3011
868	128	95.0028915579	4	3015
869	129	94.9245735773	7	3022
870	129	94.9229825359	2	3024
871	133	95.0033566599	6	3030
872	131	94.9371160928	7	3037
873	127	94.9535257579	4	3041
874	131	94.9142188662	5	3046
875	127	94.9835788058	3	3049
876	127	94.8904140233	6	3055
877	132	94.8283496855	5	3060
878	135	94.7597949241	7	3067
879	132	94.7778106235	0	3067
880	134	94.8178596433	1	3068
881	133	94.9109297116	6	3074
882	133	94.8262511756	5	3079
883	133	94.7964132549	4	3083
884	136	94.8305627002	4	3087
885	137	94.7567903399	1	3088
886	141	94.7896306815	3	3091
887	142	94.7595367838	2	3093
888	137	94.6869114267	2	3095
889	137	94.6847132454	3	3098
890	135	94.7670645752	4	3102
891	132	94.7350326253	2	3104
892	133	94.7495235539	5	3109
893	131	94.6852873966	7	3116
894	131	94.6370397277	6	3122
895	133	94.5377118086	6	3128
896	134	94.4676771726	1	3129
897	129	94.4439946391	3	3132
898	125	94.5023862014	3	3135
899	121	94.4940480173	4	3139
900	123	94.4106770766	4	3143
901	125	94.41965098	7	3150
902	130	94.3921751938	0	3150
903	135	94.3585767549	5	3155
904	136	94.3639214169	7	3162
905	141	94.4338082711	3	3165
906	146	94.399741161	1	3166
907	146	94.42119353	3	3169
908	143	94.4742218691	3	3172
909	143	94.4037060867	5	3177
910	139	94.4050623562	2	3179
911	144	94.4530893279	0	3179
912	141	94.4335433804	4	3183
913	137	94.3420534661	4	3187
914	140	94.2703713213	0	3187
915	142	94.1911095115	7	3194
916	147	94.10222828	7	3201
917	143	94.1875904129	5	3206
918	138	94.1881355341	1	3207
919	136	94.2597486072	1	3208
920	141	94.2921751853	5	3213
921	142	94.3040382658	6	3219
922	143	94.3379898953	2	3221
923	148	94.3939105943	4	3225
924	145	94.4510140143	1	3226
925	147	94.3630634396	1	3227
926	147	94.3163543388	5	3232
927	147	94.2971495173	5	3237
928	149	94.2339920568	7	3244
929	151	94.2954099348	1	3245
930	156	94.2870537129	0	3245
931	158	94.2775637661	7	3252
932	160	94.2574726051	4	3256
933	163	94.3292037405	5	3261
934	167	94.4074449332	5	3266
935	162	94.3922835318	4	3270
936	161	94.3233319981	0	3270
937	162	94.253456106	7	3277
938	157	94.294965219	2	3279
939	158	94.299312241	6	3285
940	155	94.2376987502	7	3292
941	152	94.2956074825	2	3294
942	152	94.2774038058	7	3301
943	150	94.3324266126	6	3307
944	152	94.3698711475	4	3311
945	147	94.4299114921	6	3317
946	152	94.3528325848	6	3323
947	147	94.3375554118	0	3323
948	147	94.3194043934	6	3329
949	149	94.3893546216	7	3336
950	144	94.3002340659	1	3337
951	141	94.2783875999	3	3340
952	137	94.2623075291	6	3346
953	134	94.2470900217	1	3347
954	132	94.3184125989	2	3349
955	135	94.2737907587	1	3350
956	140	94.3458165711	1	3351
957	143	94.2617133171	7	3358
958	141	94.2725643163	1	3359
959	139	94.2040703122	7	3366
960	139	94.2010255521	4	3370
961	142	94.2749681764	3	3373
962	137	94.2742588354	3	3376
963	137	94.350461139	3	3379
964	138	94.4402727704	7	3386
965	136	94.5357575675	1	3387
966	141	94.5668848108	7	3394
967	141	94.6619414516	1	3395
968	142	94.6798986989	1	3396
969	138	94.6301654606	5	3401
970	138	94.6324394102	1	3402
971	142	94.6787732977	1	3403
972	139	94.7661926557	3	3406
973	137	94.7163568019	4	3410
974	134	94.747071792	5	3415
975	132	94.7116702887	7	3422
976	135	94.7653842638	4	3426
977	132	94.8221544573	7	3433
978	130	94.8194414869	6	3439
979	126	94.7343033611	1	3440
980	127	94.6800501818	6	3446
981	126	94.6007912183	4	3450
982	127	94.6195334375	2	3452
983	128	94.6493218089	3	3455
984	124	94.6296065961	6	3461
985	122	94.7089908887	5	3466
986	125	94.652588611	2	3468
987	128	94.6467231498	2	3470
988	125	94.7279533376	4	3474
989	126	94.6462971465	1	3475
990	122	94.6952748943	6	3481
991	121	94.625103759	0	3481
992	117	94.5736265054	2	3483
993	113	94.631717059	4	3487
994	111	94.5984027049	6	3493
995	110	94.5240059254	3	3496
996	107	94.6153440185	2	3498
997	102	94.5357308881	5	3503
998	104	94.5986417569	5	3508
999	106	94.6176522122	4	3512
1000	106	94.6893301652	6	3518
1001	104	94.7081080034	6	3524
1002	109	94.6733427351	7	3531
1003	109	94.7611847776	3	3534
1004	105	94.7876586309	0	3534
1005	101	94.8233605975	5	3539
1006	100	94.887958255	5	3544
1007	98	94.7906528956	5	3549
1008	98	94.729653778	3	3552
1009	101	94.6778295911	2	3554
1010	96	94.7443220794	3	3557
1011	98	94.708567373	7	3564
1012	95	94.7419754918	6	3570
1013	91	94.7625668631	0	3570
1014	91	94.7185029806	2	3572
1015	96	94.7218641421	6	3578
1016	91	94.7244253042	5	3583
1017	91	94.6804374574	6	3589
1018	91	94.6458042683	1	3590
1019	87	94.6272999824	6	3596
1020	92	94.5495374308	7	3603
1021	92	94.5216148628	2	3605
1022	89	94.4368576038	4	3609
1023	91	94.4120122142	5	3614
1024	88	94.3128380517	0	3614
1025	85	94.312767238	0	3614
1026	85	94.3657865179	2	3616
1027	81	94.4484828714	4	3620
1028	82	94.3815568139	4	3624
1029	78	94.3807808588	2	3626
1030	79	94.4607125554	7	3633
1031	79	94.4546287103	1	3634
1032	80	94.418033539	3	3637
1033	85	94.4498269133	7	3644
1034	82	94.3773925596	1	3645
1035	79	94.4583087114	7	3652
1036	80	94.4535029928	2	3654
1037	83	94.5100432037	7	3661
1038	79	94.6074746947	5	3666
1039	77	94.582748928	4	3670
1040	81	94.5624855228	4	3674
1041	76	94.4879494077	6	3680
1042	75	94.4515783278	5	3685
1043	76	94.5345651306	5	3690
1044	80	94.6091180926	3	3693
1045	85	94.6125301663	6	3699
1046	85	94.611079426	0	3699
1047	90	94.6292437969	4	3703
1048	87	94.5465598228	6	3709
1049	91	94.511044428	0	3709
1050	96	94.4350956968	2	3711
1051	101	94.4580563025	2	3713
1052	103	94.4016768577	5	3718
1053	105	94.4915244366	5	3723
1054	101	94.4798213753	6	3729
1055	96	94.4964768823	6	3735
1056	98	94.4184477462	6	3741
1057	103	94.45414924	1	3742
1058	105	94.3659205703	2	3744
1059	110	94.3232617689	4	3748
1060	105	94.3808673657	3	3751
1061	105	94.435913266	7	3758
1062	104	94.3564826687	2	3760
1063	108	94.3787221304	5	3765
1064	112	94.361882386	2	3767
1065	113	94.3734891481	3	3770
1066	116	94.305925234	3	3773
1067	120	94.3004270798	0	3773
1068	122	94.3701787397	7	3780
1069	126	94.4512262887	2	3782
1070	124	94.4759245066	1	3783
1071	126	94.5047158556	7	3790
1072	126	94.4520897467	7	3797
1073	131	94.3825878035	7	3804
1074	133	94.4819330923	6	3810
1075	136	94.4555036344	1	3811
1076	136	94.4432260442	1	3812
1077	140	94.3609404965	7	3819
1078	140	94.4042255048	5	3824
1079	136	94.3910376798	5	3829
1080	135	94.4235542542	2	3831
1081	133	94.4364303911	0	3831
1082	131	94.4057707433	0	3831
1083	133	94.4133554988	1	3832
1084	130	94.3486107626	1	3833
1085	127	94.3291808288	5	3838
1086	123	94.2423699071	7	3845
1087	122	94.2773434584	7	3852
1088	117	94.1937590272	3	3855
1089	121	94.2771476417	3	3858
1090	124	94.2168441599	1	3859
1091	127	94.3139389667	6	3865
1092	122	94.3005753519	4	3869
1093	119	94.3474877799	5	3874
1094	118	94.3458500723	6	3880
1095	117	94.4236497404	6	3886
1096	115	94.4943330538	7	3893
1097	115	94.4599964155	6	3899
1098	118	94.3891446999	3	3902
1099	120	94.4046858548	3	3905
1100	124	94.3080208355	2	3907
1101	124	94.3440910133	2	3909
1102	126	94.2458915237	6	3915
1103	128	94.2513118765	0	3915
1104	132	94.2278152684	0	3915
1105	128	94.2184468339	0	3915
1106	129	94.2678345929	0	3915
1107	124	94.2707885032	0	3915
1108	122	94.1801110668	4	3919
1109	125	94.1857601219	7	3926
1110	130	94.2391507761	4	3930
1111	133	94.1601242374	6	3936
1112	134	94.2350378396	5	3941
1113	130	94.2853944003	6	3947
1114	127	94.2485740407	0	3947
1115	123	94.1547664045	3	3950
1116	128	94.1349313989	5	3955
1117	130	94.2203428672	3	3958
1118	128	94.2746407664	0	3958
1119	123	94.2487625086	4	3962
1120	125	94.288796075	6	3968
1121	130	94.2365418458	2	3970
1122	130	94.2652830186	6	3976
1123	132	94.3511866965	4	3980
1124	131	94.2644605608	3	3983
1125	130	94.2040020493	1	3984
1126	125	94.1221840043	7	3991
1127	123	94.1237376138	5	3996
1128	122	94.0853838713	0	3996
1129	117	94.0428496056	1	3997
1130	115	94.0384795343	6	4003
1131	111	94.0895224633	6	4009
1132	115	94.0440303257	0	4009
1133	112	93.9888770844	4	4013
1134	109	94.0648565223	3	4016
1135	109	93.9827652967	3	4019
1136	113	94.0354260154	4	4023
1137	117	94.0405028585	6	4029
1138	121	94.106555062	2	4031
1139	116	94.007518803	3	4034
1140	115	93.911653566	1	4035
1141	112	93.8145080278	4	4039
1142	110	93.7325435711	1	4040
1143	109	93.7679505075	6	4046
1144	104	93.6725823558	1	4047
1145	108	93.7002817337	1	4048
1146	107	93.7933131622	5	4053
1147	105	93.7905400122	7	4060
1148	105	93.8537981191	7	4067
1149	109	93.9241932943	0	4067
1150	105	93.8464531409	1	4068
1151	110	93.9233150496	7	4075
1152	105	93.8339849958	3	4078
1153	108	93.8548303045	1	4079
1154	106	93.8789587293	5	4084
1155	107	93.8644338801	6	4090
1156	110	93.8202633299	5	4095
1157	105	93.832651282	4	4099
1158	107	93.7583372152	4	4103
1159	106	93.6756115225	7	4110
1160	102	93.6647280773	3	4113
1161	101	93.7473495018	7	4120
1162	103	93.7547535633	0	4120
1163	98	93.6583457515	2	4122
1164	97	93.652788276	2	4124
1165	92	93.5628505759	2	4126
1166	94	93.6027836309	2	4128
1167	97	93.6584462781	3	4131
1168	95	93.6786955659	2	4133
1169	98	93.6931682628	0	4133
1170	100	93.6820132108	6	4139
1171	96	93.6511536581	0	4139
1172	100	93.7120618228	6	4145
1173	103	93.6615158574	1	4146
1174	104	93.6094405273	1	4147
1175	109	93.5471506477	2	4149
1176	104	93.4898197995	4	4153
1177	107	93.5862682302	3	4156
1178	106	93.6397351522	6	4162
1179	105	93.6752039196	6	4168
1180	100	93.7195133755	2	4170
1181	103	93.6933349673	2	4172
1182	102	93.704041787	6	4178
1183	100	93.765780575	1	4179
1184	103	93.7093261543	6	4185
1185	103	93.8015384521	2	4187
1186	108	93.706934896	4	4191
1187	109	93.7309129953	3	4194
1188	112	93.7380159339	0	4194
1189	113	93.7653209086	5	4199
1190	108	93.6663951281	2	4201
1191	108	93.6534692927	1	4202
1192	108	93.7449449468	3	4205
1193	113	93.7445141402	7	4212
1194	118	93.6499938166	1	4213
1195	115	93.6265043274	6	4219
1196	113	93.6477567924	3	4222
1197	110	93.6299260584	3	4225
1198	113	93.6564595662	4	4229
1199	112	93.6765806808	2	4231
1200	111	93.7092352351	4	4235
1201	112	93.8021462611	6	4241
1202	112	93.8254148257	7	4248
1203	110	93.815493806	5	4253
1204	111	93.7454681665	4	4257
1205	107	93.7796247311	2	4259
1206	111	93.7013203322	5	4264
1207	108	93.7056418013	0	4264
1208	110	93.7933967739	2	4266
1209	107	93.8261727523	2	4268
1210	107	93.7816648071	4	4272
1211	112	93.8163421931	4	4276
1212	110	93.8763340393	1	4277
1213	107	93.9370560909	4	4281
1214	102	93.8895866143	0	4281
1215	100	93.8203760506	4	4285
1216	103	93.8650105366	7	4292
1217	98	93.8404889278	3	4295
1218	103	93.8613828558	4	4299
1219	105	93.9379562555	6	4305
1220	109	93.8645058761	6	4311
1221	107	93.8455040726	7	4318
1222	111	93.8694659859	5	4323
1223	109	93.8148698034	7	4330
1224	111	93.8585548605	0	4330
1225	112	93.8140244549	2	4332
1226	113	93.7693163245	7	4339
1227	111	93.7637926045	1	4340
1228	115	93.7657116939	2	4342
1229	116	93.7005507953	1	4343
1230	121	93.659177585	6	4349
1231	126	93.7253666185	1	4350
1232	128	93.714210179	1	4351
1233	129	93.7907041077	6	4357
1234	134	93.7926037785	6	4363
1235	130	93.8675732216	1	4364
1236	125	93.9385799058	7	4371
1237	124	93.9780718373	0	4371
1238	120	93.929369756	6	4377
1239	117	93.8537324071	4	4381
1240	119	93.8225882153	5	4386
1241	114	93.8814760527	1	4387
1242	109	93.8902549212	0	4387
1243	113	93.8595383536	5	4392
1244	116	93.8074985078	0	4392
1245	118	93.8952633489	5	4397
1246	121	93.9877296632	7	4404
1247	119	93.9512046713	2	4406
1248	116	94.0449800317	5	4411
1249	117	94.0783950514	6	4417
1250	122	93.9836007448	0	4417
1251	123	93.8843276824	4	4421
1252	118	93.9178823517	7	4428
1253	121	93.9598419963	1	4429
1254	123	93.9154212449	5	4434
1255	128	93.8891035063	0	4434
1256	129	93.8319931265	7	4441
1257	132	93.7465975944	5	4446
1258	129	93.8178957878	6	4452
1259	133	93.8397791621	5	4457
1260	135	93.843316596	3	4460
1261	138	93.9315077771	1	4461
1262	135	93.9456078888	6	4467
1263	140	94.019452185	5	4472
1264	143	94.1058034286	1	4473
1265	143	94.1910823989	6	4479
1266	145	94.1925246224	4	4483
1267	146	94.2052998886	2	4485
1268	147	94.2194257997	5	4490
1269	150	94.1547539959	5	4495
1270	151	94.1528480982	2	4497
1271	152	94.0720234066	2	4499
1272	155	94.0839289444	3	4502
1273	151	94.0932144963	2	4504
1274	147	94.0821765404	1	4505
1275	147	94.1046456638	1	4506
1276	151	94.1260594348	3	4509
1277	150	94.1285513858	0	4509
1278	154	94.2175679263	4	4513
1279	157	94.1190606212	7	4520
1280	152	94.0872477748	6	4526
1281	147	93.9918898796	2	4528
1282	147	93.9097706421	4	4532
1283	143	93.890121457	1	4533
1284	146	93.8532764683	1	4534
1285	150	93.7672864859	4	4538
1286	151	93.7377464382	0	4538
1287	154	93.6684055823	5	4543
1288	156	93.7172876924	7	4550
1289	158	93.7478803877	7	4557
1290	154	93.7753825448	0	4557
1291	150	93.7829224347	4	4561
1292	154	93.767121954	4	4565
1293	155	93.7586446579	5	4570
1294	156	93.8456855279	3	4573
1295	154	93.8092717753	3	4576
1296	151	93.7285231521	3	4579
1297	149	93.7770052984	4	4583
1298	153	93.7460184599	0	4583
1299	157	93.6920616548	6	4589
1300	155	93.6627107468	6	4595
1301	158	93.6356530708	6	4601
1302	160	93.5937538037	5	4606
1303	155	93.5286902073	3	4609
1304	156	93.4700935826	2	4611
1305	161	93.5386227471	3	4614
1306	159	93.4854065452	0	4614
1307	160	93.5136046895	1	4615
1308	165	93.5415341525	0	4615
1309	161	93.5525587154	5	4620
1310	157	93.6521597629	2	4622
1311	159	93.6588685373	5	4627
1312	159	93.5789879168	7	4634
1313	160	93.667431649	0	4634
1314	155	93.5954060136	6	4640
1315	155	93.6480373412	1	4641
1316	150	93.6313594347	0	4641
1317	155	93.6771515422	6	4647
1318	160	93.7096810818	6	4653
1319	155	93.7149694892	2	4655
1320	151	93.6381304772	2	4657
1321	155	93.5654135258	6	4663
1322	155	93.4870070267	3	4666
1323	150	93.4171913922	3	4669
1324	155	93.3815609004	1	4670
1325	151	93.2828727453	6	4676
1326	153	93.3475342463	4	4680
1327	155	93.3324934139	3	4683
1328	151	93.4203092077	0	4683
1329	155	93.4746402348	6	4689
1330	156	93.4269619893	4	4693
1331	157	93.4988354471	6	4699
1332	159	93.495253461	4	4703
1333	154	93.4454332243	2	4705
1334	152	93.5096286398	5	4710
1335	151	93.4577001189	1	4711
1336	146	93.4876140524	3	4714
1337	151	93.4645033713	5	4719
1338	153	93.499968885	3	4722
1339	148	93.4975978757	1	4723
1340	151	93.4078758332	4	4727
1341	150	93.4055238716	7	4734
1342	146	93.3703997066	2	4736
1343	151	93.2938097619	0	4736
1344	151	93.2834163462	6	4742
1345	147	93.2075979996	6	4748
1346	142	93.2345440059	1	4749
1347	137	93.2915210093	4	4753
1348	141	93.2806226307	1	4754
1349	144	93.3174917583	7	4761
1350	148	93.306305957	5	4766
1351	148	93.2303451029	0	4766
1352	146	93.2255175979	1	4767
1353	146	93.1745940709	4	4771
1354	151	93.2258191364	7	4778
1355	153	93.3181427909	5	4783
1356	158	93.3361834242	1	4784
1357	161	93.4051868341	5	4789
1358	164	93.5016076464	7	4796
1359	165	93.4660584937	3	4799
1360	169	93.4597182657	3	4802
1361	172	93.5403597186	3	4805
1362	173	93.5351683821	2	4807
1363	176	93.5223087484	0	4807
1364	178	93.6092831412	2	4809
1365	176	93.5487852483	2	4811
1366	178	93.5095685029	4	4815
1367	181	93.5468076872	2	4817
1368	185	93.6160825158	6	4823
1369	182	93.5554042245	2	4825
1370	185	93.5544545977	5	4830
1371	185	93.6050068356	1	4831
1372	183	93.6231184953	0	4831
1373	185	93.6266069856	4	4835
1374	188	93.7009776038	0	4835
1375	188	93.7340144309	2	4837
1376	189	93.8166505157	6	4843
1377	184	93.9050245827	5	4848
1378	183	93.8812877182	4	4852
1379	188	93.8849035495	5	4857
1380	184	93.8966148322	2	4859
1381	189	93.8674225808	5	4864
1382	189	93.9332564003	7	4871
1383	189	93.9818107963	4	4875
1384	184	93.8990662869	3	4878
1385	189	93.885507565	1	4879
1386	192	93.9035301578	5	4884
1387	190	93.8652389977	1	4885
1388	195	93.8352862716	6	4891
1389	196	93.7414801034	2	4893
1390	200	93.812347868	0	4893
1391	195	93.8691906848	2	4895
1392	199	93.927284971	6	4901
1393	197	93.8655650142	4	4905
1394	195	93.8404563954	7	4912
1395	194	93.9120765433	1	4913
1396	191	93.8473973584	0	4913
1397	188	93.7556969603	2	4915
1398	186	93.7009095508	4	4919
1399	185	93.7731767368	7	4926
1400	182	93.8072422213	7	4933
1401	177	93.9025739403	2	4935
1402	173	93.9151723153	2	4937
1403	177	93.9282292032	3	4940
1404	174	93.9087905175	5	4945
1405	170	93.9907202847	1	4946
1406	171	93.9967700037	3	4949
1407	166	93.9216630436	2	4951
1408	165	93.8992909474	5	4956
1409	164	93.9380650357	4	4960
1410	166	93.9641563629	4	4964
1411	171	93.9314371698	5	4969
1412	169	93.9208923745	6	4975
1413	169	94.0034864811	7	4982
1414	171	93.9527169106	2	4984
1415	174	93.9847504846	7	4991
1416	170	93.9530782355	7	4998
1417	172	93.9562038498	1	4999
1418	169	93.8832935669	7	5006
1419	169	93.8902506508	7	5013
1420	166	93.7998639523	5	5018
1421	165	93.8192665387	0	5018
1422	160	93.8819189656	6	5024
1423	160	93.7928178443	2	5026
1424	159	93.8403084716	5	5031
1425	164	93.7734938801	1	5032
1426	168	93.8294323204	5	5037
1427	170	93.8883913044	1	5038
1428	170	93.8776923687	4	5042
1429	165	93.9540407581	0	5042
1430	167	94.0218345963	7	5049
1431	172	94.0792273062	2	5051
1432	170	94.0155896188	4	5055
1433	169	93.9676261913	2	5057
1434	164	94.0288568936	6	5063
1435	167	94.0357252468	0	5063
1436	167	94.0937340315	4	5067
1437	167	94.0517804183	1	5068
1438	167	94.1072208604	3	5071
1439	171	94.142067259	3	5074
1440	169	94.1239733258	4	5078
1441	164	94.0621911207	6	5084
1442	162	94.1358949071	3	5087
1443	159	94.0411583935	4	5091
1444	157	94.0631084088	3	5094
1445	154	94.0707944527	4	5098
1446	150	94.1425060452	0	5098
1447	145	94.0906136173	6	5104
1448	148	94.1874149361	0	5104
1449	145	94.142540589	7	5111
1450	144	94.1930213816	6	5117
1451	143	94.1092045048	2	5119
1452	143	94.0399789277	1	5120
1453	148	94.0353741809	2	5122
1454	151	94.1003249035	7	5129
1455	148	94.1739067835	2	5131
1456	149	94.0937556994	0	5131
1457	149	94.059808331	4	5135
1458	153	93.9874405675	0	5135
1459	157	94.0064337318	2	5137
1460	152	93.9388228893	7	5144
1461	147	93.9887491538	3	5147
1462	143	94.0601429646	2	5149
1463	148	94.1430404029	4	5153
1464	151	94.242983572	1	5154
1465	150	94.1907769351	1	5155
1466	150	94.2786859515	3	5158
1467	151	94.3222415516	7	5165
1468	149	94.3213639915	0	5165
1469	147	94.3660056167	6	5171
1470	145	94.3708574409	2	5173
1471	144	94.3102645281	4	5177
1472	145	94.3298943031	0	5177
1473	141	94.3002892094	7	5184
1474	141	94.2485258367	4	5188
1475	138	94.3125531044	6	5194
1476	135	94.2473410525	0	5194
1477	139	94.219921291	3	5197
1478	143	94.1856562426	2	5199
1479	143	94.2482892022	7	5206
1480	140	94.3389232141	7	5213
1481	137	94.4200271791	6	5219
1482	134	94.487404311	2	5221
1483	137	94.4106541802	5	5226
1484	137	94.4225767015	6	5232
1485	134	94.3776054565	2	5234
1486	134	94.4775667322	1	5235
1487	137	94.5046352039	0	5235
1488	138	94.4688405801	0	5235
1489	135	94.3916844764	0	5235
1490	139	94.4347246869	4	5239
1491	135	94.4608604134	0	5239
1492	135	94.4879322296	6	5245
1493	137	94.4944359095	5	5250
1494	133	94.4362148378	3	5253
1495	129	94.4280845105	6	5259
1496	131	94.4000601513	6	5265
1497	126	94.4215000579	4	5269
1498	128	94.4744499373	5	5274
1499	124	94.494319605	5	5279
1500	124	94.5215734086	2	5281
1501	124	94.5477286395	5	5286
1502	125	94.5039196552	6	5292
1503	127	94.560563292	1	5293
1504	122	94.5822571896	1	5294
1505	122	94.6022949547	4	5298
1506	117	94.6372681675	3	5301
1507	119	94.696894325	5	5306
1508	117	94.6520697388	4	5310
1509	114	94.6308785849	7	5317
1510	119	94.6771056787	1	5318
1511	123	94.6104180137	4	5322
1512	122	94.6008736942	5	5327
1513	117	94.6716586329	2	5329
1514	113	94.5794165146	7	5336
1515	109	94.5009670547	2	5338
1516	108	94.5440552905	7	5345
1517	112	94.535620278	5	5350
1518	117	94.5971808668	0	5350
1519	117	94.6518916028	5	5355
1520	117	94.5674708216	2	5357
1521	115	94.5709445513	2	5359
1522	113	94.5119028552	3	5362
1523	113	94.4988314279	4	5366
1524	108	94.4576367338	4	5370
1525	111	94.4102798327	6	5376
1526	115	94.407497679	7	5383
1527	120	94.376605079	1	5384
1528	115	94.4717336214	4	5388
1529	117	94.5622518875	5	5393
1530	112	94.4639331025	5	5398
1531	116	94.4412703919	0	5398
1532	120	94.4451462689	3	5401
1533	119	94.5026830408	2	5403
1534	117	94.4620601198	2	5405
1535	122	94.4699885337	2	5407
1536	123	94.4829872373	3	5410
1537	123	94.5736897063	6	5416
1538	118	94.6021671112	5	5421
1539	121	94.696764	7	5428
1540	123	94.6730791049	6	5434
1541	120	94.7173135983	7	5441
1542	122	94.6959418383	0	5441
1543	117	94.6493511767	4	5445
1544	119	94.5875334441	5	5450
1545	119	94.4922520926	5	5455
1546	121	94.4477730702	3	5458
1547	116	94.4289237665	2	5460
1548	113	94.5212296359	3	5463
1549	117	94.4581904464	6	5469
1550	114	94.4804433152	4	5473
1551	112	94.4108319175	3	5476
1552	107	94.462375562	3	5479
1553	102	94.3750900604	0	5479
1554	106	94.4330411617	3	5482
1555	103	94.3779676474	1	5483
1556	104	94.4018444034	3	5486
1557	104	94.448463276	2	5488
1558	99	94.4993437677	4	5492
1559	94	94.4474276282	4	5496
1560	89	94.3999550517	6	5502
1561	87	94.4668181978	4	5506
1562	85	94.5354044501	4	5510
1563	83	94.5852966268	7	5517
1564	78	94.6553334385	5	5522
1565	83	94.7120825654	6	5528
1566	84	94.7499586435	4	5532
1567	80	94.7602055893	5	5537
1568	80	94.81308922	0	5537
1569	77	94.7334772083	6	5543
1570	74	94.6952473945	2	5545
1571	79	94.7750048323	6	5551
1572	84	94.7797836143	2	5553
1573	89	94.7735869532	2	5555
1574	84	94.7351411403	7	5562
1575	86	94.7814643916	2	5564
1576	91	94.705433787	1	5565
1577	93	94.6841988674	5	5570
1578	95	94.7606766875	1	5571
1579	96	94.705858805	4	5575
1580	97	94.7427292012	0	5575
1581	99	94.7805467873	3	5578
1582	98	94.7301767388	3	5581
1583	97	94.8275384984	4	5585
1584	94	94.7307043043	1	5586
1585	97	94.7919057059	1	5587
1586	94	94.8182798799	7	5594
1587	96	94.834903723	4	5598
1588	96	94.8671143681	5	5603
1589	94	94.910969074	3	5606
1590	89	94.8497786596	1	5607
1591	87	94.8168366246	1	5608
1592	92	94.8562360004	5	5613
1593	94	94.7739073968	1	5614
1594	98	94.8340426737	1	5615
1595	103	94.7546746438	5	5620
1596	103	94.6724663861	5	5625
1597	99	94.6528119202	5	5630
1598	102	94.6962694431	1	5631
1599	100	94.6010056566	3	5634
1600	100	94.6238969655	4	5638
1601	97	94.6895402976	6	5644
1602	101	94.7481970606	6	5650
1603	105	94.6589368116	5	5655
1604	108	94.7213501583	3	5658
1605	111	94.7330039814	0	5658
1606	114	94.7681170667	2	5660
1607	114	94.7703287435	0	5660
1608	112	94.7020462362	0	5660
1609	113	94.6205834142	7	5667
1610	115	94.6024645277	1	5668
1611	119	94.684795677	7	5675
1612	120	94.6536879977	3	5678
1613	122	94.561641009	3	5681
1614	125	94.5527768984	3	5684
1615	125	94.5448545402	3	5687
1616	120	94.5592658682	0	5687
1617	120	94.5774780914	6	5693
1618	125	94.6628463922	4	5697
1619	130	94.7125746613	1	5698
1620	134	94.6900558577	6	5704
1621	137	94.5929937035	1	5705
1622	136	94.5742792601	6	5711
1623	137	94.6159975309	5	5716
1624	141	94.6077685769	4	5720
1625	146	94.6662692378	0	5720
1626	149	94.6806011069	5	5725
1627	149	94.7622241059	7	5732
1628	146	94.8221724181	7	5739
1629	147	94.8711820254	7	5746
1630	147	94.8481504228	0	5746
1631	145	94.9345065473	4	5750
1632	140	94.853324226	5	5755
1633	142	94.9445379804	2	5757
1634	142	94.9459824952	6	5763
1635	145	94.8636627549	1	5764
1636	144	94.7879598506	5	5769
1637	141	94.8245139622	7	5776
1638	139	94.9046764911	1	5777
1639	141	94.9425369264	3	5780
1640	146	95.0406811005	4	5784
1641	149	95.0644719694	6	5790
1642	148	95.1600599962	0	5790
1643	145	95.2218247003	1	5791
1644	148	95.2118373571	4	5795
1645	144	95.2724530724	0	5795
1646	143	95.2176404274	6	5801
1647	147	95.2504176833	5	5806
1648	142	95.2221103461	7	5813
1649	138	95.2018329543	2	5815
1650	136	95.1633370303	0	5815
1651	138	95.0692413801	2	5817
1652	141	95.10851405	0	5817
1653	146	95.1750808397	5	5822
1654	151	95.2217773498	1	5823
1655	152	95.1973142796	2	5825
1656	149	95.2314428798	3	5828
1657	149	95.258081153	2	5830
1658	153	95.2056943858	7	5837
1659	150	95.1999979969	1	5838
1660	146	95.2062015193	4	5842
1661	148	95.2623151538	4	5846
1662	145	95.2194343595	4	5850
1663	147	95.1419196807	2	5852
1664	142	95.1734067279	2	5854
1665	139	95.0890658486	3	5857
1666	135	95.0659928458	7	5864
1667	137	94.9949995411	0	5864
1668	139	95.0296058092	5	5869
1669	139	94.9882106406	5	5874
1670	137	95.0079458087	2	5876
1671	136	95.0753586283	5	5881
1672	138	95.0028430191	3	5884
1673	142	94.9505625513	5	5889
1674	147	94.9442607785	7	5896
1675	150	94.9391475929	0	5896
1676	155	94.9569707708	7	5903
1677	157	94.9879857224	4	5907
1678	153	94.9769098391	2	5909
1679	148	95.0261224265	4	5913
1680	145	94.940008005	3	5916
1681	145	95.0364189692	5	5921
1682	141	95.1347176094	2	5923
1683	137	95.1425490297	3	5926
1684	136	95.104991581	3	5929
1685	136	95.1939349691	6	5935
1686	132	95.2078303727	0	5935
1687	134	95.2307240926	5	5940
1688	138	95.24060641	5	5945
1689	143	95.2848106621	7	5952
1690	142	95.2116832709	1	5953
1691	147	95.2132615198	3	5956
1692	144	95.2799811711	3	5959
1693	145	95.3364734788	1	5960
1694	149	95.3749829613	3	5963
1695	148	95.3839828415	4	5967
1696	149	95.4597937242	7	5974
1697	152	95.5070483259	1	5975
1698	148	95.5725959131	7	5982
1699	146	95.4868381941	7	5989
1700	143	95.443082832	1	5990
1701	140	95.4609759461	7	5997
1702	139	95.4403932846	1	5998
1703	143	95.5291813752	5	6003
1704	141	95.5995123175	6	6009
1705	138	95.6130116375	2	6011
1706	140	95.5466335515	1	6012
1707	141	95.5738096274	7	6019
1708	146	95.5701218359	4	6023
1709	145	95.6102128397	7	6030
1710	141	95.6302793792	7	6037
1711	145	95.651738651	5	6042
1712	146	95.6049073505	6	6048
1713	150	95.5642888457	4	6052
1714	150	95.6490105409	6	6058
1715	155	95.5958586989	1	6059
1716	154	95.5752364143	7	6066
1717	150	95.6280586948	5	6071
1718	152	95.6539880361	5	6076
1719	155	95.6846790478	2	6078
1720	157	95.6072287583	3	6081
1721	158	95.5781277346	7	6088
1722	159	95.6462411947	6	6094
1723	157	95.6132154803	5	6099
1724	159	95.6378793455	0	6099
1725	156	95.5383888886	6	6105
1726	155	95.5373259568	7	6112
1727	153	95.605743216	1	6113
1728	158	95.6995900668	7	6120
1729	161	95.7835228195	5	6125
1730	161	95.7441010569	1	6126
1731	159	95.6987701629	2	6128
1732	160	95.7632627623	3	6131
1733	160	95.802273183	5	6136
1734	164	95.7188190371	6	6142
1735	169	95.7936259358	3	6145
1736	169	95.7576233903	6	6151
1737	169	95.7261409668	5	6156
1738	171	95.8053841752	5	6161
1739	175	95.7985832288	7	6168
1740	174	95.8418069602	6	6174
1741	179	95.7749400535	4	6178
1742	179	95.7221899167	1	6179
1743	174	95.6863306671	7	6186
1744	179	95.680826138	0	6186
1745	184	95.7553757457	3	6189
1746	188	95.7817749815	5	6194
1747	185	95.705060665	4	6198
1748	188	95.7845454752	1	6199
1749	192	95.8522212861	1	6200
1750	189	95.8187560411	3	6203
1751	184	95.8540739847	6	6209
1752	187	95.7888310624	7	6216
1753	189	95.732694684	4	6220
1754	185	95.6530996441	0	6220
1755	190	95.6001091687	2	6222
1756	189	95.601809611	3	6225
1757	189	95.6196882092	1	6226
1758	184	95.6134029115	0	6226
1759	189	95.5372306549	7	6233
1760	194	95.4714488552	6	6239
1761	199	95.5257158876	7	6246
1762	196	95.4403643139	5	6251
1763	200	95.3631698637	6	6257
1764	195	95.3160534879	5	6262
1765	195	95.361504277	5	6267
1766	198	95.4290822593	4	6271
1767	194	95.4235423016	4	6275
1768	192	95.4085390709	1	6276
1769	188	95.489640377	3	6279
1770	187	95.5533776972	1	6280
1771	182	95.5499502753	4	6284
1772	182	95.5287701308	5	6289
1773	177	95.5728899424	6	6295
1774	173	95.5456023619	6	6301
1775	169	95.5091698778	3	6304
1776	166	95.5558943519	5	6309
1777	164	95.5369060754	5	6314
1778	164	95.4677522929	3	6317
1779	166	95.3677568601	2	6319
1780	166	95.3220524287	4	6323
1781	169	95.3392646431	2	6325
1782	172	95.3752029985	2	6327
1783	168	95.4059216689	2	6329
1784	172	95.4544298478	5	6334
1785	170	95.4266054316	7	6341
1786	174	95.4117381502	1	6342
1787	173	95.4726182943	5	6347
1788	173	95.3845702837	7	6354
1789	172	95.450537875	5	6359
1790	167	95.4913941944	7	6366
1791	170	95.4275063406	3	6369
1792	175	95.5166512501	4	6373
1793	171	95.4763233919	5	6378
1794	174	95.3990915362	7	6385
1795	179	95.4195563616	4	6389
1796	181	95.3302737595	0	6389
1797	186	95.2534443515	4	6393
1798	182	95.3095458433	1	6394
1799	181	95.3029139455	3	6397
1800	182	95.2272337853	2	6399
1801	179	95.3115924967	1	6400
1802	176	95.3807649871	4	6404
1803	180	95.3123130952	6	6410
1804	179	95.2696154286	1	6411
1805	176	95.2381254317	3	6414
1806	178	95.2079890973	6	6420
1807	176	95.2129270613	3	6423
1808	176	95.3004629223	7	6430
1809	179	95.302011446	2	6432
1810	179	95.2305061005	3	6435
1811	175	95.151612332	7	6442
1812	180	95.174043227	6	6448
1813	175	95.2255852071	5	6453
1814	179	95.2671378391	5	6458
1815	176	95.2119928926	0	6458
1816	176	95.1525847747	2	6460
1817	181	95.1663581656	0	6460
1818	181	95.2602952118	4	6464
1819	178	95.2835981684	6	6470
1820	177	95.3426960402	7	6477
1821	179	95.3911746671	2	6479
1822	180	95.3179600648	1	6480
1823	185	95.3361064124	6	6486
1824	187	95.2939210188	3	6489
1825	191	95.2997131094	0	6489
1826	190	95.2284528141	7	6496
1827	195	95.1387855274	0	6496
1828	193	95.0621893792	2	6498
1829	189	95.1079965414	4	6502
1830	185	95.0526945743	7	6509
1831	180	95.035104184	6	6515
1832	182	94.9977192622	4	6519
1833	177	95.0481691344	2	6521
1834	181	94.9969694392	2	6523
1835	184	94.962016492	1	6524
1836	180	94.8762274389	1	6525
1837	178	94.7972904343	0	6525
1838	174	94.815273145	7	6532
1839	176	94.7863680966	6	6538
1840	175	94.8335598411	4	6542
1841	180	94.8140232761	1	6543
1842	183	94.7643141477	2	6545
1843	179	94.6706238877	6	6551
1844	180	94.6035154918	7	6558
1845	175	94.668475772	5	6563
1846	171	94.6318614098	2	6565
1847	168	94.7122402566	6	6571
1848	165	94.6876427048	3	6574
1849	169	94.6741663663	7	6581
1850	164	94.6269391639	3	6584
1851	161	94.7049054251	0	6584
1852	159	94.6737548158	4	6588
1853	154	94.6603854979	3	6591
1854	153	94.6351489843	6	6597
1855	151	94.5833811868	3	6600
1856	146	94.5925662846	5	6605
1857	149	94.5941001394	3	6608
1858	150	94.6522918231	3	6611
1859	148	94.7160689473	2	6613
1860	146	94.6686607029	1	6614
1861	147	94.6018052203	6	6620
1862	148	94.6645280223	0	6620
1863	148	94.5804062405	0	6620
1864	152	94.5389450363	5	6625
1865	147	94.439416711	5	6630
1866	151	94.4484772835	3	6633
1867	155	94.5398783262	7	6640
1868	158	94.4525597742	6	6646
1869	157	94.4054590812	3	6649
1870	160	94.4026457188	2	6651
1871	157	94.4313389366	0	6651
1872	161	94.4137253635	4	6655
1873	158	94.4885356551	3	6658
1874	154	94.4199742011	3	6661
1875	149	94.4075802194	4	6665
1876	153	94.3759922334	6	6671
1877	156	94.3874506059	4	6675
1878	154	94.4141212895	0	6675
1879	157	94.4755972528	3	6678
1880	159	94.5732480237	2	6680
1881	159	94.5871565309	4	6684
1882	159	94.6599640475	4	6688
1883	158	94.6026861823	7	6695
1884	163	94.6692350481	2	6697
1885	165	94.6999973309	5	6702
1886	163	94.7794427139	2	6704
1887	159	94.8324862876	7	6711
1888	156	94.7367619647	2	6713
1889	157	94.6686678827	3	6716
1890	153	94.7039496938	7	6723
1891	158	94.7812332796	1	6724
1892	154	94.7086323096	7	6731
1893	150	94.8014827441	6	6737
1894	154	94.721456888	7	6744
1895	149	94.8089783585	3	6747
1896	147	94.882956705	2	6749
1897	146	94.9559043831	5	6754
1898	147	94.9060728971	6	6760
1899	145	94.9735611484	1	6761
1900	149	94.8814223265	5	6766
1901	149	94.8568991685	5	6771
1902	148	94.9074650169	6	6777
1903	143	94.8536405327	7	6784
1904	139	94.8824714785	3	6787
1905	137	94.873587344	3	6790
1906	133	94.8163974342	2	6792
1907	134	94.7848823729	3	6795
1908	131	94.7593806739	0	6795
1909	130	94.8021008625	4	6799
1910	127	94.89612384	5	6804
1911	122	94.8415109604	7	6811
1912	122	94.8345253833	2	6813
1913	117	94.9226789828	4	6817
1914	118	95.0049887118	7	6824
1915	119	94.9246206789	0	6824
1916	120	94.8463517918	1	6825
1917	120	94.8838607353	6	6831
1918	120	94.7954137546	5	6836
1919	119	94.7320401	3	6839
1920	114	94.7837839778	4	6843
1921	112	94.7230079913	4	6847
1922	111	94.6942850388	0	6847
1923	115	94.6026176839	1	6848
1924	111	94.5386787618	5	6853
1925	115	94.5046384555	6	6859
1926	110	94.4857948579	6	6865
1927	113	94.5211221682	5	6870
1928	109	94.5153367488	3	6873
1929	107	94.4841764787	4	6877
1930	108	94.4125280137	1	6878
1931	113	94.4782365495	1	6879
1932	108	94.5421592209	2	6881
1933	111	94.5344871867	7	6888
1934	113	94.5792617485	4	6892
1935	113	94.5037270486	2	6894
1936	114	94.5166671227	4	6898
1937	119	94.6159887164	0	6898
1938	122	94.6763868676	3	6901
1939	121	94.6612145801	2	6903
1940	119	94.6615478436	4	6907
1941	119	94.657518999	1	6908
1942	117	94.6094491978	6	6914
1943	122	94.634777267	5	6919
1944	127	94.5907904693	1	6920
1945	128	94.5841026292	7	6927
1946	133	94.6705286248	2	6929
1947	136	94.6112758817	0	6929
1948	138	94.6908771741	6	6935
1949	143	94.6072829598	5	6940
1950	138	94.6433319421	4	6944
1951	134	94.6785241736	0	6944
1952	130	94.5824778058	1	6945
1953	130	94.6183398092	7	6952
1954	128	94.7083673315	6	6958
1955	133	94.7090372806	7	6965
1956	138	94.7865566176	0	6965
1957	143	94.7125027457	3	6968
1958	142	94.6947367743	2	6970
1959	143	94.5954836216	6	6976
1960	138	94.5423027479	7	6983
1961	140	94.5948705258	5	6988
1962	140	94.5956671647	5	6993
1963	137	94.5135610368	7	7000
1964	135	94.4578227009	5	7005
1965	132	94.3773865201	4	7009
1966	137	94.417068274	0	7009
1967	136	94.3239654399	0	7009
1968	139	94.313245915	5	7014
1969	135	94.4090241407	2	7016
1970	134	94.4376579244	6	7022
1971	135	94.3640827002	5	7027
1972	139	94.2876208069	6	7033
1973	139	94.2096644077	3	7036
1974	134	94.1720808254	4	7040
1975	132	94.2595588505	3	7043
1976	134	94.2647369587	5	7048
1977	129	94.2961152137	1	7049
1978	134	94.3728450322	3	7052
1979	136	94.3600352682	0	7052
1980	136	94.3122072981	2	7054
1981	136	94.2805085903	4	7058
1982	140	94.3650381207	3	7061
1983	143	94.3989114064	5	7066
1984	142	94.4941570008	0	7066
1985	144	94.5049603019	6	7072
1986	141	94.5682087982	5	7077
1987	143	94.4727434998	4	7081
1988	145	94.5236932036	7	7088
1989	141	94.4636207058	7	7095
1990	141	94.3968962756	6	7101
1991	142	94.3137709434	2	7103
1992	141	94.22780201	7	7110
1993	137	94.2337037055	4	7114
1994	136	94.3001021587	5	7119
1995	141	94.2778577558	3	7122
1996	146	94.3284503739	4	7126
1997	142	94.4182371917	4	7130
1998	140	94.4385594136	1	7131
1999	136	94.4645284058	7	7138
2000	140	94.4109648126	1	7139
2001	137	94.3721344402	2	7141
2002	137	94.2764324005	3	7144
2003	138	94.360216975	5	7149
2004	134	94.412941806	6	7155
2005	134	94.4170995573	4	7159
2006	132	94.4194579244	3	7162
2007	127	94.3783553801	5	7167
2008	127	94.3700569983	5	7172
2009	132	94.3629232198	4	7176
2010	137	94.276242973	1	7177
2011	132	94.3116320547	7	7184
2012	133	94.3014717777	0	7184
2013	132	94.36106297	3	7187
2014	130	94.3353427277	1	7188
2015	131	94.2886478288	5	7193
2016	126	94.217043906	5	7198
2017	127	94.2674069353	6	7204
2018	122	94.179347568	4	7208
2019	125	94.0928535066	0	7208
2020	128	94.15946957	2	7210
2021	124	94.233360696	5	7215
2022	127	94.2355096423	2	7217
2023	123	94.3272299956	7	7224
2024	118	94.4076094168	7	7231
2025	123	94.3709337736	0	7231
2026	122	94.4078624575	1	7232
2027	118	94.4768522226	2	7234
2028	119	94.4858083696	2	7236
2029	123	94.4071772237	7	7243
2030	118	94.3491839708	5	7248
2031	123	94.3762179659	1	7249
2032	124	94.4444138545	0	7249
2033	120	94.3675278404	3	7252
2034	115	94.3391228137	6	7258
2035	110	94.3954108127	1	7259
2036	113	94.4141687465	5	7264
2037	113	94.4497483317	6	7270
2038	111	94.4654884283	4	7274
2039	113	94.4611722372	6	7280
2040	111	94.4116605082	6	7286
2041	108	94.316489209	3	7289
2042	103	94.3777230089	0	7289
2043	100	94.3033184233	2	7291
2044	102	94.3686913366	6	7297
2045	106	94.2967898992	5	7302
2046	111	94.2130519648	5	7307
2047	109	94.2654560391	6	7313
2048	107	94.2910585192	3	7316
2049	106	94.3436246338	1	7317
2050	102	94.4257241391	4	7321
2051	102	94.3868381244	6	7327
2052	104	94.4407125143	3	7330
2053	105	94.4934247897	5	7335
2054	110	94.4910036161	2	7337
2055	106	94.5528245789	3	7340
2056	109	94.4797266965	4	7344
2057	113	94.4068959588	2	7346
2058	117	94.335900607	1	7347
2059	116	94.3571190568	4	7351
2060	119	94.2866279389	6	7357
2061	116	94.1993896639	6	7363
2062	117	94.1343761309	5	7368
2063	121	94.1283596257	6	7374
2064	120	94.0594784717	0	7374
2065	120	94.0882431865	5	7379
2066	116	94.0012723441	4	7383
2067	120	94.0098842668	0	7383
2068	125	94.0722031337	3	7386
2069	126	94.1520073189	6	7392
2070	126	94.1798344345	4	7396
2071	131	94.1849492762	7	7403
2072	135	94.2294059706	2	7405
2073	140	94.1682248802	2	7407
2074	135	94.1603526569	1	7408
2075	131	94.2204994486	7	7415
2076	129	94.2957684229	5	7420
2077	126	94.2317056539	0	7420
2078	128	94.2258113846	4	7424
2079	130	94.2193082621	1	7425
2080	126	94.2270618559	7	7432
2081	124	94.3155605691	0	7432
2082	126	94.4134191414	7	7439
2083	121	94.360516252	7	7446
2084	123	94.2705802457	3	7449
2085	120	94.2350835828	6	7455
2086	124	94.1617094789	3	7458
2087	121	94.229890613	7	7465
2088	125	94.13259395	7	7472
2089	123	94.1854717496	3	7475
2090	121	94.1416735678	4	7479
2091	116	94.0677267974	0	7479
2092	114	94.1192648952	0	7479
2093	110	94.0810047648	4	7483
2094	113	94.0172536182	3	7486
2095	116	93.9776905729	1	7487
2096	117	93.9117576737	3	7490
2097	114	93.9106071292	0	7490
2098	109	93.9780712444	3	7493
2099	114	94.0667634557	5	7498
2100	110	94.117428984	2	7500
2101	109	94.1962982659	6	7506
2102	110	94.2921630664	3	7509
2103	114	94.3714183491	2	7511
2104	113	94.2940572035	7	7518
2105	108	94.1998197364	4	7522
2106	103	94.1172187563	4	7526
2107	104	94.0501865178	6	7532
2108	109	94.0227835514	7	7539
2109	106	94.0286810992	2	7541
2110	110	93.9737295655	0	7541
2111	110	94.0147912066	5	7546
2112	107	93.9530478008	6	7552
2113	108	93.9626927031	0	7552
2114	109	94.0078259004	4	7556
2115	114	93.9530014662	0	7556
2116	111	93.8748161303	3	7559
2117	115	93.8409014917	5	7564
2118	117	93.8450845963	2	7566
2119	119	93.9164941874	1	7567
2120	120	93.9899629458	1	7568
2121	115	93.9282009025	2	7570
2122	111	93.8327992193	2	7572
2123	116	93.8682180445	4	7576
2124	113	93.9434297656	6	7582
2125	108	93.9902283757	4	7586
2126	113	94.0249689499	6	7592
2127	110	93.9585097319	0	7592
2128	108	93.8977403196	7	7599
2129	108	93.9602082662	2	7601
2130	106	94.033388808	7	7608
2131	109	94.1139975651	2	7610
2132	111	94.0414718122	4	7614
2133	115	93.9961563507	2	7616
2134	113	93.9872305069	7	7623
2135	109	93.9127730402	2	7625
2136	104	93.839942654	2	7627
2137	104	93.7402223398	3	7630
2138	103	93.832606979	2	7632
2139	103	93.8231311552	6	7638
2140	103	93.9024395544	3	7641
2141	104	93.9972940559	7	7648
2142	100	94.0058922951	0	7648
2143	102	93.9229115219	3	7651
2144	104	93.8929625536	0	7651
2145	101	93.9886654823	6	7657
2146	101	93.9329604846	7	7664
2147	97	94.0265254582	5	7669
2148	97	93.9564589962	7	7676
2149	93	93.9441994819	6	7682
2150	88	93.9145707339	3	7685
2151	85	94.0088416667	4	7689
2152	84	94.0591222434	3	7692
2153	89	94.095197846	7	7699
2154	87	94.0462123284	2	7701
2155	90	94.0340813516	6	7707
2156	88	94.030346936	2	7709
2157	93	94.0527313664	7	7716
2158	90	94.0150393667	4	7720
2159	85	93.9375687911	4	7724
2160	88	93.9587788743	7	7731
2161	83	93.9481087433	3	7734
2162	86	94.0046670091	7	7741
2163	91	94.1017341643	6	7747
2164	86	94.1354083607	2	7749
2165	89	94.0660948811	4	7753
2166	93	94.0247711118	5	7758
2167	95	94.1144780685	6	7764
2168	99	94.0640551095	4	7768
2169	97	94.1067182239	0	7768
2170	98	94.0197231929	6	7774
2171	96	94.0862970653	1	7775
2172	101	94.0546545964	0	7775
2173	104	94.1368433897	7	7782
2174	109	94.1235074756	5	7787
2175	107	94.1346114627	4	7791
2176	109	94.1842809396	2	7793
2177	111	94.2345052817	3	7796
2178	114	94.2996579396	2	7798
2179	110	94.3859589492	3	7801
2180	105	94.4797147822	2	7803
2181	107	94.4844355231	6	7809
2182	111	94.547263496	4	7813
2183	116	94.4659821692	3	7816
2184	113	94.5384930159	2	7818
2185	117	94.5671829797	5	7823
2186	112	94.4691323322	0	7823
2187	110	94.4981255482	3	7826
2188	107	94.5664880121	1	7827
2189	106	94.4733733072	7	7834
2190	105	94.4513375838	4	7838
2191	109	94.3876402039	6	7844
2192	109	94.357128781	5	7849
2193	106	94.2783248253	1	7850
2194	109	94.3533018645	5	7855
2195	108	94.3509738621	3	7858
2196	111	94.2704314591	7	7865
2197	106	94.1831317612	4	7869
2198	103	94.2066928553	6	7875
2199	108	94.2064538728	7	7882
2200	107	94.1999439087	5	7887
2201	103	94.2325861851	4	7891
2202	101	94.278155432	7	7898
2203	103	94.2077607297	7	7905
2204	108	94.2676960944	2	7907
2205	110	94.2175329664	0	7907
2206	106	94.2832821113	1	7908
2207	103	94.3213468341	4	7912
2208	103	94.2278564412	7	7919
2209	99	94.2859240867	0	7919
2210	102	94.1957859463	3	7922
2211	103	94.1595245106	0	7922
2212	98	94.1848916552	3	7925
2213	93	94.1779818028	6	7931
2214	92	94.2300692335	2	7933
2215	90	94.2615000115	6	7939
2216	89	94.3302334965	3	7942
2217	87	94.3190524622	5	7947
2218	88	94.2826119631	4	7951
2219	89	94.2552721531	5	7956
2220	85	94.1945546156	7	7963
2221	87	94.2312281288	5	7968
2222	85	94.3111166988	4	7972
2223	81	94.2197873608	3	7975
2224	84	94.2944243134	7	7982
2225	88	94.3649400746	4	7986
2226	83	94.3026336008	3	7989
2227	83	94.3579016607	3	7992
2228	82	94.2710594818	3	7995
2229	82	94.3695864947	6	8001
2230	85	94.3382728603	5	8006
2231	81	94.4359057109	1	8007
2232	84	94.3435275893	7	8014
2233	84	94.2595737114	7	8021
2234	83	94.2305506474	5	8026
2235	85	94.2933327702	7	8033
2236	85	94.2876270833	2	8035
2237	84	94.3809862185	1	8036
2238	88	94.3011436891	4	8040
2239	84	94.2748324579	0	8040
2240	86	94.270872284	6	8046
2241	82	94.2028042067	7	8053
2242	85	94.2639900134	0	8053
2243	81	94.3016819656	3	8056
2244	77	94.3843493827	3	8059
2245	74	94.4349115894	3	8062
2246	72	94.433543214	3	8065
2247	76	94.5018912235	7	8072
2248	74	94.4881735867	1	8073
2249	74	94.4906977986	3	8076
2250	71	94.422957085	7	8083
2251	68	94.4633487558	6	8089
2252	65	94.4277319778	5	8094
