1	127	94.9099142461	4	4
2	124	94.8111271816	0	4
3	127	94.8786055439	1	5
4	126	94.8566903446	5	10
5	125	94.9535192625	3	13
6	127	94.9887055475	4	17
7	127	95.0830248869	3	20
8	126	95.0542904475	5	25
9	129	95.0210002257	7	32
10	127	95.0941114657	2	34
11	125	95.1575444347	5	39
12	127	95.1337196971	6	45
13	132	95.1800444096	7	52
14	129	95.085969939	1	53
15	131	95.0826261331	3	56
16	136	95.1480153664	3	59
17	139	95.2384477228	0	59
18	142	95.276624686	6	65
19	143	95.3185751982	4	69
20	143	95.2540673995	3	72
21	145	95.2113166971	2	74
22	144	95.2505953313	2	76
23	146	95.1652087816	3	79
24	149	95.2085246454	2	81
25	153	95.1885242999	7	88
26	151	95.184923425	4	92
27	155	95.2691239905	3	95
28	156	95.3676743294	6	101
29	160	95.3139312934	2	103
30	164	95.3745683345	7	110
31	163	95.4361417838	4	114
32	168	95.4632787389	1	115
33	171	95.3950196093	5	120
34	171	95.300662588	7	127
35	170	95.3982556699	6	133
36	175	95.4213510288	4	137
37	171	95.3622680254	5	142
38	172	95.44523162	1	143
39	174	95.4978847678	6	149
40	179	95.5879402785	5	154
41	174	95.5618597549	6	160
42	172	95.4648161415	2	162
43	174	95.4117058055	6	168
44	172	95.4160781609	4	172
45	173	95.3758100994	2	174
46	170	95.3888062513	5	179
47	171	95.3061215727	6	185
48	176	95.3018206863	5	190
49	178	95.2334874228	7	197
50	176	95.3210031985	7	204
51	175	95.3802696369	4	208
52	179	95.2956837635	1	209
53	178	95.3225378315	1	210
54	181	95.2670015941	6	216
55	186	95.3436474898	4	220
56	181	95.3182664542	5	225
57	181	95.2730285281	5	230
58	186	95.1953589259	2	232
59	182	95.1732103424	4	236
60	182	95.1134078411	4	240
61	185	95.1910837476	6	246
62	188	95.1129708172	3	249
63	187	95.1422595897	7	256
64	186	95.1314553723	2	258
65	188	95.176461526	2	260
66	189	95.1345505428	2	262
67	187	95.0966394654	7	269
68	183	95.141726844	5	274
69	187	95.1197997422	4	278
70	191	95.0342866952	0	278
71	193	95.0010066275	2	280
72	194	94.9059654963	1	281
73	190	94.8291485372	4	285
74	190	94.7983645881	4	289
75	187	94.7137669685	5	294
76	185	94.7944980406	4	298
77	182	94.7011072984	7	305
78	181	94.6761031464	2	307
79	177	94.7132059733	7	314
80	176	94.674398064	3	317
81	181	94.6783925246	1	318
82	177	94.6133883055	5	323
83	180	94.5924542207	1	324
84	177	94.5009856257	6	330
85	173	94.4340086226	2	332
86	168	94.4812029943	1	333
87	172	94.516474651	3	336
88	176	94.4321502837	5	341
89	173	94.4108958198	0	341
90	169	94.4110052519	4	345
91	170	94.344113963	3	348
92	168	94.4338802754	4	352
93	173	94.5186929852	2	354
94	177	94.4822815461	7	361
95	180	94.5260246072	2	363
96	176	94.4498248851	6	369
97	179	94.4219980881	7	376
98	180	94.4970865048	6	382
99	185	94.5814312435	4	386
100	188	94.5428409611	4	390
101	185	94.4701271019	7	397
102	180	94.5650711459	0	397
103	184	94.4808251788	7	404
104	182	94.4547110395	5	409
105	186	94.5496278759	6	415
106	191	94.5914028114	1	416
107	194	94.5183960846	5	421
108	191	94.5781433915	4	425
109	189	94.5176508013	1	426
110	194	94.5498734881	3	429
111	197	94.4788771955	3	432
112	195	94.4773768648	3	435
113	190	94.5384445028	6	441
114	194	94.4705766752	7	448
115	193	94.5292260979	3	451
116	189	94.5724310215	0	451
117	189	94.6418008291	0	451
118	185	94.5537481748	6	457
119	189	94.539348616	7	464
120	189	94.4483147578	1	465
121	188	94.5125374102	2	467
122	186	94.5367723301	3	470
123	189	94.622342333	4	474
124	189	94.6712061071	3	477
125	190	94.6543794331	6	483
126	195	94.6253569031	6	489
127	199	94.6839341559	5	494
128	194	94.7449326687	5	499
129	189	94.7875699906	6	505
130	187	94.7862423539	4	509
131	186	94.7660781725	6	515
132	188	94.8262315516	6	521
133	187	94.8451221242	1	522
134	182	94.8147550813	5	527
135	178	94.8445544929	3	530
136	178	94.7814860881	3	533
137	183	94.8144380516	1	534
138	181	94.72671721	3	537
139	181	94.6802294107	2	539
140	176	94.7286734455	3	542
141	177	94.6722092204	5	547
142	175	94.7692114549	6	553
143	177	94.7677995168	1	554
144	177	94.6786204463	2	556
145	172	94.7051471591	2	558
146	168	94.7561461286	3	561
147	164	94.6616018325	6	567
148	167	94.6905334476	3	570
149	167	94.7175024266	7	577
150	171	94.6376134939	1	578
151	174	94.723959722	3	581
152	179	94.7078635623	6	587
153	183	94.6580534424	2	589
154	188	94.5601188451	6	595
155	185	94.5646234858	7	602
156	184	94.6602402286	5	607
157	179	94.6687753653	1	608
158	181	94.7572016312	1	609
159	180	94.7944930905	6	615
160	181	94.7714041559	7	622
161	179	94.6922429717	2	624
162	176	94.6079295067	6	630
163	178	94.643203232	1	631
164	180	94.5470567518	6	637
165	179	94.6096672158	5	642
166	177	94.6484524725	7	649
167	174	94.71602036	3	652
168	172	94.7277651059	6	658
169	175	94.8009823641	6	664
170	174	94.8432168728	4	668
171	178	94.8941077417	7	675
172	180	94.854228373	3	678
173	184	94.8305761801	5	683
174	188	94.8115999568	7	690
175	185	94.7950834197	3	693
176	183	94.8160800833	3	696
177	180	94.7553675573	3	699
178	184	94.7583756966	7	706
179	181	94.6806460767	2	708
180	177	94.7404469231	3	711
181	172	94.7830706983	5	716
182	175	94.7200483132	5	721
183	176	94.6522122378	6	727
184	178	94.6274525582	4	731
185	180	94.5390075068	6	737
186	175	94.5981118947	5	742
187	172	94.6876377018	5	747
188	177	94.652349981	0	747
189	180	94.669121846	4	751
190	182	94.6562013811	7	758
191	179	94.7257631031	7	765
192	179	94.6496565187	1	766
193	181	94.5957161286	6	772
194	176	94.5312811878	7	779
195	178	94.4902986776	0	779
196	173	94.5073342692	6	785
197	175	94.5685620497	2	787
198	172	94.4794946138	7	794
199	173	94.5351124653	7	801
200	177	94.4909803822	6	807
201	178	94.5422639216	0	807
202	174	94.4841803149	2	809
203	179	94.4825604093	1	810
204	178	94.5744381957	6	816
205	174	94.5125096815	4	820
206	178	94.4873763047	6	826
207	173	94.5094594532	3	829
208	170	94.5079081151	4	833
209	170	94.5217058823	2	835
210	168	94.5439173492	7	842
211	163	94.5259706694	4	846
212	166	94.5769690706	2	848
213	161	94.599874597	3	851
214	157	94.5158263361	2	853
215	157	94.6079603312	5	858
216	157	94.6665530702	3	861
217	158	94.6784949784	2	863
218	163	94.6733599303	3	866
219	166	94.6872590936	3	869
220	163	94.7463419356	6	875
221	160	94.7199201437	2	877
222	160	94.7208701496	3	880
223	163	94.6540957031	6	886
224	168	94.6042476381	5	891
225	167	94.54126802	6	897
226	164	94.5455613125	2	899
227	163	94.5523909938	3	902
228	166	94.5960417711	3	905
229	167	94.5831248115	6	911
230	167	94.6375257203	4	915
231	168	94.6558842223	7	922
232	166	94.707453931	4	926
233	167	94.6633882192	6	932
234	162	94.6843982777	4	936
235	158	94.7729964892	7	943
236	159	94.8209001149	6	949
237	160	94.8663729895	5	954
238	158	94.8861821578	6	960
239	153	94.8462895551	2	962
240	152	94.8806051055	2	964
241	151	94.9198192844	5	969
242	151	94.8613797042	0	969
243	154	94.9116915965	5	974
244	149	94.8674321263	1	975
245	145	94.8179030161	3	978
246	142	94.8326641994	7	985
247	141	94.7449585345	2	987
248	146	94.8089144977	6	993
249	147	94.8028871945	3	996
250	145	94.7294358672	1	997
251	150	94.6340080664	2	999
252	149	94.6185366209	5	1004
253	149	94.5777870288	5	1009
254	149	94.6294916997	1	1010
255	145	94.5636291509	1	1011
256	141	94.5537485268	5	1016
257	143	94.4607751007	0	1016
258	147	94.4430677819	2	1018
259	146	94.4524413437	2	1020
260	151	94.5194094512	6	1026
261	149	94.4237211769	3	1029
262	145	94.5195702184	7	1036
263	146	94.5675893541	6	1042
264	151	94.66477165	2	1044
265	147	94.6258200385	4	1048
266	151	94.6642045778	7	1055
267	152	94.6299232052	6	1061
268	147	94.5956955243	0	1061
269	148	94.6705469301	4	1065
270	153	94.6486057498	2	1067
271	153	94.5890288238	7	1074
272	150	94.6011906337	0	1074
273	148	94.5367117614	1	1075
274	146	94.5749490872	4	1079
275	143	94.5742202227	4	1083
276	141	94.610474733	1	1084
277	142	94.6810002983	0	1084
278	146	94.7012707317	5	1089
279	143	94.7201421781	7	1096
280	141	94.7186094827	2	1098
281	136	94.7920324406	5	1103
282	131	94.8826917045	3	1106
283	135	94.8539349053	0	1106
284	131	94.944516923	1	1107
285	134	94.9622745323	5	1112
286	139	95.0424762837	4	1116
287	134	95.1413543501	6	1122
288	129	95.0596077275	5	1127
289	127	94.9817587189	6	1133
290	131	95.0373062964	3	1136
291	132	95.0882880934	7	1143
292	127	95.1301865115	6	1149
293	124	95.079365766	7	1156
294	123	95.0647131396	3	1159
295	119	95.0020176799	4	1163
296	120	94.9111191996	5	1168
297	117	94.8914707726	7	1175
298	113	94.8314274204	1	1176
299	112	94.7812000082	1	1177
300	108	94.8108960383	5	1182
301	104	94.8989803741	4	1186
302	108	94.8145920006	0	1186
303	113	94.8836300525	3	1189
304	118	94.831097851	4	1193
305	114	94.8116220002	1	1194
306	117	94.7627488116	7	1201
307	122	94.6910033661	0	1201
308	126	94.6968448718	7	1208
309	124	94.6671148259	2	1210
310	128	94.630004773	0	1210
311	131	94.5757786841	3	1213
312	131	94.655675603	1	1214
313	135	94.7294747179	3	1217
314	132	94.7118929365	6	1223
315	135	94.7082396418	3	1226
316	138	94.7208340715	2	1228
317	139	94.6615148891	7	1235
318	134	94.7511467566	3	1238
319	131	94.6703590454	7	1245
320	126	94.6270383096	2	1247
321	131	94.6850122151	2	1249
322	133	94.6378084505	7	1256
323	129	94.6807805414	1	1257
324	131	94.7164333473	4	1261
325	135	94.7638698955	4	1265
326	130	94.846544374	2	1267
327	130	94.9257619746	2	1269
328	133	94.9761302766	4	1273
329	130	94.9316223833	5	1278
330	135	94.9496834401	0	1278
331	132	94.9841490677	2	1280
332	127	95.06735327	2	1282
333	122	95.0631480392	7	1289
334	124	95.1623071294	1	1290
335	120	95.0693524189	0	1290
336	118	95.0431631242	2	1292
337	121	95.1196561139	4	1296
338	123	95.1775730472	3	1299
339	126	95.2297816873	2	1301
340	121	95.2605515782	0	1301
341	122	95.2929516238	6	1307
342	121	95.2189208082	6	1313
343	116	95.1963518661	4	1317
344	121	95.2235700182	6	1323
345	126	95.135692951	3	1326
346	121	95.1972361905	1	1327
347	126	95.224218009	1	1328
348	121	95.3145329959	0	1328
349	119	95.285301364	3	1331
350	117	95.3553820706	1	1332
351	120	95.3163580544	2	1334
352	121	95.2460536575	4	1338
353	117	95.2355410982	1	1339
354	120	95.1394258132	6	1345
355	121	95.1457107371	2	1347
356	122	95.1519261191	4	1351
357	125	95.0575558992	3	1354
358	121	94.9756481641	7	1361
359	126	95.0638565186	0	1361
360	128	95.1205596162	2	1363
361	125	95.1766519828	7	1370
362	121	95.099022998	4	1374
363	116	95.0724883466	7	1381
364	111	95.0845093793	6	1387
365	111	95.1013705081	5	1392
366	109	95.0566548362	4	1396
367	114	95.076093093	2	1398
368	118	95.0689288859	7	1405
369	113	94.9877504909	3	1408
370	109	95.0227007555	7	1415
371	104	95.0189974338	2	1417
372	102	94.9416674428	7	1424
373	102	94.9016888572	6	1430
374	104	94.8846973554	1	1431
375	103	94.8313378017	6	1437
376	106	94.9066058594	0	1437
377	102	94.8452308468	1	1438
378	100	94.8253958373	4	1442
379	101	94.895148439	1	1443
380	104	94.834835666	7	1450
381	107	94.9271068033	2	1452
382	102	94.9116980459	0	1452
383	99	94.8661023876	1	1453
384	94	94.9234020125	1	1454
385	89	94.8466491971	3	1457
386	88	94.7580638622	3	1460
387	85	94.7964435693	1	1461
388	82	94.8491789189	7	1468
389	83	94.7683966117	5	1473
390	83	94.8505170097	6	1479
391	82	94.7711925774	1	1480
392	83	94.7027830024	7	1487
393	82	94.6143437492	3	1490
394	79	94.5981091503	0	1490
395	76	94.5602312284	3	1493
396	79	94.5066253358	2	1495
397	75	94.5661391751	1	1496
398	70	94.5909159561	0	1496
399	74	94.5781574169	7	1503
400	71	94.617951315	3	1506
401	75	94.68168865	0	1506
402	80	94.6409877297	4	1510
403	83	94.5841794528	4	1514
404	78	94.5610257642	1	1515
405	80	94.6510194346	6	1521
406	76	94.7239929648	7	1528
407	74	94.6570387332	7	1535
408	74	94.6525058329	5	1540
409	74	94.7192306125	3	1543
410	73	94.7283538131	7	1550
411	73	94.6440767465	2	1552
412	75	94.5464197197	0	1552
413	79	94.5808944137	4	1556
414	78	94.5725994184	7	1563
415	76	94.6667639497	3	1566
416	73	94.6617711643	0	1566
417	77	94.6602574793	4	1570
418	82	94.6795362254	1	1571
419	83	94.7794820288	2	1573
420	78	94.8032769184	3	1576
421	73	94.8151261397	0	1576
422	70	94.7408911625	2	1578
423	74	94.734387919	0	1578
424	71	94.6978887299	4	1582
425	75	94.7149747597	6	1588
426	75	94.7536502613	7	1595
427	74	94.8106692513	0	1595
428	77	94.8122968927	1	1596
429	72	94.8821012008	7	1603
430	72	94.9436478106	1	1604
431	71	94.9409458672	1	1605
432	68	94.8751336733	1	1606
433	72	94.8048155377	3	1609
434	71	94.8961055956	4	1613
435	71	94.9157901696	4	1617
436	72	94.9228925159	4	1621
437	77	94.8271260978	4	1625
438	81	94.7447957717	6	1631
439	85	94.8415818363	4	1635
440	88	94.7516224899	4	1639
441	87	94.6934585287	5	1644
442	90	94.6999741495	5	1649
443	94	94.7175264153	0	1649
444	98	94.6349245786	3	1652
445	97	94.6538380973	0	1652
446	102	94.6940729428	0	1652
447	101	94.6721405894	6	1658
448	106	94.731294771	2	1660
449	107	94.6935100696	5	1665
450	108	94.6677207747	6	1671
451	112	94.584948406	3	1674
452	107	94.5819696945	7	1681
453	108	94.6798941381	6	1687
454	112	94.7581798073	3	1690
455	113	94.8078096297	2	1692
456	109	94.7999958114	7	1699
457	109	94.7619060825	7	1706
458	108	94.7030313662	1	1707
459	106	94.6845713549	5	1712
460	106	94.6428162156	0	1712
461	111	94.6790835497	2	1714
462	114	94.7013732977	3	1717
463	116	94.6526493758	1	1718
464	118	94.7509963105	3	1721
465	121	94.6536342261	7	1728
466	116	94.6130598891	7	1735
467	118	94.6653432178	2	1737
468	117	94.6216587846	1	1738
469	116	94.7179030397	4	1742
470	121	94.7969393737	1	1743
471	123	94.8855128887	2	1745
472	125	94.926012797	4	1749
473	121	95.0250786231	5	1754
474	118	94.9287768977	1	1755
475	117	94.9485178266	3	1758
476	117	94.9230673522	3	1761
477	118	94.9377813904	5	1766
478	123	94.9462506945	5	1771
479	118	94.9837902163	6	1777
480	122	94.9009921456	5	1782
481	123	94.9653147632	6	1788
482	124	94.9342214854	1	1789
483	122	94.9565522951	4	1793
484	127	94.8825176413	1	1794
485	125	94.9097220764	6	1800
486	125	95.0065219394	3	1803
487	127	94.9148458864	3	1806
488	126	94.946822297	1	1807
489	125	94.8560521771	4	1811
490	126	94.9498704725	4	1815
491	124	94.9055362359	5	1820
492	121	94.8611980912	0	1820
493	126	94.912975972	3	1823
494	126	94.9494816359	6	1829
495	125	95.0248776255	1	1830
496	127	94.9863336634	5	1835
497	127	95.0458037165	6	1841
498	132	94.9915867358	5	1846
499	134	95.0333035705	0	1846
500	133	95.0231719761	3	1849
501	135	95.0248515438	3	1852
502	137	95.0334855435	5	1857
503	132	94.9831221003	5	1862
504	127	95.0756826397	4	1866
505	130	95.0062669159	3	1869
506	131	94.9169683916	2	1871
507	131	94.9321230777	6	1877
508	130	94.8568894422	3	1880
509	128	94.9342582689	5	1885
510	132	94.9110715561	7	1892
511	132	94.9794720099	1	1893
512	130	94.9037904668	5	1898
513	131	94.8282699131	6	1904
514	132	94.7696017154	7	1911
515	134	94.729363215	7	1918
516	133	94.712923747	0	1918
517	135	94.7646666002	4	1922
518	140	94.7226263758	0	1922
519	135	94.7493608317	0	1922
520	138	94.8232181205	0	1922
521	138	94.7761145269	5	1927
522	138	94.7202703127	2	1929
523	135	94.7780034646	4	1933
524	132	94.7581942347	5	1938
525	129	94.7867749001	1	1939
526	132	94.8072964182	0	1939
527	137	94.8447471769	7	1946
528	142	94.8034664823	0	1946
529	144	94.7955713673	3	1949
530	141	94.8501840222	1	1950
531	144	94.8155648678	5	1955
532	140	94.724687889	0	1955
533	139	94.7502259505	6	1961
534	140	94.7164636412	2	1963
535	144	94.7001421006	4	1967
536	145	94.602670129	2	1969
537	141	94.5908494153	5	1974
538	144	94.5072571623	4	1978
539	145	94.4090956472	7	1985
540	150	94.3687865841	0	1985
541	146	94.351669495	2	1987
542	143	94.3097187555	5	1992
543	141	94.2847320352	0	1992
544	141	94.2661226907	7	1999
545	139	94.1713729062	7	2006
546	138	94.2479411702	0	2006
547	143	94.1754680898	1	2007
548	145	94.273758434	7	2014
549	142	94.2328105225	3	2017
550	137	94.2095753842	6	2023
551	139	94.1578989718	5	2028
552	137	94.2515847193	2	2030
553	134	94.3450277297	3	2033
554	134	94.3192327415	3	2036
555	130	94.3130836955	5	2041
556	130	94.2305249653	4	2045
557	132	94.2837019817	6	2051
558	134	94.2750541113	7	2058
559	132	94.3109320381	4	2062
560	136	94.2750904096	0	2062
561	134	94.26056603	4	2066
562	130	94.3081711141	5	2071
563	130	94.3825886404	4	2075
564	126	94.3475484813	1	2076
565	131	94.3710274461	0	2076
566	136	94.3587284286	3	2079
567	134	94.442031561	4	2083
568	130	94.4027947974	3	2086
569	132	94.4733540043	4	2090
570	131	94.4346502601	7	2097
571	132	94.4160669171	6	2103
572	132	94.3458776974	2	2105
573	134	94.316189807	0	2105
574	137	94.3046660899	0	2105
575	141	94.2999792235	2	2107
576	141	94.3342729034	4	2111
577	145	94.3238420146	7	2118
578	146	94.3216371347	5	2123
579	147	94.3686323845	6	2129
580	147	94.359759432	2	2131
581	144	94.4214102136	5	2136
582	149	94.472501847	5	2141
583	154	94.4513955529	6	2147
584	150	94.3648585781	5	2152
585	155	94.3653552	3	2155
586	156	94.3596745121	5	2160
587	159	94.3802922898	2	2162
588	161	94.4338097059	4	2166
589	163	94.3601274058	1	2167
590	167	94.3003049649	5	2172
591	171	94.309971527	7	2179
592	168	94.3482168023	7	2186
593	164	94.250906062	4	2190
594	169	94.2904985154	7	2197
595	173	94.3611924892	1	2198
596	175	94.2775180469	4	2202
597	175	94.2492855663	2	2204
598	171	94.2850412329	6	2210
599	173	94.3085546334	5	2215
600	177	94.3905630398	7	2222
601	173	94.3088561992	7	2229
602	177	94.3415529501	4	2233
603	179	94.3494832378	5	2238
604	174	94.2827634578	3	2241
605	178	94.2823678257	6	2247
606	175	94.3628515936	5	2252
607	175	94.411704676	6	2258
608	177	94.3428821026	1	2259
609	180	94.4388862531	6	2265
610	175	94.519453357	4	2269
611	180	94.5423180899	1	2270
612	185	94.6335025573	4	2274
613	183	94.5771257556	4	2278
614	184	94.6296334133	6	2284
615	182	94.6767286287	2	2286
616	187	94.7526001279	3	2289
617	186	94.7408456247	4	2293
618	184	94.735904576	0	2293
619	180	94.8236406072	3	2296
620	177	94.7334080943	5	2301
621	182	94.6970665684	3	2304
622	181	94.7124269656	7	2311
623	181	94.7988077722	6	2317
624	183	94.8400383547	2	2319
625	187	94.8900534545	4	2323
626	185	94.8788936824	2	2325
627	182	94.8876617375	0	2325
628	177	94.8783033488	2	2327
629	173	94.9634205878	6	2333
630	171	94.9896077888	7	2340
631	167	94.9118815922	3	2343
632	172	94.9239406347	1	2344
633	175	95.0108861897	5	2349
634	180	94.9247283291	7	2356
635	184	94.9509729988	6	2362
636	188	94.981396198	5	2367
637	189	95.0518225693	4	2371
638	187	95.0616340558	6	2377
639	186	94.9912010112	6	2383
640	184	95.084539387	5	2388
641	186	95.1639217003	7	2395
642	189	95.1545471848	5	2400
643	185	95.073592341	2	2402
644	181	95.1414329452	3	2405
645	186	95.1050124615	6	2411
646	189	95.1389650187	6	2417
647	185	95.1422428104	3	2420
648	186	95.1088305763	4	2424
649	188	95.1099562371	5	2429
650	186	95.0977878752	4	2433
651	187	95.058027398	2	2435
652	183	94.9634066291	3	2438
653	188	94.9906085042	3	2441
654	192	94.9823220909	5	2446
655	192	95.0290170353	7	2453
656	195	95.0488715493	7	2460
657	200	95.0144672203	6	2466
658	197	94.9534699565	3	2469
659	197	95.0110746869	4	2473
660	197	94.995383045	7	2480
661	193	94.9096376396	4	2484
662	195	94.9445300954	4	2488
663	191	94.9439339529	5	2493
664	195	95.0011776494	6	2499
665	193	95.0104983734	4	2503
666	189	95.0217610938	5	2508
667	189	95.0555740619	4	2512
668	191	95.0405315398	7	2519
669	193	95.0252331051	7	2526
670	196	94.9454418895	2	2528
671	200	94.8538529687	7	2535
672	198	94.8899414487	2	2537
673	198	94.9607543145	2	2539
674	196	94.9361386562	6	2545
675	200	94.8741428191	5	2550
676	199	94.9589873587	1	2551
677	198	94.9746322716	2	2553
678	194	94.9063438471	2	2555
679	195	94.9333053484	2	2557
680	197	94.8610136549	3	2560
681	193	94.8165054679	6	2566
682	190	94.7678198781	6	2572
683	193	94.7735709042	5	2577
684	193	94.8688881712	7	2584
685	188	94.9512818994	4	2588
686	190	94.9458397086	7	2595
687	189	95.0435788979	1	2596
688	188	95.0238148223	5	2601
689	192	95.0834392432	2	2603
690	192	95.116043448	6	2609
691	189	95.0742983866	4	2613
692	189	95.1135647241	5	2618
693	192	95.0639382515	0	2618
694	187	95.0474526266	7	2625
695	191	95.0923902031	2	2627
696	189	95.0884467614	6	2633
697	184	95.1120877438	0	2633
698	180	95.0613725761	4	2637
699	175	94.9749970707	2	2639
700	177	94.9334999621	5	2644
701	176	94.9069985562	5	2649
702	178	94.896824839	3	2652
703	177	94.8902889887	0	2652
704	179	94.9636214077	4	2656
705	180	94.8939755518	3	2659
706	179	94.9634661646	6	2665
707	175	94.8969611927	1	2666
708	179	94.8420517195	7	2673
709	184	94.8313414999	3	2676
710	185	94.7411901098	1	2677
711	181	94.7119003	5	2682
712	184	94.6126772738	2	2684
713	180	94.5824845715	7	2691
714	179	94.5272543446	4	2695
715	174	94.6225529839	1	2696
716	179	94.5567556961	5	2701
717	174	94.4931403997	1	2702
718	176	94.5710130092	1	2703
719	180	94.6555106352	1	2704
720	185	94.7267792861	1	2705
721	183	94.773346026	2	2707
722	185	94.7909224858	0	2707
723	190	94.7790489589	5	2712
724	188	94.755343291	1	2713
725	184	94.7185652612	0	2713
726	184	94.6285108392	0	2713
727	187	94.5655883667	3	2716
728	189	94.4991459575	3	2719
729	190	94.4887490185	6	2725
730	195	94.568994364	5	2730
731	191	94.5393729128	6	2736
732	189	94.5116260772	4	2740
733	186	94.5320738038	2	2742
734	188	94.6131260086	3	2745
735	185	94.6860198172	4	2749
736	185	94.7677231256	6	2755
737	188	94.7348150362	5	2760
738	183	94.7406192691	4	2764
739	183	94.7724122611	3	2767
740	180	94.7746560094	5	2772
741	178	94.8516270348	6	2778
742	173	94.9123712966	5	2783
743	177	94.9458042763	5	2788
744	176	94.858887668	2	2790
745	173	94.8887391005	7	2797
746	171	94.8143023051	0	2797
747	173	94.9101140227	3	2800
748	168	94.9035859092	5	2805
749	171	94.8174905568	0	2805
750	172	94.7582748441	1	2806
751	168	94.7238098791	0	2806
752	171	94.8142138731	1	2807
753	176	94.8796633927	5	2812
754	171	94.8078281914	1	2813
755	171	94.8187775124	7	2820
756	172	94.7719027146	4	2824
757	175	94.787617596	3	2827
758	174	94.8767578288	2	2829
759	175	94.9165742594	0	2829
760	170	94.9543911145	1	2830
761	165	95.0126457337	0	2830
762	164	95.027436198	3	2833
763	166	94.9590132404	4	2837
764	168	94.9372348136	6	2843
765	169	95.0080986822	6	2849
766	164	95.0438290417	5	2854
767	159	95.0538112347	2	2856
768	158	95.1474133175	5	2861
769	155	95.1857218827	1	2862
770	151	95.1370680239	7	2869
771	149	95.0974227298	5	2874
772	154	95.0800705213	4	2878
773	151	95.0988935015	5	2883
774	147	95.1618341776	2	2885
775	147	95.1751591118	2	2887
776	145	95.2743217047	4	2891
777	144	95.2645157033	2	2893
778	143	95.1933656046	7	2900
779	138	95.1927334611	4	2904
780	134	95.1354205676	5	2909
781	136	95.1817906423	6	2915
782	134	95.2675662565	1	2916
783	133	95.3372344776	7	2923
784	138	95.3403023368	7	2930
785	141	95.3940265074	7	2937
786	138	95.4297757603	3	2940
787	137	95.400628206	6	2946
788	141	95.4466077641	5	2951
789	142	95.4528051477	6	2957
790	142	95.515126121	6	2963
791	147	95.4205183386	0	2963
792	145	95.4486748209	3	2966
793	141	95.4263989129	2	2968
794	138	95.3742012714	6	2974
795	133	95.3527730347	1	2975
796	131	95.2932709648	4	2979
797	132	95.3847701545	5	2984
798	133	95.4466766444	3	2987
799	128	95.4119049065	4	2991
800	128	95.3868829064	3	2994
801	124	95.4772275545	4	2998
802	129	95.4361243585	0	2998
803	134	95.4756863458	7	3005
804	133	95.51456575	2	3007
805	128	95.5197849531	1	3008
806	130	95.5146273414	7	3015
807	130	95.5161327278	7	3022
808	135	95.5369701932	7	3029
809	138	95.5651121306	6	3035
810	136	95.6067850981	0	3035
811	131	95.5124537312	0	3035
812	136	95.5794432699	2	3037
813	136	95.5125716372	1	3038
814	139	95.4844739126	3	3041
815	141	95.4320259074	0	3041
816	146	95.4162816604	5	3046
817	149	95.4393595562	7	3053
818	149	95.4945399342	3	3056
819	148	95.4410196644	4	3060
820	145	95.4059177864	3	3063
821	145	95.4314468255	1	3064
822	143	95.3699103447	5	3069
823	141	95.3113618623	2	3071
824	138	95.3171835842	7	3078
825	139	95.2955280485	0	3078
826	138	95.3048916345	0	3078
827	133	95.2631660131	5	3083
828	128	95.1979802888	0	3083
829	131	95.1624779432	2	3085
830	129	95.1695348776	5	3090
831	129	95.2324003306	7	3097
832	127	95.1596730113	4	3101
833	130	95.2164747746	7	3108
834	128	95.2347719565	0	3108
835	130	95.3347450808	2	3110
836	129	95.3947433152	0	3110
837	127	95.2986019851	3	3113
838	130	95.2816637812	1	3114
839	135	95.3129888086	1	3115
840	131	95.31786587	0	3115
841	126	95.2219377893	5	3120
842	121	95.1785580494	6	3126
843	123	95.1563568281	2	3128
844	126	95.100774661	1	3129
845	130	95.0745270907	3	3132
846	130	95.0895715952	7	3139
847	132	95.1216499386	5	3144
848	132	95.2168317926	7	3151
849	137	95.1851002134	1	3152
850	142	95.2628063365	1	3153
851	146	95.1842349417	1	3154
852	149	95.1596794115	7	3161
853	144	95.2346329947	5	3166
854	145	95.3268093082	7	3173
855	146	95.2751205142	0	3173
856	151	95.2329593039	6	3179
857	147	95.1747133132	7	3186
858	146	95.0788473945	5	3191
859	143	95.1264055486	2	3193
860	140	95.0921025619	2	3195
861	135	95.1478134814	0	3195
862	131	95.1410726462	7	3202
863	133	95.2114396768	2	3204
864	130	95.2389964546	2	3206
865	128	95.2510352234	3	3209
866	124	95.1871940008	6	3215
867	129	95.1531367825	0	3215
868	130	95.1380167126	3	3218
869	135	95.1500731538	2	3220
870	140	95.1002582055	1	3221
871	145	95.0046669285	3	3224
872	145	95.0028567711	7	3231
873	143	95.0287663943	5	3236
874	146	95.0890624896	7	3243
875	151	95.0632661899	4	3247
876	151	95.1134784787	5	3252
877	154	95.0257258048	7	3259
878	158	95.1155035602	4	3263
879	155	95.1269912919	1	3264
880	154	95.0386129737	1	3265
881	154	95.0007362251	7	3272
882	149	95.065614613	6	3278
883	150	95.0782386738	7	3285
884	151	95.0954072624	7	3292
885	153	95.0443581223	5	3297
886	150	94.9856697546	5	3302
887	154	94.9322878089	3	3305
888	157	94.9590214386	6	3311
889	157	94.8996714802	6	3317
890	155	94.8596475545	4	3321
891	157	94.8631827056	2	3323
892	158	94.7889871868	3	3326
893	154	94.8726498293	1	3327
894	159	94.9415714246	3	3330
895	155	94.9905348074	3	3333
896	160	95.0454107048	5	3338
897	155	95.0595713177	3	3341
898	154	95.1514518295	2	3343
899	154	95.2049260239	7	3350
900	153	95.1620181407	3	3353
901	157	95.2460233588	4	3357
902	161	95.1931801292	2	3359
903	162	95.2750989055	4	3363
904	160	95.3427537292	1	3364
905	164	95.2869933495	2	3366
906	165	95.3190714421	0	3366
907	161	95.2348500857	3	3369
908	158	95.312932763	6	3375
909	158	95.2392149415	4	3379
910	160	95.2298069697	2	3381
911	164	95.2133514564	6	3387
912	167	95.2911573754	2	3389
913	167	95.3422053412	1	3390
914	170	95.4193270852	3	3393
915	170	95.4473062195	1	3394
916	173	95.3796277346	4	3398
917	171	95.4240353869	2	3400
918	171	95.4696114002	0	3400
919	168	95.4574960507	5	3405
920	166	95.4998443767	2	3407
921	166	95.5520451558	7	3414
922	162	95.5055466294	1	3415
923	157	95.4264077224	6	3421
924	156	95.3740588261	3	3424
925	154	95.3819099909	5	3429
926	155	95.3786695257	7	3436
927	150	95.2913175827	1	3437
928	154	95.3069834522	5	3442
929	156	95.3030710698	0	3442
930	152	95.2923179097	2	3444
931	147	95.2511308244	3	3447
932	142	95.2181959827	0	3447
933	144	95.2456372666	6	3453
934	139	95.1995125701	3	3456
935	135	95.2801651686	7	3463
936	134	95.2275271974	3	3466
937	136	95.2602838924	2	3468
938	141	95.3510237656	0	3468
939	137	95.4463725557	4	3472
940	138	95.437114638	3	3475
941	141	95.4743339126	6	3481
942	139	95.4163299671	4	3485
943	135	95.4687744892	4	3489
944	137	95.4042112952	5	3494
945	132	95.3324221246	4	3498
946	128	95.2992430968	5	3503
947	125	95.2757773619	0	3503
948	124	95.2095032563	1	3504
949	124	95.1095892675	4	3508
950	125	95.204369466	2	3510
951	126	95.1232606216	4	3514
952	123	95.1432388804	7	3521
953	121	95.0637900979	6	3527
954	126	94.9887477781	3	3530
955	130	94.9887711616	3	3533
956	131	95.0492995894	7	3540
957	131	94.9695746442	0	3540
958	126	95.0561725205	1	3541
959	124	94.9982190841	7	3548
960	127	95.003924791	0	3548
961	129	94.9997871116	0	3548
962	132	94.9416016262	2	3550
963	127	94.8788050562	0	3550
964	129	94.7856843307	6	3556
965	128	94.82872469	3	3559
966	126	94.7597853883	0	3559
967	127	94.8108449235	4	3563
968	124	94.8334147144	0	3563
969	126	94.7629334981	5	3568
970	125	94.7333644355	7	3575
971	128	94.7757487192	1	3576
972	126	94.8157243581	0	3576
973	129	94.7350992646	0	3576
974	127	94.6519174008	2	3578
975	128	94.686993938	1	3579
976	125	94.7216572142	6	3585
977	125	94.6557048089	6	3591
978	130	94.6745773312	5	3596
979	127	94.7316756556	2	3598
980	131	94.803507572	1	3599
981	129	94.707175778	6	3605
982	124	94.6863834164	0	3605
983	127	94.7569853993	1	3606
984	122	94.7163059217	6	3612
985	117	94.6337906618	1	3613
986	119	94.5410194012	0	3613
987	117	94.5997141287	1	3614
988	118	94.6714012995	5	3619
989	118	94.7382787487	1	3620
990	114	94.767759302	1	3621
991	114	94.8236046878	6	3627
992	113	94.788784605	2	3629
993	114	94.8472212821	0	3629
994	112	94.915216344	4	3633
995	109	94.9553394967	7	3640
996	105	94.9064725221	5	3645
997	104	94.8989982178	7	3652
998	103	94.8289065711	1	3653
999	99	94.8511915213	3	3656
1000	103	94.8345062683	1	3657
1001	101	94.8896865669	1	3658
1002	100	94.9037369818	4	3662
1003	103	95.0007703759	1	3663
1004	103	94.9814301294	4	3667
1005	103	94.9186021494	3	3670
1006	101	95.0087075075	1	3671
1007	99	94.9382711933	0	3671
1008	103	94.8969074664	7	3678
1009	105	94.9233640995	5	3683
1010	103	94.8735446862	4	3687
1011	108	94.9730318572	4	3691
1012	110	94.9692397433	2	3693
1013	107	95.0493650447	3	3696
1014	103	95.0289237395	3	3699
1015	101	95.0763889673	1	3700
1016	98	94.976507522	4	3704
1017	93	95.0258384916	1	3705
1018	89	95.1082311513	7	3712
1019	94	95.1792156549	2	3714
1020	95	95.2292606101	6	3720
1021	91	95.2096715598	7	3727
1022	92	95.2819093509	0	3727
1023	91	95.3515533517	2	3729
1024	88	95.3277032661	7	3736
1025	86	95.3634642265	2	3738
1026	89	95.3048202997	5	3743
1027	93	95.2266311973	5	3748
1028	94	95.2883026315	4	3752
1029	89	95.1958379917	2	3754
1030	92	95.2738533791	1	3755
1031	89	95.2088550444	0	3755
1032	85	95.118577207	3	3758
1033	84	95.1745687305	7	3765
1034	85	95.1324865943	3	3768
1035	84	95.0992792651	5	3773
1036	79	95.0322361936	0	3773
1037	82	94.9668518273	2	3775
1038	84	95.0453744187	0	3775
1039	80	95.1181993806	2	3777
1040	83	95.1884896724	7	3784
1041	86	95.134631451	4	3788
1042	88	95.1036176087	0	3788
1043	93	95.1601191318	0	3788
1044	88	95.2311745062	5	3793
1045	88	95.1348971535	3	3796
1046	85	95.2098670095	0	3796
1047	84	95.1848557029	3	3799
1048	86	95.0894935481	7	3806
1049	86	95.1868934931	2	3808
1050	91	95.1194279635	5	3813
1051	92	95.1166603361	1	3814
1052	91	95.0208334559	0	3814
1053	94	94.9275265071	4	3818
1054	97	94.9493506753	2	3820
1055	101	94.9017645607	1	3821
1056	106	94.8316802163	0	3821
1057	103	94.7404780821	4	3825
1058	99	94.7567738534	6	3831
1059	97	94.6918019333	5	3836
1060	93	94.7065483427	4	3840
1061	93	94.7379300696	2	3842
1062	89	94.7700801174	5	3847
1063	90	94.7708257739	2	3849
1064	88	94.7581104254	2	3851
1065	88	94.7513834973	4	3855
1066	84	94.6832248754	0	3855
1067	87	94.7768001685	5	3860
1068	90	94.6981092986	3	3863
1069	87	94.6220858796	7	3870
1070	82	94.5391898957	3	3873
1071	83	94.6159909662	5	3878
1072	86	94.6092075212	3	3881
1073	87	94.6445684067	6	3887
1074	86	94.6763484206	7	3894
1075	89	94.7229158021	4	3898
1076	88	94.7754797044	2	3900
1077	89	94.7532071094	5	3905
1078	88	94.8516256633	4	3909
1079	83	94.8355271677	6	3915
1080	79	94.8559872262	1	3916
1081	81	94.8935125907	1	3917
1082	85	94.7953085885	2	3919
1083	90	94.8654187886	3	3922
1084	86	94.9213188771	7	3929
1085	91	95.0195833759	3	3932
1086	95	95.0114921836	2	3934
1087	97	94.9424654962	0	3934
1088	93	94.917987679	1	3935
1089	98	94.9639187587	7	3942
1090	93	94.8679963703	6	3948
1091	96	94.8226553995	1	3949
1092	95	94.7931353932	6	3955
1093	100	94.8061797929	3	3958
1094	96	94.9060444561	6	3964
1095	101	94.9904799652	0	3964
1096	99	94.9250342779	2	3966
1097	104	94.9166414356	6	3972
1098	107	94.9505099834	4	3976
1099	104	94.8618130772	1	3977
1100	103	94.773381423	7	3984
1101	99	94.7901584167	0	3984
1102	98	94.8168376271	0	3984
1103	94	94.856709971	4	3988
1104	91	94.8838284884	0	3988
1105	93	94.8538354678	5	3993
1106	91	94.7692413349	7	4000
1107	89	94.8208118002	7	4007
1108	89	94.8072637054	0	4007
1109	86	94.7264276246	6	4013
1110	82	94.6460914907	0	4013
1111	77	94.7223099549	5	4018
1112	76	94.6994748175	6	4024
1113	71	94.770854222	1	4025
1114	74	94.86982857	1	4026
1115	75	94.789033598	7	4033
1116	80	94.697440365	4	4037
1117	76	94.7642975582	1	4038
1118	74	94.7662694729	7	4045
1119	75	94.724809293	3	4048
1120	76	94.7054162928	4	4052
1121	72	94.7172685992	5	4057
1122	76	94.6815983977	7	4064
1123	77	94.763711752	3	4067
1124	73	94.6936733933	6	4073
1125	75	94.7004236344	0	4073
1126	75	94.6934152016	3	4076
1127	74	94.6627447129	2	4078
1128	70	94.6963593629	4	4082
1129	71	94.6999687103	6	4088
1130	74	94.6441145906	3	4091
1131	69	94.5557295116	6	4097
1132	67	94.6211997864	4	4101
1133	63	94.6811476825	3	4104
1134	58	94.6052584029	5	4109
1135	57	94.5991067417	6	4115
1136	56	94.591184113	2	4117
1137	56	94.5070818326	7	4124
1138	60	94.5859273847	0	4124
1139	62	94.5585800148	5	4129
1140	67	94.5839909376	3	4132
1141	66	94.5593765727	5	4137
1142	67	94.5407951266	3	4140
1143	62	94.5275564909	7	4147
1144	65	94.5740575744	6	4153
1145	61	94.4859042039	7	4160
1146	65	94.5267395928	7	4167
1147	61	94.5957427904	1	4168
1148	56	94.5903460373	0	4168
1149	58	94.5651772673	5	4173
1150	57	94.5329374711	1	4174
1151	61	94.6118143163	7	4181
1152	56	94.570960397	1	4182
1153	56	94.5497685522	4	4186
1154	58	94.4747314997	6	4192
1155	56	94.4752049348	2	4194
1156	54	94.5213086862	7	4201
1157	53	94.569536009	0	4201
1158	50	94.4724233792	0	4201
1159	52	94.4111616453	4	4205
1160	54	94.3586244024	2	4207
1161	50	94.3373491073	1	4208
1162	53	94.3931832894	3	4211
1163	58	94.3725041512	6	4217
1164	60	94.4289094817	7	4224
1165	64	94.386821037	2	4226
1166	62	94.3733278728	2	4228
1167	65	94.3068533595	5	4233
1168	66	94.3942504803	0	4233
1169	63	94.3283366539	0	4233
1170	67	94.4095493644	7	4240
1171	69	94.3768274291	4	4244
1172	66	94.3376927364	4	4248
1173	69	94.3297285781	0	4248
1174	68	94.3981287853	7	4255
1175	71	94.3000230138	2	4257
1176	69	94.2687874983	5	4262
1177	73	94.2632393214	4	4266
1178	71	94.2961116598	4	4270
1179	72	94.3814893754	4	4274
1180	69	94.2953667888	0	4274
1181	73	94.262420569	6	4280
1182	77	94.2260277265	5	4285
1183	72	94.1345399425	3	4288
1184	67	94.0899566948	2	4290
1185	68	94.0712252383	1	4291
1186	73	94.0784512087	5	4296
1187	76	94.0422213546	1	4297
1188	76	94.0773702907	3	4300
1189	73	94.0148705678	2	4302
1190	73	93.9861799703	0	4302
1191	74	94.0199623457	1	4303
1192	69	93.9201467032	7	4310
1193	65	93.9478518339	0	4310
1194	66	93.9934412159	2	4312
1195	68	93.9544022533	4	4316
1196	64	94.0202955469	2	4318
1197	68	94.0193971743	0	4318
1198	68	94.0758717626	4	4322
1199	66	94.0493203555	0	4322
1200	66	94.1273364295	3	4325
1201	69	94.2182760173	1	4326
1202	65	94.2778074157	6	4332
1203	68	94.3103544554	6	4338
1204	65	94.2372448679	5	4343
1205	65	94.144899819	0	4343
1206	64	94.0561112246	6	4349
1207	60	93.9823378334	6	4355
1208	65	93.9065458642	2	4357
1209	70	93.9595652786	5	4362
1210	71	93.8879926721	3	4365
1211	68	93.8636386481	2	4367
1212	69	93.7648011549	7	4374
1213	66	93.6750514906	3	4377
1214	65	93.7533249632	4	4381
1215	67	93.7215708145	2	4383
1216	65	93.7607070053	4	4387
1217	62	93.7367167566	5	4392
1218	67	93.7131908886	7	4399
1219	67	93.6415438583	4	4403
1220	64	93.548365298	7	4410
1221	59	93.6310519349	0	4410
1222	56	93.583294277	6	4416
1223	51	93.6587226327	6	4422
1224	50	93.7142287664	1	4423
1225	50	93.6810270714	5	4428
1226	50	93.6733257006	6	4434
1227	51	93.6854450694	4	4438
1228	55	93.7773386303	1	4439
1229	57	93.6966270721	6	4445
1230	56	93.6697721956	2	4447
1231	51	93.6386900117	2	4449
1232	50	93.7033954564	3	4452
1233	51	93.7515783118	2	4454
1234	55	93.7836513191	6	4460
1235	54	93.7433934716	4	4464
1236	59	93.7528975077	2	4466
1237	60	93.6769274966	2	4468
1238	55	93.6262470582	5	4473
1239	58	93.5470271959	0	4473
1240	59	93.5530465314	2	4475
1241	60	93.6118994882	2	4477
1242	64	93.6545321155	6	4483
1243	68	93.6760868247	5	4488
1244	70	93.6434147582	6	4494
1245	70	93.6812377434	3	4497
1246	74	93.5901127708	5	4502
1247	75	93.6816479793	1	4503
1248	80	93.6086160026	6	4509
1249	85	93.5656841288	2	4511
1250	84	93.6150739549	0	4511
1251	83	93.5223551267	6	4517
1252	80	93.543400493	3	4520
1253	78	93.5403084448	6	4526
1254	81	93.4737955179	0	4526
1255	86	93.5357515207	3	4529
1256	85	93.4413194356	5	4534
1257	86	93.4958080055	7	4541
1258	83	93.460966166	5	4546
1259	86	93.5188194294	7	4553
1260	85	93.5881739011	1	4554
1261	88	93.5608455106	5	4559
1262	83	93.6323733364	6	4565
1263	81	93.6853786125	4	4569
1264	77	93.7441202142	1	4570
1265	72	93.6649813387	7	4577
1266	71	93.6311785006	6	4583
1267	68	93.7299913392	7	4590
1268	68	93.6364715607	0	4590
1269	64	93.6829906318	2	4592
1270	60	93.7256062421	2	4594
1271	63	93.6477284048	3	4597
1272	63	93.7386465949	4	4601
1273	63	93.7166342961	7	4608
1274	66	93.7932689421	3	4611
1275	68	93.7355364438	1	4612
1276	67	93.7601331902	4	4616
1277	64	93.7782473524	1	4617
1278	62	93.7020413641	2	4619
1279	63	93.8019789886	5	4624
1280	64	93.7043144982	5	4629
1281	63	93.6270855327	7	4636
1282	61	93.6902682323	7	4643
1283	56	93.6348265125	0	4643
1284	53	93.6260453527	5	4648
1285	50	93.6900088976	6	4654
1286	50	93.7090646537	4	4658
1287	55	93.6756415874	6	4664
1288	50	93.7261534363	4	4668
1289	50	93.6816695926	2	4670
1290	50	93.705568193	3	4673
1291	54	93.7388498062	4	4677
1292	54	93.7941765093	2	4679
1293	53	93.8375726656	0	4679
1294	50	93.9084632824	1	4680
1295	55	93.8989657129	0	4680
1296	59	93.9153452722	1	4681
1297	64	93.9786612196	3	4684
1298	62	93.9931916569	3	4687
1299	66	94.0337050695	3	4690
1300	65	94.0455797043	4	4694
1301	63	94.0950581047	3	4697
1302	62	94.1541686509	4	4701
1303	59	94.1797204646	3	4704
1304	64	94.2420176213	3	4707
1305	65	94.2621617653	1	4708
1306	66	94.3292048705	2	4710
1307	62	94.3196259309	5	4715
1308	63	94.309463993	2	4717
1309	65	94.3748727877	6	4723
1310	63	94.4126779398	3	4726
1311	67	94.4945144764	6	4732
1312	67	94.4525000411	1	4733
1313	62	94.4712368036	1	4734
1314	61	94.4760539882	3	4737
1315	66	94.499265387	5	4742
1316	64	94.5722685103	4	4746
1317	62	94.5694193336	4	4750
1318	58	94.6071718092	5	4755
1319	55	94.6633678766	4	4759
1320	57	94.7572034398	7	4766
1321	52	94.7999968235	2	4768
1322	50	94.8244416666	2	4770
1323	53	94.7437657497	5	4775
1324	57	94.7288778856	7	4782
1325	57	94.6559097838	6	4788
1326	60	94.7482464204	3	4791
1327	61	94.6959006462	1	4792
1328	66	94.7833745368	2	4794
1329	68	94.842533956	5	4799
1330	69	94.8622447766	4	4803
1331	66	94.8873367616	7	4810
1332	67	94.9688216453	3	4813
1333	67	94.8822028373	1	4814
1334	71	94.9459654502	1	4815
1335	67	95.0375162902	2	4817
1336	71	95.0868859577	3	4820
1337	69	95.070309085	5	4825
1338	65	95.0300755497	0	4825
1339	60	94.948877827	4	4829
1340	63	94.9506103905	5	4834
1341	65	94.9569363688	5	4839
1342	70	94.885493374	5	4844
1343	67	94.9751136711	4	4848
1344	64	95.004402622	4	4852
1345	59	94.9675408193	2	4854
1346	54	94.9802845925	5	4859
1347	53	94.8816293864	2	4861
1348	52	94.8776913984	7	4868
1349	52	94.8418669592	1	4869
1350	57	94.7472179697	4	4873
1351	57	94.7573265027	5	4878
1352	52	94.7859599223	3	4881
1353	52	94.8024857242	6	4887
1354	57	94.7094000009	2	4889
1355	54	94.7560654883	5	4894
1356	56	94.7453904296	1	4895
1357	52	94.6813621606	3	4898
1358	53	94.7595002311	6	4904
1359	51	94.731088888	6	4910
1360	52	94.8144196266	6	4916
1361	54	94.7690697568	6	4922
1362	57	94.7357988926	5	4927
1363	60	94.7647002432	3	4930
1364	61	94.6842237719	5	4935
1365	65	94.6204883659	7	4942
1366	63	94.7013087782	4	4946
1367	62	94.6573941658	0	4946
1368	57	94.6937405156	0	4946
1369	59	94.7533108692	4	4950
1370	60	94.7426440427	6	4956
1371	59	94.7536653514	5	4961
1372	64	94.6582392283	7	4968
1373	64	94.633806232	4	4972
1374	68	94.6583018579	1	4973
1375	69	94.6278257348	7	4980
1376	73	94.6975752885	3	4983
1377	76	94.7968622064	7	4990
1378	76	94.7418469765	6	4996
1379	78	94.6945283701	6	5002
1380	73	94.6649177379	0	5002
1381	74	94.6357551902	6	5008
1382	72	94.665934792	4	5012
1383	70	94.7628488904	7	5019
1384	68	94.7392868975	2	5021
1385	73	94.7815132629	2	5023
1386	73	94.7322677904	3	5026
1387	77	94.8151621395	6	5032
1388	76	94.8987522917	0	5032
1389	76	94.9145695215	1	5033
1390	71	94.9999907865	0	5033
1391	73	95.0384830103	1	5034
1392	74	95.047878306	6	5040
1393	70	95.1120293485	3	5043
1394	67	95.04708992	0	5043
1395	63	95.0772701486	1	5044
1396	61	95.0191930014	0	5044
1397	65	95.0835605647	5	5049
1398	60	95.1063889038	0	5049
1399	58	95.1047410812	5	5054
1400	59	95.1134747376	6	5060
1401	56	95.1747436315	4	5064
1402	60	95.2462227956	1	5065
1403	65	95.2823110869	0	5065
1404	65	95.292979781	0	5065
1405	60	95.2909124004	2	5067
1406	57	95.1979331652	7	5074
1407	58	95.2653971995	5	5079
1408	53	95.2442480899	1	5080
1409	55	95.2947626839	0	5080
1410	52	95.2282353557	7	5087
1411	55	95.2672511671	4	5091
1412	58	95.2669472191	6	5097
1413	55	95.2796486212	1	5098
1414	50	95.3729233578	3	5101
1415	50	95.311819838	2	5103
1416	52	95.3133042085	5	5108
1417	52	95.3819646021	7	5115
1418	56	95.4092342377	4	5119
1419	58	95.3161837282	7	5126
1420	56	95.2248459536	4	5130
1421	59	95.2104786437	1	5131
1422	54	95.2712341826	3	5134
1423	57	95.2528095936	4	5138
1424	52	95.1783890436	5	5143
1425	51	95.174534971	3	5146
1426	55	95.1376880925	7	5153
1427	54	95.0380290898	5	5158
1428	57	95.066613474	1	5159
1429	57	95.0446665892	2	5161
1430	52	95.0665560774	7	5168
1431	50	95.0562551649	3	5171
1432	52	94.9595484136	2	5173
1433	52	94.9854274011	6	5179
1434	50	94.886945421	3	5182
1435	52	94.8117386567	0	5182
1436	56	94.8014419871	1	5183
1437	56	94.7987936758	1	5184
1438	54	94.818402036	6	5190
1439	53	94.9084467427	1	5191
1440	51	94.8137726049	3	5194
1441	53	94.8791956395	1	5195
1442	53	94.8313660182	5	5200
1443	58	94.8506849097	4	5204
1444	60	94.7763904714	3	5207
1445	59	94.8692892944	2	5209
1446	61	94.8960605785	5	5214
1447	56	94.9369639451	2	5216
1448	61	94.888979439	5	5221
1449	58	94.7922843326	7	5228
1450	56	94.7041073194	6	5234
1451	59	94.7332625556	5	5239
1452	57	94.7708720139	0	5239
1453	53	94.7258158642	3	5242
1454	57	94.7523303776	7	5249
1455	58	94.7997056634	1	5250
1456	63	94.7341737008	0	5250
1457	62	94.725328543	6	5256
1458	64	94.7825504906	1	5257
1459	62	94.8593115723	4	5261
1460	63	94.7852478368	4	5265
1461	64	94.7332890698	0	5265
1462	64	94.7710968032	5	5270
1463	63	94.8024709508	3	5273
1464	66	94.7838343695	6	5279
1465	70	94.7335167854	7	5286
1466	70	94.6488041933	6	5292
1467	74	94.7165655349	7	5299
1468	73	94.8000434614	5	5304
1469	69	94.7420687948	2	5306
1470	68	94.7589898368	4	5310
1471	65	94.7058649144	1	5311
1472	64	94.739021302	2	5313
1473	64	94.7332185805	0	5313
1474	65	94.7673609809	4	5317
1475	67	94.8177831857	2	5319
1476	69	94.8200819245	5	5324
1477	74	94.8069340892	3	5327
1478	76	94.7665805283	5	5332
1479	73	94.7381676325	4	5336
1480	73	94.7773672778	2	5338
1481	76	94.7250030684	1	5339
1482	71	94.81206223	2	5341
1483	75	94.8726342	4	5345
1484	71	94.8667014061	1	5346
1485	70	94.8988381251	5	5351
1486	71	94.8920794147	2	5353
1487	70	94.8020556205	6	5359
1488	74	94.7553259227	0	5359
1489	77	94.8078114708	0	5359
1490	72	94.8030407127	7	5366
1491	77	94.70380006	7	5373
1492	74	94.6503413366	1	5374
1493	78	94.723745567	2	5376
1494	81	94.8178647489	5	5381
1495	83	94.8353401343	2	5383
1496	81	94.7664120771	0	5383
1497	85	94.8601993414	3	5386
1498	80	94.7960018986	4	5390
1499	76	94.8626336062	1	5391
1500	73	94.8486624032	5	5396
1501	71	94.8408460515	5	5401
1502	69	94.7799728752	2	5403
1503	64	94.7057781632	0	5403
1504	62	94.6077124577	3	5406
1505	64	94.684844324	6	5412
1506	65	94.7507537299	6	5418
1507	64	94.6743580744	4	5422
1508	67	94.6211344821	7	5429
1509	70	94.6339940373	1	5430
1510	73	94.7041113128	4	5434
1511	68	94.6269371947	7	5441
1512	68	94.5876376685	4	5445
1513	67	94.5796387534	5	5450
1514	62	94.6742599287	7	5457
1515	58	94.7692453446	5	5462
1516	55	94.8398084036	6	5468
1517	50	94.8644057374	1	5469
1518	50	94.88045626	2	5471
1519	51	94.9569620302	6	5477
1520	50	94.9139074642	1	5478
1521	50	94.8643017841	1	5479
1522	52	94.9043949245	1	5480
1523	57	94.9776627794	0	5480
1524	54	94.9754741616	5	5485
1525	53	94.9154840799	0	5485
1526	50	94.879988933	5	5490
1527	50	94.9419900312	2	5492
1528	50	94.9710124765	6	5498
1529	50	94.9644897331	3	5501
1530	52	94.9413688467	5	5506
1531	50	94.9087366651	6	5512
1532	54	94.9116154588	7	5519
1533	58	95.0088046937	6	5525
1534	58	94.9431257306	3	5528
1535	55	94.9803766064	6	5534
1536	54	95.0534405115	1	5535
1537	57	94.986508249	6	5541
1538	59	94.9037827938	1	5542
1539	61	94.8968428727	4	5546
1540	63	94.8003941458	1	5547
1541	63	94.7751539789	2	5549
1542	68	94.8583437096	7	5556
1543	66	94.953107174	1	5557
1544	70	95.0018100492	1	5558
1545	71	95.0018150449	5	5563
1546	75	94.9145452588	5	5568
1547	78	94.8371557896	6	5574
1548	76	94.8917114359	7	5581
1549	81	94.9663989138	5	5586
1550	81	95.0578562189	0	5586
1551	80	95.1437860573	3	5589
1552	82	95.1398691454	2	5591
1553	87	95.2237315637	5	5596
1554	85	95.1703109686	6	5602
1555	82	95.2013010837	4	5606
1556	84	95.1524781779	1	5607
1557	89	95.2135655112	1	5608
1558	90	95.168248376	2	5610
1559	94	95.1046299325	4	5614
1560	91	95.0501095345	3	5617
1561	96	95.0728445495	5	5622
1562	95	95.0561550958	7	5629
1563	94	94.9777393003	3	5632
1564	98	94.8893702858	6	5638
1565	98	94.8297084236	4	5642
1566	103	94.7540457998	2	5644
1567	104	94.6967230349	7	5651
1568	100	94.7834647843	3	5654
1569	105	94.7393189089	3	5657
1570	106	94.6820331776	2	5659
1571	108	94.5840900163	3	5662
1572	108	94.6065226598	6	5668
1573	106	94.5454979021	1	5669
1574	109	94.5175676315	5	5674
1575	105	94.5452999603	5	5679
1576	107	94.5844669541	5	5684
1577	106	94.6326217453	3	5687
1578	110	94.5493654755	4	5691
1579	111	94.6336190312	2	5693
1580	109	94.7275924445	6	5699
1581	108	94.7157734343	5	5704
1582	110	94.8086531005	7	5711
1583	108	94.872634605	4	5715
1584	105	94.8528214977	1	5716
1585	101	94.811456575	1	5717
1586	104	94.8064110924	1	5718
1587	101	94.7623582898	2	5720
1588	97	94.7258809311	6	5726
1589	100	94.6527468206	3	5729
1590	105	94.7418532818	0	5729
1591	105	94.7538284111	6	5735
1592	105	94.7856727811	2	5737
1593	100	94.6980328992	7	5744
1594	105	94.6472901743	2	5746
1595	106	94.5627130664	0	5746
1596	107	94.5929353658	6	5752
1597	107	94.5600980716	6	5758
1598	109	94.5951151923	2	5760
1599	104	94.4975361382	2	5762
1600	106	94.4564514367	3	5765
1601	103	94.4576146914	2	5767
1602	100	94.5486319692	3	5770
1603	104	94.5514027554	6	5776
1604	104	94.5760395884	6	5782
1605	105	94.5884333523	4	5786
1606	105	94.6369647123	6	5792
1607	103	94.7301328438	0	5792
1608	100	94.7681484085	4	5796
1609	97	94.8431658426	5	5801
1610	94	94.8050231921	7	5808
1611	97	94.8151497879	0	5808
1612	94	94.895354435	6	5814
1613	99	94.9814135989	1	5815
1614	100	95.0719915031	0	5815
1615	98	95.0960259333	3	5818
1616	97	95.0448030915	5	5823
1617	93	95.0328942046	6	5829
1618	97	95.0702984023	5	5834
1619	92	95.1242222781	0	5834
1620	97	95.0833256575	4	5838
1621	98	95.1366993871	2	5840
1622	98	95.1442834098	1	5841
1623	102	95.0706575834	6	5847
1624	107	95.0200381291	4	5851
1625	102	95.0290241398	0	5851
1626	99	95.0656921902	5	5856
1627	101	94.9780108848	2	5858
1628	100	95.0727320872	6	5864
1629	105	95.155538247	3	5867
1630	102	95.2389170322	6	5873
1631	107	95.3084700097	1	5874
1632	104	95.2451324187	0	5874
1633	108	95.2097326252	4	5878
1634	107	95.199774345	5	5883
1635	110	95.2232276793	6	5889
1636	110	95.1830909927	6	5895
1637	111	95.2369098466	2	5897
1638	115	95.1850831846	5	5902
1639	119	95.2398826168	0	5902
1640	120	95.2341904952	6	5908
1641	124	95.1622548015	7	5915
1642	121	95.1385244291	6	5921
1643	116	95.0908937206	7	5928
1644	117	95.043018037	7	5935
1645	116	94.9649303103	7	5942
1646	116	95.0554149291	4	5946
1647	121	95.1008596211	2	5948
1648	117	95.0981972688	0	5948
1649	115	95.0906735452	7	5955
1650	112	95.1237125826	2	5957
1651	111	95.0345390347	7	5964
1652	110	95.1185144498	4	5968
1653	112	95.0254474441	7	5975
1654	115	95.0621415982	7	5982
1655	111	95.083443959	0	5982
1656	114	95.1794296827	0	5982
1657	119	95.1624327437	1	5983
1658	116	95.1782254461	7	5990
1659	116	95.1918379967	3	5993
1660	119	95.2913560332	5	5998
1661	114	95.2662862584	7	6005
1662	119	95.2948810606	7	6012
1663	114	95.2946732596	3	6015
1664	110	95.2946575917	7	6022
1665	110	95.3399048731	6	6028
1666	111	95.3866492015	4	6032
1667	112	95.3191651697	7	6039
1668	110	95.3969575971	6	6045
1669	107	95.3357403047	6	6051
1670	102	95.3195081625	2	6053
1671	104	95.2521062111	6	6059
1672	107	95.3287709353	2	6061
1673	107	95.2360211674	4	6065
1674	109	95.2682181632	7	6072
1675	105	95.2778750341	6	6078
1676	108	95.3304331512	7	6085
1677	105	95.3489151934	1	6086
1678	105	95.3312556448	1	6087
1679	107	95.422671012	0	6087
1680	108	95.450345596	3	6090
1681	104	95.3604128165	0	6090
1682	107	95.3903913463	6	6096
1683	110	95.3454153433	6	6102
1684	112	95.4446026478	0	6102
1685	111	95.3969217651	1	6103
1686	111	95.3477297975	2	6105
1687	113	95.4094691856	6	6111
1688	111	95.3755864207	2	6113
1689	112	95.4201453852	7	6120
1690	115	95.430010987	1	6121
1691	112	95.4906937922	4	6125
1692	110	95.5740300008	1	6126
1693	108	95.5675910879	2	6128
1694	107	95.5263131253	3	6131
1695	109	95.5047795423	3	6134
1696	106	95.5905977286	1	6135
1697	109	95.6591103794	2	6137
1698	108	95.6447136382	6	6143
1699	110	95.7108534993	1	6144
1700	107	95.7499333521	6	6150
1701	107	95.6765830306	6	6156
1702	103	95.578308431	2	6158
1703	106	95.5387242472	2	6160
1704	101	95.613963694	4	6164
1705	101	95.6298665824	7	6171
1706	104	95.5347894312	1	6172
1707	109	95.5082462506	5	6177
1708	105	95.5518553308	1	6178
1709	103	95.5185040095	0	6178
1710	101	95.506924658	2	6180
1711	96	95.5509739709	5	6185
1712	95	95.6000832008	4	6189
1713	100	95.6427048351	6	6195
1714	100	95.6622993594	1	6196
1715	99	95.7536129736	4	6200
1716	95	95.7896883206	1	6201
1717	93	95.8765951525	3	6204
1718	94	95.9343263753	6	6210
1719	96	95.963553312	5	6215
1720	99	95.9115916268	1	6216
1721	98	95.836610852	1	6217
1722	103	95.797487948	0	6217
1723	108	95.8955859466	5	6222
1724	113	95.8268291389	7	6229
1725	111	95.85736188	7	6236
1726	112	95.7716922857	4	6240
1727	110	95.8531807803	7	6247
1728	111	95.8862709162	3	6250
1729	115	95.7870007317	4	6254
1730	118	95.6990400909	2	6256
1731	113	95.7790781181	6	6262
1732	118	95.8320376155	1	6263
1733	121	95.836069376	1	6264
1734	123	95.9137848503	6	6270
1735	126	95.9512811409	4	6274
1736	122	96.0045788582	7	6281
1737	123	95.9293388213	1	6282
1738	118	95.9946967295	1	6283
1739	122	95.9337904594	1	6284
1740	127	95.9778383573	2	6286
1741	123	96.0640920403	6	6292
1742	126	96.1395266083	7	6299
1743	131	96.0455013724	4	6303
1744	128	96.1379296376	3	6306
1745	128	96.2319587764	1	6307
1746	125	96.2107592451	7	6314
1747	130	96.1810826788	7	6321
1748	130	96.2793569261	2	6323
1749	128	96.2277130186	5	6328
1750	132	96.2256067412	5	6333
1751	129	96.295209167	6	6339
1752	130	96.2872285161	5	6344
1753	130	96.3313758139	6	6350
1754	128	96.2600447005	7	6357
1755	128	96.1926984846	6	6363
1756	133	96.1001486012	4	6367
1757	135	96.1824359193	1	6368
1758	134	96.2637917383	5	6373
1759	137	96.3583808745	2	6375
1760	135	96.3913902357	7	6382
1761	140	96.3313661782	4	6386
1762	135	96.2540809996	6	6392
1763	135	96.3461887828	0	6392
1764	137	96.3063744945	1	6393
1765	138	96.3328117326	7	6400
1766	143	96.3303372693	5	6405
1767	138	96.3218282421	7	6412
1768	134	96.2569520153	1	6413
1769	132	96.3501502901	3	6416
1770	136	96.3003637327	1	6417
1771	133	96.239897559	4	6421
1772	130	96.1619422922	1	6422
1773	135	96.1746187536	7	6429
1774	138	96.2181087847	6	6435
1775	133	96.2892412405	4	6439
1776	131	96.3263613878	1	6440
1777	134	96.2750091226	5	6445
1778	135	96.2634707634	6	6451
1779	130	96.2045154326	3	6454
1780	133	96.1275212069	4	6458
1781	137	96.2242756803	3	6461
1782	133	96.1828614833	4	6465
1783	129	96.2803677696	0	6465
1784	128	96.229302665	7	6472
1785	126	96.1951566802	0	6472
1786	129	96.2819592491	7	6479
1787	134	96.3432524365	7	6486
1788	131	96.2775866862	4	6490
1789	134	96.1993458375	1	6491
1790	135	96.2712156616	1	6492
1791	135	96.3622003862	1	6493
1792	132	96.3579286217	5	6498
1793	130	96.2616915667	0	6498
1794	135	96.3050963297	6	6504
1795	140	96.3783704864	3	6507
1796	137	96.3361651238	6	6513
1797	133	96.4048442066	3	6516
1798	131	96.3332622543	6	6522
1799	129	96.2892274456	0	6522
1800	132	96.372764256	2	6524
1801	128	96.3427332527	5	6529
1802	131	96.3389340742	5	6534
1803	130	96.2401133152	2	6536
1804	135	96.1990057194	6	6542
1805	132	96.1292501757	1	6543
1806	136	96.1178960359	7	6550
1807	140	96.1269818327	2	6552
1808	144	96.2166843757	5	6557
1809	147	96.2673761286	1	6558
1810	147	96.3337875106	4	6562
1811	151	96.3011422828	4	6566
1812	154	96.3288209483	4	6570
1813	157	96.2478081805	6	6576
1814	159	96.1537122388	4	6580
1815	162	96.2122759109	0	6580
1816	157	96.1909032256	1	6581
1817	153	96.2495857589	3	6584
1818	149	96.252477517	0	6584
1819	147	96.2012490434	2	6586
1820	152	96.1637480684	0	6586
1821	156	96.2293303113	0	6586
1822	151	96.3181423904	7	6593
1823	146	96.3058539093	5	6598
1824	150	96.3603697097	0	6598
1825	147	96.447218227	7	6605
1826	142	96.352112146	5	6610
1827	140	96.4093981518	4	6614
1828	135	96.3884812442	7	6621
1829	131	96.3624615412	2	6623
1830	131	96.2996968337	7	6630
1831	136	96.3468302664	6	6636
1832	138	96.3078252368	6	6642
1833	139	96.324549281	0	6642
1834	138	96.4225595299	5	6647
1835	138	96.3611899248	0	6647
1836	137	96.4249146866	3	6650
1837	136	96.424910283	1	6651
1838	134	96.3876944281	3	6654
1839	138	96.4302512225	2	6656
1840	136	96.4192531287	7	6663
1841	137	96.3348525474	4	6667
1842	136	96.4289031401	0	6667
1843	141	96.3486133563	3	6670
1844	137	96.255057512	5	6675
1845	142	96.3469811628	3	6678
1846	147	96.3254918264	0	6678
1847	150	96.3626193406	1	6679
1848	155	96.3335191737	2	6681
1849	159	96.3193327198	3	6684
1850	160	96.2938712693	4	6688
1851	163	96.3056408169	5	6693
1852	167	96.3984349526	6	6699
1853	166	96.4922649872	7	6706
1854	163	96.4632622061	5	6711
1855	158	96.3768710423	4	6715
1856	153	96.3568753148	3	6718
1857	148	96.2873149065	0	6718
1858	152	96.225279993	1	6719
1859	148	96.2748829665	5	6724
1860	150	96.2250828543	5	6729
1861	150	96.2915441729	6	6735
1862	148	96.36389738	2	6737
1863	144	96.3047193139	3	6740
1864	141	96.2851471349	3	6743
1865	139	96.2475519932	0	6743
1866	137	96.2485447258	6	6749
1867	139	96.2283377449	2	6751
1868	140	96.2651015246	6	6757
1869	142	96.3583719292	5	6762
1870	146	96.4317971155	3	6765
1871	149	96.4720001446	0	6765
1872	149	96.4504286701	6	6771
1873	154	96.4802487129	7	6778
1874	156	96.5645758811	6	6784
1875	160	96.5822633003	6	6790
1876	159	96.6068131436	5	6795
1877	156	96.5869714736	0	6795
1878	158	96.5736870227	1	6796
1879	157	96.4826402034	5	6801
1880	159	96.5266495079	5	6806
1881	158	96.5817639959	0	6806
1882	154	96.4879289579	6	6812
1883	149	96.5012456972	7	6819
1884	150	96.4835401719	3	6822
1885	148	96.5530897574	0	6822
1886	144	96.5629633424	1	6823
1887	143	96.586673185	7	6830
1888	138	96.5867216283	3	6833
1889	140	96.66971314	1	6834
1890	137	96.7343809204	6	6840
1891	140	96.8121883422	3	6843
1892	137	96.8712961776	4	6847
1893	133	96.7990057771	0	6847
1894	129	96.7717355041	1	6848
1895	133	96.7435583731	2	6850
1896	130	96.6637341106	4	6854
1897	126	96.7351894743	2	6856
1898	124	96.7353594101	7	6863
1899	123	96.6563565448	7	6870
1900	124	96.6752497755	5	6875
1901	126	96.6238250955	3	6878
1902	125	96.6415455939	5	6883
