1	135	5	94.9961415775
2	136	12	94.9406026789
3	136	12	94.9191919321
4	135	17	94.9949655714
5	132	23	94.9893414262
6	135	26	95.0060133239
7	138	30	94.9089800953
8	142	37	94.8438139666
9	140	42	94.908072617
10	142	48	95.0038082732
11	137	55	95.102270227
12	133	57	95.1731142785
13	137	60	95.1526775877
14	136	60	95.0653259847
15	134	60	95.0844444065
16	135	63	95.1001176149
17	130	66	95.1456646509
18	130	73	95.1356783424
19	126	77	95.1247706884
20	121	79	95.1621404727
21	125	83	95.2189351752
22	122	89	95.3118749561
23	121	91	95.219326648
24	119	93	95.1838058259
25	121	93	95.0966059538
26	117	96	95.036999408
27	112	97	94.9626490081
28	115	100	95.050804607
29	115	103	95.0109874797
30	118	108	95.0593230614
31	123	111	95.0948802173
32	128	112	95.1752747066
33	132	116	95.0762020856
34	129	121	95.091867958
35	127	128	95.1754259101
36	126	128	95.219861938
37	129	132	95.2934085761
38	133	138	95.3762855682
39	136	143	95.4483048527
40	138	145	95.5469168146
41	139	149	95.5513117903
42	137	149	95.4573321077
43	140	153	95.50195101
44	137	157	95.549478816
45	141	159	95.5011989582
46	143	162	95.4142680918
47	148	165	95.4553344499
48	144	167	95.480755841
49	142	169	95.4550634501
50	137	172	95.4278707751
51	133	174	95.4966736782
52	134	178	95.5533652984
53	131	184	95.4979674126
54	130	191	95.594323775
55	135	196	95.6608668123
56	136	201	95.6046276552
57	132	201	95.5915510381
58	133	208	95.6664701857
59	128	212	95.7515293427
60	127	216	95.8360422143
61	128	219	95.7759609337
62	125	220	95.7170482854
63	123	227	95.8154666271
64	125	231	95.778499607
65	125	237	95.8529658165
66	123	244	95.8188711061
67	127	249	95.8763725147
68	126	254	95.782650884
69	124	259	95.7579031351
70	123	260	95.8366636645
71	119	263	95.8998219223
72	118	263	95.8416795416
73	118	264	95.8955221067
74	116	270	95.806689686
75	114	277	95.8574986432
76	117	282	95.8007955821
77	116	285	95.7331864142
78	116	287	95.658720632
79	121	291	95.5655851675
80	120	296	95.6058680384
81	117	296	95.5654755864
82	115	298	95.6647918209
83	116	302	95.6490532259
84	113	302	95.605381927
85	118	307	95.6921889684
86	122	307	95.7435822755
87	123	309	95.7917184498
88	119	310	95.7384292057
89	120	313	95.6578420842
90	123	314	95.5657357078
91	124	319	95.5305058165
92	123	323	95.6295317844
93	118	328	95.5702323331
94	120	331	95.6569917557
95	118	334	95.5908592093
96	117	339	95.6602599367
97	119	339	95.667696076
98	120	346	95.6850399446
99	125	347	95.619539845
100	129	350	95.6245471157
101	133	352	95.5554588443
102	129	357	95.5598300147
103	126	360	95.5324293227
104	121	363	95.5950418105
105	117	364	95.6923534788
106	115	370	95.7676754284
107	118	371	95.7301953938
108	120	375	95.7141065684
109	118	381	95.6754438692
110	117	385	95.6519101729
111	113	390	95.7037761681
112	110	390	95.733692026
113	109	393	95.6969846766
114	107	397	95.7949931139
115	109	401	95.7044096724
116	111	407	95.7281653034
117	106	413	95.6597470414
118	111	414	95.7153457983
119	111	415	95.7537931295
120	107	422	95.6596872395
121	106	428	95.619271295
122	105	435	95.6346009868
123	102	438	95.5593772505
124	99	445	95.6126178411
125	95	445	95.5203990381
126	93	452	95.5121222801
127	93	459	95.545013617
128	98	462	95.5263926375
129	96	464	95.4446390736
130	92	466	95.4605484923
131	89	473	95.4404260544
132	89	478	95.3818714756
133	91	483	95.3486686099
134	86	484	95.3001793093
135	87	491	95.3709154603
136	85	498	95.3248779921
137	88	498	95.3921727027
138	88	502	95.4213810799
139	91	502	95.5012452058
140	87	507	95.4717136758
141	86	513	95.4906060733
142	84	513	95.4181137622
143	82	517	95.406084973
144	81	517	95.3716867444
145	81	522	95.3894011894
146	79	523	95.3994783281
147	74	526	95.4336234275
148	78	527	95.351214838
149	80	531	95.2999388655
150	79	536	95.2326955172
151	80	540	95.3168711713
152	76	540	95.2259726505
153	77	542	95.1900479948
154	80	547	95.1944319145
155	79	550	95.1883337143
156	80	556	95.2578910143
157	75	557	95.1660130205
158	79	560	95.2045118249
159	77	560	95.2374365841
160	76	562	95.3110124634
161	77	563	95.3003085172
162	77	565	95.2999772665
163	81	565	95.3325492856
164	77	565	95.2840389445
165	75	572	95.261789119
166	73	573	95.2260266652
167	73	578	95.2378537585
168	70	585	95.1464159828
169	71	585	95.0530422494
170	66	585	94.983672375
171	71	587	95.0358620206
172	70	587	94.9824397824
173	72	588	94.9692576622
174	68	590	95.0253812443
175	71	594	94.9262618057
176	76	594	94.9463206727
177	75	600	95.0059302622
178	70	604	95.0107198406
179	66	605	95.0146088961
180	62	606	94.9624342715
181	66	606	95.061928855
182	65	608	95.0919810125
183	63	610	95.0685417686
184	59	612	94.9982250608
185	58	616	94.9922095382
186	61	617	94.9169637388
187	60	619	94.9102454097
188	60	626	94.9842515439
189	55	630	94.9618255981
190	58	636	95.0147003989
191	63	642	95.1013722447
192	66	646	95.1108018301
193	63	653	95.0905264048
194	61	659	95.1555631523
195	65	659	95.2473104973
196	61	659	95.2407022232
197	61	664	95.2658838251
198	58	664	95.3446501417
199	60	668	95.3579392656
200	61	670	95.3845707993
201	56	672	95.3153137418
202	54	676	95.2658135234
203	57	676	95.320246989
204	59	678	95.2274416059
205	59	683	95.1942470601
206	62	685	95.2850271563
207	60	687	95.193852286
208	58	687	95.2182358926
209	56	694	95.2000846062
210	57	694	95.1333390341
211	59	695	95.1113947005
212	64	696	95.114226887
213	68	696	95.0783577717
214	72	703	95.0486803212
215	75	707	95.039961011
216	74	709	95.0942639258
217	71	709	95.1884488226
218	72	716	95.2052301956
219	75	717	95.1405018806
220	72	720	95.2024592907
221	75	723	95.2894888006
222	72	726	95.3725618796
223	76	733	95.3884298531
224	73	739	95.3255137764
225	78	743	95.3842271131
226	76	745	95.4018831437
227	77	746	95.3722132926
228	74	746	95.4708556983
229	74	750	95.4225695085
230	73	756	95.4155277465
231	70	757	95.5011893671
232	75	758	95.50019582
233	80	759	95.5746705854
234	82	761	95.6321899128
235	79	767	95.6208004179
236	80	769	95.684104587
237	85	773	95.7254030265
238	87	780	95.7203259959
239	88	781	95.7132033434
240	92	784	95.7945080241
241	89	786	95.8575514876
242	93	789	95.8265376538
243	98	789	95.8437901729
244	97	792	95.8050567178
245	98	796	95.7311361024
246	96	802	95.6732094619
247	95	806	95.7572616608
248	99	808	95.8340395262
249	94	811	95.7570799649
250	89	816	95.8534957975
251	90	822	95.9070156606
252	91	828	95.981132361
253	91	830	95.915499359
254	96	832	96.0069563294
255	101	835	96.1009408615
256	106	837	96.1907161948
257	102	841	96.2370826738
258	97	841	96.2385597088
259	94	841	96.1436604771
260	94	843	96.2145480268
261	89	847	96.2501569791
262	85	850	96.1505840981
263	85	855	96.0634040657
264	83	860	96.0974274974
265	85	862	96.1408115679
266	88	863	96.0990835127
267	85	869	96.0702112159
268	83	870	96.0407881347
269	80	877	95.9687429827
270	76	880	95.8828243915
271	79	884	95.9342420529
272	80	886	95.9547511789
273	78	888	96.052882815
274	77	889	95.9923385472
275	81	890	96.0754881983
276	81	894	96.0588172305
277	83	900	96.0058462318
278	80	904	96.020392596
279	85	904	95.9682073949
280	90	911	96.0579131272
281	90	911	96.0860582183
282	91	911	96.1439081224
283	92	912	96.1765556296
284	93	919	96.0830183263
285	88	924	96.1820250447
286	92	930	96.1982598513
287	90	935	96.1688258109
288	86	941	96.0715739948
289	90	941	96.0713237563
290	94	942	96.0412305014
291	93	949	95.9537201005
292	89	956	96.0346436968
293	91	956	96.1183678538
294	93	961	96.0482684544
295	95	961	96.1148105103
296	91	966	96.174602086
297	91	971	96.0989614834
298	90	973	96.1315653727
299	87	977	96.2301648583
300	87	983	96.2725838812
301	90	983	96.1789811632
302	89	983	96.2027902958
303	92	983	96.1241539196
304	89	987	96.1567322077
305	91	994	96.241856068
306	88	1001	96.1852807213
307	88	1007	96.2781989049
308	87	1008	96.2246661182
309	84	1008	96.1612339927
310	79	1009	96.0916403525
311	78	1015	96.101911343
312	76	1022	96.1384528628
313	78	1024	96.1563783268
314	77	1027	96.1847903325
315	79	1030	96.1863944099
316	77	1037	96.1687945817
317	79	1037	96.267168176
318	84	1043	96.1977416753
319	84	1047	96.0984760825
320	82	1051	96.0744914827
321	83	1056	96.1274383454
322	84	1061	96.2192387085
323	80	1068	96.3069721457
324	77	1070	96.2299921757
325	82	1071	96.2572202995
326	87	1072	96.3292197373
327	92	1072	96.3305833288
328	93	1074	96.2549269836
329	97	1077	96.3264470091
330	102	1081	96.3622594852
331	106	1088	96.3272171163
332	111	1090	96.2755511834
333	114	1090	96.2584955574
334	111	1095	96.1640126571
335	110	1095	96.2376782947
336	108	1101	96.1758178087
337	110	1106	96.1084665011
338	114	1111	96.1246160676
339	110	1114	96.0791034471
340	112	1120	96.0721884523
341	108	1120	96.0750672632
342	108	1120	96.1612871059
343	108	1124	96.2320722017
344	110	1130	96.2847220247
345	108	1130	96.308180449
346	111	1133	96.347499585
347	108	1139	96.3719576573
348	109	1142	96.3064537486
349	104	1148	96.3351475928
350	99	1153	96.3979498931
351	94	1154	96.3835000936
352	98	1156	96.3336940672
353	102	1158	96.2819755649
354	105	1159	96.2575878943
355	103	1163	96.1752258288
356	106	1164	96.2092629454
357	105	1167	96.2229934548
358	105	1169	96.2352363265
359	109	1169	96.1941250528
360	109	1170	96.1991456633
361	104	1170	96.1020703165
362	99	1177	96.0311707955
363	100	1180	96.0517095315
364	105	1182	95.956201592
365	104	1188	95.9156272898
366	101	1191	95.8514674633
367	99	1193	95.8276546097
368	98	1196	95.893357949
369	101	1203	95.8455401113
370	101	1205	95.8527518847
371	97	1212	95.8307288871
372	95	1212	95.8521979041
373	94	1217	95.948547684
374	96	1224	96.0446870342
375	92	1229	95.9548475805
376	93	1236	96.0004383151
377	88	1243	96.0804169898
378	89	1246	96.004540394
379	91	1249	96.1043293493
380	91	1250	96.057701502
381	93	1256	95.9918532477
382	90	1260	96.0343707849
383	85	1264	95.9773987725
384	89	1270	95.922676582
385	93	1275	95.9238589605
386	98	1279	95.9706612636
387	102	1283	96.0413447183
388	104	1289	96.0292277086
389	109	1292	96.0388544665
390	106	1293	96.0198157166
391	105	1297	96.0848006309
392	102	1303	95.9905430685
393	100	1310	95.9794030721
394	95	1311	96.0744741234
395	98	1313	96.1307807468
396	101	1314	96.0802149538
397	101	1318	96.0542958529
398	99	1319	96.0001398439
399	96	1326	96.0151260967
400	94	1328	96.082387618
401	93	1328	96.136624122
402	96	1335	96.1451861095
403	96	1341	96.1713495111
404	91	1346	96.2285374113
405	88	1348	96.1907042438
406	92	1349	96.1402103272
407	90	1350	96.0503177954
408	92	1356	96.0997145883
409	90	1357	96.0499190447
410	90	1364	95.9869229084
411	85	1365	96.040618615
412	89	1370	96.0624045796
413	92	1375	96.1376010681
414	91	1375	96.2015441709
415	86	1375	96.2110918117
416	88	1377	96.1349835186
417	93	1379	96.2077670286
418	93	1381	96.2017203469
419	88	1381	96.2687783848
420	83	1383	96.2751808615
421	86	1385	96.3351003844
422	90	1386	96.4248281933
423	92	1391	96.3528053846
424	95	1398	96.3401452149
425	96	1404	96.3556742488
426	96	1407	96.3103533658
427	93	1410	96.2442257949
428	95	1416	96.1609796041
429	98	1418	96.0985459295
430	101	1418	96.1236398545
431	101	1421	96.1692829905
432	100	1422	96.1007594752
433	101	1427	96.1322818752
434	104	1433	96.0530878375
435	107	1434	95.9869248455
436	105	1435	96.0540977617
437	100	1440	95.9751846178
438	104	1445	95.9990152945
439	107	1449	96.0848085501
440	108	1455	95.989197089
441	103	1456	95.9266735344
442	104	1462	95.9049881296
443	102	1462	95.8090112764
444	106	1469	95.8466377571
445	106	1475	95.9224287933
446	106	1481	95.9525324398
447	104	1486	95.9611504871
448	106	1487	95.8864172035
449	102	1490	95.8465968942
450	106	1495	95.865193516
451	101	1500	95.8592454587
452	106	1503	95.9280642229
453	108	1508	95.9818741685
454	109	1508	95.9364242805
455	104	1513	95.9116056961
456	109	1514	95.8305263294
457	113	1520	95.7498087222
458	116	1527	95.7906585188
459	116	1528	95.7741112595
460	120	1530	95.8198687868
461	116	1533	95.8339036747
462	114	1537	95.8898751737
463	116	1537	95.9379803113
464	118	1539	96.0331659265
465	117	1546	95.9336939102
466	112	1549	95.8605847574
467	114	1554	95.9080401824
468	116	1561	95.8856720142
469	113	1563	95.8066078253
470	117	1565	95.8674945054
471	121	1565	95.8201996007
472	121	1567	95.8718210852
473	121	1572	95.8165104107
474	121	1578	95.7533455197
475	118	1581	95.7916563609
476	121	1581	95.7108322419
477	123	1585	95.7593569007
478	125	1592	95.7680586526
479	122	1598	95.8043469534
480	117	1598	95.8285165155
481	120	1599	95.8115270292
482	117	1601	95.8242815181
483	116	1602	95.7848557716
484	117	1609	95.7169125552
485	117	1609	95.7317949282
486	115	1614	95.8194185186
487	112	1618	95.898823977
488	109	1621	95.8855654716
489	108	1621	95.8435871556
490	111	1622	95.7671636975
491	109	1623	95.7547741642
492	112	1628	95.782407495
493	108	1635	95.7223950302
494	111	1642	95.7435482882
495	109	1648	95.8390806352
496	104	1654	95.7570939033
497	107	1657	95.7963478903
498	110	1660	95.8953215494
499	113	1661	95.8196204692
500	118	1667	95.8001752921
501	120	1667	95.7779599643
502	125	1669	95.8215546952
503	125	1669	95.7641899908
504	127	1671	95.667526304
505	124	1675	95.7553061961
506	125	1679	95.7297223423
507	120	1681	95.8034198517
508	120	1685	95.8813447449
509	123	1689	95.9763713203
510	119	1694	95.8942252466
511	116	1697	95.9864210883
512	117	1700	95.9889263507
513	115	1702	96.0298149329
514	114	1704	96.1146528906
515	116	1709	96.1202249919
516	112	1714	96.1854176509
517	115	1719	96.1266899243
518	115	1725	96.2038591746
519	117	1731	96.2429186077
520	119	1731	96.2735807927
521	122	1737	96.3339833028
522	123	1743	96.330119242
523	128	1744	96.292090341
524	127	1749	96.2708987874
525	125	1751	96.2983620079
526	121	1754	96.3279199288
527	124	1754	96.3790494712
528	123	1758	96.388869502
529	123	1762	96.3758111684
530	126	1763	96.3298647858
531	131	1766	96.3726338581
532	136	1766	96.3061784557
533	135	1766	96.2870355263
534	130	1772	96.3654138786
535	131	1776	96.3326069324
536	126	1783	96.3576525745
537	129	1783	96.27643282
538	130	1783	96.1798965411
539	128	1784	96.1163407614
540	124	1789	96.1979550802
541	120	1793	96.1477935014
542	118	1796	96.1955507818
543	121	1797	96.2485734937
544	121	1797	96.2075013278
545	117	1802	96.1534753867
546	116	1804	96.2388078109
547	111	1811	96.2353875732
548	110	1814	96.2202083064
549	114	1815	96.3040762211
550	115	1819	96.3270013564
551	120	1822	96.3226784284
552	118	1822	96.3682997945
553	114	1827	96.4262972873
554	110	1827	96.3451935677
555	111	1833	96.3559866888
556	108	1836	96.3036053997
557	108	1838	96.2176848523
558	110	1839	96.2265138895
559	107	1842	96.1271315843
560	106	1848	96.0971503273
561	106	1852	96.1879769078
562	103	1855	96.1583169246
563	104	1858	96.0937146531
564	109	1860	96.1697192097
565	112	1863	96.137498032
566	110	1866	96.1728169247
567	109	1867	96.1373290751
568	105	1867	96.2303001389
569	110	1874	96.2557421151
570	113	1880	96.2788854472
571	116	1882	96.3354711139
572	117	1885	96.3425375293
573	120	1888	96.308744798
574	116	1893	96.2732899907
575	113	1900	96.3442166588
576	116	1902	96.4244247649
577	111	1909	96.4423895166
578	108	1909	96.5141594746
579	106	1911	96.4812733629
580	108	1912	96.43110044
581	107	1912	96.4201658588
582	107	1912	96.5038601516
583	108	1919	96.5668669919
584	107	1925	96.5337564861
585	102	1931	96.5501512551
586	105	1936	96.5197489601
587	105	1942	96.5541942452
588	101	1944	96.4542562681
589	106	1944	96.5369743161
590	106	1950	96.5562812792
591	101	1951	96.5381321384
592	96	1951	96.5114781919
593	94	1958	96.4506028218
594	89	1958	96.4540048995
595	93	1961	96.3900539086
596	91	1961	96.4006932449
597	94	1962	96.3116619386
598	95	1962	96.2720513637
599	97	1968	96.365566054
600	92	1973	96.3066877077
601	93	1980	96.3939044727
602	96	1980	96.3662740474
603	101	1982	96.3107942062
604	97	1985	96.3678452948
605	101	1989	96.295552504
606	99	1989	96.3597544868
607	97	1995	96.4138720495
608	101	1997	96.4973383665
609	99	2004	96.5661465314
610	100	2007	96.5605979221
611	104	2008	96.5459031151
612	99	2011	96.5262508706
613	101	2018	96.525447318
614	97	2021	96.491394408
615	97	2026	96.5038325318
616	99	2027	96.4708832231
617	95	2032	96.5268640269
618	99	2034	96.4270971394
619	96	2039	96.3868332664
620	91	2040	96.3677679704
621	86	2046	96.2884672938
622	87	2047	96.3315913274
623	85	2050	96.3293649785
624	89	2056	96.232991377
625	89	2059	96.3192439164
626	86	2062	96.2463106745
627	85	2064	96.291066775
628	89	2065	96.2671588856
629	88	2067	96.2570910926
630	88	2070	96.217899976
631	84	2076	96.2068749051
632	89	2076	96.2813045543
633	92	2076	96.2599930425
634	90	2081	96.3009415449
635	87	2085	96.2236603164
636	84	2091	96.2743666852
637	83	2092	96.239585442
638	83	2099	96.2548867921
639	82	2105	96.2970821216
640	86	2111	96.3383144683
641	81	2116	96.4365074743
642	78	2117	96.3831290464
643	81	2124	96.4394920144
644	79	2131	96.3564052357
645	76	2131	96.4116798907
646	80	2133	96.4514644326
647	75	2137	96.435715717
648	74	2138	96.3670820876
649	77	2138	96.2992928498
650	72	2144	96.2299586955
651	71	2151	96.2300787175
652	67	2153	96.2295466182
653	66	2153	96.3272680183
654	70	2155	96.3586308238
655	70	2158	96.2969230756
656	65	2162	96.2313023111
657	60	2162	96.2437714934
658	64	2162	96.2909673811
659	68	2169	96.2417856499
660	67	2170	96.2846920825
661	62	2177	96.2831012368
662	60	2178	96.3422650899
663	65	2179	96.2716641907
664	65	2186	96.2570165503
665	62	2191	96.3534770426
666	66	2192	96.2613722853
667	63	2197	96.337574368
668	66	2200	96.2767413403
669	70	2204	96.3664190582
670	71	2205	96.3448338462
671	69	2206	96.3188420459
672	70	2209	96.2811846525
673	73	2212	96.2983751415
674	71	2212	96.2056733019
675	70	2217	96.2891706412
676	65	2217	96.2303879543
677	62	2218	96.3172988392
678	61	2225	96.3316829314
679	61	2231	96.3930729725
680	66	2233	96.3471584735
681	69	2239	96.3891214075
682	74	2245	96.4080372832
683	73	2248	96.4742627423
684	76	2254	96.4313103234
685	74	2256	96.5248925309
686	73	2257	96.5099973937
687	76	2257	96.4484499536
688	76	2257	96.4824700557
689	80	2258	96.5715316012
690	81	2260	96.6028595038
691	84	2265	96.664590115
692	89	2267	96.7490823279
693	85	2271	96.7731468727
694	87	2278	96.8660189168
695	82	2280	96.8416483319
696	78	2284	96.7623148209
697	81	2286	96.7482805444
698	81	2287	96.7749339921
699	84	2292	96.6900486182
700	88	2292	96.6414678534
701	92	2292	96.6884012916
702	91	2295	96.6508960326
703	94	2300	96.6776439075
704	92	2305	96.6712977901
705	96	2305	96.6851965215
706	99	2311	96.7798453269
707	102	2311	96.7140784719
708	100	2316	96.6590278901
709	96	2321	96.5923609203
710	92	2324	96.662339768
711	96	2327	96.5673514699
712	96	2327	96.5564974901
713	98	2327	96.4622146086
714	97	2327	96.4898216153
715	92	2327	96.3961066421
716	97	2333	96.3583056556
717	99	2335	96.3128922238
718	99	2338	96.2996909867
719	98	2344	96.37330995
720	103	2346	96.3168182856
721	99	2351	96.4020052558
722	94	2356	96.3857541914
723	96	2357	96.3727678177
724	91	2362	96.36700559
725	95	2363	96.3771163906
726	93	2367	96.3903406815
727	90	2373	96.3799417598
728	95	2374	96.3192607575
729	99	2374	96.4141535519
730	98	2381	96.4346411904
731	95	2388	96.3995078561
732	94	2390	96.4405941672
733	96	2396	96.3978668954
734	96	2401	96.3773205874
735	95	2407	96.4552004956
736	96	2408	96.3776293859
737	96	2409	96.3779821075
738	99	2414	96.2991131734
739	101	2420	96.2991906264
740	99	2422	96.2062520738
741	94	2425	96.2593025681
742	95	2425	96.3500335708
743	95	2425	96.4033707026
744	92	2431	96.3170499826
745	88	2437	96.3077021017
746	88	2444	96.3303810697
747	90	2451	96.2559093037
748	89	2454	96.3458993339
749	86	2456	96.4203472968
750	90	2463	96.4724747882
751	86	2464	96.5121406434
752	91	2466	96.494698932
753	89	2467	96.424554022
754	92	2468	96.3893728036
755	97	2471	96.4134863378
756	100	2475	96.4683670864
757	105	2482	96.4574479212
758	101	2485	96.3886987839
759	97	2485	96.3161203946
760	102	2487	96.2317555089
761	107	2492	96.3305987151
762	106	2494	96.3390958904
763	108	2496	96.3911137403
764	109	2503	96.4828554563
765	112	2510	96.5792232968
766	107	2512	96.6364758258
767	102	2512	96.6215448856
768	105	2519	96.7046909706
769	106	2526	96.6558227431
770	107	2528	96.6426639784
771	111	2530	96.599240656
772	112	2536	96.5324132483
773	108	2543	96.6026680262
774	104	2544	96.5593858611
775	108	2544	96.4904148748
776	111	2544	96.5736887708
777	109	2544	96.6455610478
778	106	2549	96.6159392254
779	106	2556	96.5664302677
780	109	2562	96.5988576592
781	106	2566	96.6418385006
782	106	2570	96.6676307352
783	102	2570	96.6047593236
784	100	2575	96.5229439177
785	96	2579	96.5177688843
786	94	2582	96.4968342098
787	90	2587	96.5239793835
788	91	2587	96.4337199526
789	94	2590	96.3761675543
790	90	2596	96.3305671994
791	90	2601	96.3186706849
792	92	2604	96.3055101447
793	94	2606	96.2194977202
794	97	2608	96.1382242644
795	102	2610	96.0753172183
796	107	2613	96.1341580819
797	111	2616	96.1062216679
798	114	2619	96.0205427219
799	113	2625	95.9685603023
800	112	2630	96.0195864826
801	115	2634	95.9684720127
802	115	2635	96.0188568874
803	117	2637	95.9788610376
804	121	2644	95.8896873652
805	120	2644	95.9781499658
806	116	2650	95.9457586098
807	120	2653	96.0078051322
808	124	2658	95.9963205757
809	124	2665	95.9853507016
810	126	2669	96.030129083
811	125	2675	96.0758549655
812	125	2681	96.1589004309
813	128	2681	96.062399054
814	131	2684	96.0777485731
815	129	2688	96.0179699548
816	125	2688	96.0539263875
817	129	2689	96.0880094615
818	125	2693	96.1007519808
819	122	2699	96.1835017062
820	122	2705	96.0998353216
821	122	2706	96.1992117371
822	120	2712	96.2388659596
823	121	2715	96.3376371356
824	124	2715	96.2441956026
825	121	2719	96.274535411
826	118	2721	96.3460197323
827	115	2723	96.3949885388
828	118	2724	96.4178318962
829	114	2731	96.3186463312
830	118	2737	96.3504115969
831	116	2739	96.4274085991
832	114	2741	96.3653634505
833	110	2743	96.4274194711
834	110	2749	96.3326763935
835	114	2751	96.3590585815
836	118	2754	96.4576566774
837	122	2756	96.3619459993
838	120	2756	96.3747113416
839	125	2761	96.281885279
840	126	2764	96.2262478569
841	123	2771	96.1845845636
842	122	2775	96.1708563695
843	117	2775	96.2261642132
844	118	2776	96.149158606
845	115	2777	96.1618193782
846	110	2777	96.2327007382
847	111	2783	96.1942898473
848	116	2788	96.250746841
849	117	2792	96.1600640745
850	119	2796	96.1691884168
851	115	2799	96.1009639371
852	114	2805	96.1249380115
853	115	2806	96.0375832097
854	118	2807	96.1264593402
855	117	2808	96.0701011738
856	122	2808	96.1279864187
857	122	2811	96.145097325
858	122	2816	96.0830985321
859	117	2817	96.1563091892
860	112	2820	96.0794271475
861	112	2826	96.0923347121
862	115	2832	96.098874757
863	113	2836	96.1617245175
864	111	2839	96.1674303489
865	106	2840	96.2343185221
866	110	2841	96.1642981697
867	113	2846	96.0730730716
868	111	2849	96.0209238134
869	111	2851	95.9499700677
870	111	2858	95.9312088236
871	107	2860	95.8561548543
872	106	2862	95.7763552256
873	105	2864	95.8610080186
874	101	2868	95.9288874325
875	98	2875	96.0094270745
876	102	2881	96.0576991192
877	100	2882	96.0539610567
878	97	2889	96.1435144064
879	99	2893	96.1602065335
880	102	2896	96.0697204398
881	98	2896	95.9744442391
882	103	2899	95.8909372111
883	100	2899	95.9739641851
884	99	2899	95.8763645399
885	97	2902	95.9381250105
886	100	2908	95.9021581006
887	98	2911	95.9927278049
888	93	2915	96.0411803623
889	91	2915	95.9608211053
890	88	2919	95.882354897
891	84	2923	95.8442827904
892	83	2927	95.7785186106
893	85	2927	95.7014618641
894	84	2933	95.7476605517
895	88	2934	95.8344581165
896	90	2935	95.7593775174
897	94	2939	95.7603552511
898	92	2942	95.8275766428
899	94	2945	95.8700773089
900	90	2948	95.9518610341
901	91	2948	95.8812789644
902	92	2955	95.8129793688
903	96	2958	95.7263264756
904	97	2965	95.8194327485
905	93	2967	95.8260152924
906	97	2974	95.8720513505
907	94	2975	95.9353686071
908	92	2976	96.0074734373
909	97	2982	96.0734340719
910	102	2985	96.1105611367
911	103	2992	96.1019610297
912	100	2997	96.1020098699
913	99	3000	96.058188678
914	104	3003	96.0580359129
915	102	3004	96.148579537
916	107	3008	96.1895574189
917	104	3012	96.1642293067
918	100	3014	96.1151455079
919	99	3017	96.0701291727
920	102	3024	96.0366620547
921	107	3027	95.9741835298
922	104	3034	95.9036658326
923	101	3038	95.9479933348
924	105	3042	96.0287142763
925	104	3049	96.0777804247
926	100	3052	96.0839292278
927	104	3054	95.9875858128
928	104	3061	95.8985052698
929	102	3066	95.8320886729
930	99	3066	95.7622154798
931	94	3068	95.8287860014
932	96	3075	95.7559493965
933	95	3079	95.69735148
934	91	3079	95.768362956
935	89	3079	95.737801788
936	86	3084	95.8157817243
937	88	3091	95.8430914651
938	93	3092	95.7652151757
939	90	3094	95.6747298561
940	88	3101	95.6716281133
941	91	3106	95.6044772
942	86	3108	95.6304273906
943	84	3108	95.5392314521
944	79	3110	95.6241561763
945	78	3116	95.5420046568
946	73	3123	95.532305191
947	68	3128	95.5903825525
948	63	3135	95.4992100691
949	68	3142	95.4300210376
950	66	3142	95.3350403245
951	70	3144	95.429878535
952	73	3149	95.4450512143
953	76	3154	95.3886012534
954	80	3156	95.3102584249
955	83	3161	95.2442560953
956	88	3167	95.2521535301
957	85	3173	95.2745872548
958	83	3178	95.1850751163
959	85	3179	95.0906209975
960	90	3179	95.1135728977
961	87	3181	95.031152778
962	82	3187	95.0824348011
963	80	3190	95.0563511678
964	83	3195	95.1416082455
965	85	3198	95.1872620058
966	89	3201	95.1944371593
967	92	3206	95.1300979313
968	88	3213	95.2049065025
969	88	3213	95.1692318244
970	93	3220	95.1160010418
971	96	3225	95.1094400321
972	101	3225	95.1394259652
973	97	3232	95.2002093569
974	101	3232	95.1955553773
975	96	3236	95.2825468772
976	91	3241	95.2179832384
977	87	3245	95.1307074838
978	87	3252	95.0839405113
979	85	3255	94.9847540652
980	87	3258	94.9154605243
981	90	3260	94.9697893194
982	95	3260	94.9231434495
983	90	3262	94.8892243653
984	93	3269	94.9048025416
985	88	3273	94.8385862225
986	92	3277	94.7974604638
987	92	3282	94.8251071097
988	91	3284	94.8404941618
989	96	3290	94.7522714727
990	99	3296	94.7661436842
991	98	3300	94.8290035482
992	102	3306	94.7334742868
993	104	3310	94.7707206601
994	106	3311	94.7893482362
995	105	3318	94.7038963071
996	109	3325	94.7220929733
997	107	3331	94.7395947958
998	106	3332	94.7103484796
999	103	3335	94.7520717502
1000	104	3337	94.6612681428
1001	105	3344	94.744149749
1002	103	3346	94.801426788
1003	103	3350	94.8584631511
1004	100	3351	94.9081132213
1005	98	3353	94.8954882047
1006	98	3359	94.8736793627
1007	94	3362	94.8380597668
1008	90	3364	94.8144771316
1009	86	3368	94.7199723253
1010	87	3369	94.6926221061
1011	86	3373	94.6528350966
1012	87	3374	94.7415038486
1013	83	3378	94.701757337
1014	87	3381	94.6910829407
1015	83	3381	94.7382620161
1016	79	3386	94.705840813
1017	74	3386	94.674366257
1018	73	3393	94.6248404006
1019	75	3393	94.6859586467
1020	80	3400	94.7122338002
1021	76	3402	94.6414879076
1022	77	3405	94.6663277508
1023	81	3407	94.5988367786
1024	85	3410	94.5774071904
1025	84	3410	94.5001241789
1026	88	3411	94.5587677314
1027	90	3415	94.4691218323
1028	94	3422	94.5327508257
1029	90	3424	94.4418332013
1030	85	3425	94.4979049412
1031	80	3432	94.4170925341
1032	82	3432	94.4172097319
1033	80	3439	94.4562853587
1034	82	3445	94.4391472846
1035	86	3452	94.4838939031
1036	88	3452	94.4611034259
1037	91	3455	94.4533332121
1038	96	3459	94.4761579505
1039	94	3462	94.512418452
1040	97	3462	94.5980083018
1041	97	3466	94.539804709
1042	100	3471	94.5317918989
1043	102	3477	94.5626532161
1044	104	3478	94.5038381535
1045	101	3485	94.5203029257
1046	101	3486	94.5649638932
1047	99	3488	94.4707501397
1048	97	3490	94.4462810536
1049	96	3495	94.3648674074
1050	101	3498	94.3661997137
1051	98	3504	94.2738464696
1052	103	3507	94.2387607236
1053	106	3507	94.1770145635
1054	111	3514	94.2463019809
1055	108	3517	94.2530744568
1056	109	3518	94.1606843132
1057	114	3524	94.1675729752
1058	117	3527	94.0902746634
1059	115	3528	94.0199562821
1060	113	3535	93.9327160859
1061	108	3535	94.019300649
1062	108	3536	94.0902175517
1063	105	3536	94.0858124756
1064	108	3538	94.0274685852
1065	103	3538	94.1061608337
1066	104	3541	94.0128899332
1067	108	3542	93.9866403008
1068	113	3548	93.9454271028
1069	116	3549	93.9262942968
1070	114	3553	93.8772648135
1071	117	3554	93.8127834181
1072	117	3554	93.8000848587
1073	115	3556	93.8937382707
1074	111	3563	93.9411274622
1075	106	3570	93.9341422054
1076	108	3575	93.8701435651
1077	110	3578	93.7898227419
1078	113	3579	93.7192997964
1079	115	3581	93.7554891004
1080	111	3586	93.6917300971
1081	113	3592	93.7396843022
1082	117	3595	93.7478073256
1083	117	3602	93.6844708911
1084	122	3604	93.6176369667
1085	117	3611	93.6930758412
1086	115	3615	93.6778977197
1087	113	3621	93.7411838016
1088	111	3621	93.6798743626
1089	114	3623	93.7470409021
1090	117	3627	93.7029725627
1091	121	3627	93.789011244
1092	125	3630	93.7496409439
1093	123	3633	93.8117175055
1094	119	3640	93.8152968101
1095	114	3641	93.8012138397
1096	118	3647	93.8390433565
1097	116	3648	93.9019395104
1098	121	3649	93.9155761072
1099	125	3652	93.9816691293
1100	126	3652	93.9804637809
1101	121	3658	93.9201338799
1102	124	3661	93.9942027891
1103	129	3661	93.8980495472
1104	127	3666	93.9306853184
1105	128	3669	93.8537866433
1106	133	3676	93.7795188492
1107	134	3678	93.8463990128
1108	139	3685	93.8270793881
1109	143	3692	93.9215456194
1110	139	3696	93.9315843131
1111	144	3702	93.9878818085
1112	140	3706	93.9288321234
1113	143	3711	94.0046842618
1114	145	3714	94.0706653733
1115	143	3715	94.0424466709
1116	141	3722	94.1327312485
1117	139	3728	94.2111849259
1118	138	3732	94.1246631596
1119	137	3733	94.1856726284
1120	141	3733	94.2536641586
1121	146	3734	94.226510695
1122	141	3739	94.1430831202
1123	143	3745	94.187690853
1124	144	3748	94.0977976091
1125	148	3753	94.157703772
1126	148	3753	94.2445131685
1127	146	3753	94.2460064742
1128	149	3757	94.3282167524
1129	148	3757	94.2591957733
1130	153	3758	94.3011028312
1131	152	3765	94.3192734825
1132	147	3765	94.4188743007
1133	146	3772	94.3354880614
1134	148	3773	94.2930892693
1135	148	3776	94.2632153724
1136	148	3783	94.2904338334
1137	147	3784	94.3700221344
1138	146	3785	94.2994312695
1139	143	3786	94.3662172732
1140	147	3786	94.4240335682
1141	146	3791	94.519127325
1142	142	3791	94.5996102516
1143	139	3795	94.5317419429
1144	139	3796	94.568055934
1145	136	3801	94.5674667624
1146	141	3802	94.4867576877
1147	143	3807	94.5416274084
1148	139	3808	94.4987215003
1149	137	3809	94.4602081569
1150	136	3811	94.5040263214
1151	131	3817	94.4088879064
1152	128	3819	94.3397834694
1153	133	3819	94.3447762143
1154	131	3822	94.2629279482
1155	136	3822	94.2670773432
1156	134	3828	94.277828058
1157	130	3831	94.3305843069
1158	134	3833	94.267135195
1159	136	3836	94.364001843
1160	132	3838	94.3019777401
1161	128	3845	94.3461274098
1162	129	3850	94.3625394608
1163	128	3856	94.3654445896
1164	133	3858	94.442099169
1165	138	3861	94.405159882
1166	140	3866	94.4357504832
1167	144	3869	94.4323730082
1168	141	3871	94.4251842744
1169	140	3877	94.4145741252
1170	143	3878	94.3953341388
1171	146	3878	94.331495409
1172	147	3878	94.3635777653
1173	150	3881	94.2880817679
1174	149	3884	94.3218169405
1175	149	3888	94.3787122159
1176	144	3892	94.4106706443
1177	149	3892	94.3427085972
1178	152	3897	94.3304305241
1179	153	3902	94.3048996747
1180	155	3903	94.2513592325
1181	154	3908	94.2706667169
1182	153	3910	94.3130126991
1183	156	3914	94.2177873402
1184	159	3918	94.181765824
1185	162	3920	94.1573583771
1186	162	3921	94.1971855175
1187	160	3926	94.1839179779
1188	156	3931	94.2614739761
1189	153	3938	94.2127199513
1190	153	3939	94.1138105221
1191	152	3940	94.1351456525
1192	150	3940	94.1153197946
1193	152	3940	94.1486948654
1194	156	3942	94.1812748996
1195	160	3942	94.2425930937
1196	164	3949	94.2338954337
1197	165	3956	94.1808825245
1198	161	3957	94.2087937264
1199	157	3959	94.2344709249
1200	156	3966	94.1879117291
1201	153	3970	94.2709589543
1202	148	3976	94.1803152479
1203	149	3979	94.2723863156
1204	149	3980	94.279156956
1205	154	3984	94.365071322
1206	155	3985	94.4071121596
1207	160	3987	94.4967761301
1208	161	3992	94.4091886983
1209	166	3999	94.3456519756
1210	167	4001	94.3266414212
1211	162	4007	94.3029928677
1212	162	4009	94.2257687546
1213	161	4013	94.1691154826
1214	160	4014	94.1149863901
1215	165	4016	94.0921625341
1216	169	4016	94.0287142287
1217	165	4017	94.1221551229
1218	167	4022	94.1498680774
1219	162	4023	94.2402327046
1220	159	4028	94.2912521836
1221	163	4030	94.3601581442
1222	166	4033	94.3419832305
1223	162	4038	94.2903156784
1224	157	4040	94.2909974928
1225	159	4044	94.2029953568
1226	161	4050	94.1834235595
1227	156	4056	94.2494256056
1228	161	4056	94.1610357108
1229	163	4058	94.0671741389
1230	159	4062	93.9882030788
1231	154	4062	94.0046501425
1232	150	4068	94.0945471674
1233	154	4070	94.0705145012
1234	152	4070	94.1177496886
1235	154	4072	94.2171723981
1236	156	4072	94.133384508
1237	154	4077	94.0969487186
1238	159	4080	94.0016177036
1239	158	4082	93.9340340976
1240	162	4082	93.86593262
1241	158	4089	93.8057459414
1242	155	4089	93.7297990545
1243	156	4089	93.7348288719
1244	159	4092	93.7993038368
1245	164	4099	93.8084487514
1246	167	4100	93.7775681946
1247	169	4104	93.7765633296
1248	170	4109	93.8245124038
1249	168	4113	93.901310065
1250	164	4113	93.8019128708
1251	164	4119	93.7888162837
1252	160	4123	93.7936592874
1253	160	4125	93.7943005022
1254	163	4132	93.7141376672
1255	163	4137	93.7149689168
1256	165	4144	93.7112641272
1257	168	4151	93.7580719074
1258	172	4152	93.6868931273
1259	174	4157	93.7594009164
1260	177	4163	93.7543849678
1261	175	4170	93.7801536136
1262	178	4172	93.7012834182
1263	175	4174	93.7071047421
1264	171	4174	93.8041055985
1265	166	4176	93.7486301823
1266	167	4176	93.8187599857
1267	164	4181	93.8356824613
1268	165	4184	93.8224175168
1269	165	4189	93.8153224655
1270	166	4190	93.794691973
1271	166	4190	93.7839058966
1272	161	4196	93.8721610289
1273	162	4197	93.9429322528
1274	159	4197	93.9353945155
1275	158	4203	93.8853826838
1276	155	4205	93.9194640585
1277	153	4209	93.8958446046
1278	149	4216	93.9621797805
1279	152	4217	93.8637643059
1280	157	4219	93.8537148181
1281	162	4226	93.9147894075
1282	164	4229	93.955583906
1283	168	4235	93.9585246444
1284	173	4242	94.0431232944
1285	169	4245	94.058704779
1286	167	4248	94.0241702025
1287	164	4250	94.1005405929
1288	165	4255	94.1728626762
1289	168	4258	94.1826441841
1290	171	4264	94.2585159688
1291	170	4267	94.3200718108
1292	167	4273	94.3752896202
1293	170	4276	94.3582111493
1294	170	4279	94.3710806971
1295	166	4281	94.2759874909
1296	170	4281	94.3692882393
1297	170	4282	94.3588485758
1298	168	4287	94.3740930945
1299	171	4289	94.3503243974
1300	171	4294	94.332189763
1301	168	4296	94.3303125604
1302	168	4298	94.4264654663
1303	170	4298	94.3561703901
1304	171	4304	94.329975238
1305	167	4308	94.3894332742
1306	171	4313	94.4626266234
1307	175	4313	94.3939568023
1308	174	4318	94.4190763967
1309	176	4323	94.3594492971
1310	171	4330	94.4476953395
1311	172	4333	94.4498381257
1312	167	4339	94.4004851607
1313	162	4339	94.3887159876
1314	157	4342	94.2999105037
1315	161	4343	94.3721093757
1316	164	4349	94.2881294669
1317	167	4351	94.3309682755
1318	164	4354	94.2789526563
1319	167	4359	94.349054466
1320	165	4366	94.2753777462
1321	167	4373	94.2334685101
1322	163	4378	94.1346161066
1323	159	4385	94.1744352901
1324	154	4387	94.0799744411
1325	152	4393	94.1611882273
1326	149	4399	94.1216704965
1327	147	4405	94.1743922719
1328	147	4405	94.1979029532
1329	146	4409	94.273273018
1330	151	4415	94.2466848322
1331	147	4417	94.343244449
1332	146	4424	94.2543376419
1333	151	4427	94.3060261531
1334	150	4428	94.3557924779
1335	145	4434	94.276393258
1336	141	4434	94.3393041706
1337	141	4434	94.3773355117
1338	142	4438	94.4631112712
1339	145	4438	94.5476603505
1340	146	4439	94.5473202551
1341	150	4444	94.6047614167
1342	146	4450	94.6551141858
1343	144	4452	94.5659681817
1344	141	4452	94.5348073211
1345	143	4454	94.4433828211
1346	145	4455	94.3508101789
1347	147	4455	94.2969281332
1348	143	4456	94.2451737663
1349	146	4458	94.3069571389
1350	141	4462	94.311353889
1351	145	4469	94.3914901504
1352	150	4469	94.3899128458
1353	149	4470	94.3769701751
1354	146	4471	94.2939643905
1355	141	4475	94.215478431
1356	146	4477	94.1368262778
1357	148	4483	94.0411267872
1358	143	4486	93.9942815764
1359	146	4486	94.0766731287
1360	142	4489	94.1017530226
1361	144	4494	94.1368394818
1362	141	4501	94.0589802126
1363	141	4507	93.9664376503
1364	139	4510	93.9556481608
1365	135	4515	94.0520907107
1366	135	4519	94.1323363293
1367	138	4521	94.1653479944
1368	139	4524	94.2301532248
1369	144	4529	94.1614370954
1370	148	4529	94.1581802207
1371	149	4532	94.0802099974
1372	146	4533	94.0329151715
1373	144	4533	94.0587223399
1374	141	4536	94.0115012753
1375	144	4540	94.0435530069
1376	139	4540	93.95229872
1377	134	4544	94.0316538775
1378	134	4545	94.1162739811
1379	129	4545	94.1115285724
1380	128	4549	94.0200765555
1381	129	4552	94.0351039756
1382	124	4553	94.1139232321
1383	125	4557	94.0146489757
1384	126	4562	94.0199799578
1385	129	4562	94.1078831386
1386	131	4563	94.09528257
1387	130	4567	94.0304419119
1388	133	4568	94.1002728435
1389	131	4574	94.1341274339
1390	134	4580	94.0956720084
1391	133	4587	94.1947815554
1392	128	4587	94.2306283455
1393	133	4587	94.3213266562
1394	137	4593	94.2468359423
1395	141	4596	94.2804921938
1396	144	4599	94.3712047479
1397	145	4601	94.4445836645
1398	141	4601	94.3497655777
1399	136	4606	94.2827406219
1400	137	4608	94.2230072751
1401	132	4610	94.2571617091
1402	128	4611	94.2912531997
1403	129	4613	94.3709263987
1404	126	4613	94.313717568
1405	129	4616	94.3889616579
1406	131	4620	94.3996024674
1407	128	4625	94.3222666781
1408	129	4629	94.3311677793
1409	126	4630	94.4113205307
1410	131	4631	94.4851926404
1411	135	4635	94.4062906901
1412	133	4638	94.4138623177
1413	136	4645	94.3956652539
1414	141	4651	94.4905356848
1415	144	4657	94.4097496372
1416	141	4664	94.3966640827
1417	138	4666	94.389390582
1418	139	4666	94.2895473997
1419	142	4670	94.3895408678
1420	138	4676	94.3871300507
1421	141	4680	94.380611763
1422	139	4683	94.4374541584
1423	140	4688	94.3616129766
1424	143	4690	94.4534877326
1425	142	4695	94.4535879495
1426	147	4702	94.4719209807
1427	149	4702	94.5550997784
1428	151	4704	94.6340210716
1429	146	4711	94.7226021645
1430	149	4714	94.6861890831
1431	147	4721	94.6090457908
1432	147	4727	94.6684356927
1433	149	4727	94.5691461012
1434	150	4727	94.5139030746
1435	154	4734	94.4672031311
1436	155	4734	94.4044754712
1437	151	4735	94.4262395891
1438	150	4736	94.4701572846
1439	150	4736	94.4799583819
1440	152	4742	94.4075697246
1441	148	4742	94.3325854403
1442	143	4743	94.3236800741
1443	140	4745	94.283376022
1444	144	4745	94.3786285131
1445	140	4750	94.3779377799
1446	145	4752	94.3783759507
1447	150	4754	94.3853560771
1448	146	4757	94.290862175
1449	141	4760	94.2245904764
1450	138	4762	94.1291175694
1451	133	4769	94.1080730898
1452	135	4769	94.1733907997
1453	138	4775	94.0828006209
1454	140	4776	94.0572333944
1455	143	4777	94.1237057681
1456	148	4783	94.142210265
1457	151	4783	94.1044884477
1458	152	4785	94.1592106294
1459	151	4785	94.0660317956
1460	149	4787	94.1637576789
1461	144	4788	94.0963999305
1462	146	4792	94.1317908079
1463	143	4796	94.1047642392
1464	138	4797	94.1712987839
1465	139	4797	94.2614252528
1466	138	4800	94.2503890677
1467	135	4807	94.1576821069
1468	138	4809	94.1532830023
1469	143	4811	94.0868294886
1470	139	4812	94.0771499019
1471	142	4812	94.143462116
1472	140	4815	94.1788680464
1473	136	4821	94.2693754939
1474	137	4827	94.2279688316
1475	142	4827	94.2620115937
1476	147	4834	94.2601865317
1477	142	4838	94.2343946176
1478	137	4844	94.2385775514
1479	136	4849	94.2222689498
1480	132	4849	94.2778694957
1481	131	4853	94.2588765574
1482	129	4857	94.2115668377
1483	129	4857	94.2487779532
1484	128	4858	94.3252049529
1485	130	4864	94.2943374082
1486	132	4866	94.3786827797
1487	135	4873	94.3578570802
1488	131	4876	94.4066921719
1489	133	4877	94.313188294
1490	135	4881	94.3972337212
1491	138	4885	94.3023504478
1492	133	4892	94.2348428492
1493	130	4895	94.2215058568
1494	127	4895	94.1216703589
1495	128	4899	94.1189113066
1496	129	4899	94.0693241723
1497	130	4902	93.9918142765
1498	134	4909	93.9214428178
1499	132	4913	93.8519584037
1500	135	4920	93.9382592804
1501	136	4922	93.9149020704
1502	136	4928	94.0143886489
1503	132	4931	93.9230058238
1504	133	4937	93.8644700724
1505	137	4941	93.9604830471
1506	133	4948	93.9892666336
1507	129	4949	93.945682679
1508	129	4952	93.8915948869
1509	124	4958	93.8229672601
1510	123	4964	93.8730196586
1511	118	4966	93.8500834578
1512	119	4971	93.8021576022
1513	121	4972	93.7793109161
1514	119	4976	93.8442472031
1515	121	4977	93.8039498991
1516	116	4981	93.8860539983
1517	117	4983	93.8789412161
1518	119	4983	93.9022584988
1519	115	4990	93.8130062372
1520	112	4992	93.7993569278
1521	115	4999	93.8909704357
1522	112	5006	93.8577926962
1523	111	5007	93.9112043842
1524	106	5009	93.9914389247
1525	106	5014	94.0495037931
1526	102	5016	93.9582815189
1527	103	5019	94.0423043531
1528	103	5026	94.0193216705
1529	100	5031	93.9926122122
1530	98	5031	93.9462948086
1531	100	5035	93.9760849354
1532	96	5040	94.0331051162
1533	96	5041	94.0442830258
1534	100	5047	93.9953978224
1535	95	5049	93.9007056532
1536	97	5052	93.9856470007
1537	102	5053	94.0399815499
1538	106	5057	94.1159939947
1539	109	5059	94.1911933443
1540	105	5065	94.2801008181
1541	106	5067	94.3374694904
1542	104	5072	94.315900651
1543	109	5073	94.23382059
1544	113	5079	94.2037292214
1545	115	5084	94.1681822073
1546	113	5090	94.2013024039
1547	114	5093	94.1357924417
1548	116	5095	94.0469959907
1549	118	5098	93.9549917733
1550	122	5101	93.9439963254
1551	121	5108	93.9020401072
1552	123	5112	93.8369968956
1553	120	5117	93.7837447348
1554	125	5120	93.7266187237
1555	125	5123	93.7848803581
1556	120	5127	93.8276409527
1557	124	5127	93.9134234764
1558	119	5127	93.8332172696
1559	114	5127	93.8902913492
1560	110	5129	93.8167603569
1561	108	5130	93.8431248078
1562	105	5131	93.8321263327
1563	106	5132	93.8082701217
1564	111	5135	93.7532975344
1565	108	5140	93.6815032663
1566	109	5143	93.7036824289
1567	108	5149	93.7987790259
1568	105	5154	93.7707317087
1569	104	5155	93.7602262584
1570	104	5159	93.7371160573
1571	107	5163	93.6847873411
1572	108	5167	93.613356059
1573	107	5170	93.6319738956
1574	107	5176	93.5450623738
1575	109	5180	93.4627016169
1576	111	5186	93.5314294539
1577	106	5192	93.564489431
1578	108	5199	93.4833956854
1579	110	5203	93.5385682344
1580	111	5205	93.5987861584
1581	106	5212	93.591787821
1582	105	5215	93.6273185354
1583	103	5215	93.5274698889
1584	107	5216	93.6264896666
1585	103	5218	93.6926064008
1586	108	5222	93.7712593751
1587	105	5228	93.679119737
1588	109	5230	93.7305773043
1589	114	5233	93.7171200781
1590	111	5238	93.6352727261
1591	108	5243	93.5424085233
1592	109	5246	93.5688373356
1593	108	5250	93.4702478214
1594	112	5250	93.4128607733
1595	110	5253	93.3939034376
1596	110	5256	93.4099132157
1597	112	5263	93.3505122161
1598	117	5263	93.3959232234
1599	112	5266	93.3657093862
1600	107	5273	93.3886397277
1601	105	5280	93.4312946689
1602	103	5286	93.4323595614
1603	106	5290	93.4173795835
1604	110	5292	93.3481495761
1605	108	5299	93.3180607906
1606	111	5302	93.2549898228
1607	113	5306	93.3303502712
1608	117	5310	93.3590094582
1609	114	5311	93.4448945868
1610	115	5317	93.4086806483
1611	110	5320	93.3812340963
1612	112	5320	93.4487380838
1613	109	5320	93.380484395
1614	111	5325	93.4108812117
1615	109	5331	93.497228626
1616	114	5333	93.4967664418
1617	109	5337	93.5045544441
1618	111	5337	93.4578358403
1619	110	5337	93.4391712365
1620	111	5344	93.4076413647
1621	116	5348	93.3992123794
1622	117	5351	93.3683919905
1623	117	5355	93.3220005138
1624	113	5362	93.3665363231
1625	109	5364	93.4222058594
1626	108	5369	93.4643713834
1627	110	5370	93.5384558509
1628	106	5375	93.5908166321
1629	103	5379	93.6693037343
1630	101	5381	93.7026972868
1631	96	5385	93.766524187
1632	96	5392	93.7877773973
1633	100	5398	93.7699719018
1634	96	5404	93.8499986683
1635	100	5410	93.7579210503
1636	101	5414	93.8266547375
1637	102	5420	93.9240645634
1638	97	5426	93.9424120991
1639	95	5432	93.9985711066
1640	94	5438	93.958068901
1641	97	5444	93.8892963803
1642	100	5449	93.947728299
1643	104	5455	93.9370394125
1644	105	5455	93.9266825781
1645	109	5457	93.8444305869
1646	109	5462	93.8520170643
1647	112	5467	93.8958697875
1648	113	5473	93.9610211594
1649	108	5473	93.9483961366
1650	113	5475	93.9576632592
1651	113	5480	93.8952732446
1652	114	5483	93.8039247557
1653	110	5487	93.7303255297
1654	105	5490	93.8149625047
1655	109	5494	93.7430490776
1656	107	5500	93.8217325356
1657	108	5500	93.7697450344
1658	107	5505	93.6963553125
1659	109	5507	93.6661023611
1660	107	5512	93.6437853791
1661	111	5518	93.6726981702
1662	109	5520	93.5988873578
1663	106	5520	93.5414473542
1664	104	5522	93.458173187
1665	105	5528	93.5005516265
1666	106	5532	93.5002367957
1667	108	5539	93.4362885382
1668	105	5544	93.4090770741
1669	103	5549	93.3849752742
1670	104	5549	93.3338349215
1671	101	5553	93.4129446341
1672	106	5558	93.3914268612
1673	104	5559	93.4771974027
1674	104	5564	93.491530075
1675	99	5565	93.4667136165
1676	95	5566	93.5377309331
1677	95	5570	93.5414513004
1678	92	5577	93.553628325
1679	91	5581	93.6191388282
1680	91	5583	93.6712431694
1681	89	5584	93.6498248993
1682	91	5587	93.6229261966
1683	96	5590	93.6767278763
1684	97	5596	93.6680865157
1685	98	5599	93.68438222
1686	93	5601	93.6870837915
1687	91	5602	93.6880392945
1688	95	5605	93.626429883
1689	97	5606	93.6396896065
1690	101	5613	93.5829922818
1691	100	5613	93.5259123889
1692	98	5617	93.6025630053
1693	101	5621	93.6422152965
1694	100	5623	93.7249100282
1695	95	5623	93.7333885811
1696	100	5627	93.7788150566
1697	104	5631	93.7514817765
1698	100	5636	93.6596106961
1699	95	5637	93.6688527007
1700	99	5637	93.6687286498
1701	94	5641	93.6991649446
1702	94	5645	93.7472634564
1703	89	5652	93.65609855
1704	91	5655	93.6083812169
1705	93	5657	93.6646898834
1706	91	5660	93.5876185153
1707	96	5662	93.6724162003
1708	94	5667	93.6838765662
1709	95	5674	93.6480429874
1710	97	5675	93.695959008
1711	95	5676	93.6388671803
1712	96	5683	93.6980071312
1713	95	5685	93.7421582462
1714	99	5692	93.7289659328
1715	102	5695	93.6712753229
1716	101	5702	93.7505157533
1717	97	5706	93.8358591431
1718	99	5708	93.76105802
1719	102	5711	93.8225138166
1720	100	5718	93.8692761267
1721	97	5724	93.9441759926
1722	101	5731	93.9555085921
1723	97	5738	94.0500776292
1724	99	5742	94.048565285
1725	102	5743	94.0367364927
1726	100	5743	93.977380539
1727	101	5749	93.8820094979
1728	102	5750	93.8069310269
1729	105	5757	93.8495343486
1730	101	5759	93.9202884081
1731	105	5764	93.8686906815
1732	109	5767	93.7781726279
1733	105	5767	93.8772456688
1734	107	5773	93.8136689311
1735	110	5779	93.8638866226
1736	111	5785	93.8873435432
1737	113	5785	93.8119881776
1738	116	5786	93.8952315348
1739	112	5791	93.8719857649
1740	117	5791	93.8336634928
1741	115	5794	93.7485164449
1742	111	5794	93.796277956
1743	116	5799	93.7249817181
1744	112	5800	93.6977764623
1745	109	5807	93.6998574025
1746	109	5808	93.6065722883
1747	106	5810	93.6042495045
1748	102	5816	93.5726000401
1749	100	5817	93.5559438853
1750	104	5821	93.5407074779
1751	103	5823	93.6071466946
1752	100	5830	93.7059681419
1753	97	5834	93.6704304131
1754	98	5838	93.7665802923
1755	94	5840	93.8621452745
1756	93	5840	93.9128694598
1757	90	5840	93.9455113479
1758	93	5847	93.8799430409
1759	88	5847	93.9235608396
1760	87	5851	93.9010371887
1761	89	5856	93.9960357473
1762	87	5859	94.0375676364
1763	84	5866	94.0182975156
1764	89	5867	93.9326287104
1765	86	5873	93.8344990034
1766	90	5879	93.9170984006
1767	85	5881	93.9978220697
1768	84	5888	93.9741933272
1769	79	5894	94.0033228981
1770	82	5896	94.0510021113
1771	82	5899	94.0070884226
1772	86	5901	93.9490112753
1773	82	5902	93.9706385857
1774	87	5902	94.0015219255
1775	83	5902	94.0490200176
1776	87	5907	94.0115879372
1777	92	5908	94.0871312593
1778	90	5912	94.0652300001
1779	85	5918	94.1181342544
1780	83	5925	94.0701415899
1781	83	5925	93.9858684782
1782	88	5929	93.8861186367
1783	86	5932	93.9201620197
1784	86	5932	93.9067886903
1785	88	5938	93.8927457664
1786	88	5938	93.8299346258
1787	86	5939	93.8631384642
1788	90	5945	93.8820427575
1789	90	5946	93.8938177589
1790	88	5946	93.9216767307
1791	89	5946	93.875747135
1792	94	5948	93.8504374482
1793	97	5949	93.9331689083
1794	100	5952	93.9624831558
1795	100	5958	93.9719396704
1796	102	5958	94.0198485914
1797	104	5963	93.9343098353
1798	105	5966	94.0009576381
1799	105	5973	94.0979259412
1800	102	5975	94.0901793366
1801	97	5982	94.1494645119
1802	94	5986	94.1575276716
1803	95	5992	94.1593266378
1804	90	5999	94.0795841586
1805	92	6004	94.0588983251
1806	93	6007	94.0233651204
1807	94	6007	94.0036487409
1808	90	6011	93.9843500243
1809	95	6013	93.9015814553
1810	95	6020	93.818230898
1811	92	6020	93.8574963846
1812	90	6027	93.7921855028
1813	95	6028	93.7053360728
1814	92	6030	93.6212960885
1815	92	6032	93.6710250893
1816	89	6036	93.7643358807
1817	84	6036	93.7549258019
1818	84	6041	93.7519998963
1819	88	6046	93.7964322636
1820	91	6048	93.7494158353
1821	94	6052	93.797554153
1822	91	6056	93.7922296737
1823	92	6056	93.8599277101
1824	87	6063	93.9178081937
1825	89	6063	93.9786099043
1826	93	6069	93.9433566248
1827	94	6070	93.8740121922
1828	96	6071	93.9665150529
1829	96	6073	94.0372731973
1830	98	6076	94.039951915
1831	102	6078	94.1181500476
1832	103	6078	94.1642924877
1833	102	6079	94.123673445
1834	105	6083	94.0835025166
1835	105	6084	93.9949826537
1836	106	6086	94.03333133
1837	110	6087	93.966849999
1838	106	6087	94.0424374227
1839	104	6088	94.0188797796
1840	101	6094	94.1183710753
1841	106	6101	94.0829702952
1842	110	6104	94.1556240077
1843	111	6107	94.1832177737
1844	111	6113	94.0925675975
1845	106	6115	94.0987877182
1846	102	6118	94.1266556718
1847	99	6119	94.1981863152
1848	96	6126	94.2585742204
1849	98	6131	94.264723235
1850	95	6136	94.1727669829
1851	90	6143	94.0979511565
1852	94	6143	94.1026346789
1853	97	6146	94.1113887776
1854	98	6147	94.1724552795
1855	101	6153	94.2641902577
1856	97	6153	94.2711078497
1857	99	6158	94.1843912157
1858	97	6162	94.1007863026
1859	93	6163	94.0160919462
1860	92	6163	94.0658128518
1861	93	6167	94.0306699291
1862	92	6171	93.9704082187
1863	91	6172	93.9595692535
1864	94	6172	93.8719877432
1865	94	6176	93.8844608255
1866	96	6181	93.8144144987
1867	91	6184	93.8519987396
1868	91	6187	93.9321872403
1869	87	6188	93.9693419681
1870	87	6192	94.0128782291
1871	91	6197	93.9215838612
1872	96	6200	93.8414263442
1873	99	6202	93.8944528163
1874	99	6207	93.8778666186
1875	96	6210	93.8256015903
1876	94	6211	93.8395218372
1877	93	6213	93.7420594733
1878	91	6214	93.6741544751
1879	90	6216	93.6123922467
1880	92	6220	93.6514006885
1881	95	6222	93.6902245289
1882	97	6225	93.6104288777
1883	94	6225	93.6625595829
1884	91	6228	93.5976466898
1885	91	6234	93.6955294049
1886	88	6238	93.754556649
1887	91	6240	93.8522278445
1888	94	6243	93.8125905172
1889	99	6247	93.8990834099
1890	96	6252	93.842206741
1891	93	6252	93.8246804419
1892	94	6254	93.8696988789
1893	99	6255	93.9646946225
1894	104	6258	93.9041525938
1895	99	6259	93.8096495567
1896	98	6261	93.7747636233
1897	99	6261	93.772273424
1898	95	6262	93.8616290063
1899	90	6267	93.7792426977
1900	93	6269	93.723625888
1901	91	6274	93.7967118608
1902	88	6276	93.8529842259
1903	87	6281	93.7867170519
1904	84	6288	93.7371571381
1905	82	6291	93.8123332307
1906	83	6298	93.7908961785
1907	85	6299	93.8289087409
1908	89	6304	93.7988676095
1909	84	6310	93.7777957934
1910	80	6311	93.8361780778
1911	82	6311	93.82858833
1912	82	6313	93.7992165151
1913	77	6318	93.8003107826
1914	75	6318	93.843618882
1915	73	6318	93.8751322202
1916	78	6320	93.7814766223
1917	76	6322	93.7220985134
1918	75	6323	93.7077866378
1919	80	6326	93.7539443728
1920	81	6333	93.8320997484
1921	83	6339	93.8135802609
1922	80	6346	93.8604742982
1923	85	6353	93.8810007531
1924	86	6354	93.8870202346
1925	83	6357	93.9202701244
1926	88	6359	93.9953291731
1927	88	6366	93.9103115134
1928	87	6370	93.9555787988
1929	88	6377	94.0228338839
1930	90	6378	94.0384356776
1931	91	6385	93.96630743
1932	87	6385	93.9694809305
1933	85	6389	93.9852312063
1934	81	6395	93.9277585034
1935	84	6401	93.948845761
1936	79	6401	93.8931850108
1937	77	6406	93.9303575746
1938	79	6413	93.8943605267
1939	76	6415	93.8963577484
1940	71	6419	93.9905020209
1941	73	6423	94.0809009271
1942	72	6429	93.9880042776
1943	77	6430	93.9000744331
1944	81	6433	93.9502451304
1945	77	6433	94.0314904636
1946	76	6439	94.1009320447
1947	76	6441	94.1801842087
1948	76	6446	94.1052545732
1949	81	6450	94.1215980521
1950	86	6451	94.1819543658
1951	83	6455	94.2543617139
1952	79	6456	94.1926203857
1953	80	6463	94.153696789
1954	82	6467	94.0666947609
1955	80	6468	94.1287720463
1956	83	6475	94.1598569065
1957	78	6478	94.2505772774
1958	78	6485	94.1997847138
1959	81	6489	94.1995224685
1960	81	6489	94.2156195498
1961	78	6493	94.1657712661
1962	78	6493	94.1815204399
1963	76	6499	94.1005010876
1964	73	6504	94.1087055318
1965	73	6506	94.0383761802
1966	70	6508	93.9579507005
1967	69	6512	93.8847423715
1968	67	6516	93.8137219499
1969	68	6519	93.7418249432
1970	68	6519	93.7818368959
1971	68	6522	93.8749704804
1972	64	6529	93.8222844614
1973	68	6529	93.8173265451
1974	70	6531	93.8201612706
1975	68	6535	93.8199999834
1976	72	6541	93.9134182632
1977	67	6541	93.9952130871
1978	70	6545	94.0028635048
1979	72	6547	94.0679753165
1980	76	6553	93.9714836539
1981	77	6554	94.0496473086
1982	79	6557	94.1397291726
1983	75	6561	94.1402836425
1984	72	6563	94.0452043948
1985	75	6563	93.9648721044
1986	78	6566	94.0080682279
1987	80	6566	93.9171599181
1988	84	6567	93.9978783026
1989	83	6570	94.0224228542
1990	78	6571	93.9596675383
1991	78	6576	93.9172814511
1992	78	6578	93.9634894918
1993	75	6581	94.0075888211
1994	77	6583	94.0895211016
1995	80	6584	94.0149978423
1996	77	6584	93.9622836252
1997	77	6589	93.9579387809
1998	73	6595	93.9236186005
1999	75	6600	93.9357877818
2000	80	6605	93.8675101001
2001	82	6610	93.891349137
2002	79	6616	93.7962570812
2003	76	6623	93.7481186067
2004	79	6624	93.8445775495
2005	83	6631	93.9209663206
2006	86	6634	93.9189966195
2007	89	6637	93.8885911796
2008	93	6644	93.9443936298
2009	96	6647	93.9405413064
2010	92	6654	93.9606827381
2011	88	6660	94.0323241276
2012	86	6660	94.1094152418
2013	89	6660	94.1821802694
2014	89	6666	94.0886659913
2015	89	6670	94.1694105971
2016	93	6676	94.1065829466
2017	89	6676	94.0657730721
2018	85	6676	94.0914735164
2019	84	6683	94.0232331086
2020	82	6689	93.9686774891
2021	78	6691	94.0518069697
2022	78	6694	94.1344991379
2023	79	6701	94.0812218578
2024	75	6707	94.0341740558
2025	77	6713	93.9397431434
2026	81	6714	93.8985466151
2027	78	6717	93.84489723
2028	82	6724	93.9333489848
2029	81	6730	93.9165792799
2030	86	6730	93.8372740407
2031	81	6732	93.9229128811
2032	83	6738	93.852594583
2033	79	6741	93.8413740563
2034	80	6748	93.8669195014
2035	77	6751	93.8743390511
2036	81	6757	93.7891146195
2037	86	6757	93.867233098
2038	89	6763	93.8591527726
2039	84	6769	93.8175902404
2040	81	6776	93.7616387103
2041	77	6783	93.8567920709
2042	77	6786	93.8163822996
2043	78	6788	93.7972441555
2044	81	6795	93.7037563853
2045	79	6800	93.6173013415
2046	78	6801	93.5555502973
2047	75	6803	93.4677782765
2048	80	6809	93.4019000352
2049	80	6813	93.3743574961
2050	76	6814	93.3499098383
2051	76	6819	93.3179052823
2052	74	6825	93.3661609587
2053	69	6831	93.4624053989
2054	74	6838	93.4137328431
2055	76	6839	93.4402352408
2056	74	6841	93.3809757311
2057	77	6848	93.4697464994
2058	78	6854	93.3884563019
2059	76	6861	93.4842287867
2060	74	6861	93.4546086852
2061	78	6866	93.3973752846
2062	75	6869	93.3872450096
2063	75	6873	93.4041196926
2064	79	6877	93.4504066836
2065	75	6880	93.3519718542
2066	76	6881	93.29981819
2067	75	6881	93.3300721693
2068	74	6881	93.2448653179
2069	74	6883	93.2956515619
2070	73	6884	93.2688663587
2071	77	6886	93.3209174985
2072	77	6892	93.3031268145
2073	82	6893	93.2332423422
2074	85	6900	93.199854491
2075	90	6900	93.258254715
2076	90	6901	93.1828888773
2077	91	6901	93.1971247708
2078	96	6908	93.202787148
2079	98	6910	93.2433946629
2080	95	6914	93.1818546607
2081	95	6921	93.2455416147
2082	94	6926	93.3199710325
2083	92	6927	93.2259979189
2084	96	6929	93.2136731341
2085	92	6930	93.2772954086
2086	93	6930	93.3295467171
2087	96	6937	93.3365184077
2088	91	6944	93.2686729317
2089	87	6944	93.2335822982
2090	92	6945	93.2964119758
2091	90	6952	93.349350544
2092	90	6952	93.3049460784
2093	89	6958	93.3295122123
2094	89	6964	93.2361313668
2095	84	6966	93.2116178421
2096	86	6971	93.1769333128
2097	85	6977	93.1037526247
2098	84	6979	93.0301394167
2099	88	6981	93.0559924283
2100	87	6988	93.1056703334
2101	84	6988	93.0170850116
2102	83	6991	92.9702182127
2103	88	6991	92.9317317184
2104	85	6991	92.9082720633
2105	86	6998	92.887646467
2106	88	7005	92.9420432167
2107	86	7011	93.0238113552
2108	85	7013	92.9277330434
2109	84	7014	92.8763555638
2110	87	7014	92.8414338827
2111	89	7017	92.9294212302
2112	92	7022	92.8869590955
2113	96	7024	92.9753114998
2114	94	7027	92.9382974014
2115	89	7028	92.9621942522
2116	84	7035	92.9580789612
2117	88	7037	92.9747172126
2118	85	7039	93.0062606158
2119	86	7044	93.0450086007
2120	91	7046	92.9572653089
2121	96	7048	92.9722039976
2122	98	7049	92.8763361129
2123	93	7050	92.8198304623
2124	88	7052	92.7796376412
2125	91	7053	92.8529879356
2126	96	7053	92.8066751841
2127	96	7054	92.8599455665
2128	92	7059	92.7863807735
2129	87	7064	92.7492712825
2130	90	7066	92.8212788715
2131	92	7073	92.7519326735
2132	91	7078	92.7368120566
2133	96	7079	92.7952336664
2134	97	7084	92.828739563
2135	92	7091	92.7642490057
2136	90	7092	92.8630460115
2137	94	7098	92.9384295868
2138	90	7098	93.0313481388
2139	87	7099	92.9357798625
2140	87	7103	92.9362616418
2141	86	7106	93.0063080489
2142	90	7110	92.9346953984
2143	90	7112	92.970861942
2144	86	7117	92.9029812057
2145	84	7121	92.9536496456
2146	83	7124	92.883606881
2147	78	7130	92.8918054836
2148	80	7136	92.8264469469
2149	78	7141	92.8297080199
2150	82	7147	92.9213993909
2151	80	7147	92.9461553769
2152	82	7153	92.9884090708
2153	84	7156	92.9596589621
2154	87	7157	92.8631596362
2155	88	7159	92.8135172519
2156	89	7160	92.8634882963
2157	92	7165	92.8512719811
2158	90	7170	92.8821114721
2159	86	7172	92.7949735252
2160	84	7174	92.7062826016
2161	87	7177	92.7325634433
2162	89	7184	92.8268622028
2163	84	7189	92.8044823511
2164	88	7194	92.8626079718
2165	88	7201	92.9329191896
2166	93	7205	92.9799383044
2167	91	7208	92.9793002509
2168	89	7210	92.9683840108
2169	91	7211	92.8950392124
2170	93	7211	92.8424198377
2171	95	7218	92.7919787407
2172	100	7222	92.7911803046
2173	100	7223	92.8111474901
2174	96	7224	92.8529085621
2175	94	7230	92.8073293774
2176	95	7232	92.8904594922
2177	96	7238	92.8133121196
2178	92	7242	92.884924218
2179	88	7246	92.8347558465
2180	86	7249	92.9205844817
2181	89	7249	93.0144618072
2182	84	7253	93.1012175158
2183	83	7255	93.1222614364
2184	82	7257	93.0865371232
2185	86	7257	93.1181649207
2186	86	7258	93.1012314746
2187	85	7263	93.1976514077
2188	82	7270	93.2681193314
2189	78	7274	93.2985897234
2190	77	7276	93.3417718367
2191	73	7280	93.2515102127
2192	70	7281	93.3467341646
2193	67	7287	93.2907548669
2194	63	7291	93.2636195995
2195	62	7292	93.2575246788
2196	62	7297	93.2283166838
2197	61	7300	93.1783077187
2198	66	7302	93.2546139967
2199	68	7309	93.2266171821
2200	67	7315	93.144924363
2201	64	7317	93.0464137173
2202	67	7324	93.013679618
2203	66	7325	93.1009619939
2204	62	7326	93.1069657511
2205	59	7332	93.0633460388
2206	56	7337	93.0736268503
2207	52	7344	93.1430064866
2208	57	7350	93.1018517844
2209	56	7351	93.1754540779
2210	59	7354	93.0784240556
2211	61	7360	93.1199723857
2212	63	7364	93.2074248729
2213	64	7369	93.1300934161
2214	64	7370	93.0507207137
2215	65	7374	93.0807539407
2216	67	7378	93.0053166465
2217	65	7382	93.0673868911
2218	61	7383	93.1307822019
2219	59	7388	93.0901511981
2220	64	7391	93.0811424071
2221	68	7395	93.0625145678
2222	63	7396	93.0107213781
2223	65	7396	92.9153038381
2224	60	7401	92.9570417789
2225	58	7407	92.8964224915
2226	60	7412	92.8944125688
2227	63	7415	92.9823439047
2228	60	7420	92.9132617819
2229	64	7423	92.8756481319
2230	69	7429	92.9316517922
2231	72	7429	92.9814610227
2232	68	7433	93.0615308044
2233	73	7437	93.093262368
2234	76	7444	93.052299891
2235	75	7446	93.0892335175
2236	79	7453	93.09343423
2237	74	7460	93.1485668418
2238	69	7465	93.1404673832
2239	67	7471	93.1456158811
2240	65	7473	93.2243362148
2241	62	7479	93.1540539359
2242	62	7486	93.2479971729
2243	57	7487	93.3404997595
2244	56	7491	93.3173492443
2245	54	7498	93.2448866932
2246	57	7498	93.2212937291
2247	56	7500	93.249184511
2248	51	7502	93.1879103764
2249	53	7505	93.1233605412
2250	53	7508	93.1540358486
2251	51	7508	93.1600823438
2252	56	7509	93.112754444
2253	60	7516	93.1352664681
2254	57	7520	93.054095857
2255	60	7526	92.9598364031
2256	65	7531	93.0449472583
2257	60	7533	93.1245888327
2258	60	7533	93.0587451925
2259	56	7539	93.0503642175
2260	59	7541	92.9861614099
2261	61	7542	92.9363751748
2262	63	7545	93.0274317545
2263	67	7552	93.0782195167
2264	68	7554	93.1129898979
2265	73	7561	93.1426546756
2266	71	7562	93.2236374833
2267	70	7565	93.1440599332
2268	65	7569	93.1021570544
2269	68	7575	93.0194473001
2270	73	7579	93.0491831703
2271	77	7580	93.0665495198
2272	75	7586	93.1026986668
2273	74	7593	93.07894899
2274	77	7593	92.9808269224
2275	77	7600	93.075435952
2276	78	7600	93.1078647229
2277	75	7600	93.1349116308
2278	71	7607	93.224413579
2279	67	7614	93.1956346436
2280	62	7616	93.1148215551
2281	60	7616	93.2014035828
2282	61	7623	93.1280834166
2283	64	7623	93.08256893
2284	60	7627	93.0009590974
2285	65	7629	93.0821879482
2286	69	7635	92.9952938302
2287	73	7640	93.0480506405
2288	68	7641	93.1410163297
2289	67	7642	93.0466770189
2290	71	7646	93.1107132083
2291	68	7651	93.1872934272
2292	71	7657	93.1107443938
2293	68	7664	93.0953379731
2294	64	7669	93.1441127125
2295	61	7669	93.0981984498
2296	61	7672	93.0840126331
2297	58	7675	93.1792560962
2298	58	7676	93.1051361033
2299	63	7682	93.0490769458
2300	66	7689	93.0851270752
2301	62	7694	93.0482903748
2302	66	7700	92.9843965843
2303	66	7702	93.0105841312
2304	70	7706	92.9691285646
2305	70	7713	92.9194074082
2306	75	7715	92.8986673117
2307	71	7722	92.8691166539
2308	66	7724	92.8531988166
2309	65	7727	92.7720873248
2310	66	7730	92.8379570313
2311	68	7737	92.7699715926
2312	65	7737	92.7792246705
2313	63	7738	92.6819415496
2314	67	7742	92.6276567651
2315	69	7748	92.6876305547
2316	73	7751	92.6988386187
2317	76	7757	92.7466134393
2318	79	7762	92.7899678665
2319	76	7765	92.8067585715
2320	76	7765	92.8751334733
2321	79	7770	92.8562139618
2322	74	7773	92.925260532
2323	75	7776	92.8976940207
2324	75	7783	92.8509275202
2325	77	7783	92.8348385007
2326	78	7790	92.8890774886
2327	82	7790	92.8887889568
2328	87	7792	92.8607778134
2329	88	7793	92.8190169327
2330	84	7797	92.8108685199
2331	87	7801	92.896892662
2332	91	7802	92.9386237786
2333	88	7808	92.8958306626
2334	91	7815	92.8923820192
2335	87	7815	92.8855092067
2336	83	7818	92.8781636787
2337	78	7821	92.9000313465
2338	77	7822	92.9673689052
2339	74	7825	93.0281621191
2340	73	7825	92.9935090438
2341	72	7829	93.0083581977
2342	73	7835	92.9729619021
2343	68	7835	93.057679947
2344	69	7839	93.0160209591
2345	64	7839	93.0419461264
2346	60	7841	93.0319994443
2347	60	7847	93.0632991091
2348	60	7848	93.1252249769
2349	57	7855	93.1069990342
2350	59	7855	93.0553888885
2351	56	7855	93.1517332586
2352	53	7862	93.2088620641
2353	54	7869	93.1586571558
2354	55	7871	93.1517841529
2355	55	7876	93.1049904035
2356	58	7878	93.0210786247
2357	59	7883	93.0083616209
2358	54	7887	92.922416942
2359	50	7893	93.0001870229
2360	51	7899	93.0257787098
2361	50	7906	93.1115552772
2362	55	7912	93.1630340829
2363	54	7916	93.2036492051
2364	57	7920	93.2953164255
2365	56	7927	93.3811483819
2366	54	7930	93.372537691
2367	58	7931	93.3757178659
2368	57	7936	93.3603870183
2369	56	7940	93.2933871315
2370	55	7940	93.3403388087
2371	60	7940	93.3056213567
2372	60	7944	93.25042865
2373	62	7948	93.28314666
2374	63	7948	93.3615830618
2375	68	7951	93.3243411259
2376	73	7956	93.2243910453
2377	73	7962	93.1778615722
2378	72	7966	93.1089338974
2379	67	7967	93.1824526628
2380	64	7974	93.1967517971
2381	61	7977	93.1312794952
2382	60	7982	93.1084440324
2383	64	7986	93.0085923723
2384	63	7993	93.0741119427
2385	66	7994	93.1540115424
2386	71	7995	93.1455562307
2387	70	8002	93.1561059633
2388	73	8004	93.0853087073
2389	68	8004	93.0681219886
2390	70	8007	93.1218141267
2391	74	8009	93.1998147036
2392	76	8014	93.1981453446
2393	80	8017	93.2668208961
2394	82	8020	93.181724169
2395	86	8025	93.1062728103
2396	81	8027	93.076425277
2397	80	8034	93.0222897435
2398	84	8040	93.1102473703
2399	88	8046	93.1687487541
2400	84	8046	93.183878421
2401	81	8052	93.1052313121
2402	79	8056	93.0366929286
2403	76	8057	93.1091522844
2404	78	8060	93.0847712293
2405	83	8063	93.1437245194
2406	85	8067	93.0772660096
2407	82	8072	93.1465885307
2408	79	8073	93.2093908747
2409	78	8074	93.2978837865
2410	82	8079	93.2045426723
2411	87	8080	93.2301327458
2412	83	8086	93.2672736023
2413	80	8090	93.2772668131
2414	75	8090	93.3690129084
2415	73	8093	93.3720161728
2416	69	8095	93.2987694341
2417	68	8098	93.2784239674
2418	70	8101	93.3166835518
2419	74	8105	93.3440983344
2420	77	8107	93.3483550157
2421	78	8108	93.3007099622
2422	73	8112	93.2975915759
2423	75	8112	93.2041078488
2424	77	8112	93.2123226673
2425	74	8117	93.1888292478
2426	72	8118	93.1472041307
2427	77	8118	93.0771348063
2428	76	8120	93.1723202431
2429	76	8126	93.183316709
2430	78	8133	93.1104363922
2431	78	8139	93.1795129626
2432	82	8146	93.2511125879
2433	79	8151	93.2628300622
2434	76	8153	93.341990364
2435	78	8158	93.3748343282
2436	76	8165	93.3287438049
2437	76	8165	93.320459896
2438	80	8168	93.2783119339
2439	84	8173	93.3698586232
2440	85	8176	93.4342140008
2441	90	8183	93.502041202
2442	88	8186	93.5026491025
2443	91	8189	93.57514413
2444	86	8193	93.5672032351
2445	83	8199	93.49571004
2446	78	8205	93.5521055743
2447	80	8207	93.4542254607
2448	76	8211	93.4157357987
2449	71	8217	93.3757441946
2450	71	8217	93.4050716692
2451	67	8224	93.4483206484
2452	63	8230	93.4733720914
2453	68	8236	93.4944735345
2454	65	8240	93.5757287964
2455	65	8243	93.6213488202
2456	60	8243	93.7056659766
2457	61	8243	93.6766912235
2458	64	8245	93.6532815748
2459	61	8245	93.5803998066
2460	63	8252	93.5858120122
2461	64	8255	93.6474393215
2462	67	8259	93.5762300968
2463	66	8266	93.6160633499
2464	63	8269	93.6284512797
2465	60	8276	93.6338707182
2466	56	8283	93.5480885517
2467	59	8290	93.5012525529
2468	60	8292	93.4999713003
2469	63	8295	93.4036943194
2470	64	8295	93.3738690011
2471	65	8296	93.380896566
2472	64	8298	93.32701314
2473	60	8305	93.240398386
2474	58	8308	93.3385377777
2475	55	8313	93.2448887378
2476	50	8317	93.3132349292
2477	55	8320	93.3834331689
2478	53	8320	93.3137564331
2479	52	8321	93.3413546064
2480	50	8323	93.3576646171
2481	50	8330	93.2845189106
2482	50	8330	93.3613342032
2483	50	8331	93.3646653557
2484	50	8336	93.3246995136
2485	50	8337	93.2785868322
2486	50	8340	93.2427067145
2487	50	8341	93.2708336022
2488	50	8341	93.3640408223
2489	50	8343	93.2953003296
2490	50	8343	93.3693835208
2491	50	8346	93.3207333401
2492	50	8353	93.3446004743
2493	50	8356	93.4439041886
2494	53	8358	93.4758911495
2495	50	8363	93.5288812631
2496	50	8367	93.6215177193
2497	50	8373	93.6187776194
2498	50	8377	93.6825255669
2499	50	8383	93.717516515
2500	52	8387	93.7597075422
2501	52	8392	93.729971133
2502	50	8397	93.7001868233
2503	54	8401	93.6830776747
2504	56	8405	93.733789027
2505	61	8408	93.6857529287
2506	57	8410	93.5994464138
2507	52	8417	93.5341450979
2508	55	8422	93.6286582754
2509	51	8429	93.5668921977
2510	50	8436	93.6112613456
2511	55	8439	93.5839588653
2512	55	8440	93.6602181871
2513	54	8443	93.6874578678
2514	53	8449	93.6185345639
2515	58	8452	93.6527662495
2516	59	8455	93.7205033013
2517	59	8459	93.7668440142
2518	63	8459	93.7495028639
2519	68	8464	93.7091771606
2520	67	8465	93.6146953163
2521	72	8471	93.5152449661
2522	69	8472	93.510969275
2523	73	8478	93.5593577056
2524	72	8479	93.6560072337
2525	77	8480	93.6937333493
2526	81	8481	93.6920934271
2527	83	8488	93.7152078236
2528	81	8495	93.7422538749
2529	82	8502	93.6489072816
2530	85	8502	93.5676179952
2531	84	8505	93.6165116348
2532	85	8506	93.5628303748
2533	83	8506	93.5999405335
2534	86	8507	93.5198668488
2535	84	8507	93.5223267634
2536	83	8509	93.4676973287
2537	82	8515	93.5005997437
2538	82	8522	93.4772140505
2539	82	8524	93.471255415
2540	86	8526	93.548453987
2541	82	8526	93.6010880893
2542	87	8528	93.6823569147
2543	92	8535	93.7511479802
2544	97	8540	93.7230312905
2545	100	8547	93.6759825697
2546	95	8550	93.7172058916
2547	100	8552	93.6991865461
2548	95	8552	93.7271689723
2549	100	8552	93.6916141943
2550	99	8552	93.6067239067
2551	101	8553	93.6172743314
2552	101	8554	93.5498618835
2553	99	8555	93.5767080322
2554	96	8557	93.5071297167
2555	97	8562	93.4100870457
2556	96	8569	93.4091607016
2557	100	8571	93.5036161641
2558	95	8576	93.4749969705
2559	97	8576	93.4879782589
2560	94	8580	93.5196824872
2561	92	8582	93.543739229
2562	97	8583	93.4993186084
2563	97	8589	93.4153921338
2564	97	8595	93.4938262528
2565	100	8598	93.527093992
2566	98	8605	93.5119366275
2567	98	8607	93.5432624749
2568	93	8612	93.5262672736
2569	97	8617	93.5387838572
2570	101	8618	93.5873017098
2571	99	8623	93.5244461022
2572	96	8624	93.4573864613
2573	96	8626	93.3908646165
2574	101	8628	93.3906646907
2575	102	8635	93.3442171527
2576	107	8635	93.2482916942
2577	108	8638	93.2447448275
2578	109	8642	93.25347138
2579	107	8646	93.1550776857
2580	102	8649	93.1063370733
2581	105	8655	93.0694181543
2582	105	8656	93.0780054048
2583	105	8656	93.0563622931
2584	105	8659	93.1098296826
2585	110	8664	93.1259068688
2586	115	8666	93.1680848926
2587	117	8668	93.1505848572
2588	118	8672	93.1775161721
2589	119	8677	93.1929224656
2590	123	8678	93.1472146167
2591	128	8685	93.1265307054
2592	123	8692	93.0740841603
2593	118	8698	93.1068054738
2594	119	8704	93.0387019526
2595	115	8705	93.0782093395
2596	110	8711	93.1626944544
2597	106	8718	93.0719281609
2598	106	8725	92.9838073223
2599	102	8726	92.9064123766
2600	97	8726	92.846484966
2601	100	8728	92.8766459055
2602	104	8730	92.8523969301
2603	107	8734	92.794033903
2604	103	8741	92.6951449889
2605	103	8747	92.7623758754
2606	105	8750	92.8069906154
2607	109	8753	92.8163214734
2608	108	8759	92.8912187458
2609	111	8759	92.956366729
2610	106	8766	92.8567775998
2611	102	8766	92.8139047406
2612	101	8766	92.8069152872
2613	106	8767	92.8438379689
2614	110	8771	92.7990732494
2615	113	8773	92.86291411
2616	110	8779	92.789773358
2617	109	8780	92.7959009925
2618	109	8783	92.8712857703
2619	112	8783	92.9159829813
2620	108	8788	92.9790897852
2621	109	8789	92.9496400454
2622	114	8790	92.8536863307
2623	116	8797	92.8237719417
2624	121	8798	92.8317667334
2625	118	8798	92.7685979193
2626	121	8800	92.6727775405
2627	123	8806	92.5927849391
2628	123	8813	92.5049668203
2629	123	8820	92.5557683057
2630	124	8827	92.4782600679
2631	119	8833	92.4044201841
2632	119	8833	92.4782940569
2633	119	8837	92.5662743562
2634	121	8844	92.5251272575
2635	116	8846	92.5532376419
2636	121	8853	92.5769343583
2637	116	8859	92.5030002137
2638	120	8859	92.5338121996
2639	119	8859	92.4721508345
2640	116	8864	92.5161730198
2641	112	8871	92.6142094993
2642	112	8877	92.6510985697
2643	108	8878	92.6680601321
2644	106	8878	92.6749250039
2645	107	8885	92.6278473891
2646	111	8891	92.6986939251
2647	113	8893	92.7148199815
2648	115	8895	92.7824311001
2649	110	8902	92.7641357106
2650	106	8907	92.7164283883
2651	110	8913	92.7501037824
2652	114	8913	92.8033004221
2653	110	8914	92.8056324042
2654	114	8919	92.8345999509
2655	111	8922	92.9181369791
2656	106	8923	92.8254694483
2657	103	8924	92.9112017658
2658	104	8930	92.8431219234
2659	101	8933	92.7519095525
2660	96	8939	92.7951315117
2661	100	8946	92.7567032989
2662	99	8946	92.7589049299
2663	104	8951	92.7524212545
2664	105	8952	92.717623912
2665	109	8955	92.6519776532
2666	108	8960	92.5656369878
2667	110	8966	92.6022408719
2668	109	8966	92.6125492717
2669	110	8968	92.632670721
2670	105	8973	92.6152739561
2671	105	8979	92.6507351416
2672	108	8982	92.6621256609
2673	113	8982	92.6947729983
2674	109	8983	92.6535972841
2675	111	8984	92.5734649412
2676	107	8989	92.5673300991
2677	102	8996	92.5072456332
2678	104	9003	92.4392509961
2679	104	9010	92.3433150245
2680	103	9010	92.3376367084
2681	99	9016	92.4305820083
2682	96	9018	92.356089686
2683	99	9024	92.2674587355
2684	101	9025	92.3534438197
2685	98	9028	92.4242146426
2686	95	9035	92.3271508644
2687	95	9039	92.2824482988
2688	96	9045	92.2691873759
2689	92	9047	92.2324118181
2690	93	9048	92.2543795711
2691	97	9049	92.3049084733
2692	100	9055	92.3889235166
2693	102	9060	92.4030079232
2694	97	9063	92.4232549154
2695	93	9064	92.4895765744
2696	96	9066	92.4419644602
2697	98	9071	92.47010568
2698	100	9071	92.4246044794
2699	102	9075	92.4815471425
2700	107	9080	92.5084148952
2701	105	9081	92.5730509769
2702	102	9084	92.6443692114
2703	105	9086	92.6875364415
2704	101	9091	92.7456561987
2705	102	9098	92.71923014
2706	100	9102	92.7281987516
2707	105	9105	92.8215126504
2708	100	9111	92.8589262403
2709	98	9117	92.8355578994
2710	98	9118	92.7584268503
2711	100	9119	92.7446957709
2712	98	9122	92.6614897365
2713	101	9122	92.6309029152
2714	98	9123	92.5356135633
2715	102	9127	92.5288606511
2716	102	9131	92.5290183515
2717	97	9133	92.4883558393
2718	93	9136	92.426487002
2719	96	9140	92.5234249006
2720	94	9142	92.492444886
2721	93	9145	92.4016145465
2722	92	9146	92.3070936037
2723	88	9151	92.362043974
2724	87	9153	92.3012499261
2725	87	9153	92.2429274178
2726	91	9154	92.2919807531
2727	90	9154	92.2516412879
2728	90	9155	92.1735452042
2729	95	9161	92.206245144
2730	99	9168	92.2916551215
2731	104	9169	92.2496123674
2732	101	9175	92.2476530802
2733	102	9181	92.242632583
2734	102	9185	92.1615905527
2735	98	9185	92.2017718292
2736	93	9191	92.3000152174
2737	95	9198	92.2158313484
2738	100	9202	92.1856668847
2739	97	9209	92.2541952601
2740	96	9212	92.2423190525
2741	99	9214	92.2241469161
2742	96	9217	92.2132322318
2743	95	9218	92.221382332
2744	95	9224	92.237452449
2745	94	9225	92.2444483319
2746	95	9231	92.3351594742
2747	97	9236	92.3905124261
2748	96	9243	92.4810422664
2749	99	9246	92.4152705544
2750	95	9253	92.3310171615
2751	92	9257	92.4196174587
2752	95	9259	92.4214465454
2753	91	9260	92.3653002505
2754	86	9261	92.273176128
2755	91	9263	92.3362534025
2756	95	9269	92.274090858
2757	99	9276	92.1774143637
2758	94	9280	92.1447042153
2759	97	9287	92.1495590501
2760	93	9287	92.0913729703
2761	94	9288	92.0629107752
2762	99	9292	92.0295046393
2763	99	9292	92.111124083
2764	100	9298	92.1952491988
2765	98	9304	92.1930821191
2766	98	9311	92.2158313015
2767	103	9311	92.1794883354
2768	104	9313	92.127457278
2769	102	9316	92.1852203054
2770	97	9319	92.1316211862
2771	94	9325	92.1132273225
2772	90	9327	92.1978656875
2773	88	9332	92.1749784502
2774	90	9335	92.106556302
2775	91	9335	92.0146885314
2776	86	9336	91.92546873
2777	90	9337	91.8692875874
2778	95	9342	91.785841618
2779	100	9347	91.7239781324
2780	100	9349	91.6349909981
2781	100	9350	91.7008088592
2782	103	9355	91.6658514866
2783	102	9355	91.6797125292
2784	101	9360	91.6261862349
2785	104	9363	91.6360984828
2786	108	9370	91.576848475
2787	112	9370	91.5152976638
2788	115	9373	91.5943170776
2789	119	9375	91.6227796255
2790	119	9380	91.6818395379
2791	120	9383	91.5979233072
2792	118	9385	91.5881701283
2793	115	9392	91.5264447898
2794	113	9397	91.5118116179
2795	118	9403	91.4459151594
2796	115	9405	91.538801264
2797	117	9409	91.6375263802
2798	118	9413	91.550944132
2799	122	9414	91.5462463399
2800	127	9421	91.5456391494
2801	126	9427	91.5000606895
2802	121	9431	91.4733818522
2803	116	9436	91.4588720668
2804	115	9440	91.3799058258
2805	111	9444	91.3137225855
2806	107	9447	91.2844636748
2807	103	9451	91.2403494415
2808	100	9456	91.168473726
2809	103	9461	91.2230645584
2810	104	9468	91.254359945
2811	101	9473	91.1911771458
2812	99	9479	91.1115305637
2813	103	9483	91.1804154242
2814	99	9487	91.1057921282
2815	101	9493	91.1814016316
2816	101	9495	91.2458552354
2817	101	9500	91.1915048227
2818	96	9503	91.1687683413
2819	98	9510	91.1617734556
2820	98	9514	91.0903904705
2821	97	9516	91.1350459938
2822	99	9518	91.1833632092
2823	98	9521	91.2016661623
2824	99	9523	91.2609756361
2825	103	9525	91.3177493091
2826	106	9532	91.2934678172
2827	105	9536	91.3322113482
2828	102	9538	91.3693839569
2829	106	9540	91.3681410697
2830	101	9543	91.3016388026
2831	97	9548	91.342093949
2832	101	9549	91.2587134919
2833	98	9549	91.3401610453
2834	103	9549	91.2700571703
2835	99	9556	91.3655626958
2836	94	9557	91.3355157979
2837	91	9564	91.395998437
2838	88	9564	91.4307183094
2839	88	9565	91.3684596555
2840	90	9569	91.4569962667
2841	90	9572	91.5145947784
2842	91	9574	91.4826348163
2843	91	9575	91.4026774582
2844	86	9578	91.4367649737
2845	85	9579	91.5251241681
2846	82	9583	91.4913572649
2847	77	9589	91.4661309935
2848	72	9591	91.5409953327
2849	72	9598	91.5206875174
2850	75	9600	91.5355164777
2851	75	9607	91.4628195115
2852	74	9614	91.5592462985
2853	75	9616	91.5372505154
2854	75	9621	91.4772115726
2855	77	9622	91.4493877794
2856	78	9624	91.5075128049
2857	79	9627	91.5591056386
2858	84	9633	91.5132828687
2859	88	9640	91.5271676658
2860	90	9640	91.4971881649
2861	85	9641	91.4446489198
2862	86	9648	91.5442060665
2863	85	9655	91.5290734756
2864	83	9658	91.6166807885
2865	80	9661	91.5452014901
2866	75	9664	91.4847289592
2867	78	9669	91.4926223271
2868	83	9671	91.5611608175
2869	78	9674	91.6361174535
2870	79	9675	91.650490619
2871	79	9679	91.707404813
2872	79	9685	91.648268819
2873	84	9688	91.6557838618
2874	86	9688	91.716181528
2875	83	9692	91.6707851393
2876	82	9693	91.5946380656
2877	80	9694	91.5363221103
2878	83	9700	91.6059061112
2879	78	9704	91.6303365462
2880	82	9711	91.538937606
2881	78	9717	91.4926589625
2882	80	9718	91.4837935244
2883	80	9720	91.4642428617
2884	82	9720	91.5551151633
2885	79	9722	91.6483157798
2886	76	9728	91.7104384991
2887	75	9732	91.6737230817
2888	75	9737	91.6332801911
2889	77	9737	91.5754619136
2890	76	9739	91.4887952941
2891	71	9744	91.4937486074
2892	68	9745	91.4612596695
2893	63	9749	91.5313956949
2894	68	9753	91.5493059176
2895	69	9760	91.62302015
2896	64	9763	91.529389787
2897	67	9770	91.5158306313
2898	66	9774	91.5738884057
2899	67	9775	91.5201780538
2900	65	9780	91.585377941
2901	67	9786	91.500412366
2902	65	9791	91.4512229263
2903	65	9797	91.398261114
2904	68	9802	91.4120830744
2905	73	9802	91.3319483651
2906	69	9807	91.3832202075
2907	64	9809	91.352662823
2908	59	9809	91.4484678752
2909	56	9816	91.4432088223
2910	57	9817	91.3786826069
2911	53	9824	91.4695393734
2912	56	9828	91.4804323901
2913	59	9833	91.571844023
2914	57	9838	91.6678782056
2915	60	9844	91.6942636183
2916	58	9847	91.7018138519
2917	60	9848	91.7460155865
2918	58	9853	91.7513727861
2919	60	9859	91.77130521
2920	62	9865	91.6770700073
2921	57	9869	91.6083952558
2922	61	9876	91.6370565175
2923	63	9881	91.5884714712
2924	59	9886	91.6795274218
2925	56	9892	91.7498973285
2926	54	9892	91.7968983895
2927	53	9898	91.7531110456
2928	50	9899	91.785441003
2929	50	9905	91.8000781306
2930	51	9905	91.7540020866
2931	50	9911	91.6991247525
2932	50	9917	91.6608467371
2933	53	9923	91.6959538768
2934	53	9926	91.6365916607
2935	52	9933	91.5922372131
2936	57	9933	91.6149832838
2937	62	9935	91.7112684671
2938	60	9938	91.7282582847
2939	60	9938	91.653732932
2940	65	9944	91.6013273938
2941	62	9951	91.6888083518
2942	64	9958	91.6607672174
2943	62	9958	91.5823923698
2944	64	9962	91.5290267651
2945	59	9965	91.5786220383
2946	58	9967	91.6182601235
2947	59	9969	91.6633780027
2948	56	9974	91.6870445972
2949	60	9974	91.7092003262
2950	64	9976	91.7843901733
2951	60	9982	91.7625881983
2952	59	9984	91.8077345912
2953	57	9987	91.8874876614
2954	53	9990	91.91718033
2955	52	9994	91.9810961353
2956	52	9999	91.913498692
2957	50	10002	91.959881471
2958	50	10005	91.9683048805
2959	52	10012	91.9205985842
2960	50	10016	91.836789898
2961	50	10022	91.7559378184
2962	50	10027	91.7711420905
2963	50	10034	91.690337402
2964	50	10038	91.786283557
2965	55	10038	91.8289844927
2966	57	10045	91.8811384282
2967	52	10047	91.8397585739
2968	50	10053	91.8259971886
2969	50	10057	91.7290294414
2970	52	10062	91.734837571
2971	52	10067	91.6879336744
2972	50	10072	91.7274506312
2973	55	10077	91.7024239735
2974	51	10082	91.6668378191
2975	50	10089	91.7061455369
2976	51	10095	91.7015223516
2977	50	10095	91.7779879527
2978	53	10099	91.7628586093
2979	50	10102	91.7483718953
2980	50	10107	91.8184464344
2981	52	10107	91.7718352401
2982	55	10111	91.7370396664
2983	51	10116	91.7156253856
2984	50	10120	91.7339521638
2985	50	10122	91.8332648134
2986	53	10123	91.8113954164
2987	58	10125	91.7432117868
2988	63	10125	91.7952132969
2989	68	10128	91.8341359183
2990	70	10135	91.8355619563
2991	75	10139	91.9134269552
2992	72	10145	91.8284639245
2993	67	10151	91.8414039477
2994	72	10151	91.9280509891
2995	67	10156	91.9148759422
2996	65	10157	91.9711430976
2997	67	10164	91.8898651974
2998	66	10166	91.8595337107
2999	63	10169	91.8513905312
3000	62	10169	91.8882114092
3001	59	10172	91.9633978524
3002	59	10174	91.8929342596
3003	64	10177	91.9576167802
3004	64	10183	91.8594840891
3005	66	10183	91.9081754366
3006	62	10185	91.9487588026
3007	64	10190	91.9611975939
3008	61	10194	91.8870576565
3009	62	10197	91.8391026448
3010	59	10204	91.8324846236
3011	64	10204	91.8798113265
3012	62	10209	91.8250528818
3013	59	10215	91.8967683818
3014	63	10216	91.9868741508
3015	67	10219	92.0665155894
3016	65	10224	92.0358607445
3017	67	10227	92.0228821345
3018	69	10228	92.0100460037
3019	68	10231	91.9516265085
3020	72	10231	92.047554635
3021	74	10236	92.1123324349
3022	69	10241	92.0956042957
3023	72	10241	92.1679716772
3024	67	10242	92.1000075345
3025	62	10244	92.0400127006
3026	63	10249	91.9966891741
3027	61	10256	91.8991574883
3028	59	10262	91.9297641261
3029	59	10266	91.8485792153
3030	59	10268	91.7689749555
3031	60	10274	91.7727082218
3032	56	10276	91.7168325211
3033	61	10276	91.6430810252
3034	56	10280	91.721664516
3035	57	10282	91.6710977671
3036	62	10285	91.7307551966
3037	64	10291	91.7444084185
3038	66	10294	91.7678681712
3039	71	10297	91.7074288631
3040	72	10302	91.6305267652
3041	77	10305	91.6257563674
3042	73	10311	91.5324107431
3043	71	10315	91.4763655103
3044	71	10321	91.4645988001
3045	71	10324	91.3715727221
3046	74	10327	91.3173940248
3047	72	10327	91.3527074461
3048	76	10332	91.3157101869
3049	75	10338	91.3966291195
3050	78	10341	91.3005064394
3051	82	10345	91.3935980182
3052	81	10352	91.3324355144
3053	80	10355	91.3797226903
3054	75	10357	91.4610160604
3055	71	10358	91.4114134766
3056	66	10361	91.3801262241
3057	63	10363	91.3263593337
3058	60	10369	91.2339117349
3059	65	10371	91.2871077809
3060	67	10375	91.249911074
3061	71	10377	91.325291558
3062	76	10378	91.4057260253
3063	81	10383	91.4856049441
3064	84	10383	91.491308788
3065	85	10386	91.4738924808
3066	82	10392	91.418719576
3067	78	10393	91.4643071272
3068	74	10397	91.3662768702
3069	69	10399	91.3299600836
3070	67	10405	91.368747493
3071	71	10410	91.4616586397
3072	74	10415	91.527511697
3073	74	10420	91.4815671131
3074	73	10427	91.4118597027
3075	77	10430	91.3541022617
3076	79	10430	91.2636925387
3077	74	10433	91.2730988439
3078	78	10435	91.2267930034
3079	81	10438	91.1499788898
3080	77	10445	91.0928974154
3081	73	10448	91.1724795834
3082	72	10455	91.1298843004
3083	69	10458	91.1281138718
3084	70	10461	91.129143035
3085	73	10465	91.1417036756
3086	77	10472	91.1391932559
3087	79	10474	91.2209798112
3088	82	10481	91.1845152856
3089	85	10485	91.1794352982
3090	84	10490	91.2655966993
3091	79	10490	91.2374944266
3092	80	10491	91.2736831893
3093	83	10496	91.3579732218
3094	85	10502	91.2646401239
3095	82	10506	91.2341153198
3096	80	10508	91.191862773
3097	83	10515	91.2682146934
3098	79	10516	91.1810140003
3099	80	10519	91.1060740893
3100	80	10524	91.1596107166
3101	77	10527	91.2464765395
3102	79	10531	91.2731169815
3103	83	10538	91.2516197729
3104	87	10545	91.2844455975
3105	84	10545	91.2366119991
3106	85	10549	91.2152376943
3107	82	10551	91.1323673887
3108	80	10558	91.1882534074
3109	82	10562	91.2849566521
3110	79	10567	91.3610497606
3111	81	10573	91.4454415929
3112	77	10579	91.5203273535
3113	80	10584	91.5614136877
3114	85	10588	91.5993782587
3115	86	10592	91.6812769685
3116	89	10594	91.6969178894
3117	87	10600	91.7494540474
3118	89	10607	91.7546747512
3119	94	10612	91.7482438479
3120	89	10613	91.8115988548
3121	88	10617	91.7462258293
3122	88	10622	91.6927048725
3123	90	10623	91.6089568902
3124	85	10630	91.5118073975
3125	90	10634	91.4780352866
3126	86	10640	91.5315443781
3127	91	10640	91.5184207202
3128	93	10641	91.5906625191
3129	89	10642	91.6115812616
3130	91	10646	91.5412942435
3131	95	10652	91.5495377713
3132	93	10656	91.4526041327
3133	98	10663	91.5502816829
3134	102	10666	91.6494275781
3135	101	10667	91.6866512394
3136	103	10671	91.7370890748
3137	106	10678	91.6602887679
3138	101	10679	91.6075055525
3139	100	10686	91.692057821
3140	105	10692	91.7745138417
3141	108	10699	91.7562895345
3142	110	10703	91.7006032789
3143	115	10704	91.7793796858
3144	116	10710	91.7386160344
3145	113	10716	91.8155328344
3146	112	10717	91.781206919
3147	107	10718	91.7887552601
3148	111	10721	91.7350323539
3149	115	10728	91.7676259634
3150	120	10733	91.7085075333
3151	119	10737	91.6751413154
3152	118	10743	91.6746369376
3153	119	10746	91.6497776225
3154	118	10749	91.6025667798
3155	113	10752	91.5753400029
3156	116	10759	91.5646681857
3157	112	10765	91.4896865799
3158	115	10767	91.5314479045
3159	111	10767	91.4755636651
3160	113	10767	91.4388639585
3161	115	10770	91.4606213944
3162	116	10776	91.417057089
3163	121	10780	91.410484898
3164	117	10783	91.3838348816
3165	112	10786	91.3035530491
3166	108	10793	91.2380788261
3167	105	10798	91.238394349
3168	108	10805	91.3131252458
3169	111	10810	91.3162911672
3170	112	10811	91.29708941
3171	113	10812	91.3667036554
3172	109	10812	91.3972683827
3173	108	10815	91.4365146964
3174	104	10820	91.4740827606
3175	99	10823	91.4380856081
3176	100	10825	91.4623585357
3177	99	10832	91.5313180093
3178	100	10833	91.5942543922
3179	101	10837	91.6028860531
3180	101	10840	91.5168569428
3181	104	10844	91.4571735464
3182	102	10851	91.4639167769
3183	103	10854	91.4390045092
3184	99	10855	91.3448541575
3185	96	10861	91.3802543953
3186	94	10863	91.311023844
3187	90	10870	91.3056858725
3188	85	10870	91.3785407412
3189	87	10874	91.3104012528
3190	82	10880	91.2890201659
3191	84	10881	91.3184585861
3192	85	10886	91.3333731285
3193	81	10893	91.4081736479
3194	85	10896	91.4183863145
3195	80	10903	91.469387327
3196	85	10908	91.4351565692
3197	80	10910	91.415111466
3198	83	10915	91.459679147
3199	79	10920	91.4031622074
3200	76	10921	91.4067408846
3201	71	10928	91.4665404164
3202	74	10930	91.4751394216
3203	70	10935	91.4166955496
3204	69	10939	91.3513333102
3205	67	10946	91.3674035573
3206	66	10946	91.4459311991
3207	71	10952	91.5270081317
3208	72	10955	91.4678656073
3209	67	10956	91.5638279147
3210	70	10962	91.5515728273
3211	75	10964	91.4517137586
3212	74	10964	91.3587969595
3213	73	10965	91.3425739372
3214	68	10971	91.2552222955
3215	68	10976	91.2768665496
3216	65	10983	91.3718951372
3217	62	10983	91.4214477993
3218	63	10989	91.3636573543
3219	64	10996	91.319583103
3220	69	10996	91.2649965644
3221	65	11000	91.3533610356
3222	70	11004	91.3373894353
3223	65	11005	91.4333464045
3224	63	11011	91.4845459775
3225	62	11013	91.4031419388
3226	67	11016	91.3289388483
3227	62	11021	91.244869823
3228	63	11027	91.2775064179
3229	66	11032	91.2501205919
3230	68	11033	91.2873541056
3231	66	11040	91.300254723
3232	70	11044	91.2767246264
3233	66	11045	91.1924013906
3234	71	11047	91.1034508553
3235	76	11052	91.0401077459
3236	80	11053	90.9856542828
3237	77	11053	91.0434305745
3238	82	11055	91.0948439653
3239	80	11062	91.0881228424
3240	75	11067	91.0059781518
3241	73	11071	90.9870858438
3242	72	11078	90.928382169
3243	77	11084	90.9797304461
3244	77	11086	91.0133672708
3245	77	11086	90.9159349356
3246	75	11088	90.8652794498
3247	73	11090	90.7972191926
3248	68	11097	90.7968135977
3249	72	11103	90.7648118412
3250	69	11110	90.7635848463
3251	71	11110	90.6776000573
3252	71	11112	90.6939906174
3253	74	11112	90.6878015341
3254	69	11117	90.7769217635
3255	73	11121	90.7204581184
3256	78	11122	90.7747212273
3257	82	11127	90.7841061518
3258	77	11130	90.7420880511
3259	77	11133	90.7035525936
3260	73	11140	90.6656531062
3261	78	11143	90.7214696842
3262	83	11149	90.7834578786
3263	80	11151	90.8684471196
3264	78	11151	90.8725939046
3265	78	11153	90.7851364707
3266	77	11160	90.6858667339
3267	82	11165	90.7538579865
3268	87	11170	90.668059813
3269	91	11176	90.7050473912
3270	96	11181	90.7232905985
3271	98	11185	90.7812322043
3272	96	11191	90.8179836302
3273	97	11194	90.8092597184
3274	95	11194	90.9091544413
3275	98	11196	90.9131470373
3276	99	11201	90.9033945385
3277	98	11204	90.8467522882
3278	99	11208	90.8672552384
3279	94	11214	90.9454846724
3280	94	11220	90.9200568854
3281	90	11226	90.9974673398
3282	91	11229	91.0122038446
3283	87	11236	91.0833229357
3284	91	11238	91.1319084107
3285	95	11241	91.217819661
3286	98	11242	91.1278221481
3287	96	11244	91.0350482601
3288	96	11245	90.9998411586
3289	95	11252	90.9416698202
3290	99	11257	90.9800202531
3291	102	11264	91.0770667122
3292	100	11265	91.1255919771
3293	105	11265	91.193409282
3294	104	11266	91.1739458379
3295	103	11271	91.0766633094
3296	104	11275	91.0791782305
3297	99	11279	91.155868654
3298	99	11279	91.2030131991
3299	101	11280	91.1437489353
3300	97	11280	91.1066375362
3301	96	11284	91.1785086961
3302	94	11290	91.1646535855
3303	99	11291	91.1715628852
3304	95	11295	91.0929796291
3305	92	11302	91.0590083465
3306	92	11304	91.1120410076
3307	97	11309	91.1812857777
3308	96	11313	91.1282523689
3309	95	11316	91.1656637305
3310	90	11316	91.2006325108
3311	92	11316	91.2174572337
3312	97	11317	91.1683330747
3313	102	11323	91.1773926773
3314	97	11329	91.2544010129
3315	97	11329	91.1820548464
3316	96	11332	91.1596203044
3317	96	11334	91.1712992717
3318	94	11338	91.2261107669
3319	97	11339	91.2492797776
3320	99	11342	91.2322340662
3321	102	11342	91.2791510939
3322	100	11347	91.2264370918
3323	95	11347	91.2757682097
3324	98	11354	91.2213049381
3325	97	11361	91.1310155575
3326	100	11366	91.1717402359
3327	101	11369	91.075513645
3328	104	11374	91.0426187722
3329	99	11381	90.9987237689
3330	100	11382	90.9688379629
3331	100	11384	90.9905383912
3332	100	11390	91.0728963969
3333	96	11397	91.136236862
3334	95	11400	91.2168285676
3335	100	11402	91.1620574041
3336	105	11405	91.1041206778
3337	105	11405	91.0403347985
3338	103	11407	91.038038241
3339	106	11409	91.0942749284
3340	111	11413	91.0646706582
3341	111	11416	91.0713572921
3342	116	11418	91.1196719819
3343	118	11422	91.156104817
3344	122	11429	91.1146040698
3345	119	11436	91.0968211126
3346	119	11438	91.181341176
3347	117	11445	91.1314496188
3348	118	11445	91.1304681355
3349	113	11449	91.0804073018
3350	115	11453	91.1168558226
3351	113	11456	91.1618659043
3352	112	11461	91.0855434972
3353	109	11463	91.0492076927
3354	112	11465	91.0443862441
3355	117	11465	91.017832278
3356	122	11471	90.9649751585
3357	126	11476	90.878776717
3358	131	11481	90.798853952
3359	132	11487	90.7454909289
3360	128	11494	90.8085719232
3361	131	11496	90.9014323557
3362	136	11496	90.8686672231
3363	134	11503	90.778724209
3364	139	11505	90.7049939448
3365	137	11509	90.6111511527
3366	134	11510	90.6068412464
3367	131	11513	90.5526299216
3368	131	11517	90.6052065939
3369	127	11524	90.695173003
3370	124	11525	90.750055227
3371	123	11527	90.6905708477
3372	123	11531	90.7631326669
3373	125	11531	90.7476554653
3374	126	11533	90.8294911362
3375	128	11537	90.7707521137
3376	131	11541	90.8287472176
3377	133	11541	90.8608428977
3378	128	11547	90.8545971619
3379	126	11553	90.8758666249
3380	123	11558	90.8068610831
3381	124	11565	90.8853484919
3382	123	11565	90.8844503046
3383	123	11566	90.9733229972
3384	127	11568	90.8853630245
3385	127	11574	90.8886152669
3386	124	11581	90.8756753913
3387	126	11585	90.8251443407
3388	126	11592	90.8326580945
3389	131	11593	90.8596333065
3390	132	11598	90.8410209432
3391	136	11598	90.8142755292
3392	132	11603	90.7560141588
3393	130	11610	90.8393697055
3394	127	11614	90.7452378889
3395	125	11616	90.7515165089
3396	125	11623	90.752984195
3397	129	11623	90.6944916491
3398	124	11630	90.6927226767
3399	121	11634	90.6456233166
3400	125	11637	90.7039466776
3401	127	11639	90.7351168019
3402	128	11640	90.6405877106
3403	129	11644	90.5908756964
3404	132	11645	90.6832427808
3405	127	11652	90.7556614154
3406	129	11658	90.7050541261
3407	131	11662	90.6887126567
3408	135	11666	90.6267295604
3409	133	11666	90.698808723
3410	133	11667	90.6277984814
3411	131	11671	90.703323445
3412	130	11672	90.6621404374
3413	125	11676	90.6113164423
3414	128	11679	90.538377806
3415	123	11681	90.4602569052
3416	125	11686	90.4703415027
3417	126	11686	90.4492328325
3418	121	11687	90.5181296528
3419	116	11687	90.5812537764
3420	115	11689	90.6791215513
3421	118	11690	90.6200631672
3422	118	11690	90.699783471
3423	121	11695	90.7650825241
3424	116	11697	90.8398036583
3425	113	11702	90.8837215791
3426	116	11706	90.8828194801
3427	111	11707	90.9055555453
3428	110	11709	90.9167144427
3429	114	11715	90.8326409825
3430	114	11716	90.7888431434
3431	113	11720	90.6904858586
3432	118	11723	90.7364009537
3433	113	11729	90.8176798758
3434	111	11734	90.8718333734
3435	112	11741	90.8287356929
3436	113	11741	90.7858650655
3437	108	11743	90.8091197202
3438	113	11745	90.8224947147
3439	118	11745	90.7256888714
3440	116	11752	90.6946099162
3441	120	11752	90.6074272608
3442	125	11754	90.5482954197
3443	124	11754	90.5900735092
3444	127	11754	90.6464461437
3445	125	11755	90.5597305773
3446	128	11756	90.615131766
3447	126	11757	90.6129612283
3448	123	11758	90.6058035908
3449	125	11759	90.6877166722
3450	121	11765	90.6519870883
3451	120	11770	90.6323717806
3452	118	11773	90.6654807232
3453	113	11777	90.6787351549
3454	116	11781	90.5810582357
3455	120	11783	90.5132182327
3456	121	11784	90.5434483683
3457	126	11790	90.4805751648
3458	126	11796	90.4724223301
3459	126	11799	90.4419994696
3460	122	11799	90.4978388255
3461	119	11803	90.4630541653
3462	118	11803	90.5517349229
3463	121	11808	90.4781341547
3464	116	11811	90.5025194446
3465	115	11813	90.5672954044
3466	120	11817	90.4907338578
3467	123	11822	90.5037768152
3468	120	11823	90.4356201923
3469	116	11826	90.4252496294
3470	118	11833	90.3984330214
3471	118	11833	90.3955370315
3472	120	11833	90.3609720753
3473	119	11838	90.3929152209
3474	120	11841	90.4325787685
3475	118	11843	90.4633567635
3476	116	11845	90.4755838746
3477	116	11850	90.377717376
3478	116	11852	90.3535151702
3479	114	11853	90.3727446403
3480	119	11858	90.4179353861
3481	124	11864	90.4718348364
3482	125	11871	90.5638419483
3483	127	11876	90.5603158206
3484	128	11881	90.6193543352
3485	123	11882	90.596644375
3486	123	11885	90.5699239657
3487	124	11890	90.5868293319
3488	119	11894	90.6689642268
3489	123	11897	90.7601704393
3490	124	11903	90.672414935
3491	129	11903	90.579094298
3492	128	11903	90.5523937014
3493	128	11908	90.6093459519
3494	133	11913	90.7005410276
3495	130	11916	90.7238170998
3496	128	11919	90.7217376581
3497	131	11919	90.6578179202
3498	133	11925	90.6451164702
3499	133	11929	90.6238215659
3500	129	11930	90.5280069349
3501	134	11934	90.4335812412
3502	130	11936	90.4720062067
3503	135	11943	90.4977221801
3504	132	11949	90.3996886106
3505	131	11949	90.4373717707
3506	136	11956	90.4842307354
3507	139	11956	90.386584742
3508	135	11960	90.4438383862
3509	136	11961	90.3742751277
3510	134	11965	90.3933491408
3511	134	11969	90.3389366265
3512	138	11975	90.3983798114
3513	143	11982	90.4261818188
3514	138	11983	90.3501952552
3515	141	11985	90.2617802743
3516	141	11991	90.1752206556
3517	141	11998	90.1386260318
3518	138	12001	90.1653765516
3519	140	12007	90.2267827738
3520	137	12008	90.2378417069
3521	140	12015	90.2991864707
3522	135	12018	90.2054881468
3523	135	12018	90.1199999162
3524	138	12020	90.2136922257
3525	141	12023	90.1994864913
3526	139	12023	90.1154390473
3527	139	12025	90.0703463761
3528	143	12029	90.0432197553
3529	139	12033	90.1417324716
3530	136	12035	90.2314890013
3531	136	12040	90.2980699234
3532	134	12041	90.2219380898
3533	129	12044	90.2007257886
3534	129	12044	90.138874834
3535	124	12045	90.2321602994
3536	125	12046	90.3281761567
3537	121	12051	90.2452987934
3538	122	12052	90.3320816607
3539	125	12057	90.2504892581
3540	121	12063	90.2123975341
3541	118	12069	90.1198677927
3542	118	12076	90.0806541712
3543	118	12078	90.0418754212
3544	119	12078	90.1173441232
3545	120	12081	90.0753983988
3546	116	12081	90.1165173191
3547	121	12083	90.1992069347
3548	121	12088	90.2337111302
3549	125	12088	90.3233715609
3550	125	12089	90.3976853354
3551	128	12094	90.3841600952
3552	126	12094	90.3757781329
3553	127	12098	90.3863575872
3554	123	12103	90.3655562566
3555	120	12109	90.4349818864
3556	122	12111	90.4311130317
3557	125	12111	90.4474246728
3558	129	12116	90.4003565416
3559	131	12122	90.3085102126
3560	131	12129	90.284856383
3561	131	12129	90.1887994585
3562	128	12134	90.1548974636
3563	131	12135	90.1059539934
3564	126	12142	90.0297083301
3565	126	12144	89.9480021402
3566	123	12149	89.8736605168
3567	123	12150	89.8272221005
3568	124	12152	89.7560230532
3569	122	12153	89.8338310949
3570	121	12157	89.8502169661
3571	120	12162	89.8295816144
3572	125	12162	89.8309609013
3573	121	12168	89.8549138066
3574	117	12172	89.8783060647
3575	122	12174	89.8618566303
3576	117	12175	89.8817563292
3577	115	12175	89.7970909236
3578	113	12177	89.7664909665
3579	117	12183	89.7481639782
3580	115	12184	89.6576485795
3581	119	12190	89.6681316988
3582	120	12193	89.7394940826
3583	120	12196	89.760220783
3584	125	12198	89.7940373834
3585	124	12203	89.8455007043
3586	123	12207	89.792116829
3587	128	12214	89.6979091049
3588	131	12216	89.7400018325
3589	126	12221	89.7159989879
3590	122	12223	89.6208576055
3591	118	12224	89.6044987567
3592	117	12225	89.587863047
3593	113	12227	89.6097478681
3594	110	12228	89.5133769486
3595	110	12235	89.6098424029
3596	115	12237	89.5823219216
3597	113	12239	89.6039488426
3598	114	12246	89.5671051639
3599	114	12247	89.5938644745
3600	111	12252	89.6394159043
3601	112	12258	89.7370333278
3602	116	12259	89.7113430475
3603	111	12262	89.6940931222
3604	114	12267	89.5972237557
3605	114	12271	89.6045732306
3606	113	12273	89.6322649379
3607	114	12280	89.6935708201
3608	112	12282	89.7816345325
