1	131	1	94.9360674901
2	130	7	94.8707915555
3	133	11	94.8698992216
4	129	16	94.9621898124
5	130	16	94.8716840686
6	131	18	94.8321062954
7	133	23	94.821556762
8	130	28	94.7535316402
9	126	33	94.7943425928
10	128	39	94.8672381688
11	132	43	94.8421790295
12	134	47	94.7995180212
13	138	47	94.8278960047
14	143	54	94.8138872846
15	144	59	94.8906753483
16	139	66	94.8295623651
17	136	70	94.8229589141
18	132	77	94.7462489953
19	134	83	94.6801101719
20	129	88	94.7618881979
21	127	93	94.6965788301
22	125	98	94.6050140873
23	130	101	94.5741296287
24	133	104	94.6497283506
25	134	105	94.6706777661
26	137	105	94.7017531928
27	135	112	94.7496154691
28	131	112	94.7887575539
29	129	116	94.8769879553
30	128	120	94.9085793236
31	131	125	94.8515944118
32	130	130	94.8333052267
33	135	135	94.8578010607
34	134	138	94.8939869276
35	137	138	94.8392660223
36	142	142	94.7692623237
37	139	143	94.7167908704
38	143	150	94.6717244592
39	148	151	94.5902305242
40	144	151	94.5416118235
41	144	153	94.5612321653
42	144	158	94.6208229242
43	141	159	94.697931481
44	138	166	94.6604525022
45	138	168	94.722514999
46	134	171	94.7168735771
47	133	178	94.6387904384
48	135	183	94.5629064441
49	135	187	94.5252291357
50	134	189	94.4651061466
51	134	193	94.5020769584
52	135	195	94.5447808497
53	140	195	94.6119390675
54	142	200	94.5463928725
55	139	204	94.5835930204
56	140	206	94.5920307411
57	141	211	94.5893908838
58	141	214	94.6432569703
59	137	219	94.6844806452
60	142	223	94.7352723293
61	140	227	94.8352695405
62	145	229	94.7618161266
63	147	234	94.8206854468
64	152	237	94.8162601389
65	156	238	94.8344352696
66	156	239	94.8634367352
67	158	241	94.8026636855
68	160	243	94.7130647136
69	156	243	94.7555696348
70	153	244	94.8525649437
71	153	244	94.8858834799
72	148	247	94.8004989951
73	152	253	94.8585337623
74	149	257	94.935788219
75	153	259	95.0043572032
76	157	262	94.954121148
77	159	269	94.973689521
78	158	275	94.9088904204
79	156	277	94.8446344467
80	155	283	94.9427177614
81	157	283	94.8895898782
82	157	284	94.8383535201
83	160	289	94.7721184969
84	162	290	94.8399056518
85	161	294	94.8073028687
86	165	301	94.7602836148
87	160	307	94.7060724032
88	155	310	94.6319957177
89	160	311	94.679355739
90	156	312	94.5823190414
91	157	319	94.4856137074
92	154	321	94.4515613319
93	150	323	94.5490132508
94	151	325	94.5749649155
95	154	326	94.617170527
96	155	327	94.6965799259
97	150	328	94.7898637119
98	150	332	94.8561327473
99	151	334	94.9345757028
100	151	338	94.93859523
101	146	344	94.8717266595
102	143	351	94.8540584388
103	142	353	94.8920712073
104	143	353	94.9711458437
105	145	356	94.9405094947
106	141	358	95.0003682452
107	136	365	94.9819043719
108	135	366	94.9270436888
109	139	372	94.8598616934
110	137	377	94.763466344
111	138	383	94.7693255647
112	138	389	94.8204929667
113	135	393	94.8879816559
114	137	395	94.9399293273
115	138	397	94.9079508353
116	136	404	94.847250233
117	138	406	94.8763836712
118	134	409	94.9303190032
119	136	416	95.0008886917
120	131	418	94.975960933
121	136	425	94.963617839
122	139	432	95.0402555598
123	134	436	95.066057542
124	132	439	95.1099702487
125	128	443	95.1795499605
126	129	443	95.1602034567
127	130	444	95.0941032876
128	128	444	94.995859503
129	125	446	95.0588987289
130	129	448	95.1080049822
131	133	449	95.1775650722
132	136	451	95.2105405856
133	136	456	95.1580313858
134	134	461	95.1201589846
135	137	467	95.1074374805
136	140	468	95.0856435986
137	143	471	94.9881739318
138	139	471	94.9622703651
139	141	477	94.9617893203
140	144	479	94.8867695931
141	144	479	94.8324445251
142	145	484	94.8833504691
143	144	487	94.9810549425
144	142	487	95.0798911544
145	139	487	95.1163835231
146	137	489	95.0844913419
147	132	492	95.0027504166
148	132	499	94.924450886
149	137	505	94.9520377509
150	139	505	94.8697527792
151	139	510	94.8289408702
152	144	511	94.7882386252
153	143	516	94.820507142
154	143	518	94.7525341267
155	145	525	94.783717606
156	144	532	94.8821499007
157	139	533	94.9433191721
158	142	533	94.880535697
159	138	535	94.922531593
160	143	539	94.8547667022
161	146	544	94.8590612218
162	141	548	94.8305574183
163	141	554	94.7999587081
164	142	561	94.7368888181
165	139	565	94.780174757
166	138	571	94.8529491463
167	139	578	94.9440779227
168	143	585	94.9948860532
169	148	586	94.9766429599
170	145	586	94.9491529638
171	148	589	94.9421528476
172	152	590	94.8581809856
173	151	590	94.7994243281
174	147	590	94.8765261241
175	149	595	94.9148310208
176	150	600	94.9747076433
177	145	607	95.0701183498
178	141	607	94.9742818685
179	146	611	95.008927364
180	143	617	95.0113313151
181	142	623	95.0083160108
182	145	630	94.9344916342
183	146	632	94.86959304
184	150	637	94.8693987395
185	151	642	94.8412362515
186	148	649	94.7965295889
187	147	651	94.7858125094
188	148	658	94.7602408752
189	146	665	94.8021662164
190	143	666	94.8544137467
191	140	670	94.9353336538
192	140	675	94.9998072038
193	139	682	94.9869588009
194	142	684	94.9175589796
195	140	685	94.9851906038
196	138	690	94.984051103
197	138	693	94.8847113811
198	140	700	94.9663546952
199	135	700	94.8745963201
200	131	707	94.9665603586
201	127	713	94.9679225133
202	128	720	94.9395916589
203	128	727	94.9789080348
204	129	730	95.0433198784
205	134	730	94.9696961858
206	132	732	94.8966999355
207	135	738	94.8335322563
208	139	741	94.8343598377
209	135	742	94.8914501483
210	133	745	94.8258875784
211	135	752	94.7553134076
212	138	753	94.7867293833
213	137	754	94.8539492635
214	140	757	94.7898263602
215	144	763	94.7958500246
216	144	764	94.7446735503
217	145	768	94.8261403859
218	143	773	94.7622844261
219	143	774	94.7428250336
220	140	779	94.791132264
221	144	781	94.8664319344
222	146	785	94.9604931767
223	141	792	94.9703503289
224	141	792	94.9526227169
225	136	798	95.0012940266
226	132	800	95.0626200591
227	133	807	95.0623243597
228	134	814	95.0976306578
229	139	818	95.1846225269
230	137	825	95.1011499053
231	136	831	95.0453680337
232	134	834	94.966446908
233	133	839	95.0249565107
234	132	843	94.9614715956
235	134	846	94.9919685817
236	129	848	94.9076559764
237	132	854	94.8554378677
238	127	854	94.779919264
239	129	859	94.7115211173
240	126	859	94.6185687619
241	131	866	94.5654741465
242	130	866	94.5165434262
243	127	872	94.5980376745
244	122	873	94.612190407
245	127	874	94.6475959541
246	130	881	94.6579396032
247	131	886	94.7416351357
248	132	893	94.8249554423
249	136	897	94.7566091941
250	140	898	94.8423957486
251	138	902	94.9158471333
252	139	902	94.8360938712
253	136	903	94.8052538243
254	134	903	94.9001875828
255	131	907	94.9308322189
256	127	908	94.8526875907
257	122	912	94.8490892043
258	127	916	94.9223209194
259	122	918	94.9609024772
260	119	924	94.9586867357
261	117	927	94.9587034013
262	122	933	94.8757289715
263	121	934	94.9140156644
264	119	935	94.9485998348
265	124	939	94.8926353153
266	125	942	94.9610093836
267	122	945	94.9814299363
268	124	947	95.0070619859
269	123	950	95.083513433
270	125	957	95.1762855269
271	129	963	95.1944895303
272	132	963	95.11403848
273	130	968	95.0603520496
274	131	972	95.0612605425
275	129	977	95.1365163645
276	125	977	95.1739932008
277	121	984	95.1578228648
278	118	988	95.1775402469
279	114	992	95.1304358949
280	116	993	95.1687145066
281	119	993	95.1515866339
282	115	996	95.0727417147
283	120	996	95.0429840834
284	117	999	95.082741187
285	122	1003	94.9908848622
286	117	1004	95.0081580803
287	112	1008	95.0515307632
288	110	1010	95.1256571781
289	107	1015	95.1046856446
290	104	1017	95.0715665455
291	108	1020	95.0285308943
292	104	1027	95.0994713919
293	102	1030	95.1568051122
294	98	1034	95.1887359102
295	94	1036	95.1524568886
296	93	1042	95.0669154577
297	91	1045	95.0147139825
298	93	1046	94.9780465152
299	93	1053	94.9053073853
300	95	1056	94.9102636613
301	93	1059	94.9043601614
302	98	1066	94.8407228155
303	102	1069	94.8975433833
304	102	1072	94.7986209069
305	102	1072	94.7589045742
306	103	1074	94.8161185882
307	98	1080	94.7841825629
308	97	1080	94.7088535997
309	95	1081	94.6978068517
310	98	1081	94.7867418371
311	101	1085	94.7643159982
312	103	1090	94.7611869814
313	103	1091	94.7447503122
314	106	1093	94.805245279
315	104	1100	94.8675694481
316	102	1100	94.8098256116
317	98	1102	94.7622653415
318	103	1107	94.8550154496
319	108	1108	94.8654620801
320	111	1114	94.9616577503
321	107	1116	94.9020454324
322	105	1120	94.825105486
323	100	1123	94.7562523536
324	95	1125	94.7676470588
325	95	1131	94.8465853247
326	92	1131	94.7593408115
327	88	1135	94.7560142056
328	90	1140	94.7851357897
329	89	1143	94.7848351739
330	91	1149	94.787821286
331	86	1155	94.7510067668
332	84	1161	94.8287528919
333	84	1161	94.8794233282
334	80	1168	94.8612177977
335	78	1175	94.8237384073
336	83	1175	94.9036461024
337	83	1182	94.9688841912
338	87	1189	95.0265050177
339	84	1191	94.9660090857
340	87	1191	94.9321699307
341	92	1193	94.9364567748
342	93	1199	94.8580050385
343	98	1205	94.8342456491
344	99	1212	94.7652451226
345	101	1216	94.721801182
346	105	1219	94.7002475327
347	109	1225	94.7524219861
348	112	1228	94.7511728472
349	116	1229	94.7788906659
350	120	1234	94.738769694
351	124	1234	94.6743783554
352	120	1237	94.5984949667
353	124	1239	94.6253743712
354	119	1242	94.5341646646
355	124	1248	94.5543070613
356	124	1255	94.4740411163
357	121	1258	94.4408835726
358	125	1258	94.4103666455
359	122	1262	94.4358654326
360	123	1266	94.5088781658
361	125	1273	94.4738868776
362	124	1278	94.4044039287
363	126	1278	94.5020726834
364	123	1282	94.5059358201
365	118	1284	94.6021500604
366	118	1289	94.6401859839
367	119	1291	94.6875735562
368	115	1295	94.6221413801
369	118	1295	94.5877582093
370	117	1301	94.6454435125
371	122	1302	94.6817814506
372	127	1303	94.6138950839
373	130	1308	94.6245737285
374	134	1315	94.5802134186
375	133	1315	94.6057419015
376	132	1316	94.5435760404
377	128	1319	94.5013108818
378	129	1324	94.5998477885
379	127	1327	94.5247266675
380	122	1330	94.4983552392
381	126	1332	94.4253147918
382	125	1334	94.3435547104
383	122	1336	94.3845500976
384	124	1338	94.448794686
385	122	1340	94.4299981428
386	125	1347	94.5120879633
387	127	1349	94.4375008523
388	130	1352	94.4886782244
389	130	1355	94.5871545958
390	126	1357	94.5680162318
391	125	1358	94.4814811028
392	125	1364	94.4430841544
393	128	1371	94.54248914
394	128	1377	94.5205549157
395	127	1384	94.5335183915
396	131	1387	94.5682575129
397	130	1390	94.5133346236
398	129	1397	94.607763304
399	133	1400	94.5232871477
400	132	1406	94.6218347672
401	131	1408	94.6215216149
402	133	1415	94.531555097
403	131	1415	94.5502823843
404	134	1415	94.5444798496
405	135	1420	94.4534231105
406	139	1426	94.4504708549
407	135	1429	94.5282574106
408	140	1430	94.5344179473
409	142	1432	94.5954531536
410	142	1433	94.5431721499
411	145	1433	94.5355820841
412	148	1439	94.5995181716
413	153	1446	94.571497385
414	157	1453	94.6442234222
415	155	1453	94.6649855185
416	152	1460	94.6899636313
417	147	1467	94.7764874359
418	143	1473	94.7097361978
419	141	1475	94.763109236
420	146	1480	94.6652476948
421	148	1481	94.6617289322
422	146	1486	94.6986459201
423	150	1490	94.6826231704
424	149	1497	94.5874993384
425	152	1503	94.6014365133
426	149	1505	94.6088900341
427	148	1506	94.5902266488
428	145	1513	94.4987149266
429	140	1514	94.5381753391
430	141	1521	94.5511172209
431	143	1524	94.5734324594
432	144	1524	94.6514874845
433	140	1530	94.6426057409
434	137	1530	94.58496955
435	141	1533	94.624035177
436	142	1538	94.6062335812
437	147	1539	94.6732046378
438	143	1540	94.6529503412
439	143	1543	94.6919391616
440	138	1549	94.7625194755
441	136	1552	94.7410875352
442	133	1557	94.644489042
443	138	1563	94.7035344096
444	137	1567	94.7841662201
445	140	1567	94.7123664849
446	140	1573	94.7951135462
447	144	1577	94.8268539031
448	140	1577	94.7512585302
449	139	1579	94.7927686988
450	140	1581	94.7719607616
451	136	1587	94.8158838696
452	140	1589	94.7531578831
453	140	1593	94.7112007989
454	144	1597	94.6121904868
455	149	1604	94.6604909153
456	144	1610	94.7408498831
457	145	1612	94.7590166546
458	146	1618	94.7674959775
459	143	1618	94.7797149552
460	143	1618	94.8157474189
461	141	1625	94.9009264345
462	136	1626	94.9110628261
463	134	1631	94.8780298537
464	131	1633	94.8949049763
465	126	1637	94.9345002502
466	131	1643	94.8913545025
467	134	1648	94.9010004722
468	134	1651	94.898016915
469	138	1657	94.9587979862
470	141	1660	94.9022480748
471	138	1665	94.9772086818
472	143	1665	95.0101110843
473	148	1667	94.916778986
474	143	1673	94.839132522
475	146	1673	94.8374345681
476	146	1680	94.873634074
477	142	1682	94.9188108851
478	147	1688	95.0135149239
479	145	1689	94.9555598695
480	141	1692	94.963770111
481	142	1695	94.8950324824
482	139	1697	94.8989460889
483	134	1697	94.8175028318
484	134	1704	94.8290685669
485	138	1704	94.8915439845
486	135	1708	94.9375173929
487	138	1712	94.9574850697
488	133	1716	94.8594673311
489	129	1720	94.9071009395
490	131	1723	94.8892683465
491	127	1728	94.8135589691
492	122	1728	94.7348765349
493	124	1731	94.7034846764
494	125	1733	94.7367998789
495	126	1738	94.6827948608
496	121	1739	94.7012861055
497	123	1741	94.6471290245
498	127	1747	94.6160032047
499	128	1749	94.7107385584
500	127	1751	94.7481126219
501	127	1752	94.7125890217
502	125	1755	94.7570763691
503	122	1760	94.6889285408
504	118	1761	94.6857603715
505	121	1767	94.5884775058
506	120	1768	94.5534239664
507	123	1775	94.5533157423
508	125	1782	94.475600038
509	121	1789	94.5128165952
510	123	1789	94.5379326479
511	128	1791	94.4721249935
512	124	1797	94.50709393
513	121	1799	94.5954960415
514	126	1805	94.5849306067
515	130	1809	94.6307141546
516	132	1811	94.658930253
517	133	1812	94.7193480915
518	138	1816	94.6442651806
519	137	1816	94.5865132565
520	141	1816	94.630835326
521	142	1819	94.6328080407
522	145	1823	94.6699822975
523	144	1826	94.6078511658
524	149	1828	94.6920251337
525	150	1828	94.7319152651
526	155	1834	94.7846503881
527	151	1841	94.6955784959
528	147	1845	94.6386215091
529	146	1849	94.6261350606
530	142	1851	94.6054696659
531	146	1852	94.6884089241
532	147	1854	94.7108510335
533	144	1861	94.6997819421
534	143	1863	94.6990890313
535	145	1869	94.7793311599
536	140	1871	94.8328926462
537	145	1871	94.7422514539
538	145	1871	94.6656948561
539	143	1874	94.5818690223
540	138	1876	94.6760441692
541	138	1883	94.6196884719
542	140	1884	94.6600451348
543	138	1888	94.7162841621
544	133	1893	94.7733965519
545	136	1896	94.7973019543
546	134	1897	94.8615258111
547	138	1904	94.8964547397
548	143	1909	94.9402416231
549	147	1911	94.8712594767
550	142	1914	94.8861053086
551	143	1914	94.927748737
552	148	1915	94.8378442512
553	151	1917	94.8573389638
554	152	1918	94.9107690817
555	152	1918	94.8795184247
556	156	1919	94.9777552011
557	152	1922	94.9998189477
558	150	1927	95.0475479835
559	149	1933	94.9720801955
560	151	1939	94.9613240135
561	154	1943	94.9034182446
562	158	1949	94.8316756464
563	154	1953	94.8725345526
564	149	1959	94.7994989346
565	144	1960	94.7653208423
566	145	1966	94.7039704694
567	150	1971	94.7578004729
568	152	1971	94.7903957331
569	156	1976	94.8137598016
570	160	1982	94.8391367063
571	164	1982	94.888718865
572	168	1987	94.9875979609
573	165	1987	94.9433812542
574	163	1993	94.8477333487
575	166	1994	94.829623378
576	170	2001	94.7782170425
577	171	2006	94.8770689475
578	166	2011	94.9116982261
579	161	2018	94.9407162427
580	165	2019	94.9224291833
581	162	2020	94.9141599122
582	158	2024	94.9300346623
583	160	2026	94.8681539796
584	159	2032	94.888741567
585	164	2032	94.8846565606
586	165	2035	94.8325572366
587	164	2042	94.9324318783
588	169	2047	95.0180303849
589	167	2050	95.1047499423
590	164	2052	95.1848125958
591	163	2053	95.1235237614
592	159	2057	95.1832607398
593	154	2059	95.2259880693
594	149	2063	95.2762506076
595	150	2067	95.1788812659
596	155	2072	95.2582585418
597	156	2075	95.2265003963
598	156	2079	95.1710078599
599	156	2080	95.0965542346
600	160	2082	95.0622123636
601	163	2088	95.1071646269
602	158	2094	95.0426503978
603	154	2097	95.1273749805
604	149	2104	95.0961664647
605	149	2109	95.1616087545
606	144	2112	95.0669360746
607	145	2112	95.0880187527
608	141	2119	95.1469639167
609	137	2124	95.1898924029
610	132	2124	95.1624641635
611	134	2124	95.0916023693
612	131	2129	95.1050934408
613	129	2135	95.0889190152
614	130	2141	95.0420017253
615	129	2145	95.052296473
616	124	2145	95.0076397585
617	129	2152	95.0443615676
618	127	2153	95.1049206312
619	127	2158	95.0096399937
620	122	2158	95.1034471579
621	126	2165	95.1219685466
622	128	2165	95.1223604745
623	123	2169	95.0715468732
624	125	2170	95.1418605057
625	124	2177	95.1628412208
626	120	2177	95.1459744333
627	125	2180	95.1219912553
628	121	2186	95.1853874131
629	118	2192	95.2231835107
630	113	2193	95.1512904001
631	116	2195	95.1265215878
632	118	2202	95.1458954814
633	123	2209	95.1815275662
634	124	2213	95.1130069466
635	125	2220	95.0159147966
636	126	2224	95.0939422011
637	125	2228	95.0500929062
638	127	2233	94.9827259933
639	127	2233	94.9012168159
640	130	2236	94.8031701736
641	134	2240	94.8097523369
642	132	2241	94.7459771783
643	129	2246	94.6994766869
644	126	2247	94.683585852
645	124	2247	94.6093908314
646	119	2254	94.6192413906
647	121	2259	94.5504486536
648	121	2264	94.5233171764
649	122	2265	94.5617527865
650	122	2272	94.5955732849
651	120	2276	94.511624582
652	119	2283	94.4683570013
653	115	2288	94.5278495346
654	115	2295	94.6099062958
655	110	2295	94.5309785728
656	107	2299	94.4739302769
657	109	2306	94.5664353724
658	110	2306	94.6103583658
659	112	2313	94.6065733934
660	114	2315	94.6178204434
661	119	2316	94.714901115
662	118	2323	94.6444391648
663	120	2328	94.6984363048
664	123	2334	94.7735533016
665	123	2340	94.6841281019
666	118	2342	94.6586015474
667	119	2346	94.7568928919
668	118	2349	94.826695807
669	123	2355	94.7586437476
670	124	2361	94.6745235918
671	126	2366	94.716535736
672	127	2371	94.7561800872
673	132	2375	94.8436448567
674	135	2378	94.758905456
675	134	2380	94.8407248388
676	135	2380	94.889002857
677	133	2385	94.8200020839
678	129	2392	94.8813250032
679	128	2392	94.9275651184
680	130	2396	94.9673197717
681	129	2396	94.9682854479
682	132	2397	95.0519869347
683	137	2399	94.984304339
684	136	2406	94.9860897846
685	134	2408	95.0024385148
686	129	2412	95.0307685411
687	131	2419	95.0467947633
688	129	2421	95.131690405
689	127	2428	95.1900563156
690	122	2434	95.2813152777
691	127	2438	95.25101996
692	127	2444	95.3114018215
693	122	2445	95.3219586831
694	121	2446	95.248847169
695	119	2453	95.1961008042
696	123	2454	95.2467886609
697	125	2460	95.2420122045
698	128	2462	95.1497031796
699	133	2463	95.1273384069
700	133	2463	95.0639007139
701	135	2470	95.1113395418
702	136	2472	95.0982582712
703	133	2473	95.1888341805
704	136	2473	95.1152120084
705	131	2474	95.0598778234
706	135	2474	95.0581228068
707	130	2480	95.0615491718
708	133	2484	95.0719702754
709	133	2488	95.0153469106
710	129	2488	95.0089672028
711	131	2493	94.9891057942
712	129	2499	94.9219036364
713	134	2501	95.0033159762
714	129	2503	94.9792928957
715	132	2510	94.9244115652
716	137	2513	94.928018739
717	142	2516	94.8355234697
718	142	2523	94.842269102
719	147	2526	94.9174868283
720	147	2526	94.965963726
721	150	2529	94.9828636336
722	148	2532	94.9490715692
723	145	2533	95.0035383217
724	142	2534	94.9580227283
725	143	2538	95.0540997538
726	139	2541	95.1310862809
727	135	2543	95.0531606323
728	136	2545	94.9939883877
729	140	2545	94.8979421569
730	138	2545	94.8291359886
731	143	2549	94.8540319198
732	145	2550	94.7583213971
733	148	2557	94.6742295631
734	149	2560	94.5934611943
735	148	2566	94.6290114473
736	144	2566	94.5689626127
737	144	2569	94.5184275129
738	149	2572	94.4262912334
739	151	2578	94.3385689002
740	150	2578	94.3333748558
741	145	2578	94.354448628
742	150	2583	94.4006976575
743	154	2588	94.4653995585
744	158	2594	94.4658551136
745	154	2599	94.4842844151
746	159	2603	94.3972365857
747	154	2609	94.4843408069
748	157	2615	94.4533878022
749	152	2615	94.3924931822
750	151	2617	94.3144252009
751	155	2621	94.3232577487
752	155	2627	94.2717994072
753	155	2630	94.2760157261
754	151	2630	94.3538324551
755	155	2633	94.4101022084
756	153	2640	94.3942043333
757	156	2644	94.4709563852
758	159	2645	94.5075232919
759	164	2650	94.5108217091
760	165	2652	94.5009315695
761	163	2655	94.4047707049
762	168	2660	94.4148205649
763	172	2663	94.4969289958
764	168	2666	94.5512521756
765	163	2667	94.5533032389
766	158	2674	94.476840352
767	159	2676	94.4888616571
768	163	2680	94.494967406
769	159	2681	94.5250416121
770	164	2681	94.6153041419
771	163	2685	94.6212803217
772	162	2685	94.5902167627
773	160	2686	94.4939374397
774	165	2691	94.524543518
775	166	2697	94.473249851
776	167	2697	94.4743949031
777	166	2701	94.4150364479
778	163	2704	94.4623222526
779	162	2705	94.412451379
780	166	2711	94.368621442
781	166	2711	94.4529190329
782	165	2714	94.5212994708
783	164	2717	94.4622708816
784	159	2723	94.3634979491
785	154	2724	94.3065333189
786	158	2730	94.3093269674
787	153	2736	94.2621804164
788	148	2740	94.3536870186
789	151	2747	94.2909721654
790	154	2753	94.3777790455
791	159	2760	94.3182059012
792	160	2767	94.3877775516
793	160	2769	94.4867750905
794	157	2774	94.3896371855
795	153	2774	94.3439626455
796	156	2774	94.3457925983
797	161	2777	94.3160311145
798	157	2779	94.2628765701
799	152	2781	94.2841757532
800	154	2785	94.2224897958
801	154	2789	94.2128131036
802	156	2793	94.2851342467
803	153	2800	94.376657945
804	156	2802	94.3574966035
805	160	2804	94.4085135824
806	161	2807	94.3924210297
807	164	2813	94.4567576138
808	159	2813	94.4925050486
809	154	2818	94.5445651578
810	156	2820	94.5829605744
811	160	2823	94.6199751477
812	161	2823	94.5423737831
813	160	2828	94.6389291742
814	164	2835	94.7223648313
815	159	2842	94.7012115932
816	157	2849	94.6718441008
817	157	2852	94.7590586408
818	153	2857	94.7581292108
819	150	2861	94.7068291118
820	146	2866	94.8021919993
821	142	2872	94.8148687077
822	144	2873	94.8344232836
823	143	2873	94.7599867721
824	148	2879	94.6933783361
825	149	2885	94.7784707068
826	154	2892	94.8125936732
827	157	2892	94.7313946729
828	158	2895	94.6492002345
829	159	2899	94.5809113251
830	160	2899	94.6011658135
831	157	2906	94.5329745465
832	153	2911	94.5917767412
833	155	2917	94.5182410152
834	160	2919	94.5802488941
835	157	2923	94.5899847737
836	158	2928	94.6628696583
837	157	2928	94.7002910046
838	155	2929	94.6170641666
839	158	2935	94.5717812001
840	153	2937	94.5488701267
841	150	2944	94.6251488921
842	146	2951	94.6601451645
843	150	2954	94.7170977518
844	155	2959	94.7609199489
845	157	2965	94.8583122184
846	161	2971	94.8231851502
847	158	2976	94.7954464257
848	162	2979	94.7036133184
849	166	2983	94.7365537885
850	171	2984	94.6693121129
851	170	2984	94.6105305454
852	171	2986	94.6892205721
853	175	2986	94.6069345492
854	176	2991	94.5093257216
855	178	2992	94.479775684
856	176	2999	94.4106906159
857	177	3003	94.3808328675
858	174	3006	94.3807173777
859	171	3009	94.3310590715
860	175	3014	94.3715666483
861	176	3021	94.4523726558
862	176	3027	94.3610994138
863	175	3034	94.3401783633
864	174	3039	94.3600262741
865	171	3040	94.3878387847
866	171	3047	94.4483549992
867	171	3053	94.434727168
868	170	3055	94.4465525295
869	167	3061	94.3929861777
870	167	3065	94.4527104094
871	172	3070	94.4243519996
872	176	3074	94.4614442276
873	172	3076	94.5217123634
874	174	3077	94.534780295
875	172	3081	94.5617902653
876	167	3088	94.6085279475
877	169	3094	94.6393476041
878	164	3098	94.6706632012
879	163	3105	94.7227397033
880	162	3109	94.7145992238
881	158	3114	94.6476670504
882	158	3114	94.7342513737
883	163	3121	94.8049215474
884	163	3123	94.8543704941
885	162	3126	94.88680762
886	157	3128	94.9408860938
887	160	3129	94.9714749345
888	163	3130	94.8774791855
889	161	3131	94.9227627167
890	156	3134	94.9890532862
891	155	3136	94.9428653824
892	151	3136	94.9585688244
893	155	3137	95.0028169175
894	152	3142	94.9899842179
895	153	3142	94.8966538183
896	153	3143	94.8079325109
897	156	3148	94.7968730974
898	153	3148	94.7224336376
899	158	3155	94.7955515408
900	161	3161	94.8547932745
901	156	3168	94.8751516428
902	154	3169	94.9593659257
903	156	3173	94.9364887245
904	155	3174	94.8632491521
905	160	3181	94.8113603787
906	163	3188	94.8954576484
907	165	3189	94.9885710193
908	160	3196	95.0039242031
909	163	3196	94.9547765176
910	168	3203	95.0360376349
911	166	3210	95.070200212
912	168	3214	95.166080438
913	169	3218	95.0852182281
914	173	3219	95.0561155763
915	170	3226	95.0032415638
916	174	3231	95.0833423604
917	172	3232	95.0969538284
918	176	3238	95.1073830408
919	174	3244	95.1065779876
920	172	3247	95.0235671729
921	167	3250	95.0752748087
922	168	3255	95.0726424025
923	163	3261	95.1260525947
924	168	3265	95.1420114759
925	164	3272	95.148800085
926	165	3279	95.1262250927
927	169	3283	95.1294522996
928	173	3284	95.1473398954
929	171	3287	95.2112987691
930	176	3292	95.2247733762
931	176	3298	95.1514007345
932	177	3298	95.2146004163
933	176	3302	95.2448099514
934	176	3309	95.2021005215
935	178	3314	95.2006876245
936	181	3319	95.1756390498
937	181	3322	95.1911341056
938	181	3324	95.1964890449
939	176	3330	95.2436224452
940	175	3333	95.1838618051
941	174	3338	95.153367162
942	176	3341	95.157191598
943	176	3343	95.2315747084
944	173	3348	95.2551819101
945	171	3354	95.1981750999
946	166	3354	95.1912993595
947	161	3360	95.1294449836
948	165	3360	95.1794939136
949	164	3365	95.2362610573
950	164	3372	95.2450870536
951	169	3377	95.3027477729
952	169	3380	95.2535872266
953	172	3387	95.2710457725
954	177	3394	95.3353373604
955	174	3397	95.3781184174
956	175	3399	95.3367069484
957	178	3402	95.2712821466
958	181	3402	95.2430895116
959	180	3407	95.2073556326
960	182	3411	95.1382740363
961	184	3411	95.0606105866
962	179	3414	95.0503340768
963	183	3418	94.9581295026
964	186	3425	95.0345525671
965	186	3426	94.9662419597
966	191	3431	95.0070378361
967	193	3431	95.0189793191
968	197	3431	94.9838976013
969	200	3432	95.0576694779
970	200	3436	95.1550773172
971	195	3443	95.1344525212
972	190	3449	95.1139292482
973	186	3454	95.103153884
974	183	3458	95.186178187
975	185	3459	95.2616192727
976	185	3465	95.3347190268
977	190	3466	95.4186713653
978	191	3467	95.3850501145
979	187	3468	95.3689187111
980	192	3474	95.3099760012
981	190	3478	95.2485639439
982	191	3480	95.339660135
983	190	3484	95.3727101064
984	191	3484	95.3450577419
985	186	3484	95.3835291153
986	190	3488	95.3839248851
987	195	3491	95.3678245083
988	197	3492	95.308233166
989	192	3498	95.2673770664
990	192	3501	95.1937624507
991	190	3501	95.1023210878
992	189	3508	95.1593762411
993	190	3511	95.138793123
994	187	3511	95.1108279608
995	184	3511	95.0738293482
996	183	3511	95.1005625762
997	178	3511	95.0906544428
998	173	3513	95.1815031394
999	171	3517	95.1543891661
1000	169	3522	95.1723981118
1001	171	3526	95.2272422768
1002	171	3526	95.2329665525
1003	169	3527	95.2582616531
1004	171	3530	95.2988849661
1005	169	3532	95.3695538303
1006	173	3538	95.4506464978
1007	178	3543	95.4425798552
1008	182	3547	95.5317062859
1009	187	3551	95.5949666532
1010	186	3554	95.6697605596
1011	190	3560	95.5757725819
1012	186	3560	95.5272372357
1013	188	3560	95.443660219
1014	187	3567	95.4788946682
1015	188	3569	95.3830389703
1016	191	3572	95.4036962829
1017	196	3572	95.4974699473
1018	195	3574	95.5773599995
1019	193	3580	95.5449149346
1020	197	3583	95.6327896628
1021	196	3589	95.6748065713
1022	193	3595	95.6130262052
1023	189	3597	95.6497409925
1024	188	3599	95.6963175354
1025	184	3606	95.7551723129
1026	188	3609	95.7521502309
1027	186	3611	95.7292981818
1028	187	3612	95.8157829234
1029	190	3616	95.7861125277
1030	191	3620	95.8210364629
1031	192	3627	95.7600865627
1032	193	3633	95.7863224762
1033	192	3634	95.7384890868
1034	196	3640	95.7629869322
1035	198	3642	95.7329718084
1036	200	3646	95.8202553127
1037	200	3652	95.8751703803
1038	200	3659	95.8564784729
1039	200	3665	95.8916826474
1040	196	3670	95.8745127954
1041	200	3676	95.8068068065
1042	199	3678	95.8846359213
1043	200	3681	95.9733496265
1044	200	3687	96.0419618417
1045	200	3693	96.0963338058
1046	195	3700	96.0864769566
1047	190	3701	96.0025130516
1048	190	3702	95.9358233183
1049	187	3706	95.9696011558
1050	188	3709	95.9006725759
1051	189	3713	95.8953215814
1052	191	3713	95.8578811608
1053	194	3714	95.8017540684
1054	190	3716	95.8017321624
1055	187	3717	95.8876287036
1056	183	3718	95.8788769262
1057	183	3723	95.958130424
1058	181	3728	95.8891163614
1059	176	3735	95.8927657347
1060	172	3737	95.8242176188
1061	171	3740	95.8770567789
1062	174	3743	95.9730747043
1063	174	3744	96.0457182759
1064	179	3745	96.090314031
1065	182	3747	96.030086684
1066	178	3750	96.0414004351
1067	183	3751	96.0719573503
1068	184	3756	95.977273948
1069	184	3763	96.0136814362
1070	189	3770	96.0383327312
1071	188	3770	96.1379304931
1072	188	3773	96.1082328973
1073	192	3780	96.0550946433
1074	191	3782	96.094026992
1075	196	3787	96.1389995261
1076	193	3790	96.2216140399
1077	190	3792	96.2325459699
1078	194	3793	96.3283955874
1079	196	3799	96.3586577785
1080	195	3802	96.264828509
1081	194	3803	96.361420501
1082	194	3803	96.4066705724
1083	191	3804	96.3288579097
1084	190	3808	96.2852264918
1085	191	3811	96.2316261755
1086	188	3815	96.329100048
1087	191	3822	96.4151485254
1088	191	3829	96.3507611543
1089	189	3834	96.3779869707
1090	192	3837	96.2864424975
1091	195	3841	96.2055204542
1092	193	3844	96.1802658504
1093	198	3848	96.0977889466
1094	200	3852	96.0947810608
1095	197	3858	96.0730799378
1096	200	3861	96.1684915526
1097	199	3867	96.1267030805
1098	200	3872	96.0801504827
1099	196	3879	96.155548241
1100	194	3882	96.1916984143
1101	197	3889	96.263305485
1102	200	3889	96.3194435138
1103	200	3891	96.403670601
1104	196	3898	96.3564043471
1105	192	3900	96.4217402008
1106	197	3904	96.3235275083
1107	200	3905	96.2655781855
1108	195	3908	96.275357004
1109	199	3911	96.3228525466
1110	198	3917	96.310795135
1111	196	3917	96.2339002522
1112	200	3920	96.2986807202
1113	200	3920	96.2876644905
1114	199	3926	96.2717168922
1115	198	3931	96.2888282652
1116	198	3934	96.2792749118
1117	194	3939	96.3293349278
1118	195	3939	96.343628917
1119	192	3943	96.3647889667
1120	196	3946	96.4294944713
1121	194	3952	96.4555195307
1122	196	3957	96.5142169153
1123	199	3962	96.4404660697
1124	200	3965	96.5218813604
1125	200	3970	96.4966765428
1126	198	3971	96.4395458618
1127	200	3975	96.4246154579
1128	200	3977	96.4483124991
1129	200	3984	96.4794131936
1130	200	3989	96.4892456558
1131	199	3991	96.4459652035
1132	197	3996	96.4870580547
1133	198	3997	96.4879071854
1134	194	3997	96.5127517373
1135	198	3998	96.4729628105
1136	195	3999	96.4225455657
1137	190	4000	96.4052173547
1138	187	4006	96.3140797274
1139	191	4012	96.2403401139
1140	188	4016	96.2039537953
1141	191	4017	96.2137918056
1142	187	4019	96.1325304468
1143	182	4025	96.0465485956
1144	182	4027	96.0260312539
1145	180	4031	96.0825467427
1146	180	4033	96.0189160316
1147	181	4033	96.1031965367
1148	185	4035	96.0759854513
1149	181	4038	96.1131741356
1150	186	4044	96.0672984409
1151	190	4047	96.1079607161
1152	195	4051	96.0691297486
1153	195	4054	96.141897216
1154	197	4061	96.1308146882
1155	200	4065	96.1339753848
1156	200	4066	96.1479522656
1157	198	4071	96.2309475277
