1	132	1	95.0608675862
2	137	2	95.1156136528
3	135	7	95.0841113208
4	131	11	95.0219118881
5	136	14	94.9835837351
6	138	19	95.0088959615
7	135	23	95.0244089407
8	139	24	95.0639605338
9	137	28	95.0547552383
10	139	33	95.1095644875
11	138	34	95.1963095714
12	141	37	95.2027206323
13	146	44	95.1566231103
14	143	46	95.0830572808
15	147	48	95.1448755005
16	147	54	95.1420727431
17	147	61	95.0868951264
18	142	61	95.1276843711
19	141	61	95.0878823773
20	136	64	95.1152003897
21	131	68	95.1384597511
22	133	68	95.137010773
23	138	73	95.0690661891
24	142	76	94.99290096
25	144	80	94.9880442556
26	147	86	95.0289947822
27	148	88	94.965479003
28	143	89	94.9537822077
29	142	92	95.0339092787
30	144	94	95.0116866033
31	140	100	95.0976419456
32	141	104	95.0519014902
33	143	109	94.963581516
34	146	113	94.9795713231
35	143	117	94.9077213139
36	140	117	94.8324903543
37	142	121	94.7848040755
38	137	122	94.7864439525
39	133	126	94.7116707171
40	135	129	94.6850538551
41	134	134	94.5901836946
42	136	136	94.5357470935
43	131	137	94.5153861874
44	135	144	94.4580928863
45	131	144	94.4261266515
46	129	147	94.3769158622
47	134	153	94.2853444039
48	130	160	94.2524336723
49	125	164	94.2377197866
50	128	171	94.328978874
51	133	177	94.3785761989
52	130	180	94.380825498
53	130	183	94.4584720564
54	131	190	94.4237533707
55	133	193	94.5054533429
56	130	199	94.5043543719
57	130	204	94.5378697312
58	133	210	94.4872580732
59	137	217	94.4488165627
60	140	224	94.4429490285
61	136	231	94.3866023364
62	140	237	94.3993954157
63	145	239	94.3474196379
64	146	245	94.4382543335
65	142	248	94.4888301927
66	137	255	94.5251128714
67	132	258	94.6107342271
68	137	258	94.576780057
69	135	265	94.6751413726
70	139	266	94.7595861851
71	142	267	94.7448740565
72	142	274	94.6671328923
73	137	276	94.7465451795
74	135	280	94.7498288833
75	137	281	94.7046910751
76	136	287	94.6525898474
77	141	290	94.6146264584
78	141	290	94.6172284854
79	140	291	94.6573573806
80	144	297	94.6187583962
81	144	298	94.6517386376
82	144	300	94.5973180943
83	149	304	94.5918030608
84	147	311	94.5334121357
85	142	317	94.5398910425
86	137	317	94.4656834423
87	136	323	94.3825733127
88	140	325	94.3638138175
89	145	326	94.4569569039
90	146	326	94.418179459
91	151	326	94.5078799388
92	147	329	94.5654781557
93	142	335	94.6212025441
94	142	339	94.6697625447
95	144	340	94.7491775716
96	141	345	94.6604615281
97	146	346	94.710259211
98	149	349	94.6426718731
99	148	349	94.6412978473
100	151	351	94.6731476751
101	147	355	94.594088558
102	148	357	94.5165989071
103	150	360	94.5518691108
104	152	365	94.5621220162
105	154	368	94.4928131294
106	159	371	94.4064460984
107	162	377	94.4498327902
108	159	377	94.3750603551
109	161	377	94.2941294964
110	159	378	94.2676328936
111	156	382	94.2623943191
112	159	388	94.1649712802
113	157	393	94.2377154003
114	158	397	94.1660974334
115	161	398	94.0812735043
116	163	401	94.1299747108
117	167	408	94.1781783566
118	171	410	94.1830465523
119	171	411	94.1141800341
120	175	414	94.1696341417
121	172	415	94.128064017
122	172	417	94.2256879184
123	167	418	94.2966659077
124	168	418	94.2686789201
125	172	418	94.2870664994
126	171	419	94.2444771309
127	171	422	94.27845111
128	167	426	94.2600108365
129	166	431	94.1966699892
130	168	435	94.1281045462
131	164	436	94.1051627957
132	162	443	94.1798256242
133	165	443	94.1884967774
134	170	450	94.1351356138
135	175	455	94.1102076035
136	174	458	94.1141143687
137	170	458	94.1536718109
138	174	460	94.2314347713
139	172	467	94.1633001798
140	172	469	94.1063660132
141	176	471	94.2003996199
142	179	471	94.2753706029
143	181	471	94.2113885007
144	177	477	94.2933816991
145	173	482	94.3339384113
146	169	482	94.2630431326
147	164	483	94.3012772321
148	165	484	94.2647702048
149	160	488	94.2238643138
150	161	490	94.1286726148
151	163	496	94.2226606211
152	165	498	94.1310280837
153	161	499	94.2177901476
154	157	503	94.3114705947
155	154	508	94.3345412175
156	150	511	94.2759783977
157	145	513	94.292975795
158	147	518	94.368647955
159	143	525	94.3299549437
160	147	528	94.2576146003
161	146	534	94.2692209723
162	150	541	94.2299082155
163	155	543	94.25049205
164	156	543	94.1902215998
165	158	549	94.1879919201
166	158	551	94.1129446178
167	154	554	94.0977541691
168	156	557	94.1348950362
169	153	563	94.2317519322
170	156	567	94.2468896445
171	152	567	94.1522429303
172	147	574	94.1246061731
173	148	577	94.0899172439
174	144	582	94.1374060055
175	139	585	94.1876576707
176	144	587	94.151489495
177	145	591	94.2384891616
178	149	596	94.2941888035
179	153	603	94.3926996015
180	151	605	94.3324198987
181	151	607	94.2736709919
182	147	607	94.3311281711
183	142	610	94.2907889629
184	142	616	94.2049240422
185	147	622	94.1229285857
186	149	628	94.1232446412
187	144	631	94.2041356814
188	147	633	94.195926514
189	146	635	94.2142208255
190	147	640	94.265425305
191	147	642	94.1776271271
192	143	646	94.2347739264
193	142	647	94.3025667456
194	146	648	94.2080055666
195	141	652	94.1854326171
196	138	656	94.2694600934
197	141	658	94.2774005302
198	146	661	94.2387078994
199	145	661	94.3367115542
200	140	667	94.4330422075
201	138	669	94.3792610103
202	134	669	94.4540406503
203	136	670	94.459819978
204	136	676	94.4026644225
205	138	676	94.440817905
206	140	677	94.3749384087
207	140	682	94.333771461
208	140	688	94.3116713714
209	139	690	94.2167719355
210	140	691	94.1480083155
211	143	697	94.0785340407
212	140	697	94.0873948807
213	143	700	94.1866898179
214	148	700	94.24951034
215	146	704	94.2140590625
216	144	704	94.2556309925
217	140	709	94.1747052094
218	138	713	94.1275529588
219	134	713	94.0416132614
220	129	718	94.0080625085
221	129	725	93.9946798543
222	131	727	94.0944046697
223	126	732	94.1736159504
224	128	739	94.1084278419
225	130	740	94.1933507324
226	127	744	94.2614686745
227	129	749	94.1750392304
228	128	756	94.1591881247
229	126	758	94.2244853986
230	121	759	94.3118499978
231	125	759	94.2202192799
232	123	759	94.189874494
233	127	764	94.1808546447
234	130	771	94.1013730306
235	132	774	94.0809571736
236	135	781	94.105183975
237	137	784	94.1748051035
238	136	790	94.2555020618
239	138	795	94.3370003857
240	140	802	94.2734813753
241	135	802	94.3229647157
242	136	805	94.4062899987
243	134	809	94.3108062896
244	130	812	94.2560459699
245	132	813	94.303731058
246	132	820	94.3501969101
247	132	825	94.2871962776
248	132	825	94.2499545562
249	128	826	94.3395352721
250	123	828	94.3605085827
251	127	832	94.377634414
252	127	834	94.3900864573
253	127	841	94.4556097077
254	122	843	94.5142698154
255	124	843	94.4464701259
256	129	850	94.4228395749
257	125	855	94.3472974091
258	121	857	94.2839417795
259	116	857	94.24431202
260	112	858	94.3170266619
261	116	862	94.3762405988
262	113	863	94.2960736185
263	113	866	94.3092236006
264	108	873	94.2507879792
265	105	877	94.2298453375
266	102	880	94.3093625778
267	106	880	94.2930432644
268	104	881	94.28130194
269	101	887	94.2238680158
270	101	887	94.2177172765
271	105	892	94.227373902
272	102	896	94.2575905238
273	97	901	94.3332249998
274	99	902	94.2913196211
275	104	906	94.282317005
276	102	908	94.2980501384
277	103	910	94.2829211485
278	102	912	94.2744347209
279	99	918	94.1947486884
280	99	920	94.0976690199
281	99	926	94.1254158596
282	104	931	94.1678867041
283	107	937	94.2179205043
284	104	938	94.1266587341
285	102	938	94.2145361532
286	100	938	94.1945132991
287	98	943	94.1938776338
288	99	946	94.1327841685
289	94	946	94.1376859816
290	92	953	94.1366939817
291	92	955	94.0620912052
292	91	956	93.9817473292
293	94	958	94.0697191154
294	95	960	94.1222029054
295	95	962	94.1168752418
296	94	965	94.2029457942
297	95	966	94.1190553756
298	99	972	94.0617521085
299	100	976	94.1139289766
300	96	982	94.0359214308
301	93	984	94.0437057707
302	88	989	93.9564475688
303	90	995	94.0227526247
304	88	996	93.9317253485
305	92	998	94.0042934156
306	93	1005	94.0734915011
307	97	1011	94.0370708342
308	101	1017	94.0037617014
309	102	1023	94.0939040951
310	98	1025	94.1855877759
311	94	1029	94.2736066746
312	97	1029	94.352149749
313	102	1035	94.3221096251
314	106	1036	94.3228499186
315	110	1041	94.3889979502
316	105	1045	94.3831066031
317	101	1052	94.481125363
318	103	1055	94.4834760224
319	103	1055	94.5751777681
320	98	1059	94.5595472134
321	99	1063	94.5235469742
322	103	1065	94.5712607389
323	108	1072	94.645518902
324	110	1079	94.7179452131
325	114	1082	94.6936509513
326	117	1089	94.6002231919
327	121	1092	94.6222505227
328	126	1099	94.6270324015
329	131	1100	94.5833742986
330	127	1104	94.5439318636
331	130	1108	94.6315350505
332	128	1109	94.5387864478
333	133	1112	94.6119994168
334	135	1118	94.6644337201
335	137	1118	94.66536604
336	132	1125	94.6685081149
337	133	1132	94.7113313466
338	128	1138	94.6822827463
339	131	1140	94.772460317
340	136	1144	94.6899719016
341	136	1149	94.751498601
342	136	1152	94.7239892197
343	139	1159	94.7802462181
344	143	1159	94.8748400464
345	144	1160	94.9302584562
346	143	1161	94.8866706621
347	145	1167	94.8233066787
348	150	1169	94.89372774
349	149	1176	94.8860695249
350	145	1181	94.8952756828
351	142	1184	94.9444229257
352	138	1186	94.8517054975
353	143	1191	94.8051963001
354	139	1196	94.8959245592
355	139	1196	94.8005637484
356	135	1196	94.8380989341
357	140	1199	94.9223281915
358	142	1202	94.9019222164
359	137	1203	94.8696994433
360	136	1205	94.9051671282
361	134	1210	94.918906145
362	129	1210	95.0021426221
363	129	1216	95.0534234992
364	124	1219	94.9771807475
365	122	1226	94.9871325941
366	127	1233	95.0607880068
367	122	1233	94.9737651097
368	126	1237	94.9110471851
369	126	1243	95.0096304314
370	129	1246	95.0013654946
371	127	1248	94.9126771151
372	132	1253	94.8267801224
373	130	1255	94.7315499378
374	128	1258	94.7173575289
375	133	1258	94.7323856846
376	137	1262	94.8076394738
377	135	1268	94.8422192108
378	140	1273	94.9383518844
379	143	1277	94.8733896635
380	140	1277	94.8937822188
381	143	1281	94.9093284349
382	142	1287	94.8650117614
383	144	1294	94.9352296694
384	144	1295	94.9757250539
385	141	1300	94.9116145923
386	137	1301	94.8576433752
387	132	1308	94.8387411686
388	128	1313	94.931383206
389	132	1316	94.9470264664
390	130	1323	94.9496593548
391	128	1324	94.9698136731
392	132	1326	95.0155109405
393	130	1329	95.0994728118
394	130	1333	95.1600940483
395	128	1333	95.1478826481
396	126	1335	95.1778757
397	126	1341	95.2778700871
398	128	1341	95.3321953146
399	131	1343	95.2537358507
400	130	1343	95.1917913879
401	132	1344	95.1854493632
402	131	1345	95.2528868741
403	136	1348	95.3073648421
404	136	1355	95.260582318
405	140	1361	95.2816228814
406	138	1362	95.309402933
407	134	1364	95.3342318956
408	130	1371	95.2928598627
409	129	1375	95.2165683176
410	134	1379	95.2559966119
411	136	1386	95.1886334176
412	132	1389	95.2414370094
413	128	1392	95.2228963308
414	133	1393	95.3065188164
415	137	1394	95.2525957899
416	139	1394	95.1706642949
417	138	1399	95.1749975149
418	136	1403	95.2372287791
419	138	1408	95.2692949878
420	141	1410	95.3419561946
421	137	1410	95.3029795136
422	137	1414	95.2249843367
423	136	1418	95.3135730083
424	134	1419	95.2516339781
425	132	1419	95.3405007144
426	135	1424	95.3257354955
427	140	1425	95.413416415
428	139	1430	95.3184580569
429	143	1432	95.2438646348
430	143	1434	95.3324398995
431	143	1439	95.3785801338
432	147	1445	95.3217221075
433	143	1449	95.2306680921
434	143	1454	95.1527933017
435	144	1456	95.2433777121
436	149	1457	95.2289596778
437	145	1459	95.2234199948
438	142	1459	95.1996018391
439	144	1464	95.1053450318
440	139	1467	95.0081929133
441	143	1468	95.0805703705
442	148	1468	94.9819712562
443	143	1470	95.0676629614
444	144	1473	94.9894277605
445	149	1475	95.0716887171
446	150	1481	95.1547760259
447	154	1481	95.252997905
448	157	1484	95.2023480579
449	160	1485	95.2784136455
450	156	1492	95.3248539667
451	156	1498	95.254235296
452	151	1505	95.2437727288
453	156	1506	95.2189674469
454	151	1508	95.1996875312
455	148	1514	95.2558080325
456	153	1518	95.2505060913
457	151	1518	95.2944312293
458	152	1523	95.3621525685
459	156	1528	95.2695953633
460	154	1531	95.1973339693
461	151	1532	95.112902248
462	154	1537	95.0862090704
463	154	1544	95.1465405031
464	157	1549	95.2034997745
465	152	1550	95.2983591496
466	155	1554	95.3696357308
467	155	1557	95.3856327524
468	152	1563	95.3501234462
469	153	1570	95.2646301257
470	152	1575	95.2762167069
471	147	1580	95.2118907614
472	144	1586	95.1175711356
473	147	1590	95.147539039
474	152	1590	95.2060421392
475	153	1597	95.253003167
476	158	1603	95.2759786235
477	155	1604	95.1927875724
478	160	1607	95.1058618367
479	164	1607	95.1099350423
480	168	1614	95.0445159453
481	164	1620	95.1285400713
482	163	1626	95.1455853803
483	160	1631	95.2420539223
484	155	1637	95.1756663822
485	157	1641	95.146422417
486	152	1644	95.1604778036
487	150	1649	95.1549514811
488	151	1652	95.2413995628
489	153	1655	95.1422867544
490	156	1656	95.1128149873
491	158	1657	95.1220648391
492	154	1659	95.1908526377
493	159	1659	95.2706565198
494	154	1664	95.1936226735
495	155	1670	95.2746985078
496	150	1672	95.2981622445
497	151	1677	95.393766727
498	149	1680	95.4773930261
499	148	1683	95.4669597521
500	151	1689	95.4354539044
501	152	1690	95.369719029
502	152	1694	95.3193856909
503	154	1698	95.3165570318
504	154	1705	95.2402288205
505	149	1712	95.2742095914
506	148	1716	95.3139414295
507	144	1716	95.2271182744
508	145	1717	95.2317346419
509	150	1720	95.2353025409
510	152	1724	95.3226357583
511	157	1727	95.3433961421
512	156	1729	95.3880012964
513	156	1735	95.3012588095
514	152	1738	95.3683363231
515	156	1739	95.4082379786
516	160	1740	95.4904936054
517	157	1742	95.4755865885
518	155	1743	95.4409815374
519	150	1743	95.4183902235
520	151	1747	95.3874497422
521	147	1749	95.4445953802
522	151	1750	95.4312786502
523	156	1750	95.3345778807
524	153	1754	95.2373111356
525	148	1760	95.1850162849
526	145	1763	95.1370940329
527	140	1764	95.1323113269
528	145	1765	95.1734268148
529	149	1770	95.1230549223
530	145	1776	95.1543454821
531	140	1778	95.2060595909
532	136	1784	95.2768512907
533	137	1789	95.1921361441
534	141	1794	95.2202886179
535	139	1794	95.1695867005
536	142	1797	95.2648495751
537	138	1799	95.3145290029
538	143	1801	95.252722132
539	143	1806	95.289328083
540	141	1806	95.2629389423
541	142	1808	95.289049973
542	145	1810	95.2445142398
543	148	1815	95.2223303632
544	152	1822	95.2103409237
545	157	1828	95.2797183958
546	162	1833	95.1966309208
547	162	1839	95.2221832497
548	159	1844	95.2340353552
549	156	1850	95.3135827175
550	158	1853	95.2754007413
551	158	1854	95.2817003833
552	159	1861	95.3034887894
553	161	1867	95.3127320745
554	162	1867	95.219118157
555	158	1871	95.2517354557
556	153	1874	95.3173759213
557	150	1879	95.3524093974
558	150	1885	95.2600173303
559	152	1888	95.1660832054
560	155	1889	95.136566146
561	150	1890	95.1948977285
562	147	1893	95.1482359316
563	148	1896	95.1181736068
564	147	1902	95.0619685302
565	147	1903	95.0235130935
566	145	1905	94.928717674
567	144	1909	94.9407616853
568	149	1914	94.9481164405
569	151	1919	94.985847581
570	156	1926	94.9301976176
571	158	1930	94.9168455285
572	155	1937	94.9760421101
573	150	1937	95.0255320845
574	150	1941	94.9561504289
575	151	1943	94.8947390642
576	153	1944	94.8009374148
577	151	1948	94.7021079098
578	152	1950	94.7985256417
579	150	1951	94.81998726
580	145	1951	94.8889443776
581	145	1957	94.9187142314
582	141	1964	94.9837493322
583	142	1964	94.9975433451
584	144	1969	94.9012401779
585	145	1975	94.9659300946
586	141	1975	95.013541515
587	142	1978	95.0194787949
588	137	1985	94.9241183455
589	135	1985	94.8512556338
590	134	1987	94.830815694
591	132	1992	94.855653329
592	137	1998	94.934458085
593	142	2000	94.8912764766
594	144	2005	94.9467557698
595	144	2009	94.870278558
596	146	2014	94.9560754347
597	148	2019	95.040413931
598	145	2019	94.973491647
599	146	2026	95.0582575523
600	151	2031	95.1474742144
601	153	2034	95.2163909104
602	151	2039	95.2178133227
603	149	2045	95.2879223129
604	144	2048	95.2092511635
605	148	2052	95.1348896048
606	152	2055	95.1667966389
607	152	2059	95.2363906671
608	156	2061	95.2646125048
609	158	2065	95.2869727872
610	159	2066	95.2957844451
611	159	2067	95.2047813552
612	162	2071	95.1246520398
613	160	2071	95.1761957995
614	164	2077	95.2487263221
615	163	2083	95.2579728266
616	158	2084	95.1611255161
617	163	2086	95.244827635
618	167	2090	95.3424806553
619	165	2090	95.2451682302
620	160	2097	95.2177381037
621	165	2101	95.1524100374
622	161	2107	95.1179679118
623	166	2110	95.0541965858
624	162	2111	95.1431914273
625	157	2115	95.22083393
626	158	2122	95.260458317
627	162	2128	95.2347678293
628	163	2135	95.2897428452
629	162	2139	95.3004406333
630	157	2143	95.2693478669
631	160	2143	95.3311446569
632	157	2148	95.3475499535
633	162	2155	95.3375494466
634	163	2157	95.3949243275
635	158	2161	95.3069966019
636	159	2167	95.3065802074
637	161	2167	95.2897289444
638	159	2171	95.3463835165
639	160	2176	95.2655511037
640	159	2178	95.210547696
641	161	2178	95.1832698421
642	161	2178	95.2685714246
643	161	2179	95.3205741906
644	158	2180	95.2884142999
645	154	2180	95.2891896663
646	152	2180	95.2647729013
647	157	2180	95.3063305585
648	161	2181	95.3288223538
649	159	2187	95.3436153345
650	157	2192	95.3416754995
651	153	2198	95.4112519144
652	152	2201	95.4364167075
653	153	2203	95.4476536912
654	151	2204	95.4522446172
655	153	2206	95.3805254403
656	149	2212	95.4791100843
657	148	2216	95.4122193527
658	151	2218	95.3180285125
659	151	2225	95.359225264
660	150	2229	95.4154353556
661	151	2235	95.3357900943
662	146	2236	95.4350593902
663	144	2237	95.3641057261
664	147	2242	95.4507334017
665	151	2248	95.4491351645
666	150	2253	95.5153837274
667	151	2260	95.5370797294
668	156	2262	95.5632671246
669	161	2263	95.6359511352
670	161	2270	95.6554358475
671	156	2275	95.5609211007
672	160	2278	95.4859398497
673	164	2280	95.4066505341
674	159	2284	95.4945553689
675	163	2286	95.5254466017
676	161	2293	95.4933985918
677	164	2297	95.5428468616
678	167	2297	95.5302076927
679	162	2304	95.4482657904
680	165	2308	95.3752888279
681	169	2315	95.3619521128
682	174	2318	95.4249143522
683	174	2320	95.447684407
684	177	2321	95.4454360729
685	176	2324	95.465509048
686	175	2324	95.4000337108
687	172	2329	95.4611637048
688	171	2330	95.4059300629
689	176	2336	95.3366030289
690	179	2341	95.2902373331
691	177	2344	95.2077311349
692	177	2346	95.1344936591
693	177	2352	95.096750018
694	182	2352	95.1182200124
695	179	2355	95.2157452256
696	183	2361	95.1751695662
697	185	2365	95.255144887
698	189	2365	95.2702121096
699	187	2368	95.1920155082
700	184	2374	95.1097874578
701	180	2374	95.101670304
702	179	2381	95.0985540031
703	180	2383	95.1225740865
704	177	2385	95.0455005868
705	179	2388	94.9637488924
706	181	2389	94.8797511356
707	182	2390	94.7845817026
708	181	2397	94.7142100979
709	183	2404	94.6974227827
710	183	2409	94.7282342986
711	183	2412	94.8070242809
712	188	2413	94.8664672069
713	193	2415	94.8622138978
714	193	2417	94.9547946423
715	190	2421	94.8581339627
716	187	2425	94.9186342752
717	183	2430	94.9784959078
718	182	2436	94.9111440653
719	178	2438	94.9785314684
720	182	2442	95.0368643044
721	187	2446	95.0135894563
722	183	2451	95.0715655669
723	180	2458	95.0649478327
724	183	2463	95.0735136432
725	181	2470	95.0961201852
726	179	2473	95.0149203115
727	184	2480	95.009492103
728	185	2484	95.1053290404
729	189	2491	95.0754052489
730	193	2495	95.0888035698
731	193	2502	95.0242788215
732	193	2509	94.941845985
733	194	2513	94.9458281567
734	192	2520	94.9972499752
735	190	2526	94.9129516445
736	192	2529	94.9076181539
737	192	2532	95.0038050058
738	190	2535	94.9173410596
739	185	2541	95.0134501781
740	188	2544	95.1083773872
741	192	2549	95.164062904
742	197	2556	95.1113243568
743	200	2563	95.101124996
744	200	2569	95.0902280626
745	196	2574	95.1289180865
746	198	2580	95.2191704682
747	197	2587	95.2759571847
748	192	2591	95.3602000685
749	189	2594	95.2876834789
750	186	2599	95.3390611064
751	190	2601	95.319436236
752	190	2606	95.3901727497
753	194	2611	95.3765696488
754	192	2611	95.4158404025
755	196	2612	95.3268528718
756	194	2616	95.265497851
757	192	2618	95.2778902645
758	195	2618	95.3657479032
759	195	2618	95.291969364
760	196	2620	95.1975429519
761	194	2626	95.2182497489
762	196	2630	95.1908305935
763	191	2635	95.1417541534
764	189	2640	95.1351822797
765	187	2641	95.2060010692
766	192	2644	95.182384854
767	197	2651	95.1734312618
768	193	2652	95.2144702837
769	189	2659	95.1787205998
770	194	2663	95.221566853
771	191	2670	95.3048391621
772	195	2674	95.400021094
773	197	2676	95.4595813576
774	193	2683	95.4833217469
775	196	2683	95.5019008264
776	193	2688	95.5161616204
777	198	2695	95.5341274077
778	194	2699	95.4725260335
779	196	2702	95.5125719248
780	195	2708	95.5319082656
781	196	2711	95.6065549688
782	195	2713	95.5314258607
783	199	2720	95.5300263618
784	200	2727	95.5369265525
785	198	2729	95.5814046165
786	194	2731	95.6065719355
787	197	2737	95.5775809281
788	193	2738	95.4898000141
789	195	2739	95.5781581516
790	198	2744	95.6599825401
791	198	2748	95.6593697649
792	199	2755	95.7441849563
793	197	2758	95.8055923691
794	200	2758	95.8498464852
795	197	2758	95.8772191455
796	198	2758	95.8541351603
797	193	2760	95.7905273555
798	197	2767	95.8401141648
799	193	2768	95.7425388277
800	197	2773	95.7133844685
801	196	2780	95.687715237
802	196	2784	95.650721322
803	192	2789	95.6885003295
804	188	2790	95.634410442
805	191	2797	95.5565796509
806	196	2803	95.624602243
807	199	2804	95.637648412
808	196	2810	95.6873997604
809	197	2812	95.7779269843
810	200	2815	95.7749816032
811	200	2821	95.6763266733
812	198	2822	95.709987329
813	194	2822	95.651995792
814	191	2823	95.5912976123
815	187	2827	95.6226780401
816	189	2833	95.7075227225
817	189	2837	95.8007265149
818	184	2843	95.846645882
819	180	2847	95.8673916652
820	176	2847	95.9258639383
821	180	2850	96.0017975271
822	179	2855	95.9921434333
823	176	2857	95.9819877013
824	173	2861	96.0138894226
825	168	2866	95.9399880378
826	165	2867	96.0196008581
827	169	2873	95.988910254
828	168	2878	95.9374747694
829	170	2879	95.9706468315
830	169	2886	96.0459711755
831	168	2888	96.0480008655
832	168	2889	96.1478874414
833	168	2890	96.1414332354
834	163	2896	96.0806605497
835	161	2899	96.1063591533
836	163	2903	96.1202787623
837	158	2903	96.1451227512
838	162	2903	96.2314735271
839	157	2905	96.1334343988
840	156	2905	96.1033332781
841	161	2912	96.0798176978
842	156	2912	96.1157322572
843	157	2917	96.0494173732
844	158	2919	96.040335179
845	160	2925	96.0018965647
846	157	2929	96.0710549926
847	157	2932	96.0223067855
848	157	2933	95.9474737842
849	160	2933	95.9158910682
850	160	2936	95.9319899024
851	161	2937	95.9031385625
852	156	2938	95.9478546516
853	153	2944	96.0447835943
854	157	2951	96.0190924053
855	155	2953	96.0347735119
856	153	2958	95.9378883801
857	155	2964	95.8741619898
858	160	2966	95.9618579857
859	161	2972	95.8660095222
860	160	2972	95.7756720412
861	162	2972	95.8272180986
862	166	2975	95.8393457599
863	171	2981	95.896145964
864	166	2986	95.9447528062
865	169	2988	95.9594971613
866	167	2993	96.0035766799
867	168	2999	96.0067789567
868	163	3004	95.9231379985
869	168	3005	95.833940725
870	173	3012	95.8557031565
871	168	3015	95.9119126497
872	166	3020	95.872237099
873	162	3023	95.9431069909
874	159	3026	96.013951784
875	164	3031	95.917233284
876	162	3031	95.9777326336
877	159	3032	95.9167838663
878	163	3037	96.0023958912
879	159	3040	96.003376413
880	164	3042	96.0944467797
881	167	3043	96.0616146207
882	168	3047	96.0478309133
883	166	3050	95.9683448362
884	168	3051	95.8709986156
885	168	3052	95.9508443349
886	173	3057	95.8885438952
887	175	3063	95.8687148248
888	178	3070	95.9463914044
889	178	3070	95.9616150394
890	182	3072	95.9807672841
891	181	3074	96.0756367314
892	178	3076	96.1128534699
893	175	3082	96.1478611497
894	179	3088	96.1967484347
895	184	3092	96.235226295
896	188	3092	96.2949101897
897	186	3093	96.2438743029
898	189	3094	96.1563221275
899	184	3098	96.2311982365
900	179	3101	96.1464457174
901	180	3101	96.2148554783
902	183	3104	96.2500054729
903	179	3107	96.2567331552
904	177	3110	96.3353731823
905	177	3110	96.3523690403
906	179	3115	96.4434649256
907	177	3117	96.5244022597
908	174	3120	96.433922587
909	178	3125	96.4749051947
910	175	3131	96.4694720791
911	170	3132	96.5069498242
912	170	3136	96.4296287223
913	173	3142	96.3543595287
914	172	3145	96.3530156639
915	175	3151	96.3512370436
916	170	3153	96.342625671
917	170	3156	96.3926731754
918	168	3163	96.377817726
919	165	3163	96.3895790382
920	164	3170	96.3421706322
921	167	3174	96.3503379296
922	170	3176	96.3591856912
923	173	3176	96.3518693207
924	169	3177	96.4261580218
925	164	3179	96.4286742764
926	162	3182	96.4884770608
927	164	3187	96.4890535012
928	159	3188	96.432901522
929	154	3188	96.5006598775
930	159	3193	96.5805189231
931	155	3197	96.6370056917
932	160	3197	96.6922073277
933	165	3200	96.7464957297
934	167	3202	96.7502153051
935	171	3206	96.7815858994
936	173	3210	96.8045502153
937	177	3217	96.7295724429
938	172	3223	96.8017935223
939	171	3229	96.7032032064
940	166	3234	96.6077159344
941	169	3241	96.6628236651
942	165	3243	96.5819005673
943	170	3244	96.6714252241
944	171	3251	96.6425948268
945	176	3256	96.5785518
946	172	3261	96.600042124
947	173	3265	96.6426979604
948	168	3269	96.6252749197
949	167	3273	96.5399018738
950	168	3278	96.5348166002
951	165	3279	96.6237730919
952	164	3279	96.590171375
953	164	3284	96.5174531429
954	164	3288	96.4322729753
955	162	3288	96.462808704
956	159	3291	96.5327289004
957	159	3298	96.4665274961
958	161	3302	96.4846983702
959	165	3304	96.4099719804
960	161	3309	96.4536300244
961	160	3309	96.3667037964
962	158	3314	96.4341011885
963	155	3321	96.362579984
964	156	3326	96.4003961474
965	153	3326	96.3215129891
966	154	3327	96.3333237824
967	152	3333	96.4305174788
968	152	3334	96.4083234732
969	153	3339	96.3140783274
970	156	3339	96.2247813744
971	152	3341	96.2265155639
972	157	3343	96.208917926
973	152	3347	96.176696437
974	151	3354	96.1615783258
975	147	3355	96.2117318974
976	147	3357	96.2223387339
977	149	3362	96.1999840305
978	149	3363	96.1600249406
979	146	3366	96.2515014022
980	144	3370	96.1960022613
981	141	3372	96.203272433
982	143	3379	96.2655554016
983	141	3383	96.2267065824
984	144	3386	96.1839230648
985	145	3391	96.2406227574
986	149	3392	96.2392165879
987	150	3397	96.2101296281
988	153	3403	96.2202615325
989	158	3403	96.28656236
990	160	3406	96.2185878343
991	157	3408	96.2785864148
992	160	3414	96.2348437387
993	165	3416	96.1815082583
994	169	3420	96.2607053896
995	174	3421	96.1786512661
996	174	3427	96.2335334366
997	177	3431	96.1715453195
998	179	3438	96.2397011094
999	183	3444	96.315121883
1000	178	3449	96.357875378
1001	177	3453	96.2603477763
1002	174	3454	96.2116864433
1003	169	3458	96.2096997285
1004	168	3460	96.1158096602
1005	166	3462	96.0295300413
1006	166	3464	96.003978509
1007	168	3465	96.0988617017
1008	172	3467	96.1240338992
1009	169	3470	96.1979366592
1010	171	3477	96.1981681838
1011	171	3484	96.2440431225
1012	174	3487	96.1642365196
1013	169	3488	96.112446407
1014	164	3488	96.1490419896
1015	163	3493	96.1323321597
1016	160	3495	96.1231816502
1017	163	3495	96.1500307264
1018	166	3496	96.0843066366
1019	164	3496	96.1294416079
1020	163	3496	96.040528257
1021	166	3500	96.0575224713
1022	167	3504	96.0806359915
1023	169	3510	96.1361365289
1024	167	3515	96.1549136388
1025	168	3516	96.2273880875
1026	172	3520	96.137472834
1027	172	3522	96.1854575874
1028	173	3529	96.2557022396
1029	177	3531	96.2152781249
1030	181	3536	96.2877405768
1031	178	3543	96.2191142522
1032	183	3547	96.1919321504
1033	187	3554	96.2069124205
1034	184	3556	96.2552339208
1035	188	3558	96.2050404988
1036	187	3565	96.1421090761
1037	188	3571	96.2241357966
1038	189	3573	96.1676790844
1039	185	3580	96.1435371082
1040	189	3583	96.1042519948
1041	190	3585	96.2018785355
1042	190	3585	96.2119505428
1043	188	3587	96.2912601723
1044	187	3591	96.2401460285
1045	182	3598	96.3019113536
1046	185	3598	96.2632918015
1047	190	3604	96.3052869572
1048	192	3609	96.2450356371
1049	196	3611	96.3429273935
1050	195	3612	96.391009441
1051	196	3614	96.3059830016
1052	196	3615	96.297628811
1053	194	3618	96.3110778231
1054	194	3625	96.2586861805
1055	189	3629	96.3310840414
1056	187	3635	96.2654873183
1057	184	3639	96.3630730078
1058	184	3645	96.2873094276
1059	185	3650	96.2381661565
1060	183	3657	96.3071818679
1061	184	3658	96.3952306343
1062	181	3665	96.4705035286
1063	180	3671	96.5620581726
1064	177	3675	96.6209646699
1065	173	3679	96.6560796002
1066	176	3682	96.6238988286
1067	173	3683	96.5399015211
1068	170	3687	96.4916972043
1069	173	3689	96.4801273982
1070	168	3691	96.4313055605
1071	166	3691	96.5303123475
1072	165	3693	96.461797683
1073	164	3695	96.417652115
1074	168	3702	96.4225929155
1075	169	3708	96.5133526648
1076	174	3711	96.4392977931
1077	173	3715	96.4177693943
1078	171	3722	96.389536344
1079	172	3729	96.4242544208
1080	168	3729	96.3941356129
1081	168	3729	96.3127257711
1082	168	3733	96.2982325697
1083	173	3734	96.3295779895
1084	169	3741	96.2308151531
1085	173	3744	96.2595941525
1086	178	3751	96.2404193935
1087	176	3754	96.1531978931
1088	174	3759	96.2316963988
1089	170	3760	96.2537013723
1090	165	3764	96.2371658911
1091	170	3770	96.2815130942
1092	173	3772	96.247832758
1093	177	3772	96.3259131495
1094	172	3775	96.3896866679
1095	177	3776	96.4311610162
1096	177	3776	96.4817583362
1097	180	3779	96.4899599442
1098	179	3780	96.4272039556
1099	179	3781	96.3669693908
1100	175	3782	96.270721932
1101	174	3784	96.3682366428
1102	176	3785	96.4562233153
1103	180	3785	96.4399189145
1104	178	3788	96.427587902
1105	183	3790	96.410384494
1106	181	3797	96.5099652191
1107	176	3801	96.5925457591
1108	177	3802	96.6056131718
1109	181	3809	96.5367392492
1110	185	3809	96.54411955
1111	188	3810	96.4675031788
1112	185	3817	96.5360146726
1113	182	3820	96.5510331602
1114	181	3821	96.5834630606
1115	183	3828	96.502833885
1116	186	3834	96.5542531476
1117	182	3840	96.5503544292
1118	185	3844	96.6384149519
1119	182	3850	96.551022207
1120	182	3854	96.6386701776
1121	177	3855	96.6327560219
1122	181	3861	96.6708687626
1123	180	3861	96.5865011726
1124	178	3866	96.507474183
1125	183	3868	96.5453900469
1126	183	3871	96.6235884367
1127	188	3876	96.5396230448
1128	189	3879	96.5999945341
1129	189	3883	96.6296416317
1130	191	3888	96.6262846699
1131	190	3893	96.5325007979
1132	186	3897	96.5231442851
1133	186	3898	96.4323963957
1134	191	3902	96.3505480916
1135	193	3902	96.292197077
1136	191	3904	96.2830093273
1137	190	3906	96.1871498988
1138	193	3911	96.1450779328
1139	188	3917	96.1433669436
1140	187	3922	96.0767278146
1141	186	3927	96.0910061143
1142	187	3929	96.1183784542
1143	184	3931	96.1738566988
1144	184	3931	96.2453824686
1145	184	3932	96.1991169089
1146	185	3939	96.1796002659
1147	188	3942	96.1388754982
1148	191	3944	96.1420516464
1149	187	3945	96.2178757099
1150	190	3945	96.159030355
1151	185	3946	96.2378942751
1152	190	3953	96.2867414176
1153	189	3957	96.2219860168
1154	189	3959	96.2569854262
1155	192	3962	96.3560399867
1156	188	3962	96.3125824981
1157	191	3966	96.373916133
1158	194	3968	96.3621600642
1159	194	3969	96.3083907927
1160	194	3973	96.4043853878
1161	198	3975	96.4584470212
1162	197	3977	96.3634131218
1163	195	3984	96.2721035485
1164	191	3986	96.1934097777
1165	186	3992	96.2837193363
1166	188	3996	96.3239850184
1167	185	4002	96.2292351529
1168	181	4005	96.3070212736
1169	180	4009	96.2618702014
1170	177	4016	96.3155290904
1171	176	4019	96.2630754291
1172	181	4023	96.2455322009
1173	184	4028	96.2102102465
1174	186	4033	96.1413730749
1175	184	4033	96.1627434986
1176	189	4038	96.2427104558
1177	185	4038	96.3409922037
1178	190	4038	96.3754372999
1179	191	4044	96.4117379338
1180	188	4050	96.4770751905
1181	184	4050	96.4288493414
1182	183	4050	96.444096336
1183	180	4055	96.4006557284
1184	181	4057	96.3882533361
1185	185	4062	96.3874506138
1186	188	4064	96.3004272863
1187	184	4064	96.2395138955
1188	181	4066	96.3365579195
1189	178	4069	96.3447115946
1190	181	4075	96.2930786243
1191	186	4078	96.1952028002
1192	191	4079	96.2506608343
1193	189	4080	96.153658369
1194	192	4082	96.194915841
1195	194	4084	96.1738989825
1196	194	4084	96.0832630866
1197	196	4087	96.0738778683
1198	195	4087	96.0188633007
1199	194	4090	96.0689778723
1200	190	4095	96.0290461939
1201	194	4097	95.9663303395
1202	193	4102	95.9242721563
1203	189	4106	95.9453753928
1204	187	4108	95.963586802
1205	183	4108	96.0572017189
1206	188	4108	96.116553738
1207	187	4114	96.1102393103
1208	191	4115	96.1971485738
1209	195	4122	96.2652603055
1210	190	4124	96.194189285
1211	195	4127	96.1636801016
1212	190	4127	96.1380341263
1213	186	4133	96.1846603594
1214	184	4139	96.1971538123
1215	181	4146	96.1626851717
1216	186	4149	96.1579942166
1217	187	4154	96.0762720135
1218	186	4156	96.0189359818
1219	181	4159	96.0004077483
1220	185	4164	95.9263473442
1221	188	4165	95.9762613599
1222	183	4168	95.9155507787
1223	187	4169	95.8469947778
1224	182	4174	95.8040884487
1225	183	4178	95.8288882131
1226	181	4181	95.7909241868
1227	179	4188	95.7894784405
1228	179	4189	95.8840250113
1229	184	4192	95.8922179217
1230	182	4199	95.928360329
1231	183	4203	96.0213805768
1232	182	4208	95.9948163486
1233	185	4212	95.999196875
1234	181	4213	96.0328787657
1235	180	4219	96.117104998
1236	175	4225	96.1310892573
1237	173	4230	96.2165414869
1238	169	4230	96.1891448711
1239	171	4230	96.1825712724
1240	169	4235	96.0839470802
1241	172	4238	96.1086339163
1242	175	4239	96.0102994286
1243	176	4241	96.0982101361
1244	177	4246	96.0667235864
1245	175	4250	96.1178341233
1246	180	4256	96.0514186538
1247	175	4260	96.1344456743
1248	177	4262	96.0715414538
1249	172	4262	96.0893664892
1250	173	4263	96.1205952612
1251	176	4267	96.0868390017
1252	178	4273	96.0718066391
1253	183	4273	96.0250313634
1254	186	4277	96.1099164705
1255	182	4280	96.1363856951
1256	178	4286	96.1515312285
1257	182	4287	96.221592263
1258	177	4292	96.2880174585
1259	179	4298	96.2846056199
1260	181	4301	96.2533530726
1261	180	4306	96.2289764943
1262	178	4306	96.2367603086
1263	180	4313	96.2882780321
1264	177	4315	96.2033688798
1265	180	4320	96.1857791477
1266	178	4321	96.2354735214
1267	173	4322	96.1568982154
1268	176	4323	96.1526812366
1269	172	4323	96.1891585849
1270	168	4323	96.1427392916
1271	165	4329	96.1233114665
1272	165	4333	96.1894514948
1273	167	4338	96.1802734966
1274	164	4343	96.2367062485
1275	159	4345	96.2436816673
1276	156	4345	96.2047243298
1277	161	4346	96.1872304148
1278	164	4353	96.2137772823
1279	160	4353	96.2312481437
1280	155	4359	96.1588882109
1281	153	4360	96.1330401619
1282	156	4366	96.2214672545
1283	160	4367	96.1733925752
1284	160	4369	96.1093050585
1285	157	4375	96.0333221332
1286	153	4378	95.9453459416
1287	155	4383	95.9900474438
1288	160	4384	96.0564443842
1289	156	4387	96.0213180009
1290	157	4388	95.9670400074
1291	160	4394	95.8803501773
1292	164	4396	95.8327789713
1293	160	4397	95.9152884561
1294	161	4398	95.8301154387
1295	165	4401	95.9026949352
1296	168	4403	95.952585106
1297	167	4403	95.926968334
1298	166	4409	95.9806205594
1299	161	4409	95.9358771003
1300	160	4410	96.0240438166
1301	162	4415	96.0995587272
1302	159	4415	96.130563119
1303	159	4422	96.2009329122
1304	160	4428	96.2129253982
1305	161	4428	96.2922720529
1306	163	4434	96.2621245869
1307	160	4435	96.314009579
1308	160	4441	96.2979838411
1309	157	4442	96.2437500063
1310	156	4442	96.2326075711
1311	151	4445	96.2980794853
1312	154	4449	96.2957400336
1313	149	4452	96.3003723267
1314	148	4456	96.2708205041
1315	147	4459	96.2468836543
1316	143	4465	96.2770263124
1317	144	4469	96.2590909951
1318	145	4472	96.2967247144
1319	146	4477	96.2897884652
1320	147	4484	96.1979505936
1321	143	4485	96.2268230879
1322	145	4490	96.201924334
1323	140	4497	96.1153590301
1324	145	4504	96.1787671436
1325	142	4504	96.2118058028
1326	138	4508	96.3067003182
1327	142	4511	96.3140448452
1328	145	4511	96.29270914
1329	146	4515	96.270220683
1330	147	4518	96.2543376521
1331	150	4519	96.160285772
1332	145	4519	96.1280484682
1333	142	4524	96.123317108
1334	146	4526	96.1564299572
1335	151	4530	96.2441147799
1336	156	4534	96.2191136816
1337	153	4539	96.2347704627
1338	152	4541	96.1792238702
1339	154	4546	96.2129131454
1340	158	4553	96.1511030785
1341	161	4560	96.0560966683
1342	159	4567	95.9815599436
1343	162	4568	96.0005792151
1344	159	4573	95.9353653263
1345	156	4576	95.8447863882
1346	151	4581	95.9413560396
1347	151	4582	95.9040358116
1348	156	4583	95.8275689544
1349	157	4584	95.8022641946
1350	158	4591	95.8084608993
1351	154	4595	95.8203798477
1352	158	4602	95.8658898395
1353	163	4604	95.8980123189
1354	168	4606	95.8216196136
1355	168	4610	95.7885715111
1356	167	4616	95.7534367565
1357	167	4618	95.8037784561
1358	172	4618	95.7723579386
1359	169	4623	95.8204501017
1360	164	4629	95.866958769
1361	161	4633	95.9056863
1362	158	4633	95.8978756609
1363	159	4634	95.8728961033
1364	157	4637	95.9375870304
1365	152	4640	95.9211171441
1366	152	4644	96.0019616306
1367	148	4649	96.0263335772
1368	151	4654	96.0023078016
1369	151	4655	95.9234157653
1370	151	4659	95.8488171499
1371	147	4662	95.7502038491
1372	145	4668	95.7356194375
1373	148	4668	95.7838328053
1374	144	4673	95.8379730802
1375	144	4678	95.8340863966
1376	147	4678	95.8840531609
1377	147	4678	95.8812476812
1378	143	4681	95.9488345624
1379	146	4686	95.90995579
1380	144	4693	95.9800150292
1381	139	4697	96.0452422123
1382	142	4702	95.9903543035
1383	140	4703	96.0202451924
1384	138	4705	95.9544304695
1385	137	4709	95.936197908
1386	136	4715	95.848807886
1387	139	4722	95.7541150783
1388	142	4729	95.6681801275
1389	147	4731	95.7163427421
1390	142	4736	95.7528919499
1391	137	4742	95.6616752861
1392	138	4749	95.6467355303
1393	142	4752	95.6798885022
1394	144	4757	95.6090011832
1395	144	4764	95.6265923994
1396	140	4768	95.5556192854
1397	135	4771	95.6207852134
1398	132	4776	95.6709593738
1399	132	4778	95.7466879451
1400	137	4778	95.7178175252
1401	137	4784	95.7341266308
1402	136	4786	95.7257551112
1403	136	4793	95.7968431817
1404	139	4793	95.7534999267
1405	143	4793	95.8281186312
1406	140	4795	95.9240781237
1407	137	4795	95.8561548868
1408	140	4801	95.8752967505
1409	135	4802	95.788464485
1410	136	4807	95.7669226743
1411	140	4810	95.7476515587
1412	142	4813	95.8235213889
1413	139	4816	95.7629950552
1414	135	4816	95.8099230476
1415	133	4822	95.8951951083
1416	128	4826	95.8425530435
1417	129	4831	95.8827711812
1418	126	4832	95.9639586634
1419	131	4833	95.9510126552
1420	128	4838	96.0300920258
1421	131	4841	96.1167888271
1422	133	4844	96.01706458
1423	132	4847	95.9567433267
1424	135	4850	95.9893866139
1425	140	4852	95.9026621813
1426	142	4853	95.8289506789
1427	143	4855	95.8379599742
1428	139	4859	95.8383280892
1429	142	4860	95.8875349012
1430	147	4861	95.95339778
1431	151	4868	95.9544275308
1432	156	4871	96.0502195565
1433	158	4872	95.9546167138
1434	162	4872	95.9144334368
1435	165	4872	96.001969591
1436	161	4872	95.9160420174
1437	163	4879	95.8616039612
1438	166	4883	95.8791847003
1439	164	4886	95.9594104021
1440	160	4886	96.020213793
1441	162	4891	96.0209320862
1442	163	4895	96.0417561999
1443	165	4900	96.1318223256
1444	169	4904	96.0837273214
1445	170	4906	96.0600044143
1446	168	4912	96.0620066996
1447	165	4918	96.1223394064
1448	163	4925	96.0757294426
1449	159	4930	96.0281473211
1450	154	4937	95.9694475665
1451	153	4944	96.0550249587
1452	153	4947	95.9695444964
1453	158	4953	96.0313845343
1454	163	4958	96.1312013779
1455	167	4964	96.1063419622
1456	169	4970	96.0896801751
1457	165	4971	96.1103095734
1458	170	4973	96.1165005264
1459	171	4979	96.0187591346
1460	174	4981	95.9782545946
1461	175	4981	95.9499266941
1462	172	4986	96.0097131781
1463	175	4991	96.0678711373
1464	178	4998	96.0756381758
1465	181	5004	95.99887653
1466	176	5009	96.0613973144
1467	171	5013	96.0849719623
1468	173	5017	96.1087250244
1469	173	5024	96.1034318166
1470	174	5030	96.1024878189
1471	170	5030	96.0914907824
1472	175	5037	96.0933570935
1473	171	5042	96.0519896076
1474	166	5042	95.9971651987
1475	164	5046	96.07363341
1476	163	5048	96.1214925783
1477	160	5052	96.0842432016
1478	158	5052	96.1477229103
1479	163	5053	96.117868826
1480	159	5060	96.0358899688
1481	155	5065	96.1083570976
1482	151	5065	96.1665993908
1483	150	5065	96.0732001785
1484	154	5066	96.1531330587
1485	155	5073	96.1576319496
1486	150	5077	96.1054491351
1487	146	5079	96.019001602
1488	142	5083	95.9323559794
1489	144	5090	95.9503042337
1490	146	5093	95.9929259221
1491	146	5099	96.0495035166
1492	150	5102	96.1382939455
1493	152	5106	96.0954732576
1494	150	5110	96.1058231196
1495	150	5113	96.0868808444
1496	150	5117	96.0267999091
1497	149	5117	96.0014409782
1498	151	5124	95.9736454601
1499	151	5128	95.9140130259
1500	148	5135	95.8406638633
1501	151	5141	95.7446253699
1502	151	5147	95.7365024346
1503	155	5150	95.7821659382
1504	150	5153	95.7822647803
1505	145	5159	95.7527312738
1506	142	5165	95.694765026
1507	146	5165	95.6711378413
1508	144	5169	95.7142032116
1509	140	5175	95.6673813864
1510	142	5177	95.6069445303
1511	139	5180	95.6299755729
1512	136	5181	95.5742300575
1513	137	5188	95.604216107
1514	142	5192	95.6157897829
1515	145	5192	95.6639276416
1516	147	5193	95.6323737856
1517	145	5199	95.7279459418
1518	140	5205	95.7138143534
1519	145	5210	95.8045168189
1520	150	5213	95.8021795143
1521	150	5217	95.7982699282
1522	154	5222	95.8608360597
1523	156	5224	95.8415047381
1524	157	5228	95.9330390535
1525	162	5232	96.0215491219
1526	162	5235	96.0831764897
1527	165	5238	96.0714186739
1528	169	5240	96.1384823691
1529	169	5245	96.2319173697
1530	167	5246	96.1634624009
1531	170	5248	96.1653554887
1532	171	5255	96.2021436387
1533	166	5262	96.141576478
1534	171	5266	96.1876955053
1535	170	5271	96.1753567092
1536	169	5274	96.2047417874
1537	170	5280	96.2547888942
1538	170	5282	96.2396094804
1539	166	5288	96.1785647568
1540	166	5290	96.2373728957
1541	162	5291	96.2895027398
1542	158	5296	96.3458221498
1543	156	5302	96.3424776083
1544	151	5309	96.2806006986
1545	146	5316	96.368958667
1546	147	5319	96.3602952159
1547	145	5324	96.2878273453
1548	150	5325	96.3136159769
1549	147	5332	96.3743166243
1550	146	5337	96.4261044066
1551	146	5341	96.3731606676
1552	148	5344	96.291728687
1553	145	5345	96.2355844213
1554	141	5351	96.2887867495
1555	141	5358	96.2006932061
1556	143	5364	96.2229675152
1557	141	5367	96.1366255197
1558	145	5372	96.1961250318
1559	150	5379	96.141727436
1560	152	5384	96.2173984016
1561	152	5390	96.1249517531
1562	155	5393	96.1356923035
1563	152	5394	96.0853149228
1564	149	5396	96.0961379249
1565	153	5397	96.1230976164
1566	156	5397	96.1793197783
1567	158	5403	96.1980317974
1568	161	5405	96.2035019304
1569	159	5407	96.2131070785
1570	158	5408	96.2000087195
1571	158	5415	96.1980186766
1572	153	5418	96.2827856513
1573	152	5425	96.3329392514
1574	155	5428	96.3042251807
1575	155	5430	96.2542095489
1576	158	5430	96.2669410937
1577	160	5432	96.2163251847
1578	160	5435	96.2187611856
1579	162	5438	96.2062765095
1580	157	5445	96.1652314829
1581	162	5449	96.2111418651
1582	160	5453	96.2305901592
1583	162	5453	96.1634942573
1584	166	5455	96.2296064527
1585	170	5458	96.1406488299
1586	171	5458	96.2351803248
1587	169	5465	96.3091856001
1588	166	5470	96.3891336702
1589	167	5477	96.4202348194
1590	165	5482	96.4074054272
1591	168	5483	96.4526793462
1592	167	5484	96.4594199023
1593	167	5489	96.5301562382
1594	170	5495	96.5639133498
1595	174	5502	96.6582144482
1596	169	5503	96.7082533084
1597	173	5504	96.7797297882
1598	169	5509	96.7934455891
1599	171	5510	96.7384269797
1600	174	5514	96.6474493401
1601	177	5519	96.7210810984
1602	177	5523	96.6457381366
1603	174	5526	96.6608045222
1604	176	5531	96.6614048242
1605	181	5532	96.5729303706
1606	182	5539	96.4745890795
1607	181	5541	96.3891513792
1608	184	5541	96.4456700632
1609	184	5547	96.4704411023
1610	182	5548	96.5286081465
1611	183	5550	96.6002664372
1612	178	5552	96.5803028187
1613	176	5557	96.4990241863
1614	178	5558	96.4860371064
1615	183	5560	96.4090580177
1616	183	5562	96.3559069437
1617	180	5569	96.325244888
1618	181	5574	96.3627814191
1619	184	5578	96.4266590235
1620	186	5580	96.3305703797
1621	185	5581	96.2921426475
1622	188	5581	96.2667806808
1623	183	5582	96.3077719366
1624	185	5583	96.3054778617
1625	182	5584	96.3042591918
1626	187	5590	96.3789404963
1627	186	5597	96.3169044469
1628	186	5602	96.3770287068
1629	186	5608	96.3450127751
1630	185	5613	96.4133781105
1631	186	5619	96.419267771
1632	186	5626	96.4538910183
1633	186	5632	96.4730836147
1634	186	5632	96.3937225557
1635	181	5637	96.4265545027
1636	178	5642	96.5096402364
1637	173	5647	96.5885484796
1638	173	5650	96.6756553936
1639	177	5651	96.7321064231
1640	181	5658	96.7775178022
1641	182	5659	96.8683692631
1642	178	5659	96.9381031426
1643	178	5660	96.909135098
1644	182	5661	96.9955532785
1645	180	5662	97.0460433274
1646	178	5663	97.0321179331
1647	175	5669	97.0350442249
1648	176	5669	97.0837405269
1649	174	5671	97.0310915104
1650	170	5675	96.9892775049
1651	169	5679	97.0606742121
1652	166	5680	96.9671413549
1653	164	5682	97.0522506792
1654	162	5683	97.0524883598
1655	160	5684	97.0775864637
1656	156	5687	97.1445370784
1657	156	5693	97.180413007
1658	153	5700	97.1278966622
1659	151	5704	97.1043448108
1660	148	5704	97.0162486174
1661	151	5705	97.0805768065
1662	148	5706	97.0689345549
1663	149	5711	97.0633249917
1664	154	5712	97.1330235309
1665	151	5713	97.1648228569
1666	148	5713	97.1570545761
1667	148	5714	97.1918571278
1668	153	5715	97.242616973
1669	149	5718	97.3178898333
1670	149	5721	97.22670715
1671	153	5727	97.2605943458
1672	150	5727	97.1618119832
1673	146	5730	97.1817886562
1674	145	5735	97.2286890515
1675	143	5735	97.2239707263
1676	143	5735	97.2602492359
1677	148	5741	97.1844869515
1678	149	5743	97.1052870501
1679	148	5743	97.0383872934
1680	151	5747	97.0550718093
1681	156	5750	97.0118270189
1682	157	5753	97.0996634806
1683	154	5754	97.0762424399
1684	154	5760	96.9886694097
1685	152	5765	97.0445176225
1686	150	5769	96.9875219128
1687	146	5772	97.0017412899
1688	146	5778	97.0563871611
1689	147	5779	97.1092999756
1690	146	5784	97.1043419691
1691	145	5786	97.195139971
1692	140	5791	97.1602029451
1693	145	5793	97.1104235493
1694	149	5797	97.0501784074
1695	150	5799	97.0734444431
1696	145	5803	97.0613804253
1697	150	5810	97.1084913559
1698	152	5814	97.0265160023
1699	150	5817	97.0605933646
1700	150	5819	97.0670859273
1701	155	5820	96.9947383712
1702	158	5827	97.0749925172
1703	162	5832	97.1108078543
1704	160	5839	97.1424488072
1705	156	5846	97.0828692525
1706	153	5849	97.0950456112
1707	150	5855	97.0442801747
1708	150	5856	97.1118253517
1709	155	5857	97.0932039361
1710	154	5857	97.0992594879
1711	149	5857	97.1507408931
1712	144	5858	97.0741761788
1713	146	5863	97.0800527249
1714	144	5870	97.0237566645
1715	142	5872	96.9710953973
1716	137	5876	96.9214561427
1717	140	5882	96.9332781909
1718	142	5887	96.9598340079
1719	139	5890	96.8922362415
1720	142	5892	96.9059849403
1721	142	5892	96.9143507637
1722	146	5899	96.9865954928
1723	146	5905	96.9487699354
1724	148	5906	97.0441813857
1725	148	5912	96.9861188663
1726	144	5915	96.9258684717
1727	141	5916	96.9390289618
1728	143	5916	96.8773477107
1729	138	5923	96.8389239444
1730	142	5929	96.8956656932
1731	147	5933	96.9733315483
1732	149	5938	96.9084306199
1733	148	5944	96.8256086773
1734	147	5950	96.7436532297
1735	146	5952	96.6883271149
1736	143	5955	96.7513885393
1737	142	5955	96.7986582568
1738	144	5957	96.7520335496
1739	142	5957	96.7641723462
1740	142	5958	96.7037867161
1741	138	5959	96.7152744175
1742	139	5964	96.7844853566
1743	136	5967	96.7565559042
1744	131	5968	96.8349212709
1745	129	5974	96.8376143159
1746	124	5978	96.8286734892
1747	128	5980	96.7769664147
1748	125	5987	96.840835285
1749	122	5991	96.87468621
1750	117	5998	96.8479838757
1751	116	6001	96.7666883061
1752	111	6006	96.8088999547
1753	108	6013	96.8602571336
1754	112	6020	96.944068659
1755	115	6023	96.9465179388
1756	114	6026	96.8828885344
1757	116	6030	96.8933943615
1758	117	6031	96.8812440744
1759	118	6032	96.8610245861
1760	116	6039	96.8337536499
1761	113	6042	96.8509480099
1762	111	6047	96.789108439
1763	111	6051	96.8281359507
1764	114	6052	96.8089658781
1765	117	6057	96.8577853494
1766	122	6060	96.9154384052
1767	127	6062	97.0093179783
1768	125	6069	96.9527429302
1769	124	6070	96.8984573049
1770	128	6075	96.8412655756
1771	133	6076	96.8673473792
1772	132	6076	96.8238295019
1773	134	6077	96.7468311947
1774	134	6080	96.8181624385
1775	137	6087	96.8651201389
1776	141	6091	96.8967820991
1777	140	6091	96.8942999048
1778	143	6095	96.8842377338
1779	141	6099	96.9010232203
1780	146	6104	96.9296975767
1781	146	6104	96.9376974129
1782	150	6110	96.8684308326
1783	154	6113	96.7740846678
1784	151	6119	96.7974965484
1785	149	6122	96.7894678914
1786	147	6123	96.8359407219
1787	147	6129	96.8700916193
1788	152	6135	96.922813227
1789	157	6135	96.9212129917
1790	159	6142	96.9396821968
1791	164	6143	96.9455222049
1792	167	6148	96.9496027738
1793	168	6149	96.8773103133
1794	171	6155	96.9213755811
1795	175	6155	96.9412957174
