1	129	5	94.9782490117
2	125	8	94.9524661192
3	129	13	95.0071624722
4	127	17	94.9211842374
5	128	21	94.9845116646
6	133	21	95.0166263133
7	131	23	94.9591244551
8	136	27	95.0273348353
9	133	29	94.9809285084
10	136	35	94.9184031686
11	135	39	94.8386504281
12	136	43	94.8168937058
13	136	45	94.8814731775
14	131	52	94.8688360855
15	136	59	94.7737302145
16	132	61	94.760017619
17	132	66	94.7151946057
18	127	66	94.7769246785
19	124	68	94.6795739546
20	124	72	94.7728319384
21	120	77	94.7446335425
22	115	80	94.8307524996
23	114	86	94.7739319667
24	117	86	94.8221793973
25	112	87	94.7612399472
26	116	94	94.7728425827
27	119	96	94.7278540173
28	115	97	94.7822358855
29	111	97	94.8358950218
30	113	103	94.8276706343
31	110	109	94.7865208653
32	106	112	94.7543318612
33	108	112	94.6997721415
34	113	119	94.7725632025
35	116	126	94.7394088052
36	115	127	94.7354107631
37	114	131	94.7779651468
38	118	131	94.8474754069
39	118	138	94.8177367541
40	113	140	94.908405487
41	114	147	94.9925589895
42	119	151	95.021147281
43	118	156	94.9357862119
44	119	160	94.9481908189
45	116	166	94.9408751091
46	111	166	94.9239602812
47	109	170	94.8639549744
48	113	170	94.8559958933
49	116	175	94.9018273063
50	119	176	94.9386743941
51	115	183	95.0371129279
52	118	186	95.1019557437
53	119	189	95.0240518652
54	119	190	95.1031298044
55	119	194	95.1802247459
56	115	198	95.1368394317
57	117	203	95.0808771296
58	113	203	95.0409568018
59	110	207	94.953927063
60	109	213	95.0354404223
61	105	219	95.0807037058
62	109	223	95.0054765069
63	106	226	95.0590319892
64	109	226	95.11246021
65	109	231	95.1119662708
66	109	235	95.1525095416
67	109	242	95.1258920978
68	113	242	95.0769856939
69	118	244	95.0791178578
70	119	244	95.0776777418
71	118	249	95.1286221875
72	119	249	95.2070784804
73	118	253	95.2676549142
74	116	259	95.3382020328
75	115	260	95.2410944671
76	113	260	95.2878197761
77	116	260	95.3301276762
78	115	265	95.2562282946
79	117	271	95.2918598345
80	122	278	95.3637931368
81	119	281	95.3251351593
82	115	282	95.3835297676
83	120	289	95.4487075892
84	119	296	95.4003972973
85	114	298	95.3698850275
86	118	305	95.462921573
87	123	312	95.5054109111
88	123	313	95.4153239606
89	128	319	95.3196857582
90	127	321	95.3743028974
91	130	321	95.3770837739
92	130	323	95.3971901145
93	126	327	95.3569903541
94	125	333	95.2941515247
95	125	336	95.3457283046
96	126	338	95.4298168524
97	121	341	95.3405801682
98	118	346	95.2498919292
99	115	351	95.3126610334
100	119	351	95.3848749467
101	120	353	95.4705238768
102	121	356	95.5002007131
103	121	361	95.5685951446
104	119	366	95.6223236301
105	114	370	95.6736959926
106	114	372	95.7461298789
107	116	372	95.6628272074
108	117	373	95.7476612422
109	112	376	95.8189323975
110	113	378	95.7852334739
111	111	383	95.8469913705
112	111	387	95.7571756438
113	111	389	95.6995952228
114	112	396	95.6815504958
115	111	402	95.6971174332
116	109	403	95.7053794602
117	109	406	95.6938881405
118	106	409	95.7229244079
119	104	413	95.6809493254
120	100	420	95.7463442795
121	95	421	95.7717438014
122	93	427	95.6787346236
123	95	434	95.7739061041
124	93	434	95.8387116084
125	97	436	95.861781978
126	99	441	95.9103194152
127	101	445	95.8272937377
128	104	449	95.9258263789
129	104	449	95.9540855999
130	99	450	95.9551585004
131	100	451	95.9032812475
132	102	451	95.8792131916
133	101	454	95.8247413357
134	106	460	95.8566561709
135	104	462	95.9213689114
136	107	466	95.9579390196
137	103	471	95.9737919277
138	101	478	96.0376969391
139	103	485	96.0936028732
140	104	490	96.1348681023
141	100	495	96.0891904503
142	103	495	96.1190804193
143	102	496	96.0452921727
144	99	496	95.9501034891
145	94	496	95.8731672937
146	89	501	95.9507826042
147	89	506	95.9143380199
148	93	507	95.9312021834
149	92	508	95.9891817733
150	94	512	96.0831856257
151	93	513	96.0785701067
152	98	519	96.0201738031
153	102	523	96.0681821252
154	103	525	96.1430942117
155	101	532	96.2142458367
156	106	535	96.2848738841
157	104	538	96.2602366972
158	104	538	96.3240697582
159	100	545	96.3170185357
160	99	548	96.4045466578
161	97	548	96.4679985502
162	93	549	96.4366610653
163	93	556	96.3367966984
164	88	560	96.2753024682
165	85	563	96.3122834248
166	81	570	96.2313147128
167	80	572	96.3214216358
168	83	574	96.339631288
169	78	581	96.3714512727
170	79	584	96.3567306003
171	74	588	96.2658471324
172	71	592	96.1673119673
173	74	593	96.1503293681
174	75	600	96.1772890153
175	74	607	96.2671154485
176	70	612	96.3213996729
177	65	615	96.3919398992
178	62	620	96.4206656632
179	61	620	96.4458523315
180	59	625	96.401668005
181	63	632	96.3106762383
182	59	636	96.2480696096
183	55	637	96.323871254
184	56	637	96.2856578671
185	52	643	96.3469285706
186	50	650	96.2652098084
187	55	657	96.3479020756
188	56	661	96.2985510089
189	53	661	96.3087184666
190	54	665	96.271879057
191	55	669	96.3128121437
192	52	672	96.3699781457
193	55	677	96.3543828078
194	52	681	96.2885421974
195	50	683	96.2971053542
196	50	685	96.3553867035
197	52	691	96.2817468677
198	50	695	96.3258620575
199	55	698	96.2737769303
200	52	704	96.36909933
201	51	706	96.3481330582
202	53	707	96.3378750696
203	50	713	96.2969413308
204	52	713	96.3588445477
205	50	720	96.4267786094
206	51	720	96.3943043165
207	52	723	96.4724178399
208	50	730	96.4979788442
209	51	734	96.5572746486
210	50	741	96.4738229586
211	50	743	96.5382681578
212	50	746	96.5674339952
213	53	749	96.6022555881
214	56	753	96.5284469909
215	51	757	96.5654001002
216	56	763	96.6308401186
217	52	770	96.6168763679
218	53	771	96.5187066085
219	58	778	96.597765422
220	63	785	96.5979445684
221	67	785	96.5944839423
222	62	785	96.608977333
223	62	792	96.6651085913
224	66	793	96.7435001019
225	65	796	96.6893731275
226	67	803	96.7225416659
227	64	809	96.6368973268
228	61	816	96.5909268187
229	65	820	96.5991289287
230	63	825	96.5229719153
231	60	832	96.4351754768
232	60	832	96.4963760641
233	62	836	96.4706563366
234	61	838	96.422978032
235	66	843	96.4592969204
236	62	843	96.4439495468
237	63	846	96.441173526
238	67	852	96.3712053054
239	62	858	96.4256878267
240	61	863	96.3293703032
241	64	867	96.3443085894
242	66	873	96.2971901219
243	69	875	96.3691577538
244	70	878	96.4681306306
245	66	879	96.5125143037
246	65	884	96.5451843211
247	62	884	96.4585365141
248	66	886	96.4689051379
249	69	890	96.528486681
250	68	897	96.6186546077
251	71	897	96.685096425
252	70	901	96.6084155643
253	73	902	96.6491435687
254	69	905	96.7366751251
255	71	909	96.7965058886
256	71	916	96.855266108
257	69	917	96.8837606419
258	65	919	96.9503296186
259	69	922	97.0483054833
260	68	922	97.1052712201
261	64	929	97.1255455078
262	67	929	97.060928264
263	62	934	97.1016603134
264	60	936	97.189704013
265	62	940	97.2341449244
266	64	941	97.1486838381
267	69	945	97.1241515928
268	69	951	97.0459149334
269	64	951	97.022201005
270	60	952	97.1188625662
271	65	953	97.1700618639
272	70	960	97.2406563269
273	74	962	97.3333124429
274	69	969	97.3356107757
275	67	970	97.4351752041
276	66	974	97.4939368882
277	68	975	97.50475676
278	70	975	97.5465518538
279	66	976	97.4834672474
280	71	980	97.5628925306
281	73	984	97.4910927252
282	74	991	97.5124782809
283	71	996	97.4840595096
284	72	996	97.5827619077
285	71	998	97.5147935798
286	75	1001	97.5761470388
287	75	1004	97.5581556325
288	75	1009	97.5656827684
289	77	1014	97.51022677
290	73	1021	97.4430410743
291	74	1025	97.3774980884
292	73	1029	97.3945428779
293	73	1029	97.3304374309
294	73	1030	97.3653082831
295	69	1031	97.4061718842
296	70	1032	97.3161696718
297	66	1034	97.2989058011
298	66	1034	97.3653975976
299	71	1036	97.3900132024
300	68	1038	97.4239070609
301	73	1038	97.5217606232
302	75	1042	97.4917698952
303	77	1042	97.5211667337
304	77	1042	97.5019423042
305	78	1043	97.4588295226
306	79	1046	97.442349811
307	78	1050	97.3603955195
308	77	1055	97.2889002306
309	76	1062	97.3221165739
310	81	1068	97.3131433065
311	80	1068	97.2147850222
312	85	1072	97.2813692483
313	83	1074	97.3243605565
314	86	1079	97.3206778262
315	81	1081	97.2803276215
316	78	1084	97.3619566352
317	74	1087	97.4291423469
318	78	1089	97.3440807603
319	75	1093	97.441043476
320	70	1099	97.4442675962
321	68	1100	97.3470156899
322	69	1101	97.3428926017
323	65	1105	97.3918123025
324	60	1109	97.4790374378
325	57	1112	97.4941385344
326	55	1117	97.4245231598
327	57	1120	97.3400502425
328	58	1125	97.2852769115
329	53	1127	97.2750242114
330	50	1131	97.2221272193
331	51	1131	97.2182433365
332	55	1135	97.2629755304
333	59	1137	97.1704142791
334	60	1137	97.1110553095
335	64	1139	97.0971004543
336	59	1140	97.1682494091
337	54	1146	97.2136639907
338	55	1153	97.188307603
339	57	1157	97.2826010966
340	55	1160	97.2202369205
341	60	1160	97.1207146977
342	64	1162	97.1363474827
343	65	1164	97.2264665591
344	65	1171	97.3005746979
345	64	1177	97.3824158591
346	66	1181	97.3142256978
347	70	1188	97.3448883696
348	65	1190	97.305410224
349	68	1192	97.3450302761
350	72	1197	97.295827297
351	71	1200	97.3522875142
352	74	1206	97.4206980349
353	70	1213	97.464823687
354	70	1213	97.4871804233
355	69	1218	97.4396639455
356	70	1221	97.4807822166
357	68	1227	97.4471578514
358	68	1233	97.3629226927
359	64	1236	97.4600533108
360	67	1243	97.4610395543
361	69	1247	97.3797847473
362	72	1254	97.4607072972
363	75	1260	97.3883190876
364	74	1261	97.3649617142
365	70	1265	97.4185599162
366	74	1270	97.4095372731
367	78	1277	97.4899903055
368	75	1279	97.3994600006
369	73	1285	97.4837270656
370	74	1286	97.41049818
371	77	1289	97.4477663397
372	73	1296	97.5305471081
373	74	1300	97.6099668053
374	70	1300	97.658372445
375	73	1304	97.7205687574
376	70	1306	97.695254957
377	69	1307	97.7321617535
378	74	1311	97.6843667091
379	79	1317	97.6009255646
380	82	1321	97.6006729095
381	78	1325	97.6597640733
382	75	1326	97.5668125067
383	72	1331	97.5843896243
384	69	1334	97.6830826921
385	73	1338	97.7772973852
386	77	1340	97.7770323775
387	80	1345	97.7850736578
388	83	1352	97.7470317125
389	87	1354	97.8169610903
390	86	1357	97.7450596293
391	84	1362	97.72227997
392	80	1362	97.673898414
393	75	1363	97.6228949418
394	73	1364	97.5487290975
395	76	1370	97.5577562945
396	71	1377	97.5785250818
397	76	1384	97.5553176902
398	75	1388	97.5767240094
399	73	1392	97.6119789239
400	71	1398	97.6794236314
401	70	1400	97.6484027912
402	74	1400	97.5989811275
403	78	1400	97.5049147789
404	82	1401	97.4271527091
405	79	1405	97.4099998613
406	77	1406	97.4619841976
407	75	1407	97.4277931745
408	73	1408	97.4631621402
409	75	1410	97.4835812165
410	77	1415	97.5181378477
411	75	1422	97.4808103051
412	73	1425	97.5248974383
413	70	1430	97.5344227862
414	67	1433	97.6092045773
415	69	1440	97.5325127717
416	68	1443	97.6132422169
417	66	1445	97.6931839113
418	63	1448	97.6581779562
419	58	1453	97.7199842516
420	58	1454	97.6899188335
421	58	1455	97.6249215385
422	62	1455	97.6541972631
423	57	1458	97.5989143681
424	56	1458	97.6902481
425	61	1458	97.7647993607
426	65	1464	97.8026216553
427	62	1470	97.8731200753
428	60	1470	97.7930842337
429	58	1474	97.7524023547
430	61	1480	97.8008083936
431	63	1487	97.8613159214
432	59	1494	97.8231535208
433	63	1501	97.7317826006
434	62	1507	97.7478264432
435	62	1514	97.7930477291
436	66	1520	97.8330960728
437	71	1524	97.7647393574
438	66	1526	97.7889528169
439	65	1529	97.793863823
440	67	1530	97.8779352424
441	65	1534	97.9590538514
442	64	1536	97.9397956637
443	65	1537	97.9511074658
444	63	1544	97.9849308108
445	63	1549	97.9646970926
446	61	1552	97.9103107531
447	63	1556	97.892144685
448	62	1560	97.8124054775
449	63	1563	97.8539408198
450	64	1568	97.8351510387
451	61	1570	97.7580305119
452	62	1576	97.7267710781
453	64	1579	97.7664856578
454	66	1586	97.7072766146
455	61	1587	97.7414156644
456	66	1591	97.8141842785
457	61	1594	97.8556703642
458	64	1601	97.9203867773
459	68	1607	97.8912442381
460	73	1610	97.9731283434
461	78	1611	97.9045390332
462	77	1615	97.8625951099
463	72	1615	97.8171325918
464	71	1617	97.7572374068
465	69	1619	97.8389898037
466	67	1622	97.9345789153
467	64	1627	97.9795328856
468	61	1633	98.0078076892
469	59	1633	98.0418499811
470	61	1640	97.9871690474
471	57	1640	97.9610108725
472	55	1646	97.8642847521
473	52	1653	97.9498257912
474	52	1657	97.9055979942
475	50	1663	97.9915881662
476	51	1667	98.0009960163
477	50	1667	98.0999182025
478	50	1672	98.1011618533
479	54	1672	98.0979872002
480	58	1672	98.0618163894
481	55	1677	97.9718532036
482	50	1682	97.9395689814
483	50	1687	97.8508537913
484	54	1688	97.895088448
485	59	1691	97.9006769826
486	55	1695	97.8025394841
487	60	1696	97.813114014
488	60	1701	97.8918978841
489	59	1706	97.9727563383
490	62	1710	98.0717915992
491	59	1716	98.0795485349
492	58	1723	98.105996624
493	61	1729	98.1800339928
494	61	1734	98.2640088691
495	58	1739	98.1645977721
496	60	1740	98.2484647027
497	60	1742	98.3015821824
498	64	1743	98.3255060478
499	59	1750	98.3216723426
500	55	1753	98.2983729643
501	57	1755	98.2127272066
502	53	1755	98.2922035518
503	53	1760	98.2188309777
504	51	1763	98.2485211876
505	50	1768	98.1923597032
506	51	1770	98.14148753
507	55	1771	98.1448309646
508	52	1777	98.1634568005
509	54	1777	98.0948408147
510	53	1783	98.0596228148
511	56	1787	98.1344062322
512	59	1788	98.0861485403
513	58	1793	98.094040141
514	57	1794	98.1720163212
515	55	1801	98.1273029675
516	51	1808	98.1423356961
517	52	1815	98.1042489949
518	52	1822	98.064335931
519	55	1825	98.0803042505
520	51	1832	98.0826414416
521	55	1836	98.0874947656
522	59	1839	98.0890993063
523	62	1844	98.1587406343
524	62	1845	98.1238371245
525	64	1846	98.1367837926
526	62	1848	98.1812528955
527	65	1848	98.0923760424
528	65	1853	98.1580636679
529	65	1859	98.1817745168
530	69	1865	98.1333196005
531	68	1870	98.0667176383
532	73	1873	97.9938245949
533	72	1877	97.897601897
534	74	1879	97.9590440109
535	71	1880	97.9434551452
536	70	1885	97.8667761978
537	69	1886	97.781967918
538	71	1887	97.7489984773
539	67	1892	97.6593888442
540	71	1898	97.7064452736
541	71	1899	97.7902084176
542	66	1906	97.823617572
543	69	1912	97.8386631152
544	67	1913	97.7496928884
545	67	1917	97.8154195491
546	67	1921	97.7946791633
547	64	1925	97.7144867337
548	59	1927	97.6602332734
549	59	1928	97.5808682714
550	55	1935	97.4964808543
551	59	1936	97.3966804266
552	64	1941	97.4201629646
553	59	1948	97.5106616768
554	58	1955	97.5893185892
555	59	1956	97.6018482484
556	58	1962	97.5142957996
557	63	1968	97.488130997
558	61	1969	97.5158238664
559	64	1969	97.5724544096
560	63	1971	97.4811987343
561	64	1975	97.4408333552
562	61	1978	97.3950169423
563	66	1979	97.345626946
564	65	1982	97.3466598021
565	64	1988	97.2467357869
566	64	1991	97.1473451501
567	68	1993	97.1191298737
568	70	1999	97.0919722684
569	70	2006	97.0286852726
570	70	2008	96.9678867809
571	75	2015	96.9550259381
572	74	2022	96.9440302705
573	78	2028	96.8620894157
574	74	2028	96.8906333046
575	75	2029	96.9472946202
576	71	2033	97.0034616537
577	70	2039	96.977013097
578	66	2042	96.9322261213
579	68	2047	97.0193584582
580	73	2054	97.0159485531
581	70	2054	96.9801310002
582	68	2055	96.9157127536
583	67	2056	96.9452485944
584	67	2061	97.0268159401
585	63	2064	97.0736853351
586	60	2066	97.1540276106
587	63	2070	97.2033161595
588	59	2071	97.2490276094
589	64	2077	97.172966567
590	68	2078	97.2527955414
591	68	2084	97.170163954
592	66	2084	97.2015836383
593	61	2091	97.1997462585
594	56	2091	97.1184268421
595	51	2092	97.1007804727
596	50	2092	97.1164637742
597	54	2094	97.0361071383
598	57	2096	97.1274620618
599	61	2099	97.1590625248
600	66	2105	97.0733085461
601	69	2107	97.0138534923
602	72	2112	97.0679659225
603	76	2116	96.9907428262
604	80	2122	97.0674669793
605	75	2124	97.035743266
606	80	2130	97.100974166
607	83	2137	97.1253349134
608	82	2143	97.0726866882
609	79	2144	97.0515651251
610	79	2144	97.0822205084
611	81	2146	97.1523028157
612	78	2152	97.0685994666
613	76	2158	97.0253131057
614	71	2159	96.9584625001
615	68	2165	97.0387217276
616	71	2170	97.1293431691
617	76	2175	97.2255155598
618	76	2180	97.2838788287
619	78	2180	97.3189113092
620	73	2187	97.3078648503
621	74	2190	97.3188216382
622	69	2194	97.3369837015
623	68	2201	97.290858332
624	69	2203	97.2103398711
625	73	2210	97.2892473963
626	77	2212	97.1997533322
627	75	2217	97.260660065
628	73	2220	97.2910864456
629	69	2224	97.333277095
630	66	2228	97.3385916464
631	69	2234	97.4059259238
632	74	2240	97.4739635426
633	69	2244	97.5061136052
634	74	2248	97.459892955
635	77	2248	97.4929476098
636	82	2253	97.5050237799
637	84	2260	97.5950163669
638	79	2262	97.6934463519
639	74	2268	97.6987019028
640	73	2271	97.7827093482
641	72	2271	97.7296136692
642	77	2275	97.662728017
643	79	2280	97.7588321176
644	78	2284	97.7880907363
645	77	2287	97.7334876862
646	72	2290	97.8207451098
647	76	2291	97.787820598
648	76	2291	97.8027063938
649	74	2297	97.8186685016
650	72	2299	97.8258855094
651	68	2299	97.9090525136
652	70	2301	97.9353393461
653	69	2306	97.8463287057
654	68	2310	97.9268854297
655	69	2315	97.9343523793
656	65	2316	97.837388707
657	65	2316	97.7555809464
658	69	2320	97.8161536967
659	66	2320	97.7574435719
660	71	2322	97.7630210069
661	70	2323	97.7045871857
662	75	2323	97.7814575947
663	71	2329	97.7438508283
664	70	2334	97.7417428168
665	68	2337	97.6866604278
666	63	2340	97.7423877824
667	64	2347	97.7626148529
668	62	2352	97.8385715269
669	63	2358	97.9369548617
670	63	2358	97.8765986674
671	68	2361	97.8746703976
672	71	2367	97.8012482335
673	70	2368	97.7536846918
674	71	2370	97.8277294227
675	66	2374	97.8094730403
676	66	2381	97.7632602839
677	64	2386	97.8084950565
678	60	2393	97.7222588913
679	65	2398	97.6629205671
680	68	2402	97.5642063891
681	64	2402	97.5431354436
682	60	2405	97.6204965751
683	60	2412	97.5663746975
684	60	2417	97.4670161605
685	61	2423	97.4342575011
686	59	2426	97.4467406877
687	57	2432	97.3712641937
688	53	2434	97.3105336814
689	55	2441	97.2358125037
690	59	2443	97.2324739318
691	60	2443	97.3095840674
692	56	2448	97.3618492269
693	58	2454	97.3550854303
694	59	2459	97.3928147554
695	63	2462	97.3518309082
696	60	2466	97.3736179754
697	63	2472	97.300020678
698	68	2478	97.2715240419
699	63	2479	97.2746811768
700	58	2480	97.3359104233
701	61	2485	97.3346000528
702	61	2491	97.4276196431
703	66	2496	97.3933034427
704	62	2497	97.3755248561
705	66	2504	97.3991415179
706	70	2511	97.3950544324
707	65	2515	97.4691418349
708	66	2522	97.4504710492
709	61	2526	97.3766270407
710	61	2527	97.4297144948
711	58	2527	97.4970260229
712	58	2531	97.5773900278
713	59	2531	97.4910988999
714	58	2536	97.5282755027
715	60	2538	97.6020682314
716	64	2542	97.5096054283
717	59	2548	97.4256499294
718	54	2550	97.4836064038
719	52	2552	97.4738320498
720	52	2559	97.4749077729
721	50	2566	97.4190033227
722	50	2567	97.4848586624
723	50	2571	97.3998932944
724	50	2578	97.3176418683
725	55	2581	97.407150249
726	52	2582	97.3584433778
727	50	2589	97.4301008047
728	50	2594	97.4547641996
729	55	2596	97.3660383882
730	51	2603	97.2960330444
731	50	2607	97.2361349217
732	52	2608	97.234593029
733	53	2613	97.3331679469
734	54	2613	97.2659686308
735	50	2620	97.2003758968
736	50	2621	97.2686834593
737	52	2623	97.2262122492
738	54	2624	97.146603931
739	51	2630	97.1250757189
740	50	2633	97.0505797845
741	50	2633	97.0583537562
742	50	2637	96.9951196211
743	50	2644	96.9894508297
744	51	2644	96.988802405
745	55	2646	97.0234759044
746	54	2651	96.9501615751
747	52	2653	97.0089827952
748	56	2653	96.9459464895
749	58	2657	96.9870876421
750	63	2664	96.9650385372
751	62	2664	97.0355841398
752	65	2670	97.0766583798
753	64	2675	97.001501385
754	61	2677	96.9052726122
755	62	2684	96.8866369635
756	61	2686	96.9117668937
757	65	2692	97.0071949651
758	70	2695	96.9240482805
759	73	2696	96.9091910165
760	71	2700	96.92224307
761	72	2705	96.854586241
762	74	2710	96.8546566914
763	70	2713	96.8819920667
764	67	2715	96.9346605245
765	66	2718	96.9419300064
766	65	2718	97.0129336136
767	66	2720	97.0067283261
768	70	2726	96.9289180524
769	65	2731	97.0066332828
770	61	2736	96.9232650044
771	63	2737	96.8524357602
772	59	2740	96.9390216564
773	57	2741	96.9623465439
774	58	2742	97.0209413988
775	58	2744	97.1124908972
776	60	2749	97.1885446183
777	58	2756	97.170324232
778	56	2760	97.1790095528
779	55	2767	97.0979734394
780	56	2767	97.1034966182
781	58	2772	97.1600625177
782	55	2772	97.1302434257
783	51	2772	97.0359269361
784	50	2772	97.0505215111
785	55	2774	97.0326765847
786	59	2774	97.0013643886
787	58	2777	97.0904592331
788	54	2779	97.1183356464
789	57	2786	97.1946409286
790	59	2789	97.1592158688
791	62	2796	97.2165478369
792	60	2798	97.2355199357
793	60	2805	97.2335217243
794	55	2810	97.1677025004
795	60	2810	97.1584164947
796	58	2817	97.1702486475
797	57	2820	97.2026736382
798	59	2825	97.1822185184
799	56	2832	97.2414708334
800	58	2838	97.1494173364
801	55	2838	97.1575953751
802	59	2842	97.1735510705
803	55	2848	97.2707115703
804	57	2851	97.2836400617
805	56	2851	97.191558882
806	61	2854	97.2475930795
807	58	2856	97.2525388935
808	53	2860	97.2548050068
809	50	2867	97.2867090952
810	55	2870	97.2504463834
811	54	2875	97.1820064342
812	59	2882	97.1235022017
813	54	2885	97.1032843599
814	58	2888	97.158532013
815	55	2895	97.17597354
816	59	2895	97.1237448557
817	63	2902	97.0321561124
818	65	2903	97.0381903249
819	69	2904	96.9923892096
820	70	2904	97.0245594753
821	65	2911	97.1160528988
822	63	2916	97.0215332372
823	58	2916	97.1159555055
824	59	2921	97.1599902126
825	55	2922	97.1716592842
826	53	2923	97.0881666185
827	50	2927	97.090180022
828	50	2931	97.0108832351
829	55	2935	97.0244547256
830	54	2939	96.9945355437
831	50	2946	97.0437560524
832	52	2948	96.9520306834
833	53	2952	97.00457489
834	56	2952	97.0853173606
835	51	2957	97.1675899857
836	53	2960	97.1552703829
837	50	2964	97.0664293266
838	50	2964	97.1056074614
839	50	2967	97.0086755645
840	50	2972	97.0840056313
841	50	2975	97.0932173796
842	50	2978	97.1753630668
843	50	2982	97.1329087718
844	50	2985	97.097621172
845	53	2992	97.1160471603
846	51	2996	97.1213702328
847	56	2998	97.0419439048
848	58	2999	97.0990854334
849	57	3001	97.1806133414
850	58	3003	97.0953622734
851	62	3010	97.1040567428
852	63	3015	97.0513960883
853	66	3021	97.0505558677
854	61	3027	96.9683870715
855	59	3030	96.9480596514
856	57	3030	96.8738800371
857	60	3032	96.9247829657
858	56	3034	97.0136933929
859	51	3036	97.0068173898
860	50	3038	96.9863998612
861	52	3038	97.0198708815
862	54	3042	97.0350809635
863	58	3048	96.964995953
864	58	3048	97.0032495091
865	60	3050	97.067882346
866	60	3053	96.9781792724
867	63	3060	96.8834486595
868	62	3066	96.821094875
869	58	3069	96.796913211
870	62	3069	96.8020656884
871	65	3069	96.7143187874
872	65	3073	96.7882194821
873	70	3074	96.8052218676
874	72	3080	96.7607586501
875	70	3086	96.6809545913
876	70	3089	96.7583626273
877	70	3096	96.6752903198
878	74	3097	96.6238959103
879	69	3098	96.7054861892
880	69	3101	96.6121751384
881	73	3108	96.596307638
882	71	3108	96.5081937516
883	71	3109	96.5570091879
884	73	3109	96.5641093588
885	78	3114	96.540610153
886	83	3120	96.5563548903
887	86	3126	96.4919547339
888	90	3130	96.4543254577
889	88	3137	96.3850840252
890	83	3141	96.3093541303
891	83	3148	96.4047071064
892	86	3153	96.4970645116
893	83	3155	96.4314854415
894	80	3159	96.4053690281
895	76	3165	96.3475968844
896	79	3165	96.2602028182
897	79	3165	96.2817713835
898	78	3171	96.2938963952
899	79	3174	96.2216425272
900	81	3176	96.2124978729
901	85	3176	96.2268365413
902	86	3180	96.1779324178
903	84	3183	96.1315095504
904	82	3190	96.1082713761
905	80	3194	96.1779090588
906	81	3195	96.174491796
907	80	3196	96.1104621486
908	76	3201	96.1886578112
909	75	3206	96.2158627798
910	77	3213	96.211943638
911	79	3217	96.1446051307
912	77	3224	96.1637898898
913	73	3230	96.1572726023
914	68	3235	96.1840796258
915	73	3237	96.1716849206
916	69	3239	96.1752501894
917	73	3242	96.2135623464
918	77	3246	96.2702891462
919	78	3253	96.2292271263
920	79	3255	96.2273670075
921	78	3258	96.1434576048
922	81	3262	96.2383601837
923	77	3264	96.1529062956
924	75	3267	96.1213740329
925	75	3270	96.1585310907
926	71	3271	96.164901085
927	70	3272	96.1430069561
928	68	3274	96.0766616386
929	69	3277	96.0083651934
930	74	3279	95.9611780956
931	69	3283	95.9564874214
932	70	3286	95.9112361495
933	68	3289	95.9572628479
934	72	3296	95.9428009447
935	77	3296	95.8527075777
936	76	3302	95.8410655204
937	80	3307	95.8530210128
938	77	3313	95.9191781214
939	80	3320	95.9815359278
940	76	3327	96.0368346089
941	80	3329	96.0362038693
942	77	3333	95.9723772242
943	82	3339	96.0388014353
944	77	3339	96.0819287215
945	76	3339	96.0693393689
946	77	3342	95.9964423367
947	78	3346	96.0395173141
948	82	3353	95.9743354385
949	87	3360	95.9839151151
950	88	3365	96.0538304472
951	83	3370	96.0203024369
952	88	3376	95.9936591981
953	85	3377	95.9912505374
954	86	3382	95.8966655706
955	87	3387	95.8234427988
956	82	3390	95.7351871338
957	83	3397	95.6725810863
958	80	3398	95.660015321
959	80	3405	95.6297112439
960	83	3409	95.5481894832
961	81	3410	95.5388164301
962	78	3415	95.5409048512
963	78	3418	95.5828446081
964	77	3425	95.6496223654
965	76	3426	95.559160656
966	71	3430	95.544868713
967	67	3437	95.5783250391
968	71	3442	95.5858914919
969	73	3443	95.5330245495
970	78	3447	95.5722761996
971	78	3451	95.4742442174
972	83	3458	95.375735635
973	87	3462	95.297969563
974	83	3462	95.2854466682
975	86	3468	95.2290422237
976	87	3471	95.1718972275
977	90	3474	95.1154883954
978	91	3476	95.0674773194
979	89	3483	95.1203805854
980	90	3484	95.0558549844
981	90	3488	95.0169306848
982	92	3492	95.1122487735
983	95	3494	95.073467962
984	98	3500	95.0249906343
985	95	3506	95.0383413643
986	99	3513	94.9474116372
987	95	3514	95.0427264156
988	92	3517	95.0900656299
989	91	3522	95.0706077476
990	95	3529	95.0447866734
991	94	3533	94.9942683197
992	92	3540	95.0467033433
993	87	3542	94.9703989923
994	90	3544	95.0367589396
995	90	3551	94.9760263081
996	88	3553	94.8770269186
997	84	3554	94.8479458683
998	85	3555	94.8787011306
999	90	3556	94.9308263912
1000	94	3560	94.8990300789
1001	94	3564	94.8408573485
1002	95	3564	94.83479716
1003	100	3570	94.8457630311
1004	97	3573	94.9432149588
1005	94	3573	94.884287717
1006	95	3578	94.9467805214
1007	92	3582	95.0140296441
1008	90	3584	95.092384245
1009	95	3588	95.0554473322
1010	90	3589	95.0829114377
1011	94	3596	95.1169410379
1012	92	3600	95.1752334804
1013	93	3600	95.0828600039
1014	98	3601	95.0088421048
1015	101	3608	95.0119399945
1016	96	3612	95.0630979353
1017	91	3616	95.1081543913
1018	86	3618	95.0974306281
1019	86	3624	95.1205985399
1020	83	3630	95.026649642
1021	88	3636	94.9347811993
1022	88	3641	94.930558965
1023	84	3646	95.0027425164
1024	80	3651	94.9109002493
1025	75	3657	94.9115082951
1026	80	3664	94.8536749009
1027	84	3664	94.8919642645
1028	85	3671	94.8265465512
1029	89	3671	94.8870914803
1030	84	3671	94.9043438594
1031	85	3673	94.8276246322
1032	84	3675	94.7868513212
1033	89	3677	94.7054367048
1034	87	3684	94.6358474234
1035	89	3686	94.5822432611
1036	91	3688	94.534066576
1037	93	3694	94.587608791
1038	92	3698	94.4936855662
1039	96	3699	94.4995561683
1040	98	3701	94.5946517224
1041	97	3701	94.5912307265
1042	93	3702	94.5500516943
1043	93	3703	94.5013628098
1044	88	3707	94.4063725657
1045	85	3708	94.4078015973
1046	83	3712	94.4206991919
1047	79	3716	94.4571832862
1048	82	3718	94.4030940392
1049	83	3722	94.3556603656
1050	83	3726	94.2574636399
1051	78	3732	94.1639896635
1052	74	3736	94.0939683369
1053	71	3739	94.1180807291
1054	71	3746	94.0958687985
1055	74	3748	94.0032119872
1056	69	3748	94.0505354488
1057	69	3752	93.9735883343
1058	71	3755	93.9204289666
1059	68	3761	93.8264501819
1060	68	3763	93.9111093916
1061	63	3770	93.9231811639
1062	62	3770	93.9907674866
1063	66	3773	93.9105717683
1064	69	3779	93.9235792048
1065	68	3781	93.9305117921
1066	65	3783	93.9874294987
1067	61	3789	93.9859853219
1068	63	3794	93.9082576665
1069	63	3801	93.9667263715
1070	68	3808	94.0411335385
1071	65	3810	94.0786576592
1072	62	3810	94.0894234459
1073	63	3812	94.1712579548
1074	64	3818	94.1484040411
1075	60	3822	94.0715318044
1076	57	3829	94.0338567405
1077	53	3832	93.9820373554
1078	50	3838	93.9612265997
1079	55	3840	93.9893702901
1080	54	3843	94.0222414877
1081	58	3849	93.9409510058
1082	56	3855	94.0025515933
1083	53	3862	94.077732494
1084	57	3862	94.0016311115
1085	54	3869	94.0408866653
1086	58	3871	93.9839044481
1087	56	3871	93.9722885693
1088	61	3873	94.0566878539
1089	66	3873	94.0535905987
1090	62	3874	93.966656736
1091	64	3874	93.8869081577
1092	65	3881	93.9763905232
1093	62	3888	93.9987522893
1094	67	3895	93.9698615347
1095	71	3895	93.9717870502
1096	69	3901	93.9230376226
1097	67	3905	93.8409159475
1098	67	3907	93.8695605247
1099	66	3911	93.8462838368
1100	71	3915	93.9168754776
1101	73	3919	93.9914368885
1102	71	3925	94.0816969089
1103	73	3927	94.1782699139
1104	74	3930	94.1594934274
1105	74	3937	94.177712558
1106	71	3939	94.259275477
1107	66	3940	94.1596857541
1108	65	3944	94.2556791181
1109	63	3944	94.2059001241
1110	58	3945	94.2269570362
1111	61	3949	94.2220155413
1112	60	3955	94.1444292966
1113	60	3961	94.2302589261
1114	60	3965	94.2898773925
1115	58	3966	94.3098651327
1116	53	3971	94.272742936
1117	50	3975	94.2587174117
1118	55	3977	94.2237622264
1119	57	3980	94.2859651501
1120	56	3983	94.3250971324
1121	52	3985	94.4151844975
1122	50	3988	94.3759462641
1123	50	3994	94.3141533838
1124	55	3999	94.3468781066
1125	52	4004	94.335314147
1126	50	4011	94.3753469543
1127	54	4011	94.2984093084
1128	58	4016	94.2306014501
1129	56	4016	94.1891028918
1130	57	4023	94.2116992655
1131	62	4025	94.1125814188
1132	59	4025	94.0587827631
1133	55	4027	94.1458821838
1134	59	4034	94.1126354843
1135	63	4041	94.1874435259
1136	61	4043	94.2556222777
1137	65	4043	94.3238361834
1138	70	4046	94.2648946771
1139	68	4051	94.2893223231
1140	69	4051	94.30073961
1141	65	4055	94.2191077906
1142	67	4061	94.2227895226
1143	64	4066	94.2281940822
1144	63	4068	94.2310997271
1145	64	4071	94.228853769
1146	61	4077	94.1864828819
1147	60	4082	94.2510988048
1148	62	4082	94.3359189846
1149	64	4084	94.2557231278
1150	64	4090	94.2872859433
1151	65	4093	94.3389945887
1152	65	4096	94.363183553
1153	67	4101	94.4349510481
1154	62	4102	94.4427237909
1155	65	4109	94.5007235774
1156	63	4110	94.5556776283
1157	60	4112	94.5984920157
1158	56	4119	94.6499804483
1159	57	4119	94.7335849216
1160	56	4119	94.7706406841
1161	54	4126	94.7849120333
1162	56	4132	94.8246475059
1163	54	4136	94.8063787226
1164	53	4140	94.7499761607
1165	53	4141	94.7803307302
1166	58	4141	94.7290560877
1167	57	4144	94.6385968526
1168	55	4147	94.657185059
1169	55	4148	94.6014310278
1170	56	4154	94.6200295087
1171	61	4154	94.5314857509
1172	56	4160	94.5108897689
1173	52	4167	94.4914172917
1174	50	4170	94.5061409438
1175	53	4170	94.434251292
1176	57	4171	94.3495157262
1177	54	4175	94.304268477
1178	56	4181	94.3277081014
1179	53	4185	94.3626789646
1180	50	4185	94.3743766409
1181	53	4185	94.3803266751
1182	57	4192	94.4435265171
1183	58	4195	94.4120888222
1184	60	4199	94.3765875091
1185	56	4202	94.4217190798
1186	60	4205	94.4280945307
1187	61	4207	94.4342483882
1188	64	4213	94.3640807638
1189	59	4216	94.4330937393
1190	64	4217	94.5099655201
1191	66	4222	94.5322377265
1192	61	4223	94.5730586527
1193	66	4230	94.6244608446
1194	62	4230	94.551141446
1195	58	4237	94.6168922252
1196	54	4241	94.5327739996
1197	54	4243	94.5683692624
1198	58	4243	94.6058001111
1199	61	4243	94.555158396
1200	58	4243	94.6369301408
1201	60	4243	94.6548751803
1202	65	4248	94.6766257444
1203	65	4249	94.7377616962
1204	60	4252	94.7389562671
1205	59	4253	94.7800027079
1206	58	4257	94.8008807247
1207	55	4263	94.7126616735
1208	59	4266	94.8041346408
1209	54	4268	94.8555427555
1210	52	4270	94.7561289623
1211	51	4270	94.7106030804
1212	50	4275	94.7753735084
1213	50	4278	94.8247833847
1214	55	4281	94.7550149122
1215	54	4287	94.8266673089
1216	55	4287	94.8097908806
1217	58	4294	94.8735995507
1218	61	4296	94.7934296652
1219	58	4298	94.8899027442
1220	60	4304	94.9167382891
1221	56	4308	94.8289049366
1222	59	4309	94.9077343592
1223	60	4312	94.8670988274
1224	63	4317	94.853939559
1225	63	4320	94.9343840443
1226	64	4320	94.9607609416
1227	59	4326	95.0413701894
1228	60	4333	95.1315367226
1229	55	4336	95.2275336489
1230	59	4343	95.3218648963
1231	62	4349	95.2672294875
1232	59	4351	95.3275336487
1233	60	4352	95.2994922052
1234	63	4359	95.3741124587
1235	59	4360	95.3739529642
1236	60	4367	95.4568447958
1237	63	4370	95.4318347157
1238	61	4373	95.4163330586
1239	60	4378	95.3182339981
1240	62	4379	95.2800399237
1241	61	4383	95.3192898969
1242	58	4385	95.2566497456
1243	54	4392	95.3184174986
1244	52	4393	95.4083872661
1245	52	4398	95.3135728357
1246	52	4398	95.2785623538
1247	50	4399	95.3064824019
1248	50	4404	95.2469140426
1249	54	4408	95.1906076977
1250	58	4410	95.186576682
1251	62	4416	95.2738691565
1252	62	4419	95.3191251123
1253	65	4420	95.2729871029
1254	64	4424	95.2948940942
1255	65	4429	95.2392042667
1256	63	4429	95.1809210499
1257	62	4434	95.2590569956
1258	60	4437	95.2166422092
1259	57	4440	95.2522399574
1260	60	4440	95.3101996064
1261	62	4440	95.3285805119
1262	63	4443	95.3627453142
1263	66	4448	95.4202700424
1264	62	4453	95.429541231
1265	66	4459	95.3941400059
1266	69	4463	95.3130281727
1267	71	4466	95.3601917311
1268	72	4468	95.2873233404
1269	71	4473	95.3716753003
1270	75	4479	95.3130041049
1271	70	4479	95.3994480285
1272	66	4486	95.3160774208
1273	67	4488	95.2639721523
1274	62	4491	95.3094328634
1275	66	4491	95.3782826761
1276	71	4492	95.4282151651
1277	66	4497	95.4090441639
1278	66	4499	95.5061233115
1279	63	4499	95.5343858376
1280	64	4502	95.4761714062
1281	64	4507	95.4165591276
1282	59	4510	95.4935631861
1283	56	4516	95.546184718
1284	55	4517	95.6432589936
1285	57	4518	95.6856532405
1286	57	4524	95.7497128964
1287	56	4531	95.8412771757
1288	58	4532	95.9008485377
1289	60	4537	95.937017746
1290	60	4541	95.9554829599
1291	58	4546	95.8840572608
1292	60	4546	95.8727276957
1293	63	4548	95.909627062
1294	64	4552	95.8909501481
1295	69	4553	95.8256298666
1296	73	4553	95.8925227766
1297	77	4559	95.9773552807
1298	79	4562	96.0148416293
1299	74	4569	96.1026283055
1300	77	4575	96.0358759379
1301	77	4581	95.9917222157
1302	78	4583	95.9478179944
1303	74	4584	95.8674228405
1304	74	4585	95.7837674019
1305	77	4592	95.8115386492
1306	74	4596	95.8022465975
1307	73	4600	95.8977856604
1308	78	4602	95.9796861277
1309	73	4609	96.0794052301
1310	72	4611	95.9893235734
1311	76	4612	96.0177917964
1312	77	4619	95.9208976994
1313	82	4622	95.8843282099
1314	82	4629	95.8799401521
1315	86	4631	95.9432337769
1316	87	4635	95.8667528395
1317	87	4641	95.8585230477
1318	89	4641	95.7940205366
1319	91	4645	95.7295791612
1320	87	4650	95.7905385715
1321	91	4650	95.7646766173
1322	90	4650	95.6801845033
1323	86	4652	95.7011152016
1324	88	4659	95.6901723787
1325	90	4662	95.6152549316
1326	93	4663	95.6302367889
1327	88	4670	95.5579596468
1328	93	4675	95.5254597057
1329	97	4682	95.5791299719
1330	99	4684	95.6408255547
1331	102	4690	95.5459505186
1332	97	4697	95.5104075687
1333	97	4697	95.5961336306
1334	95	4699	95.5291657029
1335	96	4703	95.590572774
1336	98	4709	95.67442026
1337	101	4712	95.6226989192
1338	105	4718	95.5699612957
1339	103	4722	95.5921027621
1340	108	4723	95.5299443599
1341	104	4730	95.4754699782
1342	101	4732	95.5310202459
1343	97	4735	95.5988784502
1344	95	4741	95.5121845008
1345	94	4741	95.4682314984
1346	89	4748	95.5668567432
1347	85	4752	95.5538385196
1348	83	4754	95.5766550683
1349	88	4759	95.6398528328
1350	84	4764	95.6277474991
1351	84	4769	95.5885360771
1352	79	4769	95.6151241633
1353	82	4773	95.6387225862
1354	85	4773	95.7298065473
1355	90	4776	95.7775900271
1356	91	4780	95.7300640176
1357	91	4781	95.7884799305
1358	95	4787	95.7137214205
1359	99	4792	95.8102998479
1360	104	4794	95.8231856593
1361	99	4795	95.8548767489
1362	94	4798	95.918153581
1363	97	4801	95.8313652268
1364	92	4801	95.7877423625
1365	97	4807	95.7219266238
1366	100	4807	95.7441508405
1367	95	4813	95.7233915753
1368	93	4814	95.7721280896
1369	97	4817	95.853234734
1370	92	4822	95.8584076609
1371	93	4829	95.9117315531
1372	90	4829	95.8985705979
1373	86	4834	95.8044559622
1374	81	4837	95.8643145517
1375	81	4844	95.9019993668
1376	80	4851	95.9423246399
1377	85	4856	95.9144190338
1378	80	4859	95.9275760034
1379	75	4863	95.9379097926
1380	70	4866	96.0235018893
1381	71	4872	96.0059839723
1382	71	4877	96.0942947547
1383	75	4879	96.0380467376
1384	73	4883	96.0453409348
1385	76	4887	96.0400235687
1386	79	4892	96.1211051104
1387	79	4895	96.1215699101
1388	81	4896	96.178348893
1389	77	4900	96.2088149585
1390	72	4907	96.1088786116
1391	74	4911	96.1606163738
1392	70	4914	96.0686515161
1393	74	4917	96.0972049941
1394	77	4917	96.0109664785
1395	80	4920	96.0829659307
1396	80	4921	96.0491750355
1397	83	4925	96.0131188076
1398	80	4925	95.9506910754
1399	80	4930	95.9080763371
1400	75	4935	95.9555384073
1401	71	4936	95.9043106935
1402	68	4943	95.90703924
1403	71	4946	95.9613162707
1404	69	4953	95.8779244166
1405	74	4954	95.8553158318
1406	74	4956	95.9080633506
1407	78	4962	95.9642437657
1408	79	4963	95.9200624115
1409	76	4968	95.9019834947
1410	73	4969	95.8347904191
1411	73	4969	95.7451110461
1412	68	4970	95.760682284
1413	71	4974	95.6894245801
1414	66	4979	95.6528623134
1415	69	4982	95.7418201156
1416	67	4988	95.6991011589
1417	71	4989	95.7582660562
1418	75	4989	95.6657722394
1419	79	4994	95.6645678101
1420	83	4999	95.5850944528
1421	84	5003	95.5799129223
1422	81	5004	95.4970282784
1423	79	5007	95.5318048704
1424	81	5011	95.5053126732
1425	76	5014	95.4204431529
1426	75	5016	95.5067569799
1427	77	5023	95.5025524636
1428	80	5025	95.5881348496
1429	83	5029	95.6457062015
1430	82	5029	95.6540173175
1431	80	5036	95.5579188895
1432	81	5039	95.5783860101
1433	85	5044	95.6029199222
1434	84	5049	95.5202774779
1435	85	5049	95.4248869047
1436	80	5052	95.4476367215
1437	84	5054	95.3687508491
1438	79	5059	95.3837036604
1439	78	5060	95.4789954944
1440	74	5061	95.5725343025
1441	74	5063	95.5037294497
1442	77	5066	95.5910115436
1443	81	5071	95.5771786759
1444	86	5072	95.6084925834
1445	86	5076	95.6175511543
1446	88	5083	95.5316584925
1447	83	5089	95.5415607068
1448	81	5091	95.4941902566
1449	85	5094	95.4470097379
1450	80	5098	95.513233949
1451	75	5103	95.5570208967
1452	72	5107	95.4869405511
1453	72	5113	95.5071030121
1454	77	5118	95.5344460733
1455	77	5124	95.6061123584
1456	73	5128	95.6776499636
1457	76	5133	95.5877676933
1458	72	5138	95.5014332454
1459	77	5140	95.4323199339
1460	75	5143	95.5024212696
1461	78	5143	95.5183136034
1462	83	5147	95.5557432749
1463	87	5148	95.502362171
1464	85	5149	95.4512945593
1465	82	5149	95.4755461234
1466	82	5155	95.5379001684
1467	83	5161	95.6150089511
1468	85	5164	95.6254840743
1469	80	5165	95.643423696
1470	82	5170	95.6714468323
1471	85	5170	95.6844933455
1472	86	5173	95.6728139809
1473	91	5178	95.6409902927
1474	90	5179	95.584593967
1475	90	5184	95.6499952524
1476	90	5186	95.691564574
1477	95	5192	95.7436221108
1478	90	5199	95.7934339192
1479	95	5203	95.8288535271
1480	97	5209	95.7806506037
1481	101	5209	95.7163285161
1482	105	5212	95.6527843539
1483	107	5212	95.7316030242
1484	107	5214	95.6791753813
1485	112	5220	95.6658391205
1486	114	5220	95.7601498259
1487	116	5224	95.7415764387
1488	112	5224	95.6499479202
1489	112	5230	95.6002764808
1490	111	5233	95.6255911479
1491	116	5237	95.5329372959
1492	117	5239	95.4875295578
1493	113	5246	95.5152170369
1494	115	5253	95.4978567653
1495	114	5253	95.4855384199
1496	114	5259	95.52757572
1497	110	5266	95.5880796151
1498	113	5268	95.5801424898
1499	112	5270	95.4904271151
1500	117	5272	95.3998266645
1501	122	5279	95.4797206214
1502	122	5285	95.4173662502
1503	122	5290	95.4961049555
1504	124	5295	95.560138549
1505	125	5297	95.4737812245
1506	122	5298	95.4316914178
1507	120	5298	95.5112695669
1508	122	5301	95.5896704104
1509	120	5301	95.5941814878
1510	122	5308	95.5008303374
1511	126	5308	95.5681839265
1512	123	5308	95.5765108039
1513	120	5312	95.5800830132
1514	123	5315	95.6439596383
1515	125	5318	95.5816955495
1516	130	5322	95.4885482378
1517	135	5322	95.5595224039
1518	134	5328	95.5151678815
1519	138	5332	95.4678555508
1520	133	5336	95.3926504931
1521	138	5343	95.4065214235
1522	140	5346	95.3308475371
1523	141	5352	95.3518897498
1524	140	5359	95.4249922795
1525	136	5364	95.3605222792
1526	137	5364	95.3042700132
1527	142	5366	95.3814517312
1528	145	5367	95.4259844413
1529	149	5371	95.4751183719
1530	144	5376	95.5485301745
1531	139	5379	95.6309691578
1532	141	5385	95.678492503
1533	145	5389	95.7699694095
1534	142	5390	95.6852338291
1535	145	5393	95.595165436
1536	149	5400	95.6513983798
1537	151	5402	95.6010239605
1538	156	5407	95.5172455431
1539	160	5412	95.5165031552
1540	156	5417	95.5712056064
1541	153	5418	95.6129490306
1542	155	5419	95.69023866
1543	150	5420	95.7834632342
1544	153	5420	95.7766233786
1545	153	5427	95.8141412223
1546	157	5430	95.7531319213
1547	152	5430	95.801942215
1548	147	5431	95.7079793284
1549	150	5438	95.7054558986
1550	152	5439	95.6906454415
1551	153	5445	95.7749014043
1552	149	5450	95.7788713663
1553	154	5454	95.7560105058
1554	153	5456	95.8026109249
1555	153	5458	95.815262625
1556	156	5459	95.8187581325
1557	158	5462	95.8810500166
1558	162	5462	95.9215066492
1559	165	5463	95.8856744438
1560	166	5464	95.8451259891
1561	168	5465	95.8394619027
1562	172	5469	95.9053553589
1563	177	5469	95.9310053999
1564	174	5471	95.9855045393
1565	179	5475	96.0494565301
1566	179	5482	95.9546087485
1567	175	5488	95.9999489817
1568	172	5495	95.9192641807
1569	169	5499	95.8414417141
1570	174	5506	95.8384350452
1571	172	5509	95.7795312653
1572	170	5509	95.8185229826
1573	170	5510	95.7649982499
1574	166	5515	95.6916445054
1575	170	5519	95.594642816
1576	170	5525	95.5953316107
1577	174	5528	95.5870745371
1578	178	5534	95.5486604118
1579	176	5534	95.6320349479
1580	173	5538	95.5821044067
1581	168	5544	95.520461909
1582	172	5550	95.4525667993
1583	172	5555	95.4155007915
1584	177	5559	95.3994137163
1585	175	5562	95.3302283897
1586	172	5563	95.275494935
1587	176	5568	95.2510723123
1588	177	5574	95.2084691714
1589	177	5576	95.2140012355
1590	176	5578	95.1606454129
1591	177	5583	95.0907098852
1592	174	5589	95.0295895042
1593	173	5592	95.0719778377
1594	177	5595	95.1604630917
1595	181	5602	95.154867779
1596	178	5605	95.1158039941
1597	181	5611	95.0282391909
1598	177	5614	94.9758371841
1599	180	5614	94.9265291368
1600	176	5616	94.8404852395
1601	181	5619	94.7461265659
1602	178	5624	94.7276827032
1603	182	5628	94.7054655611
1604	181	5631	94.6120134009
1605	181	5637	94.5576473408
1606	178	5644	94.6069281663
1607	180	5650	94.6007195707
1608	175	5655	94.5176120912
1609	171	5662	94.476430492
1610	172	5668	94.4149013506
1611	176	5668	94.373199224
1612	180	5673	94.3261763509
1613	178	5678	94.2767920578
1614	181	5684	94.3186322779
1615	185	5685	94.3389802529
1616	183	5688	94.4300612113
1617	186	5694	94.4827887049
1618	184	5700	94.4047376419
1619	180	5705	94.4792774737
1620	178	5709	94.5166697953
1621	180	5713	94.5804513452
1622	180	5720	94.4888326291
1623	177	5724	94.4921982798
1624	173	5729	94.4894551008
1625	176	5731	94.4112641205
1626	173	5737	94.4890373104
1627	172	5742	94.4466077881
1628	173	5742	94.406916059
1629	172	5747	94.4314962214
1630	171	5748	94.5128297029
1631	174	5755	94.5756157406
1632	172	5756	94.5564083044
1633	173	5760	94.6351801903
1634	170	5760	94.5590987474
1635	170	5766	94.601704982
1636	165	5772	94.636963229
1637	169	5776	94.6012666413
1638	174	5781	94.6827017046
1639	172	5784	94.6086803366
1640	174	5790	94.545788854
1641	175	5793	94.6333645432
1642	175	5796	94.6022005136
1643	175	5797	94.5798131558
1644	173	5803	94.6778231489
1645	176	5803	94.6409865187
1646	175	5806	94.6951303722
1647	179	5806	94.6443012795
1648	178	5813	94.6018330706
1649	173	5815	94.5787079678
1650	174	5821	94.6782805049
1651	170	5822	94.7513681443
1652	173	5823	94.7907254157
1653	169	5824	94.753144277
1654	172	5829	94.7643395217
1655	176	5832	94.7964123708
1656	172	5832	94.7513560225
1657	169	5832	94.7810279757
1658	165	5837	94.735030102
1659	169	5838	94.6676724644
1660	170	5839	94.6862831645
1661	167	5844	94.7113642105
1662	169	5848	94.7523360532
1663	173	5854	94.7903725941
1664	176	5861	94.7891743974
1665	181	5867	94.7274315882
1666	181	5871	94.8243896133
1667	181	5871	94.9169863482
1668	178	5877	94.945074572
1669	182	5884	94.8822428875
1670	187	5888	94.9027302187
1671	187	5891	94.9807542633
1672	186	5895	94.9957016975
1673	188	5897	95.0819493857
1674	188	5901	95.1495171554
1675	186	5907	95.0594115077
1676	184	5909	95.1427340907
1677	185	5911	95.1010003003
1678	180	5915	95.0924944736
1679	178	5919	95.1867529187
1680	179	5925	95.1528730803
1681	182	5929	95.1521563837
1682	178	5934	95.1421498743
1683	183	5941	95.1285023817
1684	186	5943	95.2210759905
1685	189	5948	95.1791549667
1686	189	5950	95.2217857791
1687	193	5955	95.1598787894
1688	190	5955	95.1002466862
1689	188	5955	95.1182820416
1690	187	5958	95.1455459955
1691	191	5959	95.1145552432
1692	195	5962	95.0669981744
1693	196	5969	95.044798012
1694	199	5974	95.0830101711
1695	197	5976	95.1566289938
1696	200	5979	95.2167515749
1697	200	5980	95.1489331561
1698	197	5980	95.1816805577
1699	199	5982	95.2507695527
1700	196	5982	95.1972431918
1701	192	5987	95.2022275541
1702	197	5987	95.1952787017
1703	200	5988	95.2866306331
1704	200	5994	95.3732544547
1705	200	5999	95.4350896954
1706	197	6004	95.5297599206
1707	198	6007	95.4500007493
1708	200	6013	95.5427639903
1709	199	6019	95.5006474348
1710	195	6019	95.5091091189
1711	199	6025	95.4185127893
1712	200	6030	95.3633830098
1713	200	6034	95.3766821417
1714	200	6039	95.2923174506
1715	200	6040	95.264241689
1716	196	6043	95.1668423922
1717	198	6044	95.1921346575
1718	198	6051	95.1808634677
1719	195	6057	95.175615644
1720	195	6061	95.194509683
1721	199	6065	95.2530092908
1722	197	6068	95.2872258911
1723	200	6068	95.3734324249
1724	195	6073	95.3507111272
1725	198	6079	95.3017755028
1726	198	6082	95.3827366201
1727	199	6083	95.366336183
1728	200	6090	95.3743040031
1729	200	6095	95.3443190739
1730	196	6102	95.3488131639
1731	199	6109	95.4216480547
1732	197	6115	95.3631438239
1733	200	6116	95.32971214
1734	200	6117	95.2906339995
1735	200	6123	95.2247748877
1736	197	6128	95.2068841952
1737	199	6134	95.2677797943
1738	196	6140	95.2014774123
1739	196	6140	95.2345883381
1740	195	6144	95.2514387205
1741	198	6150	95.1793584972
1742	200	6151	95.2711250802
1743	195	6155	95.2142761718
1744	199	6158	95.1758511924
1745	200	6165	95.1877714811
1746	200	6168	95.1415172614
1747	200	6169	95.1419101346
1748	200	6176	95.1363184127
1749	200	6176	95.0913194584
1750	195	6182	95.1474456509
1751	194	6184	95.0697509008
1752	190	6189	95.1526118952
1753	195	6193	95.0647322612
1754	194	6198	95.1386367508
1755	191	6205	95.1957514635
1756	191	6206	95.1904514599
1757	189	6206	95.2494607989
1758	186	6209	95.1739341353
1759	184	6214	95.1392088187
1760	184	6214	95.1853109028
1761	186	6215	95.1519329901
1762	184	6221	95.1323572334
1763	186	6222	95.1340808649
1764	184	6227	95.0593301771
1765	180	6232	95.1176341291
1766	178	6235	95.043798021
1767	180	6236	95.0329804274
1768	178	6239	94.9497192467
1769	177	6241	94.8823924411
1770	173	6248	94.8532710413
1771	168	6254	94.8067054832
1772	169	6259	94.7655582341
1773	169	6263	94.7427258864
1774	167	6270	94.6746115828
1775	172	6273	94.6992934546
1776	167	6280	94.605205171
1777	163	6280	94.6548368723
1778	162	6286	94.6109529187
1779	167	6286	94.5120993638
1780	162	6293	94.5522177282
1781	167	6294	94.4759418405
1782	168	6301	94.5492489965
1783	170	6308	94.5774872638
1784	165	6313	94.6720638193
1785	164	6317	94.7619621951
1786	168	6324	94.7634673517
1787	163	6328	94.7212868882
1788	161	6330	94.8187476708
1789	160	6330	94.7537993323
1790	156	6337	94.7266925143
1791	151	6340	94.6909987053
1792	156	6341	94.6595334616
1793	160	6345	94.6988093265
1794	155	6350	94.6632146317
1795	152	6355	94.6911905315
1796	148	6358	94.6442165599
1797	145	6363	94.7241305014
1798	150	6369	94.6425541986
1799	150	6372	94.6935617908
1800	153	6379	94.6252368153
1801	157	6381	94.6050283084
1802	160	6387	94.6753794507
1803	165	6394	94.6117675549
1804	165	6401	94.5380209147
1805	161	6404	94.5243549432
1806	158	6411	94.4868885332
1807	158	6414	94.4671383831
1808	160	6417	94.4612793099
1809	162	6417	94.5080235422
1810	158	6423	94.506624274
1811	155	6428	94.5632905028
1812	150	6431	94.5170085637
1813	145	6433	94.5251191533
1814	146	6438	94.6041777211
1815	149	6439	94.6271260111
1816	149	6446	94.5737853673
1817	151	6453	94.5205641939
1818	149	6455	94.4550477594
1819	145	6459	94.5152675125
1820	148	6464	94.5572994175
1821	153	6469	94.5175385193
1822	157	6471	94.4749347672
1823	158	6471	94.545424307
1824	155	6476	94.5471977559
1825	157	6480	94.5892196634
1826	162	6485	94.6763046613
1827	163	6488	94.5975199391
1828	163	6491	94.6381356886
1829	168	6496	94.6783152856
1830	164	6498	94.661866823
1831	162	6500	94.7107555402
1832	167	6500	94.7244813512
1833	167	6507	94.7159545604
1834	167	6508	94.646868315
1835	162	6508	94.5945259454
1836	166	6510	94.6615216284
1837	168	6511	94.7514993482
1838	164	6512	94.845681251
1839	164	6518	94.9308427254
1840	166	6524	94.8442391766
1841	170	6529	94.8428393574
1842	165	6530	94.938723759
1843	168	6534	94.9508591429
1844	168	6535	95.049688387
1845	173	6542	94.9918010435
1846	168	6546	95.0353062487
1847	172	6546	94.9608850384
1848	169	6547	95.0116015137
1849	173	6551	94.92858569
1850	176	6555	95.0065864793
1851	179	6561	94.9885273718
1852	177	6566	95.0342576312
1853	179	6568	95.0785632006
1854	174	6569	95.0316015924
1855	175	6571	94.9347562311
1856	176	6578	94.8792185384
1857	171	6583	94.9691944539
1858	168	6589	95.0109532875
1859	173	6589	95.0474583727
1860	176	6593	95.0787959537
1861	176	6600	95.0953671152
1862	181	6607	95.087715411
1863	185	6611	95.1623878707
1864	181	6614	95.0676502295
1865	183	6616	95.004348966
1866	187	6623	95.0719425122
1867	192	6627	95.0682682625
1868	187	6628	95.0321170503
1869	190	6633	95.0927250714
1870	189	6633	95.1140089898
1871	192	6640	95.1681203321
1872	187	6646	95.2446147809
1873	183	6646	95.1975289572
1874	185	6651	95.2621885741
1875	185	6652	95.2899690212
1876	186	6653	95.3251334785
1877	182	6657	95.2257223789
1878	187	6661	95.2777593245
1879	185	6664	95.1869886389
1880	184	6670	95.2612035083
1881	186	6673	95.2354555843
1882	182	6674	95.277533082
1883	178	6679	95.2470111333
1884	173	6684	95.3283992153
1885	176	6691	95.2994320015
1886	177	6691	95.2167348256
1887	182	6692	95.1225505876
1888	183	6699	95.0432533822
1889	188	6705	94.9483212405
1890	187	6711	94.9397510333
1891	186	6712	94.9664596792
1892	182	6715	94.9115776389
1893	179	6718	94.8707035511
1894	176	6720	94.9589500489
1895	177	6723	95.0302023574
1896	177	6727	94.978918103
1897	180	6727	94.9689435497
1898	177	6730	94.8890323793
1899	173	6733	94.9188863987
1900	178	6733	94.9784136925
1901	173	6740	94.9719982587
1902	178	6745	94.8805052066
1903	179	6747	94.9147009887
1904	184	6751	95.001962681
1905	187	6753	94.9180355228
1906	187	6753	94.9561943434
1907	189	6756	94.9313143205
1908	194	6762	94.9008434502
1909	198	6763	94.9924397796
1910	200	6763	94.901424115
1911	200	6764	94.8854222389
1912	196	6764	94.83056103
1913	191	6771	94.9160524052
1914	187	6777	94.9139187815
1915	191	6783	94.9033610951
1916	192	6788	94.8724797075
1917	188	6793	94.8211137917
1918	183	6794	94.8303461236
1919	182	6796	94.8604699185
1920	182	6798	94.8017204995
1921	181	6804	94.7146560472
1922	181	6805	94.73736563
1923	178	6808	94.7804187174
1924	182	6808	94.6921107082
1925	178	6811	94.7295247163
1926	180	6812	94.7458805579
1927	183	6818	94.6932080249
1928	179	6818	94.7401469214
1929	179	6818	94.6900948119
1930	174	6823	94.7123608972
1931	172	6830	94.7780759173
1932	167	6830	94.8525382978
1933	162	6831	94.7526990639
1934	158	6832	94.6716235577
1935	155	6839	94.587991772
1936	153	6843	94.5790740157
1937	153	6847	94.5566564758
1938	154	6847	94.5025656519
1939	154	6854	94.4293893425
1940	156	6859	94.4675842599
1941	153	6859	94.4891293651
1942	153	6865	94.5223588602
1943	154	6866	94.5048527406
1944	152	6872	94.4109156962
1945	149	6877	94.3640887699
1946	149	6879	94.3880356084
1947	146	6883	94.3798718807
1948	142	6885	94.3111394577
1949	140	6889	94.278501601
1950	135	6890	94.3198640298
1951	137	6896	94.2554123133
1952	133	6899	94.3553214914
1953	131	6902	94.2556179769
1954	127	6902	94.2100459712
1955	123	6905	94.291491564
1956	120	6912	94.2435786614
1957	116	6916	94.2451396729
1958	112	6919	94.1896290344
1959	113	6924	94.2535270462
1960	116	6927	94.2451643947
1961	120	6927	94.2325474033
1962	119	6930	94.265619053
1963	122	6930	94.2028585158
1964	122	6934	94.1139315966
1965	119	6939	94.0478133426
1966	119	6945	94.1475561686
1967	116	6947	94.1688210804
1968	112	6949	94.0866494393
1969	108	6956	94.1669700846
1970	106	6958	94.2615154255
1971	101	6960	94.3361800628
1972	105	6960	94.329926184
1973	107	6964	94.4284133253
1974	104	6965	94.3663144775
1975	106	6969	94.2800907787
1976	111	6976	94.2719155685
1977	114	6982	94.2326929618
1978	116	6988	94.2481117483
1979	120	6989	94.2597630798
1980	117	6991	94.3499177471
1981	117	6991	94.4432874375
1982	113	6994	94.4982276699
1983	118	6999	94.545225395
1984	122	7005	94.5351702889
1985	121	7005	94.5997388185
1986	123	7012	94.576411045
1987	120	7015	94.5393703387
1988	118	7019	94.5860428806
1989	123	7023	94.6431863498
1990	125	7029	94.6193532163
1991	130	7029	94.6917746293
1992	129	7031	94.7354228975
1993	125	7033	94.8150818176
1994	122	7035	94.7287391941
1995	120	7042	94.7180398846
1996	125	7046	94.6440078187
1997	121	7046	94.719753302
1998	126	7050	94.7199884989
1999	127	7054	94.7313325375
2000	132	7054	94.720680227
2001	136	7058	94.6535368485
2002	131	7060	94.6269848596
2003	126	7060	94.6700106899
2004	127	7066	94.76830673
2005	124	7068	94.7775072514
2006	121	7069	94.7200186725
2007	123	7074	94.7914843328
2008	127	7076	94.8285361175
2009	128	7080	94.8520139398
2010	131	7083	94.9199114004
2011	126	7086	94.9695024683
2012	131	7090	94.9700689764
2013	133	7092	94.9780522317
2014	134	7096	94.8888430036
2015	136	7100	94.874788863
2016	132	7100	94.8869040892
2017	129	7101	94.9157051576
2018	129	7107	94.8856261842
2019	124	7108	94.7909420277
2020	128	7115	94.7069354384
2021	128	7115	94.7326419559
2022	131	7115	94.7721756655
2023	135	7119	94.7266826842
2024	137	7126	94.6798194391
2025	139	7131	94.6928787434
2026	143	7135	94.7429281475
2027	147	7137	94.7084529831
2028	142	7137	94.760890121
2029	141	7143	94.7867961209
2030	137	7145	94.8307008921
2031	135	7152	94.92449504
2032	130	7158	94.9609212849
2033	129	7162	94.904468868
2034	124	7163	94.9068847545
2035	128	7166	94.8264160884
2036	133	7171	94.8624998754
2037	137	7175	94.8654291904
2038	135	7181	94.8081041165
2039	136	7185	94.7842931139
2040	138	7190	94.8815488598
2041	135	7195	94.9548717571
2042	140	7199	94.9767172205
2043	139	7199	94.9522833489
2044	139	7199	94.9229006654
2045	138	7200	94.9534447173
2046	143	7204	94.8555817484
2047	148	7206	94.7569150318
2048	144	7210	94.7282428639
2049	143	7213	94.7238095719
2050	138	7218	94.8182444849
2051	136	7219	94.7655110396
2052	136	7226	94.7778650698
2053	133	7229	94.8082584513
2054	132	7233	94.7788924951
2055	135	7239	94.8252801483
2056	139	7240	94.8854516514
2057	135	7245	94.8427608567
2058	135	7252	94.8272596634
2059	131	7256	94.8905202213
2060	136	7258	94.823872874
2061	135	7260	94.7790709117
2062	130	7261	94.8605430325
2063	128	7262	94.8327656411
2064	132	7264	94.7720024996
2065	132	7267	94.8288090505
2066	136	7270	94.8109577839
2067	140	7272	94.8138150804
2068	139	7278	94.7433027843
2069	144	7283	94.7773755592
2070	141	7290	94.7737718734
2071	145	7293	94.7560966412
2072	149	7294	94.8165612049
2073	150	7295	94.7744877865
2074	149	7297	94.7102760404
2075	151	7298	94.7753136908
2076	151	7304	94.8300260558
2077	153	7308	94.926286785
2078	152	7315	94.9414515144
2079	156	7321	94.8693981667
2080	153	7323	94.9359826179
2081	150	7327	94.9005772433
2082	148	7328	94.8097788933
2083	150	7333	94.8240271939
2084	154	7340	94.8045017702
2085	158	7341	94.8880130834
2086	155	7344	94.94116532
2087	153	7349	94.8470733321
2088	158	7354	94.8238912731
2089	156	7359	94.7786147543
2090	154	7362	94.7385792838
2091	150	7369	94.7654096505
2092	150	7375	94.6834726836
2093	152	7376	94.5949191979
2094	150	7378	94.5632872998
2095	150	7385	94.6632136219
2096	151	7387	94.6079780206
2097	155	7387	94.6288174846
2098	153	7387	94.7143049605
2099	148	7392	94.7592009203
2100	150	7399	94.7838924987
2101	149	7403	94.7012155013
2102	144	7404	94.778616129
2103	149	7407	94.8205185889
2104	148	7407	94.8600870962
2105	153	7408	94.8086707063
2106	158	7413	94.7853906612
2107	163	7414	94.7476178091
2108	159	7418	94.6824255648
2109	154	7424	94.6157651412
2110	152	7424	94.6596904041
2111	152	7427	94.730555164
2112	157	7434	94.7226886592
2113	152	7437	94.8145449653
2114	152	7444	94.7370807244
2115	157	7449	94.7231953862
2116	157	7451	94.8129791576
2117	160	7453	94.722035726
2118	162	7460	94.6256665395
2119	158	7461	94.6152061216
2120	155	7467	94.6408257104
2121	155	7471	94.6901326897
2122	160	7476	94.6655086178
2123	164	7480	94.7544013693
2124	163	7487	94.8091485225
2125	160	7488	94.7520527685
2126	160	7492	94.7762069223
2127	164	7494	94.760486578
2128	159	7500	94.6646635211
2129	154	7505	94.5917609143
2130	156	7510	94.5908733566
2131	158	7512	94.6438615544
2132	160	7515	94.5733184565
2133	162	7516	94.6180574837
2134	159	7521	94.7171649202
2135	154	7525	94.648235937
2136	150	7531	94.7097660065
2137	154	7536	94.6909080666
2138	157	7540	94.755356762
2139	162	7541	94.7906168866
2140	163	7546	94.6997787714
2141	168	7548	94.6891628057
2142	167	7548	94.6285226674
2143	162	7549	94.631730222
2144	161	7550	94.6034322247
2145	160	7552	94.6275007584
2146	163	7554	94.6979619933
2147	160	7555	94.6707572102
2148	160	7556	94.5988297939
2149	165	7557	94.6480169786
2150	164	7564	94.5734765722
2151	162	7569	94.5541256066
2152	161	7570	94.5870257978
2153	160	7572	94.6396133525
2154	160	7575	94.6094565892
2155	160	7579	94.5430245379
2156	160	7579	94.5409448178
2157	164	7586	94.639838535
2158	160	7586	94.6432461293
2159	164	7589	94.6671717351
2160	168	7589	94.7423037356
2161	169	7589	94.7544481843
2162	167	7590	94.8137982497
2163	167	7592	94.8535945938
2164	170	7596	94.7912835875
2165	171	7603	94.8443785094
2166	172	7605	94.785154035
2167	173	7612	94.775947845
2168	171	7616	94.7140763406
2169	176	7623	94.6853199702
2170	181	7627	94.6058928918
2171	182	7629	94.587410714
2172	177	7629	94.6324769614
2173	180	7629	94.7252377207
2174	184	7630	94.6791323455
2175	188	7633	94.6413837628
2176	186	7634	94.564745249
2177	188	7637	94.5200332105
2178	191	7644	94.577217613
2179	194	7649	94.5063750475
2180	192	7651	94.4698076926
2181	191	7657	94.5540513261
2182	189	7664	94.5056033832
2183	185	7671	94.4301466774
2184	184	7678	94.358560398
2185	187	7684	94.3432735825
2186	182	7689	94.3188075426
2187	186	7693	94.2604714678
2188	187	7699	94.2265989669
2189	188	7699	94.2565760066
2190	192	7706	94.1665924484
2191	193	7706	94.1696208334
2192	193	7707	94.1712388637
2193	197	7712	94.0888820182
2194	200	7719	94.1578340591
2195	200	7719	94.2046146641
2196	196	7723	94.2974490932
2197	191	7723	94.2313365564
2198	191	7727	94.187650867
2199	196	7730	94.1306991335
2200	200	7731	94.2019361176
2201	197	7731	94.2983441679
2202	195	7734	94.2856306399
2203	199	7739	94.1879121007
2204	198	7746	94.1850337177
2205	194	7747	94.1850326777
2206	198	7750	94.2697358854
2207	200	7750	94.1905628674
2208	200	7756	94.1126181592
2209	198	7758	94.0321566549
2210	195	7759	94.0731730335
2211	196	7760	94.1136692708
2212	198	7766	94.1323445815
2213	195	7772	94.2236844425
2214	199	7772	94.284047767
2215	200	7779	94.2113803763
2216	200	7784	94.1348116011
2217	200	7790	94.219425315
2218	197	7795	94.1199456681
2219	198	7797	94.070211576
2220	199	7804	94.0791873925
2221	196	7808	94.1599645882
2222	196	7815	94.0831038561
2223	192	7815	93.9853840511
2224	195	7818	93.9644468124
2225	194	7818	94.0522273325
2226	189	7819	94.0016610403
2227	184	7825	93.9607532878
2228	184	7830	93.9485361074
2229	181	7830	93.8825562184
2230	180	7835	93.9033628828
2231	175	7835	93.9964708066
2232	179	7841	93.984007858
2233	181	7844	93.958088193
2234	177	7850	94.0123487743
2235	173	7854	94.0398658259
2236	169	7857	94.1342305677
2237	166	7864	94.0420649385
2238	162	7870	94.0683907938
2239	162	7872	94.1280279605
2240	159	7875	94.1674324542
2241	162	7876	94.2251784995
2242	157	7882	94.272925752
2243	153	7889	94.2329679009
2244	156	7893	94.2516861519
2245	151	7893	94.2040925179
2246	148	7897	94.2165524933
2247	146	7904	94.1729764969
2248	142	7905	94.2681550864
2249	145	7908	94.3263613415
2250	150	7912	94.248804843
2251	154	7912	94.2838658084
2252	159	7914	94.3404113075
2253	156	7915	94.3579520508
2254	159	7920	94.3397829872
2255	157	7927	94.2923234445
2256	152	7927	94.2372093798
2257	148	7933	94.2378762363
2258	145	7936	94.1919942288
2259	148	7937	94.158735904
2260	151	7938	94.0796812349
2261	154	7939	93.9954085724
2262	149	7946	93.9943305069
2263	148	7952	93.9724830253
2264	147	7953	93.909873648
2265	152	7957	93.9501381485
2266	150	7960	93.9718229864
2267	148	7966	94.0178250522
2268	153	7973	94.0225136441
2269	158	7974	94.0602967594
2270	157	7978	94.0888644952
2271	153	7979	94.0961276731
2272	155	7980	94.0093881303
2273	150	7982	93.9215688851
2274	147	7985	93.9372981691
2275	152	7992	93.9395802952
2276	147	7997	93.9042712635
2277	150	8003	93.8611281507
2278	146	8010	93.900255326
2279	150	8011	93.8615543206
2280	149	8012	93.8366638286
2281	148	8018	93.8262753624
2282	151	8021	93.8273157125
2283	151	8026	93.746399072
2284	148	8030	93.8222829231
2285	143	8034	93.7792831405
2286	145	8039	93.7170368455
2287	149	8042	93.7010793693
2288	144	8048	93.6256573066
2289	139	8053	93.6908344967
2290	134	8053	93.6903362124
2291	131	8058	93.7510383196
2292	127	8062	93.7893237389
2293	132	8067	93.8836050647
2294	132	8071	93.9412704336
2295	127	8078	93.8660175894
2296	132	8085	93.813480965
2297	128	8086	93.7390041337
2298	129	8090	93.6653623744
2299	126	8096	93.59843218
2300	131	8100	93.5652136029
2301	133	8107	93.5655410747
2302	134	8112	93.5618473991
2303	138	8114	93.5953585385
2304	134	8114	93.5062958544
2305	129	8115	93.5941087025
2306	128	8121	93.4987831429
2307	126	8128	93.579165901
2308	126	8132	93.6307695094
2309	129	8134	93.6106638648
2310	124	8136	93.5368154113
2311	123	8139	93.5402431032
2312	122	8140	93.4993929572
2313	122	8143	93.5656814109
2314	126	8149	93.5214074953
2315	126	8154	93.5496492494
2316	124	8159	93.4850879749
2317	123	8166	93.4427207668
2318	125	8168	93.4603189177
2319	130	8175	93.4979558629
2320	133	8178	93.4830714729
2321	137	8183	93.4110123334
2322	140	8184	93.315297584
2323	136	8186	93.2246384555
2324	136	8186	93.1973397432
2325	132	8188	93.1366931921
2326	130	8195	93.1853093178
2327	126	8202	93.125532799
2328	130	8208	93.1904567669
2329	134	8215	93.2610818043
2330	129	8220	93.2003203614
2331	125	8224	93.1016799601
2332	129	8227	93.1986897835
2333	130	8231	93.166521854
2334	131	8238	93.1683627371
2335	136	8245	93.1369676604
2336	134	8248	93.1200636957
2337	139	8253	93.0980544742
2338	134	8260	93.0933141707
2339	136	8267	93.1192872165
2340	133	8274	93.0641690936
2341	133	8274	93.0820037474
2342	135	8276	93.0456590314
2343	134	8280	93.0794783261
2344	131	8284	92.9889516419
2345	128	8290	93.0552767922
2346	131	8293	93.0317912705
2347	136	8294	93.1255583467
2348	134	8294	93.1726054176
2349	134	8294	93.1564769558
2350	133	8296	93.1753753414
2351	135	8302	93.133090312
2352	131	8302	93.0618709997
2353	130	8308	93.0131423105
2354	125	8312	92.924836495
2355	120	8316	92.9795376921
2356	120	8318	92.9216808283
2357	115	8325	92.8447599045
2358	119	8326	92.8851962536
2359	116	8326	92.9141861721
2360	114	8329	92.8568604278
2361	112	8333	92.7644891461
2362	114	8333	92.8322756241
2363	117	8337	92.7682637974
2364	118	8338	92.8003662403
2365	116	8343	92.8148604617
2366	111	8344	92.760547935
2367	107	8349	92.678520678
2368	102	8352	92.6507519774
2369	102	8356	92.6672405989
2370	103	8360	92.7258630554
2371	104	8362	92.8056560268
2372	108	8363	92.9047973735
2373	111	8364	92.9252175784
2374	108	8364	92.9977949046
2375	110	8370	93.0659028786
2376	108	8376	92.9914766146
2377	109	8377	93.0224732675
2378	108	8383	93.023176651
2379	103	8385	93.1122672949
2380	108	8385	93.1194935922
2381	112	8388	93.1442525526
2382	110	8395	93.0961872543
2383	106	8401	93.0451332139
2384	106	8401	93.123742383
2385	109	8402	93.0939399063
2386	105	8407	93.1458597677
2387	107	8410	93.2012600834
2388	103	8417	93.1732269309
2389	100	8420	93.1448666777
2390	104	8422	93.0818674869
2391	104	8423	93.0752047688
2392	106	8425	93.118878788
2393	105	8431	93.0292471272
2394	101	8433	93.0198218647
2395	106	8439	93.039816288
2396	106	8440	92.9714640152
2397	111	8440	92.9753594703
2398	115	8446	93.05090448
2399	113	8447	92.9613312911
2400	113	8449	92.8859034922
2401	109	8455	92.889572424
2402	111	8456	92.7998635158
2403	115	8456	92.7235954888
2404	119	8461	92.8089879968
2405	124	8463	92.7346914047
2406	128	8468	92.7161855961
2407	125	8470	92.7898437809
2408	130	8474	92.8076086932
2409	131	8478	92.8079065797
2410	134	8479	92.7603160459
2411	135	8483	92.7909900634
2412	139	8487	92.8641965278
2413	141	8488	92.9207104143
2414	137	8489	92.8975009107
2415	137	8490	92.8018272391
2416	141	8496	92.8044943642
2417	138	8500	92.9040579582
2418	143	8502	92.8210900556
2419	148	8507	92.7935654568
2420	152	8514	92.816120276
2421	151	8516	92.8302718391
2422	155	8517	92.9020067397
2423	158	8520	92.9205640629
2424	153	8526	92.9373663905
2425	151	8530	92.9735885271
2426	153	8533	92.9451516245
2427	152	8534	92.8932831132
2428	155	8539	92.9474547411
2429	152	8541	92.9908508461
2430	154	8545	93.0483354929
2431	152	8546	92.9541644932
2432	149	8549	93.0151717761
2433	144	8554	93.0097353039
2434	145	8561	93.0025358379
2435	141	8566	93.0995173769
2436	145	8573	93.1831235511
2437	144	8580	93.1069809061
2438	148	8585	93.1184926372
2439	151	8590	93.1922408617
2440	151	8590	93.1759877636
2441	147	8590	93.1514707979
2442	152	8590	93.1390515787
2443	151	8592	93.1030788315
2444	154	8596	93.1393205553
2445	149	8596	93.1861457155
2446	153	8600	93.1140332822
2447	154	8601	93.1006699169
2448	159	8608	93.0021971721
2449	162	8609	92.9626388339
2450	159	8610	92.9430419506
2451	160	8612	92.9706413675
2452	164	8619	92.912284478
2453	169	8625	92.9933319489
2454	168	8632	93.0147981351
2455	166	8634	93.0281840852
2456	167	8635	93.0192788853
2457	165	8642	93.0864971838
2458	166	8644	93.0570356499
2459	161	8646	93.0319094223
2460	159	8648	93.1115210719
2461	160	8654	93.0602241304
2462	158	8661	93.0387134298
2463	156	8666	93.0533826411
2464	160	8671	93.0942901927
2465	155	8678	93.036683364
2466	159	8679	92.9415359972
2467	158	8679	92.9297119512
2468	159	8683	92.9941603016
2469	154	8687	92.9291052793
2470	154	8691	92.8473783236
2471	157	8692	92.9092460516
2472	157	8692	92.9108975431
2473	159	8699	92.9755055274
2474	161	8701	92.9937212385
2475	156	8706	92.9063077734
2476	160	8712	92.8276055273
2477	157	8714	92.8076043473
2478	153	8720	92.8599512173
2479	154	8727	92.9232131476
2480	158	8734	92.988647935
2481	161	8735	92.9248062963
2482	156	8736	92.92798944
2483	155	8737	93.0064944389
2484	160	8738	92.9533371501
2485	165	8743	92.8739733332
2486	161	8748	92.8328011049
2487	166	8752	92.7493809651
2488	171	8753	92.8456048141
2489	172	8753	92.8239667809
2490	174	8759	92.8184329394
2491	171	8764	92.7964042945
2492	175	8768	92.7870148679
2493	172	8769	92.8672993509
2494	177	8774	92.8526637138
2495	172	8781	92.8274606594
2496	168	8786	92.8577399956
2497	171	8791	92.862206559
2498	171	8792	92.86233753
2499	176	8798	92.9315078015
2500	171	8800	92.839610183
2501	170	8806	92.7671544477
2502	165	8810	92.7303403635
2503	165	8817	92.797550666
2504	164	8824	92.8691534434
2505	169	8829	92.8743573328
2506	173	8831	92.8098474704
2507	173	8831	92.8515028833
2508	176	8838	92.841501868
2509	176	8843	92.8849440339
2510	171	8848	92.9113415973
2511	175	8849	92.9629072535
2512	170	8852	92.9381208345
2513	165	8853	92.9018553917
2514	161	8858	92.9561520166
2515	165	8859	92.9385508045
2516	170	8862	92.9867838942
2517	168	8862	93.0164746088
2518	172	8865	92.9666411964
2519	171	8870	93.0387241367
2520	171	8876	92.9758998484
2521	174	8878	92.9270187291
2522	174	8881	92.8612257792
2523	169	8883	92.9114067923
2524	165	8889	92.8118253119
2525	170	8893	92.8689017922
2526	173	8894	92.85713755
2527	176	8898	92.8532747501
2528	172	8905	92.8865918732
2529	177	8905	92.8000217378
2530	181	8905	92.7883258697
2531	182	8908	92.8839880183
2532	183	8912	92.8642524114
2533	188	8912	92.9168877643
2534	189	8917	92.9393475659
2535	184	8917	93.0377665402
2536	179	8920	93.0584929791
2537	181	8926	93.0580832712
2538	179	8929	93.000176446
2539	182	8930	93.0018972665
2540	178	8934	93.0633993194
2541	178	8937	93.1151601169
2542	174	8943	93.2069050745
2543	172	8950	93.195911901
2544	167	8956	93.135400906
2545	169	8959	93.2329124392
2546	165	8959	93.2500147148
2547	165	8960	93.1904812607
2548	169	8963	93.2806305935
2549	170	8966	93.3249117911
2550	174	8969	93.403008926
2551	179	8974	93.391267524
2552	183	8980	93.3691579209
2553	179	8982	93.4586254009
2554	178	8984	93.4649516718
2555	177	8989	93.4625123729
2556	177	8989	93.457924113
2557	172	8996	93.361826238
2558	168	8998	93.428559624
2559	169	9004	93.3813719886
2560	169	9011	93.4262288971
2561	173	9013	93.4744773825
2562	177	9020	93.5032148346
2563	179	9021	93.5915256845
2564	174	9021	93.5035910838
2565	179	9027	93.4752101
2566	176	9029	93.4114619651
2567	175	9031	93.3538806841
2568	176	9036	93.3154248523
2569	177	9038	93.2704092993
2570	175	9038	93.1837797976
2571	170	9038	93.1094312353
2572	168	9039	93.1475620255
2573	172	9043	93.205308284
2574	177	9047	93.2205606199
2575	180	9050	93.2342537214
2576	181	9050	93.2700207866
2577	181	9051	93.1867323828
2578	178	9057	93.2143061835
2579	175	9063	93.2529324376
2580	177	9063	93.2306511796
2581	172	9065	93.1918717909
2582	167	9066	93.2487106873
2583	165	9073	93.2868155485
2584	167	9073	93.3393427389
2585	163	9076	93.3850461214
2586	159	9079	93.4688514616
2587	154	9080	93.5147647638
2588	154	9082	93.4481364825
2589	155	9084	93.3918065204
2590	160	9087	93.4866359744
2591	159	9088	93.3936301602
2592	157	9090	93.43340209
2593	160	9094	93.3659694817
2594	155	9101	93.3675011813
2595	157	9107	93.4105791846
2596	159	9114	93.4763235184
2597	158	9119	93.5657370396
2598	162	9123	93.4989108735
2599	161	9125	93.4778183273
2600	164	9127	93.5644782515
2601	167	9134	93.4928355079
2602	164	9136	93.5886037065
2603	165	9137	93.4918530906
2604	169	9143	93.5777538884
2605	167	9145	93.5377132879
2606	162	9145	93.5055862967
2607	157	9148	93.4194082245
2608	161	9155	93.4557467947
2609	161	9162	93.4731173243
2610	157	9169	93.4430054054
2611	159	9176	93.5363397758
2612	164	9181	93.5126476656
2613	163	9186	93.5920935342
2614	167	9188	93.6705832008
2615	162	9192	93.7311593674
2616	158	9199	93.7615760431
2617	154	9201	93.8125936432
2618	153	9208	93.8628342889
2619	151	9209	93.9320554757
2620	151	9211	93.9179270645
2621	156	9214	93.9276337442
2622	161	9221	94.005223348
2623	157	9225	94.0162998028
2624	157	9230	93.9931540517
2625	159	9231	93.8957119254
2626	161	9231	93.9043864139
2627	159	9236	93.9464189527
2628	160	9240	93.9812863456
2629	156	9240	93.9790950363
2630	157	9243	93.8916980261
2631	155	9243	93.9087459218
2632	150	9249	93.8432040097
2633	151	9254	93.7593165721
2634	146	9255	93.7450351148
2635	151	9258	93.8091120919
2636	150	9260	93.8712667733
2637	155	9266	93.9055776718
2638	152	9272	93.8559761279
2639	149	9278	93.8589381816
2640	153	9285	93.932556784
2641	157	9290	94.0177427563
2642	162	9295	93.935193046
2643	162	9301	93.85585264
2644	166	9302	93.7706597309
2645	170	9305	93.8475412436
2646	165	9308	93.926653897
2647	163	9314	93.8805903133
2648	163	9317	93.8191933967
2649	161	9320	93.8555682228
2650	160	9323	93.8272310048
2651	159	9327	93.7656350838
2652	164	9334	93.8545604818
2653	161	9338	93.7633042143
2654	166	9343	93.8516132117
2655	163	9350	93.8547621363
2656	163	9357	93.8263042639
2657	159	9363	93.76861059
2658	157	9365	93.7000396238
2659	155	9366	93.6045816477
2660	158	9366	93.6683233839
2661	163	9366	93.7264001087
2662	165	9366	93.785730724
2663	170	9369	93.7186791113
2664	166	9374	93.7767260396
2665	161	9374	93.7312133256
2666	164	9377	93.6340488931
2667	159	9378	93.7126719551
2668	157	9379	93.7147523045
2669	156	9381	93.7412110057
2670	153	9387	93.7848110866
2671	151	9390	93.8239906468
2672	152	9392	93.9030976456
2673	153	9399	93.947269487
2674	156	9404	93.8733829762
2675	157	9405	93.8963261238
2676	161	9407	93.8314573062
2677	166	9407	93.8511376667
2678	165	9407	93.8066090935
2679	168	9414	93.7577646391
2680	164	9417	93.7277292079
2681	159	9419	93.7359348128
2682	155	9424	93.6370581382
2683	159	9427	93.6291734278
2684	156	9434	93.656235906
2685	160	9439	93.6245723946
2686	165	9445	93.6515872831
2687	169	9445	93.7075173249
2688	164	9446	93.7990597941
2689	163	9450	93.7247169633
2690	162	9452	93.7338157686
2691	160	9452	93.7772469001
2692	160	9458	93.8465327548
2693	162	9461	93.8175602203
2694	163	9468	93.8383236436
2695	164	9469	93.8859213841
2696	161	9471	93.787189612
2697	160	9473	93.8251598901
2698	156	9476	93.8744595891
2699	154	9480	93.9740523733
2700	154	9482	93.8872528283
2701	149	9488	93.930354639
2702	154	9494	93.8875249249
2703	152	9495	93.8488179702
2704	155	9500	93.9437346566
2705	155	9502	93.9473809878
2706	159	9504	94.0165893734
2707	162	9511	93.9951038903
2708	161	9517	93.9268615117
2709	161	9517	93.8301879377
2710	157	9518	93.7969901926
2711	153	9524	93.7776472816
2712	151	9530	93.7041579082
2713	152	9536	93.6681495481
2714	156	9541	93.6358564035
2715	161	9544	93.7328656887
2716	165	9550	93.7612837521
2717	164	9552	93.8483277655
2718	168	9557	93.920886176
2719	173	9559	93.8429725696
2720	177	9565	93.8221384077
2721	175	9565	93.9127189448
2722	170	9571	93.9599941781
2723	171	9577	94.0290082864
2724	171	9582	94.0724239048
2725	169	9583	94.1682782524
2726	168	9590	94.07879448
2727	172	9593	94.1190041439
2728	175	9598	94.1821016092
2729	174	9600	94.2464241976
2730	169	9603	94.2567498652
2731	169	9604	94.2552332756
2732	171	9610	94.293562485
2733	169	9611	94.2383582354
2734	167	9615	94.2424520096
2735	167	9618	94.2430538051
2736	164	9618	94.164761185
2737	165	9621	94.1859239607
2738	160	9627	94.1091795125
2739	165	9632	94.1769995561
2740	168	9633	94.1339682688
2741	172	9635	94.0634613046
2742	175	9641	93.9908746477
2743	173	9647	94.022087354
2744	178	9651	94.0887511796
2745	179	9655	94.0963662665
2746	182	9656	94.1705028805
2747	183	9663	94.2017727377
2748	182	9669	94.2895393018
2749	178	9669	94.3520852194
2750	173	9674	94.3057128676
2751	174	9679	94.2812646729
2752	177	9683	94.2493557152
2753	178	9689	94.2255243783
2754	178	9692	94.2639129571
2755	181	9699	94.1754685635
2756	180	9705	94.1759152811
2757	176	9710	94.2734852198
2758	180	9715	94.3621920363
2759	181	9717	94.4046956109
2760	181	9718	94.4629945081
2761	179	9725	94.4425634088
2762	183	9728	94.3460204667
2763	183	9730	94.314332653
2764	180	9733	94.4079351811
2765	179	9739	94.4776616995
2766	174	9739	94.5089790408
2767	175	9743	94.5035067373
2768	174	9748	94.424604942
2769	174	9750	94.3714657116
2770	173	9750	94.3313048743
2771	174	9756	94.4252960839
2772	175	9760	94.489521361
2773	174	9765	94.5121111089
2774	171	9767	94.5249596676
2775	175	9772	94.5418027823
2776	173	9779	94.623583469
2777	176	9780	94.7152979274
2778	177	9782	94.7345028687
2779	177	9783	94.8176726872
2780	172	9787	94.8757393533
2781	177	9789	94.9449436258
2782	177	9796	94.9691178757
2783	176	9799	95.0004757072
2784	175	9801	95.0294609903
2785	177	9804	95.0170487901
2786	181	9809	95.1047726737
2787	176	9815	95.0216394813
2788	181	9821	94.9669653633
2789	180	9824	94.990581025
2790	175	9825	95.0407921642
2791	172	9825	95.1390286421
2792	177	9826	95.1660857464
2793	182	9829	95.0874307301
2794	178	9833	95.1828007079
2795	176	9837	95.2493578849
2796	177	9838	95.2963447971
2797	174	9842	95.3350808204
2798	170	9846	95.3432887919
2799	173	9846	95.2871900946
2800	178	9853	95.2103168925
2801	175	9855	95.1598165245
2802	172	9857	95.2448602583
2803	167	9862	95.2945906527
2804	162	9862	95.3380632631
2805	158	9868	95.4380321093
2806	161	9875	95.3759808869
2807	161	9876	95.3099438591
2808	163	9879	95.3095538323
2809	160	9882	95.2362266489
2810	156	9888	95.1590261754
2811	157	9891	95.1030067803
2812	162	9895	95.1791125438
2813	161	9898	95.1322990158
2814	166	9899	95.0628935122
2815	163	9904	95.0092282819
2816	158	9907	95.0773840929
2817	157	9908	95.111138922
2818	152	9908	95.1603878832
2819	150	9915	95.0946762959
2820	152	9919	94.9980701368
2821	156	9926	95.0272831373
2822	158	9930	95.1271096552
2823	163	9932	95.2215351181
2824	158	9938	95.2325877312
2825	159	9939	95.3274382281
2826	156	9942	95.3672131096
2827	158	9947	95.4589832505
2828	162	9953	95.3790031016
2829	167	9960	95.4139775912
2830	164	9961	95.4819502851
2831	169	9968	95.4262979359
2832	173	9968	95.4346911752
2833	175	9971	95.468850648
2834	175	9974	95.52424148
2835	180	9977	95.5745243679
2836	176	9982	95.5978689317
2837	178	9989	95.6566433962
2838	178	9991	95.629878256
2839	181	9995	95.6371932387
2840	185	9999	95.6177492334
2841	185	10005	95.604414649
2842	183	10011	95.6371410122
2843	183	10015	95.6449605653
2844	179	10019	95.5831056733
2845	175	10022	95.5614413651
2846	180	10026	95.6138138273
2847	182	10027	95.6601129801
2848	184	10032	95.5737429295
2849	187	10032	95.6478839721
2850	190	10032	95.7190393719
2851	190	10033	95.6985994975
2852	193	10038	95.7548077904
2853	192	10041	95.7357374539
2854	195	10042	95.7328944396
2855	198	10044	95.7590048209
2856	193	10050	95.8465108112
2857	194	10054	95.8211581502
2858	195	10054	95.90439396
2859	194	10056	95.8867267706
2860	197	10058	95.8735875469
2861	192	10058	95.9281764009
2862	191	10061	95.9069692054
2863	194	10064	95.9594210587
2864	195	10067	96.0026768212
2865	199	10069	95.9052481583
2866	200	10073	95.9506278343
2867	196	10078	95.9484046573
2868	193	10080	95.9700818606
2869	196	10080	96.0003686886
2870	199	10083	95.9397716122
2871	196	10088	95.9797484412
2872	199	10095	96.0048942644
2873	200	10100	96.0707573816
2874	200	10102	96.0394564855
2875	200	10106	95.9403882074
2876	197	10107	95.9565786865
2877	195	10110	95.9745483047
2878	192	10110	95.9736292435
2879	187	10117	96.0179135376
2880	188	10123	95.9516354509
2881	186	10124	95.9298171066
2882	190	10128	95.9324847038
2883	195	10129	95.890567018
2884	199	10129	95.8386796295
2885	200	10134	95.7597291728
2886	199	10134	95.8097931979
2887	200	10138	95.8619956792
2888	196	10143	95.8121013284
2889	200	10150	95.7604162683
2890	196	10153	95.7215105507
2891	195	10153	95.7018851983
2892	193	10155	95.7907968079
2893	188	10161	95.709729437
2894	190	10161	95.7400682073
2895	185	10166	95.6678605357
2896	184	10166	95.6928824611
2897	181	10172	95.7195508256
2898	178	10174	95.7307679795
2899	181	10177	95.751557464
2900	179	10183	95.8196433885
2901	178	10186	95.8978722737
2902	182	10190	95.8332833499
2903	177	10194	95.8158244674
2904	174	10195	95.9015881307
2905	172	10200	95.8044041841
2906	177	10201	95.7440829906
2907	182	10201	95.6577916824
2908	184	10208	95.5611005624
2909	179	10210	95.5686472505
2910	175	10210	95.6597707072
2911	180	10214	95.6983973681
2912	176	10218	95.789721863
2913	173	10223	95.6947861089
2914	171	10229	95.6497682889
2915	172	10232	95.6857948308
2916	175	10239	95.6765190939
2917	171	10245	95.6174076597
2918	176	10245	95.7096311417
2919	175	10249	95.6482059222
2920	178	10253	95.5868079636
2921	182	10259	95.6371668544
2922	184	10259	95.6173924306
2923	182	10264	95.5200149678
2924	180	10267	95.5951777897
2925	179	10272	95.6501796469
2926	179	10272	95.6965509189
2927	177	10276	95.7619921459
2928	180	10283	95.7584947405
2929	184	10287	95.7515842333
2930	186	10288	95.712363309
2931	181	10288	95.6536829376
2932	178	10295	95.7280412876
2933	183	10299	95.7621022389
2934	182	10301	95.8000598034
2935	178	10306	95.8053329873
2936	173	10311	95.8942950523
2937	173	10313	95.8262233801
2938	175	10313	95.8703838281
2939	176	10314	95.9427828726
2940	171	10321	95.97489834
2941	173	10324	96.0621563507
2942	175	10327	96.0518125917
2943	170	10331	96.1364210683
2944	166	10334	96.1933415623
2945	168	10338	96.2895668333
2946	164	10341	96.2383482441
2947	162	10342	96.2754018559
2948	157	10346	96.2618168923
2949	162	10352	96.2103669431
2950	166	10356	96.2647357674
2951	163	10360	96.2700195832
2952	165	10366	96.3694734089
2953	163	10369	96.3787042187
2954	168	10376	96.4730661022
2955	163	10380	96.4366968365
2956	167	10382	96.497114917
2957	172	10388	96.5005682536
2958	174	10394	96.577215614
2959	176	10400	96.6597642028
2960	175	10402	96.7437832824
2961	174	10408	96.7343417458
2962	172	10414	96.6600834506
2963	168	10416	96.6138349786
2964	170	10422	96.5184805976
2965	171	10427	96.4503492645
2966	168	10434	96.4024627919
2967	167	10437	96.3849541374
2968	172	10443	96.3109021669
2969	171	10447	96.4084189619
2970	170	10453	96.4358353929
2971	172	10453	96.3491735925
2972	171	10457	96.2766151035
2973	175	10457	96.2017262884
2974	171	10458	96.2425365964
2975	175	10463	96.2346681637
2976	176	10467	96.153022886
2977	178	10470	96.1844374391
2978	180	10474	96.0886544879
2979	183	10481	96.1673572273
2980	178	10485	96.1665301919
2981	182	10489	96.2487244665
2982	179	10492	96.2186918479
2983	184	10494	96.3009144558
2984	180	10496	96.2069703499
2985	184	10496	96.1101972818
2986	182	10499	96.1353183057
2987	184	10504	96.107837624
2988	180	10508	96.1060809798
2989	185	10509	96.1849000664
2990	190	10511	96.0865502927
2991	187	10513	96.0828077012
2992	185	10520	96.1234884846
2993	185	10525	96.1655911669
2994	183	10530	96.2619353767
2995	184	10533	96.2447309563
2996	180	10539	96.2803427825
2997	175	10544	96.3218357652
2998	179	10544	96.3516306675
2999	174	10551	96.2632416343
3000	177	10558	96.1825795576
3001	173	10558	96.1649372286
3002	172	10562	96.2197317533
3003	170	10569	96.2625897156
3004	174	10569	96.2495658894
3005	170	10571	96.2147727778
3006	173	10573	96.1879076544
3007	174	10578	96.1363618942
3008	169	10585	96.1370359515
3009	169	10589	96.1850042207
3010	165	10590	96.1869103481
3011	167	10592	96.2288962968
3012	164	10599	96.1769401158
3013	159	10602	96.2678853628
3014	164	10603	96.3220687402
3015	167	10603	96.4150580397
3016	171	10606	96.4454539911
3017	176	10610	96.5340010631
3018	177	10617	96.6063153328
3019	178	10622	96.6113553539
3020	180	10628	96.5834066281
3021	184	10629	96.591451662
3022	181	10631	96.5181827561
3023	186	10636	96.5040163401
3024	189	10640	96.4057031488
3025	187	10644	96.353871616
3026	187	10650	96.353390864
3027	190	10652	96.3826732511
3028	190	10652	96.3002120775
3029	191	10653	96.3460325429
3030	187	10653	96.400651738
3031	186	10657	96.3468913487
3032	185	10661	96.2620931787
3033	180	10663	96.2559531629
3034	185	10666	96.2756577941
3035	190	10673	96.3109685252
3036	187	10678	96.3937888513
3037	182	10681	96.3193256899
3038	184	10684	96.2528547294
3039	184	10687	96.3474127397
3040	186	10690	96.3584949839
3041	184	10696	96.268988705
3042	184	10696	96.2258552883
3043	189	10702	96.2581379508
3044	188	10707	96.2605805061
3045	187	10713	96.3267255065
3046	192	10714	96.2289489869
3047	190	10717	96.1936637524
3048	187	10724	96.148239215
3049	185	10727	96.1771407117
3050	189	10731	96.1972875842
3051	187	10735	96.2406981464
3052	186	10735	96.2297537304
3053	190	10736	96.2823894609
3054	189	10739	96.208053917
3055	191	10746	96.1233099347
3056	193	10753	96.0891254373
3057	198	10760	96.1449900418
3058	193	10761	96.2012401336
3059	192	10765	96.1474454276
3060	191	10767	96.2399125116
3061	193	10770	96.1591809311
3062	188	10773	96.076694787
3063	193	10774	96.0141772698
3064	198	10777	96.0152870055
3065	200	10778	95.9867932421
3066	200	10783	96.0127683885
3067	199	10787	95.9372790738
3068	200	10787	96.0322878285
3069	200	10793	96.0576417846
3070	200	10799	96.0578679572
3071	200	10806	96.1085716043
3072	198	10807	96.0515193103
3073	197	10808	96.1426500651
3074	197	10810	96.1383797641
3075	192	10813	96.1848066472
3076	197	10816	96.1980601358
3077	197	10816	96.1656852239
3078	196	10819	96.1311004575
3079	197	10821	96.0758733146
3080	196	10827	96.0160844507
3081	196	10831	96.1048242963
3082	200	10838	96.0957271858
3083	200	10843	96.1269332979
3084	200	10844	96.1231232654
3085	197	10846	96.1455555891
3086	200	10853	96.0944261457
3087	199	10854	96.094356474
3088	198	10857	96.0652003813
3089	199	10857	95.9854356602
3090	200	10860	95.9516124834
3091	195	10862	96.0513764074
3092	195	10865	96.1008723706
3093	200	10870	96.1176539792
3094	199	10875	96.1510091821
3095	200	10880	96.2369875108
3096	200	10883	96.3273024949
3097	200	10888	96.3512111994
3098	196	10891	96.2643233188
3099	194	10893	96.2638438995
3100	191	10899	96.2969155219
3101	194	10899	96.2539173391
3102	193	10902	96.2428602723
3103	193	10905	96.310342948
3104	192	10911	96.307310952
3105	187	10918	96.3667203915
3106	190	10925	96.3503238979
3107	194	10926	96.4095984911
3108	193	10927	96.3503995609
3109	196	10932	96.3296945739
3110	195	10938	96.3465956167
3111	190	10939	96.3850889507
3112	191	10939	96.2976901866
3113	194	10942	96.3557618121
3114	191	10944	96.3919301091
3115	195	10950	96.33979394
3116	195	10954	96.41104697
3117	190	10956	96.493120207
3118	193	10960	96.4516438994
3119	197	10967	96.4751797263
3120	198	10969	96.4727533435
3121	200	10974	96.560803654
3122	200	10974	96.6086702459
3123	198	10979	96.5150365356
3124	194	10979	96.4847120686
3125	193	10983	96.4803747372
3126	195	10986	96.5671603518
3127	191	10989	96.4998722739
3128	195	10991	96.516216365
3129	195	10996	96.430766901
3130	192	11001	96.3361987618
3131	188	11007	96.413296603
3132	193	11012	96.4067587475
3133	189	11017	96.362348323
3134	186	11017	96.4049930175
3135	181	11019	96.4804376799
3136	183	11021	96.3853375163
3137	187	11026	96.2930327453
3138	184	11031	96.2606160289
3139	185	11035	96.2511870959
3140	185	11040	96.2185027502
3141	187	11046	96.2424587653
3142	184	11046	96.3074817437
3143	183	11047	96.4026376207
3144	183	11054	96.3981955829
3145	183	11061	96.3275464917
3146	181	11068	96.3949069422
3147	178	11071	96.3376983783
3148	182	11075	96.3294444865
3149	181	11076	96.3178490091
3150	181	11083	96.3214462245
3151	182	11088	96.350515095
3152	187	11092	96.4376571915
3153	186	11098	96.4775091011
3154	181	11105	96.5211178381
3155	179	11110	96.6022550838
3156	175	11111	96.623967673
3157	180	11118	96.5620725759
3158	181	11124	96.5786302995
3159	180	11124	96.5820192993
3160	179	11131	96.6692127359
3161	175	11134	96.6464443586
3162	175	11139	96.724341982
3163	171	11144	96.6348477551
3164	175	11144	96.6161112588
3165	171	11146	96.6704729855
3166	173	11151	96.6622953541
3167	177	11151	96.6665126586
3168	180	11151	96.5680447158
3169	181	11158	96.6132236552
3170	184	11163	96.5533942874
3171	187	11167	96.6025269652
3172	192	11168	96.5238971499
3173	191	11173	96.457327407
3174	186	11176	96.38611971
3175	186	11182	96.3209134722
3176	188	11188	96.377601796
3177	192	11190	96.368314949
3178	190	11196	96.4570453815
3179	195	11203	96.3670726399
3180	199	11206	96.348119868
3181	197	11207	96.4286296428
3182	192	11208	96.4572629802
3183	190	11211	96.4642540527
3184	195	11211	96.5500328852
3185	198	11212	96.5712301324
3186	200	11213	96.5110284136
3187	200	11218	96.440461333
3188	200	11220	96.4718852208
3189	200	11225	96.515509151
3190	200	11228	96.4401739225
3191	196	11232	96.4702258388
3192	200	11234	96.3809306356
3193	200	11235	96.3019705647
3194	198	11237	96.3561533454
3195	198	11238	96.4346755734
3196	197	11240	96.3818236191
3197	194	11243	96.4684992481
3198	190	11246	96.5671563209
3199	195	11253	96.5374517578
3200	193	11260	96.5051807381
3201	189	11267	96.4434627803
3202	191	11269	96.3684190043
3203	192	11273	96.450756107
3204	192	11273	96.5212663
3205	188	11273	96.5238088893
3206	184	11277	96.4669618287
3207	188	11284	96.3691508559
3208	186	11290	96.308057856
3209	188	11290	96.283092654
3210	190	11294	96.2447570939
3211	191	11299	96.2479474334
3212	193	11304	96.3113433364
3213	195	11311	96.3309441298
3214	190	11313	96.3168872189
3215	186	11313	96.2460382281
3216	188	11315	96.3238590808
3217	190	11317	96.3766565279
3218	186	11322	96.4023249673
3219	190	11329	96.4472360611
3220	193	11332	96.3581689851
3221	189	11332	96.3126754651
3222	191	11333	96.3155784626
3223	196	11336	96.4016525257
3224	200	11337	96.4338866756
3225	196	11341	96.5116037227
3226	191	11345	96.6049163149
3227	194	11352	96.5375759371
3228	196	11354	96.5608189687
3229	200	11355	96.593737037
3230	200	11361	96.6348642776
3231	197	11364	96.5411277984
3232	197	11366	96.4594471715
3233	200	11371	96.5203907323
3234	195	11376	96.4785368878
3235	198	11377	96.3859464028
3236	199	11380	96.3646879692
3237	196	11384	96.4092871698
3238	198	11386	96.3274053829
3239	196	11392	96.2941365071
3240	196	11392	96.2890957733
3241	197	11394	96.2699777926
3242	196	11400	96.2652295348
3243	200	11402	96.3056576405
3244	197	11409	96.2357214201
3245	196	11412	96.1404325047
3246	200	11417	96.1745638014
3247	200	11421	96.0773684186
3248	200	11425	96.0481059913
3249	200	11426	96.0706079755
3250	200	11430	96.0683654052
3251	200	11437	95.9793892962
3252	199	11437	95.8989865799
3253	198	11438	95.8758272137
3254	196	11438	95.7815238854
3255	191	11438	95.8510052057
3256	192	11443	95.9115466645
3257	188	11445	95.8980869434
3258	188	11450	95.9834051628
3259	188	11450	95.9467896626
3260	190	11457	95.9189880906
3261	194	11459	95.8574726747
3262	196	11460	95.7886141031
3263	200	11461	95.8693313413
3264	200	11466	95.7699706612
3265	195	11470	95.8338203153
3266	196	11474	95.8520867311
3267	192	11481	95.9472862571
3268	189	11487	96.0241479044
3269	189	11492	96.123568129
3270	188	11492	96.0528267475
3271	184	11498	96.1479178646
3272	186	11502	96.2233359287
3273	186	11505	96.2208825957
3274	189	11506	96.2307778667
3275	192	11509	96.2980993051
3276	196	11510	96.2859382857
3277	196	11514	96.2271303271
3278	195	11515	96.2508671761
3279	200	11517	96.1787990881
3280	200	11519	96.1964457921
3281	199	11523	96.1540083431
3282	200	11528	96.2164207496
3283	195	11532	96.1821902701
3284	192	11535	96.2148134369
3285	194	11542	96.1441767626
3286	190	11548	96.1702940079
3287	188	11554	96.1413235495
3288	193	11557	96.1239326553
3289	193	11561	96.0665541873
3290	198	11561	96.1562350624
3291	200	11562	96.1359723479
3292	200	11569	96.0587845708
3293	200	11572	96.108635968
3294	197	11575	96.0802101761
3295	196	11579	96.0122668662
3296	198	11586	96.0677266275
3297	200	11588	96.1326950329
3298	200	11592	96.0644912527
3299	198	11596	96.1036416089
3300	199	11597	96.2002754122
3301	200	11600	96.1745689643
3302	198	11604	96.1505202811
3303	194	11604	96.102376869
3304	198	11607	96.0297862067
3305	198	11610	95.980212575
3306	193	11611	96.0722969309
3307	191	11618	96.0917469458
3308	194	11620	96.0569319061
3309	195	11624	96.1272943982
3310	195	11630	96.1270544908
3311	195	11636	96.1756342974
3312	198	11638	96.0964510788
3313	200	11639	96.1070398821
3314	196	11641	96.1302064325
3315	199	11642	96.0911046328
3316	195	11645	96.0080504826
3317	199	11645	95.939552057
3318	200	11646	96.0000864883
3319	195	11649	96.0725327356
3320	193	11651	96.1265205918
3321	191	11652	96.0948763774
3322	188	11652	96.1427197627
3323	191	11655	96.1924829831
3324	196	11657	96.2638075298
3325	192	11661	96.2400287275
3326	190	11667	96.2284223354
3327	186	11667	96.2531088764
3328	191	11668	96.2899077072
3329	187	11669	96.2765297658
3330	183	11669	96.2297407991
3331	182	11671	96.1842586094
3332	178	11675	96.1812140933
3333	179	11678	96.1003012088
3334	177	11681	96.0357228038
3335	176	11681	96.0471516313
3336	175	11682	95.9576744862
3337	172	11684	95.8915483362
3338	173	11691	95.8059952911
3339	169	11692	95.886843105
3340	171	11693	95.9526483233
3341	175	11699	95.960634456
3342	180	11701	95.9480043755
3343	177	11706	95.8980677352
3344	178	11710	95.9449028303
3345	177	11717	95.9361167416
3346	177	11723	95.9489473217
3347	172	11724	95.9651342368
3348	175	11729	95.9541415882
3349	179	11731	95.8965189614
3350	176	11732	95.8790705834
3351	173	11732	95.9325836098
3352	170	11738	95.8807879809
3353	171	11745	95.7915479415
3354	166	11745	95.7628061237
3355	165	11748	95.6632625254
3356	168	11755	95.5755683286
3357	167	11757	95.6479375883
3358	167	11762	95.673491588
3359	165	11767	95.7267474942
3360	163	11774	95.7864017062
3361	167	11780	95.8669184035
3362	164	11787	95.7788829261
3363	168	11788	95.84904696
3364	170	11793	95.8022654643
3365	165	11795	95.8241577482
3366	165	11798	95.8444857383
3367	169	11804	95.8413460339
3368	173	11804	95.7853544322
3369	170	11810	95.8637281351
3370	173	11813	95.8857030774
3371	175	11813	95.8344076002
3372	171	11815	95.922657313
3373	168	11816	95.9510443391
3374	167	11819	96.0144163509
3375	164	11820	96.0533314851
3376	162	11824	96.070945158
3377	158	11829	95.9793533113
3378	159	11834	96.0071130345
3379	164	11838	96.1046804571
3380	162	11839	96.1281770086
3381	157	11840	96.1477168439
3382	158	11847	96.0734444656
3383	157	11847	96.08347545
3384	152	11851	96.0217259572
3385	155	11856	95.9298519924
3386	151	11861	95.8395700826
3387	156	11866	95.7428362902
3388	160	11868	95.6870108448
3389	157	11869	95.7444008765
3390	156	11873	95.8283561404
3391	159	11876	95.7662990015
3392	159	11883	95.8653465018
3393	156	11890	95.9212638024
3394	161	11895	95.8977226802
3395	159	11895	95.9729811602
3396	157	11897	95.9291459004
3397	155	11901	95.922662376
3398	152	11906	95.9780281601
3399	157	11913	95.9930189185
3400	152	11918	96.0929759906
3401	154	11919	96.135353743
3402	152	11923	96.199029461
3403	154	11923	96.2269843101
3404	159	11924	96.2909265696
3405	160	11931	96.2940101447
3406	164	11933	96.2899965961
3407	161	11937	96.2086469592
3408	163	11938	96.112332811
3409	159	11943	96.1614281692
3410	157	11948	96.1145773491
3411	157	11954	96.1365083172
3412	157	11959	96.185224133
3413	152	11959	96.0978399774
3414	157	11965	96.0346141227
3415	155	11969	95.9918646589
3416	154	11972	96.0055121722
3417	153	11972	95.914542685
3418	155	11976	95.9052686722
3419	151	11980	95.9387180003
3420	149	11984	96.0264870951
3421	146	11989	96.0627725892
3422	147	11992	96.1471609539
3423	147	11996	96.1155685132
3424	149	12003	96.027989829
3425	150	12006	96.1026476147
3426	152	12013	96.1371092763
3427	148	12014	96.0498772979
3428	153	12019	96.012843616
3429	154	12019	95.9437131703
3430	153	12023	96.0087334834
3431	149	12023	95.9394863647
3432	146	12027	96.0270638939
3433	144	12034	96.0060573465
3434	141	12039	96.0078605015
3435	141	12039	96.0384001905
3436	137	12043	96.1251390689
3437	132	12048	96.1113522413
3438	130	12052	96.0741592278
3439	133	12052	96.0334783063
3440	132	12059	96.0575720891
3441	136	12064	96.132771801
3442	134	12065	96.1600226966
3443	131	12067	96.0759300518
3444	132	12071	96.064418636
3445	127	12077	96.1276175648
3446	123	12080	96.1178561532
3447	118	12082	96.1729883281
3448	120	12084	96.1118793702
3449	125	12085	96.0864172413
3450	130	12085	96.0397919402
3451	134	12091	95.9447981933
3452	132	12096	96.0213325198
3453	131	12096	95.992885431
3454	131	12097	95.9323986675
3455	135	12103	95.9115170616
3456	131	12110	95.8643580307
3457	131	12115	95.7813403461
3458	133	12115	95.7196484857
3459	138	12119	95.7944632512
3460	134	12119	95.7533450263
3461	136	12122	95.7109251069
3462	136	12126	95.614928415
3463	136	12129	95.6162186071
3464	141	12129	95.5598295586
3465	143	12133	95.5239544888
3466	143	12136	95.4370937178
3467	145	12142	95.4280751631
3468	144	12143	95.4671233639
3469	149	12146	95.4502748434
3470	152	12146	95.5205972217
3471	153	12152	95.4311688307
3472	152	12156	95.474877868
3473	149	12156	95.403419279
3474	153	12158	95.4288254443
3475	152	12160	95.3519116961
3476	148	12161	95.4440419567
3477	143	12162	95.5414972322
3478	148	12166	95.5336126002
3479	146	12167	95.566679691
3480	141	12169	95.5640847962
3481	143	12175	95.5263169119
3482	146	12180	95.5590091234
3483	141	12187	95.5931205314
3484	141	12190	95.566228914
3485	136	12195	95.6549473824
3486	137	12197	95.6799498823
3487	132	12202	95.7689325702
3488	135	12207	95.6906535343
3489	133	12211	95.6789539432
3490	128	12214	95.6098631661
3491	132	12217	95.6868771961
3492	137	12219	95.5883750823
3493	132	12222	95.5761405268
3494	132	12229	95.675528208
3495	127	12236	95.5906810971
3496	128	12241	95.68886922
3497	127	12242	95.765745651
3498	125	12242	95.8251800015
3499	127	12247	95.8734417759
3500	125	12253	95.9693369362
3501	121	12254	95.9264848427
3502	119	12255	95.907797362
3503	117	12261	95.8432540034
3504	115	12265	95.8701727004
3505	111	12266	95.8773542582
3506	108	12267	95.875663891
3507	112	12271	95.823811845
3508	110	12273	95.9183567147
3509	106	12279	95.8769654197
3510	103	12279	95.8187266771
3511	107	12280	95.7619030296
3512	109	12280	95.8166832011
