1	132	94.9041394687	1	1
2	131	94.834808647	4	5
3	133	94.8898582783	2	7
4	128	94.8704217569	1	8
5	131	94.9420214601	1	9
6	130	95.0025675944	1	10
7	127	94.9446132716	5	15
8	128	95.0011679265	1	16
9	123	95.0679185975	1	17
10	128	95.0528504251	6	23
11	132	95.028587617	1	24
12	127	95.0720940987	1	25
13	130	95.0727924994	5	30
14	126	95.1385008265	2	32
15	121	95.1528854911	5	37
16	120	95.0673009304	6	43
17	117	95.0069433643	3	46
18	112	95.0525464277	0	46
19	117	95.1044509552	1	47
20	118	95.0541030404	1	48
21	119	95.0814105724	0	48
22	115	95.0603465825	5	53
23	111	95.0169894693	7	60
24	112	95.1058867915	2	62
25	115	95.0371361287	0	62
26	117	95.0661125926	4	66
27	121	95.1339824367	0	66
28	117	95.0556873503	1	67
29	112	95.0594689914	3	70
30	108	95.0599551153	6	76
31	111	95.0672306676	7	83
32	110	95.1500967524	5	88
33	115	95.2457330227	4	92
34	115	95.1897792203	4	96
35	110	95.1959827595	2	98
36	107	95.2014152403	6	104
37	106	95.23286908	3	107
38	107	95.140538764	7	114
39	104	95.0963974676	1	115
40	102	95.1485864336	5	120
41	103	95.1205194917	6	126
42	101	95.1283868251	5	131
43	101	95.2154001553	0	131
44	96	95.2044930068	4	135
45	100	95.2386244591	6	141
46	101	95.2304490752	7	148
47	105	95.2158497258	3	151
48	104	95.2287955671	6	157
49	102	95.1479702896	2	159
50	107	95.1919693443	6	165
51	103	95.2463500635	4	169
52	104	95.1687718593	4	173
53	102	95.0693021485	0	173
54	107	95.089121101	4	177
55	110	95.1425656303	6	183
56	112	95.1580276441	6	189
57	113	95.096859607	4	193
58	115	95.0038087336	7	200
59	111	94.9193570512	5	205
60	107	94.9034243123	3	208
61	102	94.945995862	5	213
62	99	94.8621139674	2	215
63	94	94.9064136405	3	218
64	97	94.814846166	7	225
65	97	94.7711991102	1	226
66	99	94.8709843615	5	231
67	97	94.9595938139	5	236
68	102	94.8845365061	7	243
69	102	94.9269533577	1	244
70	101	94.8577501978	7	251
71	106	94.8438628706	7	258
72	103	94.8342259982	5	263
73	106	94.9281704339	4	267
74	104	94.8584862255	4	271
75	107	94.9441204022	4	275
76	108	95.0172697281	4	279
77	112	94.9400925635	1	280
78	108	94.883206257	3	283
79	106	94.9110417666	2	285
80	102	94.9152862821	4	289
81	107	94.8227768616	7	296
82	112	94.8266219453	3	299
83	109	94.7307127457	1	300
84	104	94.8187257032	4	304
85	104	94.9155317694	2	306
86	108	94.9171063033	6	312
87	104	94.8609223221	0	312
88	104	94.8799079264	0	312
89	108	94.8064252663	5	317
90	111	94.742750749	3	320
91	112	94.6583252803	7	327
92	114	94.6514614277	4	331
93	113	94.6262192932	6	337
94	108	94.723751829	1	338
95	104	94.7592677735	5	343
96	107	94.6735847868	1	344
97	110	94.7424274159	2	346
98	115	94.7643098527	5	351
99	119	94.6959811983	1	352
100	120	94.7041400509	2	354
101	118	94.6999965247	5	359
102	123	94.6806313728	7	366
103	128	94.7601777212	2	368
104	125	94.7494795548	3	371
105	123	94.7222184649	2	373
106	125	94.6662517699	2	375
107	129	94.5998195146	6	381
108	128	94.6510033937	0	381
109	127	94.6534316588	3	384
110	124	94.5558121332	7	391
111	122	94.5960923344	3	394
112	127	94.5781504433	5	399
113	126	94.5521169209	6	405
114	131	94.6464745809	1	406
115	126	94.6756863844	2	408
116	127	94.5989522005	7	415
117	125	94.6513382868	4	419
118	124	94.7219890543	1	420
119	127	94.6457416078	4	424
120	122	94.5925866073	5	429
121	127	94.6828947513	0	429
122	132	94.6420253433	3	432
123	133	94.6955042664	6	438
124	131	94.6591578019	0	438
125	134	94.5818450632	6	444
126	130	94.6125285715	1	445
127	126	94.5607751875	2	447
128	130	94.4620728341	3	450
129	135	94.389949638	1	451
130	133	94.3806262845	0	451
131	129	94.4804462975	5	456
132	130	94.5436618294	4	460
133	132	94.45695184	1	461
134	134	94.3585233621	3	464
135	133	94.4392184276	7	471
136	129	94.5351440605	6	477
137	125	94.5745857744	3	480
138	126	94.6186012197	7	487
139	126	94.5402835985	0	487
140	129	94.4550924333	4	491
141	132	94.549583124	3	494
142	127	94.5678136525	2	496
143	126	94.5346043221	0	496
144	124	94.5188512277	5	501
145	119	94.504541281	1	502
146	116	94.5329262764	6	508
147	121	94.5314229861	7	515
148	117	94.4836005117	0	515
149	121	94.4481248064	2	517
150	122	94.3518232714	5	522
151	117	94.4271163349	6	528
152	122	94.3501290696	1	529
153	121	94.31504618	7	536
154	119	94.245275642	2	538
155	115	94.2251024181	3	541
156	113	94.2907150563	2	543
157	112	94.2297691654	1	544
158	116	94.1489050276	0	544
159	115	94.2386683842	4	548
160	116	94.2380121786	0	548
161	113	94.3077393483	3	551
162	110	94.3654725786	2	553
163	109	94.319897199	3	556
164	111	94.3533786818	2	558
165	114	94.3611157072	5	563
166	118	94.3088662604	4	567
167	116	94.3752643641	2	569
168	116	94.3367871444	0	569
169	119	94.3524839472	3	572
170	118	94.307624718	6	578
171	116	94.304061585	4	582
172	120	94.2452782164	6	588
173	122	94.1629001054	1	589
174	126	94.1936832582	6	595
175	128	94.2930784947	4	599
176	132	94.2691762215	5	604
177	132	94.3509378741	2	606
178	129	94.2883148022	5	611
179	126	94.381082508	0	611
180	121	94.3222439849	0	611
181	124	94.2561498921	3	614
182	122	94.173306387	3	617
183	126	94.1793262622	3	620
184	128	94.1671918038	3	623
185	129	94.1510823494	0	623
186	127	94.1076012035	2	625
187	127	94.1677093503	4	629
188	129	94.102840817	7	636
189	131	94.1307487961	1	637
190	131	94.0494551719	6	643
191	129	93.9940126649	0	643
192	133	94.0060723575	0	643
193	138	93.9238173535	4	647
194	134	93.9160196446	7	654
195	138	93.9852162495	5	659
196	142	94.0552254845	5	664
197	146	94.09764412	3	667
198	146	94.1234444118	3	670
199	148	94.138990931	7	677
200	144	94.0610009067	3	680
201	143	94.0899988208	2	682
202	144	94.1579465243	4	686
203	149	94.1236602742	0	686
204	153	94.1562404827	0	686
205	151	94.1569543682	6	692
206	155	94.2160236979	0	692
207	157	94.2055954508	0	692
208	157	94.3004708819	7	699
209	160	94.3392594199	0	699
210	158	94.3084589922	3	702
211	157	94.2890639608	7	709
212	160	94.3420216623	2	711
213	164	94.2613541987	7	718
214	168	94.2294590956	1	719
215	163	94.2005439548	4	723
216	161	94.2645056903	2	725
217	166	94.3498617003	0	725
218	163	94.3181594747	2	727
219	163	94.4099113927	2	729
220	165	94.4646943908	5	734
221	169	94.436106059	4	738
222	164	94.4295944381	7	745
223	165	94.5282614027	7	752
224	164	94.4653075067	7	759
225	168	94.3693315619	1	760
226	170	94.4584013216	6	766
227	170	94.3957861751	0	766
228	170	94.4378963842	5	771
229	175	94.3915083952	1	772
230	180	94.4107480608	4	776
231	176	94.4280684075	0	776
232	176	94.4750370867	3	779
233	174	94.4107388854	4	783
234	178	94.3835082949	1	784
235	177	94.3403195968	6	790
236	178	94.2817693797	4	794
237	180	94.3753482646	3	797
238	176	94.4101276541	4	801
239	175	94.3997336428	7	808
240	174	94.3933477941	3	811
241	179	94.4296970904	4	815
242	178	94.3497478065	1	816
243	180	94.3526227642	4	820
244	184	94.3477414052	1	821
245	188	94.297646756	4	825
246	186	94.2064941651	5	830
247	191	94.1458533061	1	831
248	188	94.1305448252	4	835
249	192	94.195972374	4	839
250	189	94.2945808845	4	843
251	189	94.3591867248	1	844
252	188	94.3554514855	6	850
253	191	94.4104817782	0	850
254	194	94.3875987194	7	857
255	190	94.4512782955	5	862
256	189	94.5329589831	0	862
257	186	94.506968299	6	868
258	184	94.5509830385	5	873
259	179	94.4748266852	7	880
260	174	94.5624056832	3	883
261	171	94.5501279769	5	888
262	175	94.4665753743	6	894
263	179	94.4722281294	5	899
264	182	94.43763394	7	906
265	180	94.3692541785	1	907
266	178	94.3320399262	1	908
267	180	94.4040560434	5	913
268	185	94.4598319737	0	913
269	180	94.5109897231	6	919
270	184	94.5840133889	2	921
271	183	94.6778537699	7	928
272	179	94.7015813099	5	933
273	183	94.7808173888	3	936
274	184	94.8756366387	0	936
275	187	94.7845106049	6	942
276	189	94.6846080775	4	946
277	187	94.5914511928	4	950
278	191	94.5977383613	5	955
279	193	94.6321810502	0	955
280	197	94.7293592548	3	958
281	197	94.8051203148	4	962
282	198	94.8894836731	4	966
283	198	94.9198382087	2	968
284	194	94.9210090891	7	975
285	198	94.8330161296	5	980
286	197	94.883858266	5	985
287	200	94.874478896	3	988
288	200	94.9721407193	7	995
289	200	94.9312298934	0	995
290	200	94.8812134364	3	998
291	196	94.9447170793	0	998
292	200	94.9673106396	1	999
293	195	95.0087680535	5	1004
294	192	94.9255289545	6	1010
295	187	94.8999762309	5	1015
296	186	94.8939903589	2	1017
297	181	94.9708806328	6	1023
298	183	94.8925203158	4	1027
299	187	94.8031583555	7	1034
300	189	94.7960003717	3	1037
301	188	94.797420941	1	1038
302	187	94.8863271955	3	1041
303	192	94.9667946759	4	1045
304	191	94.8877555176	2	1047
305	188	94.8372468376	5	1052
306	186	94.7467599931	7	1059
307	186	94.7449554654	6	1065
308	191	94.6818901866	6	1071
309	194	94.7752913327	5	1076
310	195	94.8683920735	7	1083
311	197	94.8411161962	0	1083
312	197	94.9302364934	2	1085
313	195	95.0130478419	7	1092
314	197	94.9216061305	2	1094
315	193	94.9744981572	1	1095
316	188	94.9316629198	3	1098
317	193	94.9958819225	5	1103
318	190	94.936852529	2	1105
319	195	94.958811063	5	1110
320	200	94.9178410117	3	1113
321	200	95.0174554568	6	1119
322	199	95.0479534356	0	1119
323	198	94.9804716946	2	1121
324	198	94.9274157563	5	1126
325	198	94.874916016	5	1131
326	194	94.7835958539	4	1135
327	190	94.8244838949	4	1139
328	189	94.8220362341	7	1146
329	194	94.8601640815	5	1151
330	197	94.8344016081	5	1156
331	198	94.7820053695	4	1160
332	196	94.6855199516	5	1165
333	192	94.7393943815	6	1171
334	190	94.7127702166	5	1176
335	189	94.684684732	6	1182
336	188	94.6943778983	5	1187
337	193	94.6753139625	3	1190
338	195	94.6782671182	2	1192
339	193	94.5784486592	4	1196
340	190	94.5314133372	7	1203
341	188	94.5064287204	7	1210
342	186	94.5160410266	2	1212
343	186	94.4758289536	3	1215
344	184	94.4134623761	2	1217
345	188	94.3926426998	1	1218
346	185	94.4546421632	4	1222
347	181	94.5523287439	4	1226
348	183	94.6402043695	4	1230
349	183	94.5750798145	4	1234
350	181	94.6354630366	1	1235
351	186	94.7039476546	2	1237
352	181	94.6135664791	7	1244
353	178	94.5725005702	1	1245
354	183	94.4991964696	0	1245
355	183	94.5122598959	4	1249
356	184	94.5016844616	5	1254
357	189	94.4479379373	3	1257
358	186	94.5102737489	1	1258
359	185	94.4811968416	4	1262
360	189	94.4736814394	5	1267
361	187	94.4063846715	4	1271
362	187	94.436359791	1	1272
363	189	94.5126539955	4	1276
364	189	94.476341735	4	1280
365	186	94.5412770285	0	1280
366	182	94.5803526039	4	1284
367	183	94.6475164135	5	1289
368	186	94.7025731414	6	1295
369	181	94.708765965	3	1298
370	186	94.6805859084	1	1299
371	187	94.7762686452	2	1301
372	188	94.871082026	7	1308
373	193	94.9324476718	6	1314
374	192	95.0044570858	3	1317
375	196	95.0913212985	6	1323
376	196	95.0930940675	2	1325
377	191	95.1255672013	6	1331
378	194	95.0674300996	6	1337
379	199	95.1148808654	6	1343
380	198	95.2124716329	2	1345
381	194	95.2898687897	5	1350
382	197	95.3345812731	1	1351
383	196	95.3098826287	7	1358
384	200	95.3660764099	6	1364
385	196	95.3337132545	4	1368
386	197	95.3763413682	4	1372
387	194	95.4078447035	1	1373
388	194	95.3428910198	0	1373
389	194	95.3746501799	0	1373
390	199	95.4391820669	3	1376
391	196	95.5187993243	6	1382
392	194	95.4807874225	5	1387
393	193	95.5045894953	3	1390
394	192	95.4741882694	6	1396
395	193	95.3991918364	2	1398
396	197	95.3270000929	4	1402
397	198	95.3155473534	5	1407
398	200	95.362697138	1	1408
399	195	95.344332812	1	1409
400	191	95.3461504	7	1416
401	186	95.3859754169	6	1422
402	190	95.4087331966	5	1427
403	190	95.4676845425	7	1434
404	193	95.4640431853	6	1440
405	191	95.5002798062	5	1445
406	196	95.5744260071	5	1450
407	198	95.6316280292	4	1454
408	199	95.6973707702	2	1456
409	200	95.7800974587	3	1459
410	196	95.6811895708	3	1462
411	198	95.6716219003	0	1462
412	194	95.7318561649	3	1465
413	196	95.6417581486	2	1467
414	196	95.6612765641	1	1468
415	197	95.5725010224	2	1470
416	193	95.6196144648	1	1471
417	195	95.6325206799	4	1475
418	197	95.5724334825	5	1480
419	199	95.4862658809	5	1485
420	200	95.5585064989	2	1487
421	200	95.5468312607	4	1491
422	200	95.4609796155	0	1491
423	200	95.5358474874	2	1493
424	196	95.5342826625	7	1500
425	195	95.4361130673	4	1504
426	199	95.5302022985	0	1504
427	195	95.5397964929	6	1510
428	200	95.5219924983	7	1517
429	200	95.4622684038	6	1523
430	200	95.5185075858	4	1527
431	198	95.5798278115	5	1532
432	195	95.5631469388	5	1537
433	195	95.4842870417	3	1540
434	196	95.5045086797	2	1542
435	199	95.5506290345	7	1549
436	199	95.5324566673	4	1553
437	200	95.5159426089	4	1557
438	200	95.4583767655	1	1558
439	196	95.4252977176	3	1561
440	200	95.491463211	7	1568
441	200	95.5351332208	7	1575
442	195	95.5245971315	2	1577
443	194	95.5530600243	0	1577
444	194	95.5507147068	6	1583
445	190	95.6259187517	2	1585
446	187	95.7197357565	7	1592
447	182	95.6330478922	5	1597
448	177	95.5391320646	2	1599
449	179	95.5399963797	2	1601
450	175	95.6079923414	1	1602
451	176	95.6556798574	1	1603
452	180	95.7377150407	4	1607
453	183	95.8241685168	4	1611
454	180	95.8017234919	5	1616
455	175	95.8742442016	7	1623
456	179	95.9242750262	3	1626
457	179	95.9517329025	1	1627
458	184	95.9933878069	4	1631
459	187	95.9718232165	1	1632
460	186	96.0335087108	6	1638
461	190	95.978829355	2	1640
462	191	95.9676056524	2	1642
463	187	96.063420426	2	1644
464	189	96.1159875574	6	1650
465	186	96.0356652141	1	1651
466	183	96.0622960723	6	1657
467	185	96.0746551576	6	1663
468	189	96.0256477618	3	1666
469	187	95.9589227913	2	1668
470	186	95.8857390974	3	1671
471	182	95.8024255081	5	1676
472	177	95.8421782327	1	1677
473	182	95.7423499584	3	1680
474	187	95.6622621302	7	1687
475	184	95.6693739233	0	1687
476	184	95.7351830702	0	1687
477	182	95.809780362	7	1694
478	183	95.8895284386	0	1694
479	180	95.8612475158	5	1699
480	182	95.7684304875	1	1700
481	181	95.8414298398	0	1700
482	180	95.8395156025	5	1705
483	175	95.7958688558	6	1711
484	180	95.8206464296	5	1716
485	182	95.7938960317	6	1722
486	181	95.706655514	0	1722
487	183	95.7066048743	0	1722
488	184	95.6274123646	5	1727
489	186	95.5344662459	4	1731
490	186	95.5164206265	3	1734
491	188	95.5261976311	6	1740
492	193	95.5139708126	1	1741
493	197	95.4984859548	4	1745
494	192	95.5084391656	0	1745
495	190	95.5473575971	2	1747
496	189	95.5385674879	2	1749
497	191	95.6112197047	3	1752
498	187	95.6213996199	3	1755
499	187	95.6105412945	6	1761
500	184	95.7075192664	3	1764
501	185	95.6915882893	1	1765
502	183	95.6656674411	1	1766
503	188	95.7242369622	5	1771
504	184	95.8060501494	3	1774
505	181	95.7981874685	4	1778
506	185	95.7775292259	2	1780
507	180	95.8384074613	6	1786
508	185	95.8213594101	7	1793
509	182	95.7373421454	5	1798
510	184	95.7690093546	5	1803
511	186	95.7101867368	5	1808
512	181	95.7482181149	2	1810
513	176	95.7480902898	0	1810
514	177	95.8088050445	3	1813
515	179	95.8135665973	5	1818
516	174	95.8457920076	2	1820
517	174	95.9075219075	0	1820
518	173	95.9530975128	3	1823
519	173	95.8675125465	4	1827
520	171	95.8666830407	0	1827
521	170	95.8504409044	3	1830
522	174	95.82245198	6	1836
523	179	95.7856420879	1	1837
524	179	95.7666949875	3	1840
525	174	95.7939304213	4	1844
526	172	95.8368856478	3	1847
527	170	95.8413681257	6	1853
528	173	95.8951996234	0	1853
529	178	95.8022526498	0	1853
530	176	95.7198617725	5	1858
531	177	95.7429580461	7	1865
532	182	95.8165441809	2	1867
533	182	95.8006657667	3	1870
534	177	95.7011126114	2	1872
535	174	95.6027322353	5	1877
536	176	95.5422927289	3	1880
537	179	95.5412911013	6	1886
538	180	95.60878288	7	1893
539	180	95.6985425747	5	1898
540	183	95.6432317587	0	1898
541	187	95.5663990272	2	1900
542	182	95.5003910255	7	1907
543	181	95.4951123899	0	1907
544	181	95.4570174379	4	1911
545	179	95.4752253855	0	1911
546	175	95.5645430879	5	1916
547	179	95.469405181	6	1922
548	180	95.5617779146	3	1925
549	176	95.5945012001	3	1928
550	180	95.606976878	1	1929
551	183	95.6454538896	6	1935
552	186	95.5629244286	7	1942
553	188	95.6197201867	6	1948
554	188	95.6200546677	3	1951
555	185	95.6979329831	0	1951
556	187	95.775162831	0	1951
557	190	95.7168807335	5	1956
558	189	95.6876359383	0	1956
559	184	95.6120005887	4	1960
560	187	95.5741496187	7	1967
561	189	95.5683173457	0	1967
562	192	95.6164818854	0	1967
563	188	95.6268814277	3	1970
564	183	95.5808204868	5	1975
565	183	95.5111924975	7	1982
566	179	95.5620267435	3	1985
567	175	95.578291329	5	1990
568	180	95.4998721558	1	1991
569	185	95.4504438305	3	1994
570	183	95.3605874632	2	1996
571	184	95.3228815921	3	1999
572	187	95.2748964145	2	2001
573	189	95.3685944614	2	2003
574	188	95.3916579824	7	2010
575	190	95.3185493563	0	2010
576	187	95.3446028354	1	2011
577	185	95.2991932726	4	2015
578	182	95.216512399	3	2018
579	180	95.1664849442	5	2023
580	177	95.2386052804	5	2028
581	177	95.3036792536	1	2029
582	181	95.372234349	2	2031
583	179	95.2992419701	6	2037
584	177	95.3252096483	6	2043
585	174	95.4212217561	6	2049
586	179	95.3694748755	0	2049
587	178	95.3035473301	2	2051
588	180	95.3177740589	0	2051
589	184	95.3899295387	2	2053
590	179	95.3640534962	2	2055
591	181	95.2884416572	1	2056
592	176	95.2002042875	1	2057
593	171	95.2889325579	5	2062
594	176	95.340469044	2	2064
595	177	95.4097083407	5	2069
596	175	95.4641370641	2	2071
597	177	95.403065182	1	2072
598	173	95.3334315665	6	2078
599	174	95.3262074423	3	2081
600	169	95.4219041696	0	2081
601	167	95.4236131136	2	2083
602	168	95.4830351892	3	2086
603	169	95.4729179233	5	2091
604	174	95.4626523113	6	2097
605	179	95.519229666	5	2102
606	177	95.5154417254	5	2107
607	173	95.4165793147	0	2107
608	168	95.4513097647	0	2107
609	173	95.5492916993	5	2112
610	169	95.6353021819	1	2113
611	170	95.6621656746	3	2116
612	173	95.7156881742	4	2120
613	175	95.8106816643	2	2122
614	170	95.8942245086	0	2122
615	169	95.8608436431	6	2128
616	172	95.8727214773	4	2132
617	167	95.8118793353	1	2133
618	166	95.8090546179	7	2140
619	161	95.8167807398	2	2142
620	164	95.8891727874	5	2147
621	164	95.942995497	2	2149
622	166	95.8976956878	0	2149
623	161	95.9808106071	7	2156
624	156	95.9594273507	1	2157
625	154	95.9387938049	1	2158
626	156	95.8598676307	2	2160
627	155	95.935344963	4	2164
628	157	95.8896360905	1	2165
629	154	95.8728795188	7	2172
630	151	95.8912232861	5	2177
631	148	95.793281661	6	2183
632	151	95.7305054041	1	2184
633	151	95.6934849229	7	2191
634	147	95.6572108064	6	2197
635	143	95.6743286652	0	2197
636	145	95.7334320761	2	2199
637	144	95.7689344159	5	2204
638	148	95.8352338289	4	2208
639	143	95.7748836514	5	2213
640	142	95.7167319734	4	2217
641	145	95.6319952553	5	2222
642	146	95.5449860428	6	2228
643	141	95.4942068135	0	2228
644	146	95.4523157791	2	2230
645	147	95.5405830838	6	2236
646	149	95.5951531472	3	2239
647	144	95.6768278435	7	2246
648	142	95.6831256821	7	2253
649	141	95.5894637471	6	2259
650	136	95.6307064221	1	2260
651	131	95.6602666317	6	2266
652	126	95.6406704709	6	2272
653	128	95.6082054592	7	2279
654	125	95.5124866822	3	2282
655	130	95.5305804799	4	2286
656	126	95.5985558892	0	2286
657	128	95.6529271576	3	2289
658	127	95.5603006303	1	2290
659	129	95.6349765285	6	2296
660	133	95.5809965836	2	2298
661	128	95.5373404192	5	2303
662	127	95.6091869514	6	2309
663	123	95.5682553945	1	2310
664	125	95.4750875706	4	2314
665	123	95.3864237005	3	2317
666	125	95.3767034582	1	2318
667	128	95.463836509	3	2321
668	132	95.3645342877	4	2325
669	134	95.4180206297	1	2326
670	138	95.4325566183	2	2328
671	136	95.4637424763	6	2334
672	136	95.3850122805	3	2337
673	138	95.3220173972	3	2340
674	142	95.3409111929	6	2346
675	138	95.3468334592	0	2346
676	139	95.4289158051	5	2351
677	135	95.4746027859	6	2357
678	134	95.4371219796	1	2358
679	136	95.3650238981	2	2360
680	138	95.4548788661	7	2367
681	142	95.3695251564	1	2368
682	137	95.4676898738	2	2370
683	133	95.3726584646	3	2373
684	134	95.3545940994	3	2376
685	132	95.3632751732	2	2378
686	136	95.4290756866	5	2383
687	131	95.3887174577	1	2384
688	131	95.383825696	4	2388
689	130	95.3722807361	0	2388
690	129	95.3753314884	4	2392
691	134	95.377749434	1	2393
692	133	95.3167970172	6	2399
693	133	95.2448173005	4	2403
694	133	95.3218255369	0	2403
695	136	95.3642672215	3	2406
696	140	95.3486234337	4	2410
697	136	95.2537232457	5	2415
698	141	95.2356227637	0	2415
699	136	95.1576736845	1	2416
700	139	95.2127913037	5	2421
701	144	95.1297392595	6	2427
702	145	95.0675206596	0	2427
703	148	94.9777209788	7	2434
704	147	95.0470083532	1	2435
705	149	95.0050661928	7	2442
706	153	94.9896325983	7	2449
707	155	95.0620080318	1	2450
708	155	94.9732647487	0	2450
709	153	94.9042793691	1	2451
710	149	94.9277009475	3	2454
711	146	94.8342208076	0	2454
712	151	94.7343555308	6	2460
713	152	94.7185022444	6	2466
714	156	94.7351312818	4	2470
715	158	94.7523322486	7	2477
716	153	94.8144308101	3	2480
717	151	94.7388430954	2	2482
718	148	94.6849784319	1	2483
719	150	94.7563649508	3	2486
720	153	94.7071913705	7	2493
721	148	94.6417273503	4	2497
722	143	94.6612135693	0	2497
723	148	94.6903582613	2	2499
724	151	94.6856969596	6	2505
725	151	94.640251902	1	2506
726	148	94.5628663387	5	2511
727	148	94.5119916984	0	2511
728	146	94.5138952422	5	2516
729	146	94.545546881	5	2521
730	150	94.4531727651	7	2528
731	154	94.5236493677	0	2528
732	149	94.4795106294	7	2535
733	153	94.3932427431	3	2538
734	151	94.4742600201	3	2541
735	146	94.4392950978	0	2541
736	146	94.5144607294	6	2547
737	145	94.4684432185	7	2554
738	144	94.4121860333	4	2558
739	147	94.4937502851	0	2558
740	144	94.5566940591	7	2565
741	142	94.511959476	4	2569
742	147	94.4700231101	5	2574
743	150	94.4874974284	3	2577
744	151	94.5215154171	7	2584
745	155	94.5797683646	6	2590
746	160	94.610637094	7	2597
747	160	94.7021924895	7	2604
748	162	94.7401469354	6	2610
749	162	94.7429309631	7	2617
750	162	94.6724694575	1	2618
751	160	94.5949867354	0	2618
752	162	94.6040830607	7	2625
753	158	94.6242808992	5	2630
754	159	94.5305867004	4	2634
755	159	94.459612292	0	2634
756	157	94.5226772186	4	2638
757	157	94.565270469	3	2641
758	152	94.5068286746	7	2648
759	155	94.5015516407	4	2652
760	156	94.6010280092	1	2653
761	155	94.5743148276	2	2655
762	155	94.5532760258	2	2657
763	157	94.6164456149	6	2663
764	160	94.6313510309	5	2668
765	159	94.5856685164	5	2673
766	162	94.5657695387	5	2678
767	161	94.5880443852	0	2678
768	160	94.5814890056	4	2682
769	159	94.6476871595	6	2688
770	161	94.62933797	1	2689
771	156	94.6483850399	7	2696
772	153	94.5940498735	7	2703
773	158	94.5879825475	2	2705
774	160	94.5039656706	7	2712
775	155	94.4135177634	0	2712
776	159	94.4678401013	6	2718
777	161	94.5151298346	1	2719
778	157	94.5784553754	0	2719
779	158	94.6473462991	2	2721
780	155	94.7362032451	3	2724
781	160	94.7592268432	6	2730
782	158	94.6708639937	6	2736
783	162	94.6578733557	0	2736
784	164	94.7554678954	1	2737
785	163	94.7110235796	4	2741
786	158	94.7695022399	7	2748
787	155	94.6752933465	4	2752
788	154	94.7702369633	7	2759
789	152	94.6875647111	4	2763
790	153	94.7240343818	7	2770
791	154	94.7508045221	7	2777
792	151	94.7877114401	7	2784
793	154	94.7899181471	5	2789
794	152	94.8888075854	0	2789
795	156	94.8754004187	6	2795
796	157	94.8566914985	7	2802
797	162	94.7980424587	3	2805
798	163	94.7763120091	7	2812
799	163	94.7220415358	4	2816
800	167	94.7931639641	3	2819
801	171	94.7745834102	6	2825
802	166	94.8310196441	3	2828
803	169	94.7766939009	0	2828
804	169	94.6801102937	3	2831
805	167	94.7047335109	7	2838
806	163	94.6125801621	3	2841
807	160	94.6077404903	0	2841
808	157	94.6178586352	3	2844
809	155	94.6086772061	5	2849
810	153	94.6369203294	6	2855
811	157	94.6862731033	7	2862
812	160	94.7508112384	7	2869
813	159	94.8280120777	7	2876
814	155	94.7450048583	5	2881
815	151	94.7089408464	0	2881
816	151	94.7008937116	4	2885
817	153	94.7685434241	1	2886
818	155	94.8287812447	0	2886
819	152	94.8251069893	0	2886
820	156	94.8889665931	5	2891
821	159	94.7931333833	4	2895
822	161	94.7616271862	5	2900
823	157	94.6914156955	2	2902
824	161	94.7317365981	2	2904
825	160	94.646293391	2	2906
826	161	94.6647901267	0	2906
827	162	94.7512400581	5	2911
828	162	94.7449273959	2	2913
829	161	94.7936522421	6	2919
830	157	94.7041539492	6	2925
831	162	94.7735139139	0	2925
832	166	94.6970410477	2	2927
833	168	94.7731833648	6	2933
834	166	94.7490928467	7	2940
835	164	94.7597039158	7	2947
836	162	94.7390331829	0	2947
837	162	94.7948221185	7	2954
838	165	94.8425175758	0	2954
839	163	94.7846712109	1	2955
840	161	94.8046452371	6	2961
841	165	94.8901128644	2	2963
842	167	94.8029545525	6	2969
843	169	94.8817815662	6	2975
844	165	94.8661147928	4	2979
845	164	94.7692910741	5	2984
846	159	94.8650349395	2	2986
847	156	94.9372742697	2	2988
848	151	94.899029891	0	2988
849	150	94.9678023687	0	2988
850	147	94.9733856574	0	2988
851	148	94.9812422672	2	2990
852	150	94.9661491869	4	2994
853	146	95.020926812	2	2996
854	145	95.0179423873	3	2999
855	145	94.9220578146	2	3001
856	140	94.9684354178	6	3007
857	145	94.9437567891	2	3009
858	145	94.9174967425	3	3012
859	143	94.8407594379	3	3015
860	140	94.8724982284	2	3017
861	136	94.8342459691	0	3017
862	133	94.756685018	4	3021
863	138	94.8560884252	0	3021
864	135	94.9151116301	5	3026
865	138	94.9012841954	4	3030
866	137	94.9632412583	1	3031
867	134	94.9759263426	7	3038
868	133	95.0381037849	4	3042
869	132	95.130223601	1	3043
870	132	95.184309343	6	3049
871	131	95.0859243522	6	3055
872	133	95.0414985057	6	3061
873	131	95.0039542784	7	3068
874	135	94.9040048127	7	3075
875	140	94.9909051923	3	3078
876	135	95.0199297334	2	3080
877	133	94.9260168985	2	3082
878	138	94.9379120616	1	3083
879	139	94.9157998441	5	3088
880	136	94.9995439694	2	3090
881	134	94.9642189188	5	3095
882	139	94.8806177205	4	3099
883	144	94.8690567336	4	3103
884	147	94.8181320526	3	3106
885	150	94.8453591769	5	3111
886	152	94.8598308958	7	3118
887	150	94.8642534165	2	3120
888	147	94.9039641085	1	3121
889	148	94.8239995385	7	3128
890	149	94.7748925508	4	3132
891	154	94.7571856541	7	3139
892	158	94.8233591709	5	3144
893	159	94.8462224992	2	3146
894	155	94.8784439324	7	3153
895	156	94.8721085782	7	3160
896	152	94.9713551106	6	3166
897	152	94.8887568521	4	3170
898	149	94.885898438	6	3176
899	151	94.898364575	7	3183
900	154	94.9189207478	5	3188
901	149	94.954056689	1	3189
902	149	94.8695168661	0	3189
903	147	94.8257867853	0	3189
904	150	94.8206492678	5	3194
905	148	94.7877680021	1	3195
906	150	94.7648461315	1	3196
907	150	94.8477791694	1	3197
908	145	94.7774899408	2	3199
909	142	94.7938607155	3	3202
910	138	94.8682496333	2	3204
911	142	94.866111472	2	3206
912	138	94.8378634536	6	3212
913	139	94.8351252173	0	3212
914	137	94.7886834449	6	3218
915	133	94.7797787091	7	3225
916	130	94.7477188007	4	3229
917	133	94.777757347	2	3231
918	131	94.8528885601	7	3238
919	131	94.884307403	2	3240
920	134	94.8772303584	4	3244
921	139	94.9628148714	0	3244
922	137	94.9793131546	7	3251
923	136	95.0302995833	1	3252
924	135	94.9557303953	4	3256
925	135	94.906786944	0	3256
926	137	94.9518172338	2	3258
927	133	95.0501672202	4	3262
928	138	95.081745936	3	3265
929	140	95.005253122	2	3267
930	144	95.0345132056	5	3272
931	140	95.0100700652	2	3274
932	137	94.9156289395	6	3280
933	136	94.8981053923	4	3284
934	136	94.9769019939	1	3285
935	131	95.0507258379	4	3289
936	127	95.0489451582	7	3296
937	128	95.0540929811	5	3301
938	127	95.1054289045	5	3306
939	122	95.1596721852	7	3313
940	126	95.141007096	3	3316
941	129	95.0525793156	5	3321
942	133	94.9969552382	6	3327
943	128	94.9235990194	5	3332
944	123	94.9398993451	3	3335
945	127	94.9150049944	2	3337
946	126	94.9575864537	5	3342
947	124	95.0337224643	4	3346
948	120	94.9528027856	3	3349
949	122	94.9636126661	6	3355
950	125	95.0409217144	7	3362
951	130	95.0115731532	5	3367
952	134	95.0322808028	7	3374
953	137	94.9825555058	4	3378
954	132	95.054144422	5	3383
955	135	95.0772536583	3	3386
956	130	95.0297600436	4	3390
957	134	94.9921052849	6	3396
958	129	95.0766245453	7	3403
959	134	95.1204746603	1	3404
960	136	95.1718435996	1	3405
961	138	95.0907502459	1	3406
962	142	95.0933437654	0	3406
963	146	95.0979025214	1	3407
964	150	95.1008329915	5	3412
965	145	95.1790843748	5	3417
966	141	95.2496822414	0	3417
967	141	95.1625477338	1	3418
968	136	95.2616805163	5	3423
969	141	95.3120922706	1	3424
970	144	95.2598210205	6	3430
971	148	95.1751188266	5	3435
972	146	95.1847000648	6	3441
973	145	95.1166115247	3	3444
974	145	95.0970557286	7	3451
975	144	95.0050174251	1	3452
976	147	95.0821347601	2	3454
977	147	95.0082152488	2	3456
978	145	94.9681221219	3	3459
979	142	94.8941896473	1	3460
980	143	94.8076941887	3	3463
981	148	94.8869821679	7	3470
982	146	94.809036329	0	3470
983	141	94.8710458508	2	3472
984	140	94.7934698586	6	3478
985	135	94.8205776923	1	3479
986	131	94.8314728685	5	3484
987	130	94.8134867399	0	3484
988	126	94.8926946411	5	3489
989	128	94.8007003704	1	3490
990	129	94.8431908795	2	3492
991	126	94.8894109474	4	3496
992	131	94.9236839898	2	3498
993	128	94.9165452568	4	3502
994	126	94.9203675508	6	3508
995	124	94.9020993297	7	3515
996	120	94.9126997676	3	3518
997	123	94.9939575401	5	3523
998	124	95.0797248438	6	3529
999	122	95.1045358756	3	3532
1000	122	95.0871029605	5	3537
1001	122	95.1826612783	6	3543
1002	125	95.2784176643	7	3550
1003	129	95.2736577985	4	3554
1004	132	95.3215133965	3	3557
1005	137	95.2818262279	3	3560
1006	141	95.3578048391	3	3563
1007	145	95.3297233147	0	3563
1008	150	95.3708111699	4	3567
1009	152	95.3057781088	3	3570
1010	154	95.3502215074	1	3571
1011	149	95.4489461916	2	3573
1012	148	95.5382150893	2	3575
1013	143	95.5494661151	2	3577
1014	141	95.6302956535	5	3582
1015	139	95.7262390414	1	3583
1016	140	95.7743079635	3	3586
1017	140	95.7552996003	3	3589
1018	139	95.6987416688	7	3596
1019	139	95.6628620931	4	3600
1020	138	95.5646853005	4	3604
1021	143	95.6552575671	4	3608
1022	142	95.6638119527	2	3610
1023	146	95.6089802841	4	3614
1024	148	95.5476274319	6	3620
1025	145	95.5635405082	1	3621
1026	140	95.6404109165	1	3622
1027	145	95.6233228179	2	3624
1028	150	95.7089663707	6	3630
1029	155	95.7337287816	5	3635
1030	158	95.7685719548	3	3638
1031	162	95.7657799876	0	3638
1032	161	95.8306502553	0	3638
1033	160	95.7844959241	3	3641
1034	155	95.728285436	4	3645
1035	158	95.7760150358	6	3651
1036	163	95.6840529612	1	3652
1037	159	95.7458099295	1	3653
1038	157	95.8358399	2	3655
1039	161	95.7596494904	6	3661
1040	159	95.6681619475	5	3666
1041	154	95.6714050123	2	3668
1042	151	95.68316337	0	3668
1043	150	95.6386280726	2	3670
1044	151	95.6585417463	4	3674
1045	152	95.7091652922	7	3681
1046	152	95.687441635	0	3681
1047	149	95.7725270357	6	3687
1048	144	95.7358677811	3	3690
1049	141	95.780448554	0	3690
1050	140	95.755810406	2	3692
1051	139	95.6899041446	4	3696
1052	140	95.709820716	7	3703
1053	137	95.7079401258	5	3708
1054	142	95.620031212	5	3713
1055	143	95.6636911126	5	3718
1056	141	95.7118454776	4	3722
1057	136	95.7830525921	5	3727
1058	134	95.7714100273	5	3732
1059	130	95.844309907	6	3738
1060	135	95.7927591331	2	3740
1061	137	95.8653998558	5	3745
1062	140	95.9101545067	3	3748
1063	140	95.9150255422	4	3752
1064	143	95.9293491895	0	3752
1065	147	95.8937935051	3	3755
1066	148	95.8477763375	4	3759
1067	144	95.786841397	3	3762
1068	142	95.8734976297	6	3768
1069	145	95.9601008817	5	3773
1070	142	96.0455609722	7	3780
1071	144	96.1218528571	6	3786
1072	147	96.0700016727	0	3786
1073	146	96.0779255365	0	3786
1074	146	96.0183496705	0	3786
1075	146	96.1037493147	3	3789
1076	143	96.1982994717	1	3790
1077	139	96.253437599	4	3794
1078	138	96.1697597502	7	3801
1079	136	96.1778883704	4	3805
1080	134	96.1551999615	2	3807
1081	139	96.2168502515	4	3811
1082	135	96.2624456192	2	3813
1083	130	96.3423600674	0	3813
1084	135	96.2876436519	0	3813
1085	138	96.2401711234	7	3820
1086	139	96.1513534259	1	3821
1087	135	96.2100581699	0	3821
1088	131	96.1877770597	6	3827
1089	130	96.130868716	5	3832
1090	132	96.143722595	2	3834
1091	136	96.1002333707	4	3838
1092	138	96.1997421009	7	3845
1093	134	96.1569966756	0	3845
1094	136	96.2285654905	6	3851
1095	132	96.2689389436	0	3851
1096	133	96.2772719887	2	3853
1097	128	96.3245721409	0	3853
1098	129	96.2508302912	5	3858
1099	129	96.2228812689	6	3864
1100	127	96.1964388555	7	3871
1101	124	96.1463043672	5	3876
1102	128	96.148284655	6	3882
1103	131	96.0651151756	4	3886
1104	134	96.0292112967	0	3886
1105	129	96.1095563735	3	3889
1106	129	96.0794184634	3	3892
1107	131	96.0510299802	2	3894
1108	131	96.0991534522	6	3900
1109	127	96.1923953941	3	3903
1110	127	96.1888693611	6	3909
1111	126	96.2560733371	5	3914
1112	125	96.1611384602	6	3920
1113	124	96.0783046845	0	3920
1114	124	96.1022290864	5	3925
1115	119	96.1443863055	7	3932
1116	116	96.1641540386	6	3938
1117	111	96.1830318425	6	3944
1118	110	96.0992491657	1	3945
1119	115	96.1494593031	2	3947
1120	120	96.1316722033	1	3948
1121	120	96.0584019303	4	3952
1122	122	96.0270884135	7	3959
1123	120	95.9293931946	0	3959
1124	116	96.0046076458	4	3963
1125	114	96.0615803171	6	3969
1126	116	96.0709561923	6	3975
1127	117	96.0681565079	3	3978
1128	121	96.0373624798	7	3985
1129	126	95.9709019017	5	3990
1130	130	95.9846780439	3	3993
1131	125	95.9995894774	0	3993
1132	130	96.0932115442	0	3993
1133	132	96.1459326585	2	3995
1134	134	96.2088712892	6	4001
1135	139	96.229124607	6	4007
1136	139	96.144713991	5	4012
1137	135	96.1168723816	5	4017
1138	130	96.1396423646	5	4022
1139	132	96.2041625074	6	4028
1140	131	96.2970263542	5	4033
1141	127	96.3930712428	2	4035
1142	127	96.3576162092	7	4042
1143	122	96.3006433189	1	4043
1144	117	96.2396880791	1	4044
1145	122	96.1653495966	3	4047
1146	118	96.1964477347	5	4052
1147	115	96.251499051	1	4053
1148	111	96.2443846204	5	4058
1149	106	96.3174599738	2	4060
1150	109	96.2646113421	1	4061
1151	112	96.2415618745	4	4065
1152	115	96.336413807	5	4070
1153	119	96.361893977	6	4076
1154	119	96.3354935658	5	4081
1155	115	96.2679315278	6	4087
1156	115	96.2400142912	6	4093
1157	119	96.2451916088	4	4097
1158	123	96.21134665	2	4099
1159	120	96.1174043046	4	4103
1160	123	96.1129903394	6	4109
1161	124	96.0898609717	4	4113
1162	127	96.0028885628	5	4118
1163	124	95.9392778639	3	4121
1164	127	95.9138472535	5	4126
1165	131	95.844118278	4	4130
1166	127	95.808197173	2	4132
1167	124	95.8855797927	1	4133
1168	127	95.8837054959	5	4138
1169	126	95.8169780606	7	4145
1170	124	95.7640393594	4	4149
1171	125	95.8154258159	3	4152
1172	122	95.7297051929	0	4152
1173	121	95.707516162	7	4159
1174	116	95.6218449757	4	4163
1175	114	95.6405839058	0	4163
1176	113	95.5888510862	4	4167
1177	115	95.6270732352	4	4171
1178	119	95.5853980486	7	4178
1179	120	95.5075746327	3	4181
1180	117	95.4121936762	3	4184
1181	114	95.3186526578	4	4188
1182	116	95.2284372391	2	4190
1183	114	95.3116504857	3	4193
1184	113	95.2239933812	0	4193
1185	115	95.243562883	6	4199
1186	116	95.3347249485	3	4202
1187	115	95.4098687511	3	4205
1188	110	95.3918189303	5	4210
1189	110	95.4323827829	4	4214
1190	112	95.4923317854	6	4220
1191	113	95.5798943495	4	4224
1192	112	95.5074775758	6	4230
1193	108	95.5221941436	0	4230
1194	104	95.4228034395	5	4235
1195	106	95.4337858125	0	4235
1196	107	95.3453325129	2	4237
1197	105	95.2770597842	4	4241
1198	109	95.1773783651	1	4242
1199	106	95.2460525144	7	4249
1200	101	95.2096676175	4	4253
1201	100	95.209452597	3	4256
1202	98	95.2312498682	6	4262
1203	102	95.31582063	7	4269
1204	104	95.3466267807	4	4273
1205	103	95.4108418775	5	4278
1206	100	95.4944215043	1	4279
1207	99	95.4839429389	0	4279
1208	96	95.5598198689	3	4282
1209	95	95.5610340969	7	4289
1210	94	95.5269867721	2	4291
1211	98	95.6027794912	5	4296
1212	96	95.6366542551	0	4296
1213	99	95.6006774978	6	4302
1214	98	95.6425260475	0	4302
1215	98	95.6697013248	5	4307
1216	93	95.5867080264	6	4313
1217	88	95.5654457383	2	4315
1218	89	95.6542002696	0	4315
1219	84	95.6977095421	0	4315
1220	81	95.7380781618	4	4319
1221	84	95.7629858675	7	4326
1222	87	95.7444070595	5	4331
1223	88	95.7400558151	2	4333
1224	85	95.6813723126	1	4334
1225	81	95.7641549929	6	4340
1226	78	95.7007621482	6	4346
1227	74	95.625121043	5	4351
1228	71	95.6325370519	2	4353
1229	73	95.5628577074	6	4359
1230	75	95.6361842553	1	4360
1231	78	95.5764690197	1	4361
1232	74	95.5171662294	3	4364
1233	78	95.4573734355	4	4368
1234	74	95.3612026646	6	4374
1235	69	95.4515539508	5	4379
1236	67	95.4114937388	4	4383
1237	64	95.3842390246	3	4386
1238	63	95.4566653546	1	4387
1239	59	95.3612868408	4	4391
1240	55	95.4410995176	6	4397
1241	51	95.4980097528	3	4400
1242	54	95.526306759	1	4401
1243	52	95.5922372662	7	4408
1244	57	95.6867648323	2	4410
1245	58	95.7041143028	7	4417
1246	60	95.6737674591	7	4424
1247	60	95.6375914152	4	4428
1248	61	95.5409771972	1	4429
1249	64	95.5602610163	2	4431
1250	61	95.6389624031	0	4431
1251	62	95.6349297629	3	4434
1252	59	95.6789757681	4	4438
1253	60	95.665184059	5	4443
1254	58	95.7402769395	5	4448
1255	62	95.8010360811	4	4452
1256	59	95.7603717469	0	4452
1257	62	95.6644540819	7	4459
1258	62	95.6922860681	2	4461
1259	63	95.6892432207	7	4468
1260	63	95.6713100408	4	4472
1261	68	95.6993249228	2	4474
1262	68	95.7657209186	6	4480
1263	69	95.8107855566	0	4480
1264	67	95.7142482842	7	4487
1265	62	95.6481133407	3	4490
1266	65	95.5764702327	6	4496
1267	70	95.6696081005	1	4497
1268	74	95.6232362314	3	4500
1269	71	95.5238714807	5	4505
1270	71	95.5826868426	6	4511
1271	68	95.6211248458	0	4511
1272	70	95.6663946176	1	4512
1273	72	95.6798441953	7	4519
1274	69	95.6919549988	5	4524
1275	68	95.7074336466	0	4524
1276	69	95.7846110812	3	4527
1277	72	95.7243449036	4	4531
1278	77	95.6251675298	1	4532
1279	77	95.6432465033	1	4533
1280	73	95.7292056779	7	4540
1281	78	95.717439858	5	4545
1282	82	95.6967000027	0	4545
1283	77	95.6778835723	3	4548
1284	77	95.6087895226	0	4548
1285	76	95.5356569814	3	4551
1286	74	95.5451786358	1	4552
1287	74	95.517767399	5	4557
1288	75	95.5578158784	4	4561
1289	75	95.4687628807	0	4561
1290	73	95.4470289488	0	4561
1291	78	95.4663341092	3	4564
1292	83	95.5079500571	0	4564
1293	79	95.5515916097	5	4569
1294	74	95.4641672861	6	4575
1295	75	95.5481828406	7	4582
1296	73	95.6464414122	6	4588
1297	75	95.6506964474	7	4595
1298	70	95.6940643207	4	4599
1299	74	95.7605938915	0	4599
1300	78	95.8345861596	7	4606
1301	82	95.857292034	7	4613
1302	86	95.8136137595	2	4615
1303	88	95.8622795533	5	4620
1304	91	95.8944722003	7	4627
1305	92	95.9840078733	5	4632
1306	87	95.9030786512	3	4635
1307	86	95.8140295669	2	4637
1308	87	95.8946345737	3	4640
1309	90	95.8861506918	1	4641
1310	86	95.959656896	5	4646
1311	82	95.9447100956	5	4651
1312	82	95.9635191105	2	4653
1313	86	96.0375809189	4	4657
1314	90	96.0083746127	0	4657
1315	87	95.9248751499	6	4663
1316	88	95.9288881493	0	4663
1317	86	95.8879655179	6	4669
1318	91	95.8158957705	5	4674
1319	88	95.9145168495	0	4674
1320	86	95.8383421236	1	4675
1321	90	95.93695485	7	4682
1322	87	95.9153932722	7	4689
1323	89	95.9299262272	1	4690
1324	92	95.9137843035	1	4691
1325	95	95.826783865	2	4693
1326	99	95.8811363928	0	4693
1327	103	95.7817905565	1	4694
1328	99	95.7153974674	6	4700
1329	99	95.8065549743	3	4703
1330	94	95.8996692221	5	4708
1331	96	95.9940705146	5	4713
1332	99	96.0839201865	1	4714
1333	99	96.1146597069	1	4715
1334	104	96.1478810448	6	4721
1335	100	96.1438562653	2	4723
1336	97	96.0716911226	6	4729
1337	95	96.0783935973	2	4731
1338	90	95.9962913228	4	4735
1339	87	96.0464279491	3	4738
1340	86	96.019929834	3	4741
1341	81	96.0090958706	0	4741
1342	85	95.951014144	7	4748
1343	81	96.0101532822	3	4751
1344	78	96.0029947231	2	4753
1345	82	96.1021528426	7	4760
1346	83	96.1865252417	2	4762
1347	84	96.1756072269	5	4767
1348	79	96.270463327	5	4772
1349	78	96.3548433763	6	4778
1350	81	96.3145330757	2	4780
1351	82	96.3636778049	6	4786
1352	78	96.3973632679	3	4789
1353	75	96.317370395	6	4795
1354	73	96.3509955793	7	4802
1355	74	96.2788529216	3	4805
1356	78	96.3543822241	2	4807
1357	79	96.3669693618	7	4814
1358	84	96.3943473776	3	4817
1359	87	96.3558195121	7	4824
1360	89	96.4422087619	3	4827
1361	85	96.4800372988	0	4827
1362	80	96.3848469117	6	4833
1363	79	96.3502578864	0	4833
1364	84	96.4037975776	2	4835
1365	88	96.3468312264	3	4838
1366	87	96.3165584671	3	4841
1367	85	96.4096362257	2	4843
1368	81	96.4151852989	5	4848
1369	80	96.4723626364	2	4850
1370	85	96.490749288	1	4851
1371	90	96.4689310128	1	4852
1372	90	96.4224461752	7	4859
1373	85	96.3285584775	3	4862
1374	85	96.231474903	1	4863
1375	89	96.2780236126	6	4869
1376	89	96.2267718864	0	4869
1377	88	96.2768372971	2	4871
1378	83	96.2967991724	1	4872
1379	86	96.3915845124	7	4879
1380	88	96.3138545641	6	4885
1381	90	96.3687060682	3	4888
1382	94	96.3576781929	6	4894
1383	98	96.3540988096	3	4897
1384	100	96.3322459781	5	4902
1385	104	96.3946362615	2	4904
1386	107	96.3651466974	0	4904
1387	104	96.3054745321	6	4910
1388	104	96.2158298578	4	4914
1389	105	96.1282429798	1	4915
1390	108	96.1332136491	3	4918
1391	113	96.0511754878	1	4919
1392	118	96.0830199903	7	4926
1393	113	95.9973365603	4	4930
1394	116	95.9496390097	6	4936
1395	115	95.8764406861	0	4936
1396	114	95.9694670246	2	4938
1397	113	95.9371253401	2	4940
1398	111	96.0202625248	1	4941
1399	112	96.0407071224	5	4946
1400	110	96.0828106745	4	4950
1401	108	95.9849559345	5	4955
1402	105	95.960980933	3	4958
1403	104	95.8625847031	0	4958
1404	103	95.9226058101	3	4961
1405	99	95.852108741	4	4965
1406	100	95.7860033241	2	4967
1407	101	95.7644228166	0	4967
1408	96	95.851274393	5	4972
1409	92	95.804337312	3	4975
1410	89	95.754796428	3	4978
1411	94	95.8498608568	7	4985
1412	94	95.8925705617	3	4988
1413	90	95.9631617905	5	4993
1414	88	96.0608793917	3	4996
1415	90	96.0182671512	1	4997
1416	85	96.0631924552	4	5001
1417	83	96.0224262314	7	5008
1418	81	96.0907839288	1	5009
1419	82	96.1378122748	1	5010
1420	80	96.1730529399	4	5014
1421	85	96.2402336976	0	5014
1422	81	96.2355105339	6	5020
1423	76	96.1728721864	5	5025
1424	72	96.147270167	0	5025
1425	77	96.0822122692	5	5030
1426	76	95.9832058949	0	5030
1427	79	96.0677048171	2	5032
1428	82	96.0428231816	4	5036
1429	81	96.1226775923	5	5041
1430	80	96.1245118593	2	5043
1431	76	96.0697712397	0	5043
1432	79	96.0832773096	7	5050
1433	81	96.0327108472	6	5056
1434	76	96.0937058341	5	5061
1435	76	96.1342590787	5	5066
1436	75	96.1689729348	2	5068
1437	79	96.2088251141	3	5071
1438	83	96.147294662	0	5071
1439	83	96.2295010079	1	5072
1440	87	96.2295974012	6	5078
1441	83	96.2125262263	7	5085
1442	83	96.1510774732	4	5089
1443	78	96.1076667756	2	5091
1444	80	96.0442460609	5	5096
1445	81	96.1071215993	7	5103
1446	80	96.1021618301	7	5110
1447	76	96.173928094	4	5114
1448	77	96.2280172057	5	5119
1449	72	96.2768001378	6	5125
1450	69	96.3709923452	3	5128
1451	66	96.2819675059	2	5130
1452	69	96.3727699408	1	5131
1453	74	96.3800107148	2	5133
1454	70	96.3385942967	0	5133
1455	70	96.3607426864	7	5140
1456	68	96.2836202148	2	5142
1457	73	96.3084861257	5	5147
1458	73	96.3121871803	4	5151
1459	78	96.217501187	0	5151
1460	74	96.2851169591	7	5158
1461	71	96.3794558911	4	5162
1462	69	96.3132793282	6	5168
1463	66	96.2931850924	3	5171
1464	69	96.3211231747	6	5177
1465	70	96.329358716	6	5183
1466	69	96.3376143123	7	5190
1467	72	96.409389255	7	5197
1468	75	96.4594325971	3	5200
1469	80	96.5316681236	1	5201
1470	77	96.4446308552	7	5208
1471	78	96.4213511788	1	5209
1472	81	96.5058371507	4	5213
1473	79	96.5469030337	5	5218
1474	84	96.5221591607	5	5223
1475	84	96.5922546904	6	5229
1476	79	96.6044521298	6	5235
1477	79	96.5343059632	1	5236
1478	82	96.5758829931	1	5237
1479	84	96.5724727681	2	5239
1480	82	96.4748477454	7	5246
1481	81	96.4900269788	2	5248
1482	85	96.4740315784	5	5253
1483	85	96.4513592452	0	5253
1484	88	96.5301694427	3	5256
1485	92	96.4410896519	7	5263
1486	90	96.4526776539	7	5270
1487	93	96.4445843942	3	5273
1488	93	96.4186046045	6	5279
1489	95	96.5023520825	5	5284
1490	94	96.5452952125	6	5290
1491	91	96.5403145539	7	5297
1492	92	96.4957320151	6	5303
1493	95	96.5589287345	4	5307
1494	97	96.5528483998	3	5310
1495	99	96.4840317848	7	5317
1496	98	96.4474977075	3	5320
1497	99	96.3759686921	6	5326
1498	97	96.3334925986	1	5327
1499	100	96.3651311859	5	5332
1500	95	96.3346028828	1	5333
1501	100	96.338368642	6	5339
1502	105	96.2846901151	1	5340
1503	100	96.2861266195	2	5342
1504	100	96.3855032095	2	5344
1505	103	96.4156998546	2	5346
1506	103	96.3877265918	1	5347
1507	106	96.3767628128	4	5351
1508	104	96.4738385607	2	5353
1509	103	96.480270134	6	5359
1510	104	96.569110756	3	5362
1511	103	96.5703439406	1	5363
1512	105	96.4704917028	5	5368
1513	109	96.3794077251	7	5375
1514	110	96.3503808397	5	5380
1515	115	96.3239555587	4	5384
1516	117	96.2303450938	2	5386
1517	117	96.2911241678	3	5389
1518	122	96.3706519336	1	5390
1519	127	96.3460798344	0	5390
1520	125	96.4181304714	5	5395
1521	125	96.4295475055	5	5400
1522	128	96.4122998806	0	5400
1523	132	96.4069332484	0	5400
1524	133	96.4963749315	1	5401
1525	131	96.5754788732	6	5407
1526	127	96.6070550558	7	5414
1527	129	96.5233206982	5	5419
1528	126	96.5049908629	4	5423
1529	124	96.5270991493	3	5426
1530	122	96.6226977482	5	5431
1531	117	96.6041863815	2	5433
1532	115	96.6676908508	7	5440
1533	116	96.639588729	2	5442
1534	121	96.6488870844	1	5443
1535	122	96.7355940085	7	5450
1536	127	96.6733526685	2	5452
1537	132	96.7670656494	3	5455
1538	127	96.8077806256	4	5459
1539	127	96.8806943585	0	5459
1540	131	96.9112099389	2	5461
1541	129	96.9340650741	3	5464
1542	131	96.9025575806	5	5469
1543	136	96.812909768	4	5473
1544	131	96.8557208078	0	5473
1545	131	96.7576286933	2	5475
1546	135	96.700396732	5	5480
1547	130	96.618060561	0	5480
1548	128	96.7172757608	6	5486
1549	125	96.6307368347	2	5488
1550	120	96.6592155127	0	5488
1551	118	96.7326840683	5	5493
1552	115	96.8258083302	6	5499
1553	111	96.8439241736	6	5505
1554	106	96.8470347531	3	5508
1555	106	96.879226666	7	5515
1556	102	96.9290782055	7	5522
1557	98	96.9585398647	6	5528
1558	94	96.9715541336	1	5529
1559	98	96.9567618019	1	5530
1560	93	97.0478117835	2	5532
1561	92	97.0197565753	5	5537
1562	93	96.9756124779	2	5539
1563	92	97.0568985385	0	5539
1564	90	96.9851832813	4	5543
1565	89	97.0056744069	0	5543
1566	90	97.0606887468	1	5544
