1	128	1	95.0308675778
2	128	6	95.0594852967
3	131	12	95.0142518066
4	130	17	95.0526836409
5	134	18	95.0082768336
6	134	22	95.0449229631
7	131	24	94.9907564958
8	134	30	95.0368174123
9	130	36	94.9660908743
10	128	43	95.054847501
11	128	50	95.0299683298
12	129	50	94.9877210668
13	124	55	95.0112425204
14	119	57	95.0770054467
15	117	63	94.9988314163
16	118	66	95.038134157
17	114	66	95.0705206874
18	119	69	94.9828336629
19	122	69	94.9313119027
20	123	76	94.985171052
21	124	77	94.9545900315
22	124	80	94.9423280616
23	122	85	94.959307925
24	126	89	94.9565702717
25	127	92	94.9075903362
26	123	96	94.8895643265
27	123	103	94.85683245
28	125	104	94.8791546836
29	123	108	94.9485070939
30	123	114	94.9551915707
31	127	116	94.9572181327
32	130	123	95.0103202869
33	128	124	95.0740572156
34	130	129	95.1051845969
35	134	129	95.1843956607
36	129	132	95.221270014
37	131	136	95.3153564209
38	130	139	95.2488953221
39	133	140	95.255618784
40	138	147	95.2733645278
41	142	152	95.1794629968
42	138	154	95.1595759428
43	135	154	95.1634277153
44	140	154	95.207704767
45	139	155	95.2647299782
46	134	162	95.2979899625
47	139	165	95.1991670067
48	144	165	95.2580492884
49	147	165	95.1763431975
50	144	166	95.2270385515
51	143	169	95.198147889
52	146	175	95.1353641784
53	149	175	95.125011765
54	152	176	95.0803497166
55	147	182	95.1592899452
56	148	182	95.1571982245
57	149	184	95.1390397264
58	154	189	95.2164548028
59	155	195	95.201305386
60	153	202	95.2665215799
61	155	203	95.2524979124
62	154	208	95.2915663207
63	158	214	95.3023666965
64	163	219	95.2662038704
65	158	226	95.339053687
66	162	230	95.3511667615
67	157	235	95.3103533539
68	161	241	95.2106377645
69	159	247	95.2486278253
70	160	249	95.3376104001
71	158	250	95.370895146
72	156	254	95.4495349482
73	161	260	95.4920149691
74	157	260	95.4839646866
75	158	260	95.539819567
76	154	264	95.5173926684
77	153	268	95.5619593582
78	148	272	95.620550524
79	153	273	95.6277385151
80	151	279	95.5897039092
81	153	281	95.5678709274
82	149	282	95.6142027121
83	154	286	95.5897159029
84	158	293	95.6416948244
85	157	297	95.6081818569
86	158	304	95.5617764267
87	156	308	95.641654254
88	154	309	95.7147963534
89	150	311	95.6688207298
90	148	318	95.5765659495
91	145	325	95.5281982086
92	140	326	95.5584999095
93	137	332	95.5098690298
94	139	338	95.5124890206
95	134	341	95.4414055498
96	133	346	95.3999328932
97	138	352	95.4734602788
98	134	355	95.3982087525
99	138	358	95.3203974708
100	142	364	95.3692864929
101	139	368	95.2888924755
102	143	375	95.3663711596
103	144	380	95.3186847032
104	142	385	95.3498076016
105	139	389	95.4071722604
106	139	395	95.3339832852
107	143	398	95.3283430426
108	138	404	95.2761295545
109	143	405	95.2724053601
110	145	412	95.3638345827
111	147	415	95.3407692254
112	146	422	95.2704418163
113	150	429	95.2731785609
114	146	429	95.2277705374
115	144	435	95.2361758247
116	140	440	95.2774722918
117	142	444	95.2832458732
118	147	451	95.2595160755
119	148	457	95.2793653645
120	143	464	95.3704051873
121	146	464	95.4334741711
122	149	469	95.4458029645
123	154	476	95.3807171168
124	155	481	95.38567353
125	155	482	95.3887036675
126	154	489	95.3793337485
127	156	493	95.4116674483
128	159	495	95.3636248095
129	164	502	95.4554172159
130	162	506	95.4747946596
131	166	511	95.4187890574
132	167	511	95.3951939002
133	164	512	95.4881923719
134	166	517	95.3920632014
135	166	524	95.296466669
136	169	529	95.2514778771
137	165	531	95.1713808027
138	167	537	95.1069566955
139	172	541	95.1627979217
140	168	544	95.0754067778
141	169	547	95.0959403563
142	169	547	95.1449063817
143	174	547	95.2235604266
144	171	547	95.2505633245
145	171	551	95.3084325852
146	176	554	95.395420924
147	173	554	95.3020943707
148	170	561	95.2086146874
149	173	563	95.2220894799
150	171	569	95.2777532521
151	166	573	95.3505451164
152	168	575	95.2964845382
153	168	577	95.2948377996
154	165	577	95.2612161884
155	165	581	95.1660338151
156	165	583	95.1250377328
157	164	587	95.1615738181
158	164	587	95.1080641367
159	160	587	95.0123522804
160	162	589	94.9291697704
161	162	596	94.9616744733
162	159	597	94.9690763071
163	156	600	94.9580736034
164	157	603	94.9823947074
165	154	608	95.0215905951
166	150	611	95.0212309002
167	149	617	95.0089500794
168	151	618	95.087437012
169	154	619	94.9912769259
170	149	622	94.9589286677
171	145	629	94.9650671507
172	149	635	95.0460913634
173	151	640	94.9903313413
174	153	647	95.0063963712
175	150	650	94.9372847856
176	155	652	94.8814575492
177	151	652	94.82968466
178	152	656	94.9076210145
179	147	660	95.0044463555
180	148	663	94.9172403335
181	144	670	94.8950628051
182	149	677	94.9546551263
183	152	678	95.0419285498
184	147	679	95.0141792698
185	150	680	95.0821087573
186	153	680	94.9904828747
187	158	683	95.0180792282
188	158	687	95.0661029968
189	159	687	95.1570321154
190	162	687	95.2200410438
191	164	691	95.1407104695
192	161	692	95.1134895959
193	158	697	95.1105140862
194	160	701	95.0178544061
195	155	707	95.0569924941
196	150	713	95.0786533674
197	152	714	95.0159166717
198	155	720	95.0678908023
199	153	723	94.9936063664
200	149	729	94.9801545115
201	144	733	95.0237440432
202	139	740	95.0163586422
203	140	746	94.9858088766
204	136	751	95.0252480047
205	137	751	94.9624290474
206	134	756	95.0586581673
207	135	761	95.1467925915
208	136	765	95.070005126
209	134	768	95.1228495968
210	137	775	95.0647035048
211	137	780	95.1303530672
212	142	781	95.0412501091
213	146	781	94.9940943108
214	141	781	95.0673118771
215	137	783	95.1595991139
216	138	787	95.1374100336
217	135	791	95.1799979086
218	133	796	95.1987217974
219	136	796	95.2384294606
220	132	799	95.2290471216
221	128	802	95.3008233835
222	125	802	95.227031372
223	130	806	95.2873158425
224	135	812	95.294425086
225	135	814	95.2907490429
226	139	821	95.3807410402
227	141	823	95.3988982959
228	142	827	95.4815435703
229	142	831	95.4025477711
230	145	836	95.4412709125
231	147	839	95.4376649092
232	149	844	95.3700560169
233	146	846	95.2809388393
234	148	848	95.3768376126
235	153	851	95.4712223653
236	152	858	95.409547893
237	147	865	95.4595238966
238	152	871	95.4184957492
239	152	877	95.3397749494
240	157	877	95.297459776
241	158	878	95.3250179965
242	153	885	95.2913107859
243	155	891	95.3806485186
244	151	892	95.3628028322
245	154	895	95.4251451756
246	154	895	95.4780598454
247	149	899	95.4057706911
248	150	902	95.4243251144
249	146	903	95.3559025333
250	145	903	95.4260178572
251	141	906	95.3525919527
252	139	908	95.2974507866
253	143	910	95.2339953274
254	143	915	95.2304921799
255	141	917	95.1361052705
256	144	922	95.1995678286
257	146	922	95.0998781637
258	149	923	95.1517375061
259	153	930	95.1241784361
260	148	933	95.1696045202
261	149	935	95.2156935689
262	152	936	95.1755176945
263	155	943	95.0843641633
264	160	945	95.1513551932
265	161	952	95.2177809011
266	157	954	95.2115710237
267	156	956	95.204468925
268	157	961	95.225393038
269	154	966	95.3250009469
270	149	969	95.3530082323
271	151	970	95.3760409783
272	147	973	95.3325543804
273	150	974	95.3893608712
274	155	975	95.478044977
275	150	978	95.465292493
276	154	983	95.4151077715
277	150	988	95.406333966
278	146	991	95.4995152963
279	145	995	95.4657012491
280	149	1001	95.4182899483
281	152	1007	95.3379788176
282	150	1012	95.4053098091
283	152	1015	95.4635642301
284	147	1022	95.5544802384
285	150	1022	95.5762615119
286	154	1025	95.528399537
287	157	1030	95.5401277088
288	158	1030	95.5969819622
289	153	1037	95.4982772421
290	158	1042	95.448170515
291	159	1045	95.3869802538
292	163	1046	95.4439659298
293	165	1046	95.3998008223
294	167	1052	95.3176480031
295	163	1055	95.3087547179
296	164	1060	95.3646870742
297	165	1062	95.2885476985
298	170	1067	95.3384728891
299	168	1072	95.314672094
300	170	1078	95.2493225413
301	173	1084	95.1561220358
302	168	1088	95.1159193287
303	171	1095	95.0203212833
304	167	1097	94.9413199135
305	169	1097	94.9857666832
306	164	1102	94.9723996367
307	167	1108	95.0323915031
308	169	1111	95.0064832949
309	174	1115	95.0075634912
310	176	1121	94.9518210134
311	171	1127	95.051652173
312	167	1132	95.0391114299
313	164	1138	95.1058392037
314	162	1142	95.0946228347
315	157	1148	95.1429976029
316	152	1149	95.2202668092
317	149	1152	95.233138632
318	151	1155	95.2273020921
319	154	1161	95.2321710482
320	150	1162	95.1926293375
321	153	1168	95.1192198913
322	151	1171	95.127262452
323	155	1175	95.0627425767
324	160	1179	95.0313641308
325	158	1184	95.0400871456
326	163	1185	95.0197051358
327	167	1186	95.0859237042
328	162	1187	95.0802473232
329	164	1193	95.0861716176
330	164	1200	95.1395355217
331	164	1207	95.1877918681
332	159	1212	95.236264114
333	158	1217	95.2927841175
334	155	1224	95.3913356568
335	151	1227	95.3119146391
336	147	1231	95.3989808314
337	142	1237	95.302143576
338	139	1239	95.2320646758
339	137	1239	95.2369498043
340	139	1243	95.2045070291
341	140	1248	95.1501619369
342	144	1248	95.2283327803
343	140	1250	95.2159841365
344	137	1257	95.13006448
345	134	1257	95.184322771
346	139	1257	95.1377692186
347	141	1257	95.1201115617
348	145	1262	95.1282690094
349	143	1267	95.0383317524
350	145	1267	95.0566852635
351	147	1268	94.9918293809
352	146	1270	95.0535068602
353	142	1271	94.9996597841
354	138	1272	95.0385830337
355	134	1274	95.081265421
356	135	1278	95.1744044478
357	134	1279	95.2571504535
358	131	1279	95.3564992647
359	134	1285	95.3033148652
360	138	1290	95.3170341194
361	141	1295	95.3384179927
362	141	1295	95.3454195479
363	140	1299	95.3899984475
364	141	1304	95.4574561459
365	139	1310	95.5016245551
366	143	1317	95.5345967665
367	147	1322	95.5031148007
368	147	1325	95.4163460658
369	150	1331	95.3411672779
370	150	1338	95.3857458271
371	148	1338	95.3969346766
372	153	1339	95.3413983095
373	149	1339	95.3973444415
374	151	1345	95.491974452
375	155	1345	95.4704489612
376	158	1347	95.3916373669
377	156	1354	95.4732274938
378	152	1360	95.4560576262
379	150	1365	95.3761114984
380	148	1370	95.2876197683
381	151	1374	95.2126082668
382	149	1378	95.2359388044
383	147	1378	95.3344069148
384	152	1380	95.4099536536
385	147	1383	95.5065808388
386	148	1384	95.5446841049
387	145	1390	95.5612631488
388	148	1390	95.4774594957
389	149	1396	95.3870491963
390	146	1402	95.4137942523
391	149	1402	95.3842396493
392	146	1403	95.3164847382
393	148	1407	95.310229276
394	147	1407	95.3185583759
395	145	1407	95.2713958957
396	143	1410	95.3287449304
397	140	1415	95.3523819317
398	138	1422	95.3634140646
399	138	1427	95.3412424821
400	133	1433	95.2946321097
401	128	1439	95.3118585072
402	130	1439	95.3345891323
403	128	1444	95.3932158511
404	130	1451	95.3613561515
405	131	1451	95.3349766494
406	129	1452	95.3760271153
407	127	1453	95.3291790956
408	130	1453	95.2830945914
409	135	1454	95.2566016783
410	137	1461	95.2673686175
411	135	1461	95.1968056174
412	134	1465	95.161128704
413	139	1470	95.1318055779
414	135	1476	95.1066421405
415	132	1477	95.1451902334
416	133	1479	95.048823073
417	132	1486	95.0998170662
418	132	1492	95.0381574538
419	133	1496	94.94697804
420	128	1498	95.0432191013
421	130	1499	94.9806019955
422	135	1505	95.0262016067
423	139	1509	94.9488752553
424	137	1513	95.0424507208
425	138	1517	95.0664333686
426	143	1517	95.0059336087
427	146	1523	95.0449414223
428	151	1530	95.1388023872
429	156	1536	95.1116723975
430	157	1540	95.0819159076
431	162	1542	95.0525107218
432	162	1547	94.9582705627
433	162	1554	94.9145315961
434	158	1558	94.8732305026
435	162	1563	94.8471873172
436	159	1565	94.8352859975
437	159	1565	94.7827599154
438	154	1572	94.7540945266
439	150	1572	94.8185132884
440	149	1577	94.7526792017
441	144	1578	94.7243103714
442	144	1583	94.8147839356
443	146	1588	94.836546157
444	147	1589	94.836083233
445	142	1596	94.8962769808
446	137	1599	94.9868183528
447	136	1600	95.0624807344
448	136	1601	95.0240234497
449	140	1602	95.0404098214
450	142	1607	94.9441618428
451	142	1612	94.8799005549
452	140	1617	94.8605274099
453	142	1618	94.8462397089
454	140	1623	94.9008951388
455	142	1627	94.9379098408
456	141	1629	94.9851599798
457	138	1636	95.0172488774
458	137	1638	94.9535940007
459	135	1643	94.9287450648
460	130	1645	94.9994023481
461	126	1646	95.0760440478
462	130	1646	95.0883909054
463	129	1648	95.1710696895
464	126	1653	95.0843731661
465	131	1656	95.0112817486
466	128	1661	94.9742236292
467	124	1662	94.9233325724
468	126	1668	95.0122400216
469	121	1670	95.0870969428
470	120	1676	95.093334657
471	117	1679	95.0774300842
472	121	1686	95.1720724189
473	118	1691	95.2209297306
474	118	1693	95.2247480145
475	121	1699	95.1893579472
476	126	1705	95.2077685977
477	126	1706	95.1780119353
478	123	1708	95.1067156238
479	128	1713	95.081046643
480	131	1716	95.0134221826
481	130	1716	94.9950561678
482	125	1722	94.9230180964
483	122	1727	94.9807485708
484	127	1734	94.9178881995
485	130	1738	94.8534361283
486	132	1741	94.7597878244
487	130	1742	94.7060145549
488	129	1742	94.7179682413
489	129	1744	94.7565993502
490	132	1747	94.7180462221
491	128	1751	94.6874575672
492	127	1758	94.6487586504
493	129	1759	94.5551419924
494	133	1766	94.5146570301
495	131	1769	94.5274815102
496	130	1773	94.6155739498
497	128	1776	94.6058023088
498	128	1779	94.6811285041
499	133	1779	94.6186501424
500	136	1781	94.5629897765
501	132	1782	94.527808547
502	131	1784	94.5495673716
503	134	1785	94.4922285823
504	138	1790	94.5834605344
505	139	1797	94.569003374
506	136	1804	94.5104676951
507	140	1806	94.48025872
508	135	1809	94.4961776694
509	133	1810	94.5354320011
510	134	1817	94.611143493
511	132	1824	94.6793831428
512	135	1830	94.6537409028
513	139	1834	94.5639633095
514	137	1836	94.5951296651
515	139	1836	94.6459688355
516	138	1842	94.7400852131
517	134	1845	94.8392876709
518	134	1849	94.7888418496
519	134	1854	94.8624264172
520	139	1857	94.8948900197
521	137	1859	94.8736646106
522	135	1865	94.8008605692
523	136	1867	94.8529868725
524	136	1873	94.9201866918
525	138	1875	94.9970422057
526	135	1880	94.8972238541
527	138	1884	94.8046689334
528	135	1890	94.7201231035
529	137	1897	94.7483267888
530	142	1902	94.6502141683
531	140	1905	94.7023868235
532	140	1911	94.801327383
533	142	1917	94.883330205
534	141	1917	94.7960009024
535	143	1917	94.7760784404
536	144	1923	94.7516705943
537	142	1926	94.7244596616
538	145	1929	94.697369237
539	149	1931	94.6281099784
540	151	1932	94.5959066193
541	150	1933	94.6123148667
542	147	1937	94.5541549434
543	149	1941	94.5165400352
544	152	1943	94.5598949792
545	153	1946	94.6214667513
546	148	1950	94.6654582837
547	153	1951	94.6445442723
548	154	1955	94.5661136446
549	154	1958	94.5586260973
550	156	1962	94.5759964213
551	161	1964	94.5580883843
552	164	1964	94.5125742456
553	167	1965	94.5696000342
554	165	1971	94.4785324683
555	164	1978	94.4915820392
556	161	1985	94.3946017285
557	160	1987	94.2948210913
558	163	1994	94.29896732
559	168	2000	94.3291502972
560	167	2002	94.4238404819
561	163	2006	94.5216638818
562	158	2010	94.5415224503
563	154	2011	94.5792782163
564	156	2012	94.502678515
565	161	2013	94.4553002352
566	164	2017	94.5104894624
567	168	2023	94.5737694922
568	172	2027	94.4739793957
569	174	2031	94.4393014709
570	174	2037	94.4381539736
571	170	2040	94.4996580476
572	166	2040	94.417926846
573	165	2045	94.4841821309
574	162	2048	94.5207057898
575	167	2052	94.4777236401
576	164	2059	94.5451379822
577	164	2059	94.4877431477
578	168	2059	94.4418498612
579	167	2065	94.4616193753
580	165	2072	94.5057925439
581	164	2075	94.4979050695
582	160	2080	94.4971139698
583	160	2084	94.5475512823
584	155	2084	94.5073923824
585	158	2085	94.5676315388
586	156	2086	94.5088873745
587	160	2087	94.416804076
588	163	2088	94.4592301076
589	165	2093	94.4348626033
590	165	2098	94.456409635
591	161	2098	94.5546091303
592	166	2105	94.6543417872
593	171	2110	94.6659937896
594	168	2116	94.597333872
595	171	2123	94.5024292488
596	174	2128	94.4374521986
597	170	2128	94.3836191909
598	169	2132	94.362766597
599	166	2139	94.3645438134
600	171	2142	94.3700485819
601	173	2142	94.3275842029
602	170	2146	94.2284742174
603	171	2150	94.266198383
604	176	2151	94.183105099
605	171	2158	94.1224698254
606	174	2160	94.0474936166
607	174	2164	93.9956061805
608	177	2167	94.007800685
609	181	2167	94.1077815344
610	184	2167	94.1697154407
611	187	2174	94.0735387216
612	188	2180	94.057670507
613	187	2184	94.141022238
614	189	2191	94.1799004921
615	185	2193	94.2209094148
616	189	2200	94.2814936698
617	188	2204	94.3078507967
618	185	2207	94.2563499584
619	186	2210	94.317688759
620	191	2212	94.3140167254
621	194	2213	94.3902991228
622	189	2217	94.457153688
623	192	2219	94.406980144
624	190	2224	94.4383501617
625	192	2227	94.4722762225
626	192	2233	94.3826206543
627	196	2237	94.4396404455
628	193	2241	94.425281106
629	198	2241	94.4963405346
630	200	2244	94.5801341153
631	196	2247	94.5537352653
632	200	2248	94.4584903798
633	195	2252	94.3923659085
634	198	2256	94.4294371571
635	193	2257	94.3982645709
636	188	2263	94.4369137264
637	183	2269	94.4848709973
638	179	2269	94.5312765633
639	183	2275	94.4469403363
640	185	2277	94.4657880184
641	185	2284	94.4371654975
642	189	2288	94.4202288547
643	186	2294	94.4651726577
644	189	2299	94.4195870304
645	192	2304	94.4959393753
646	191	2309	94.5323833232
647	192	2312	94.6146915789
648	188	2317	94.5371365553
649	193	2318	94.5329935341
650	195	2321	94.4488208924
651	191	2327	94.4524838345
652	188	2329	94.4111522373
653	185	2334	94.4479826789
654	180	2336	94.3528127818
655	178	2336	94.3055362799
656	178	2338	94.2586447011
657	175	2341	94.1634833183
658	179	2343	94.2484685628
659	177	2343	94.2351470499
660	181	2348	94.3317299114
661	177	2349	94.3904665387
662	173	2349	94.4317358417
663	178	2355	94.4873329698
664	181	2361	94.4027024757
665	179	2365	94.3515406141
666	178	2370	94.3620040623
667	179	2373	94.3566885289
668	175	2375	94.2713754938
669	172	2377	94.2709041655
670	175	2384	94.2599011458
671	179	2384	94.3545497137
672	179	2386	94.3916396243
673	182	2393	94.3253689758
674	182	2393	94.3811027452
675	178	2394	94.3204605408
676	183	2401	94.3972947449
677	178	2404	94.3781116543
678	176	2410	94.44539001
679	172	2416	94.5278687566
680	171	2421	94.4884583468
681	174	2427	94.4872006035
682	176	2430	94.5834914961
683	179	2436	94.5013456411
684	181	2440	94.4991159602
685	179	2442	94.44437383
686	180	2445	94.4620373438
687	183	2446	94.5343627913
688	178	2446	94.544785644
689	177	2452	94.5440557106
690	175	2452	94.5174427617
691	176	2452	94.5382190274
692	175	2458	94.4734730149
693	178	2459	94.4577318502
694	174	2464	94.4863811001
695	173	2470	94.5004526337
696	175	2471	94.5304494458
697	175	2474	94.6103321001
698	176	2478	94.518714551
699	176	2482	94.5282985936
700	179	2488	94.603089562
701	181	2493	94.5751857595
702	186	2497	94.567117205
703	183	2498	94.501249391
704	179	2503	94.5021723855
705	175	2503	94.5616337457
706	172	2503	94.5057931629
707	167	2506	94.4394628016
708	171	2510	94.4677391165
709	167	2516	94.3799941176
710	163	2522	94.406408568
711	158	2523	94.4220893977
712	162	2524	94.3925517345
713	165	2526	94.3234782981
714	168	2531	94.394086086
715	173	2534	94.3864227123
716	169	2540	94.4754742397
717	168	2541	94.4225956948
718	168	2548	94.4644918675
719	172	2552	94.5303018741
720	176	2556	94.5448800313
721	175	2557	94.4859427033
722	175	2562	94.4957817949
723	174	2567	94.469409867
724	177	2569	94.430325785
725	174	2575	94.417082744
726	176	2575	94.420855386
727	178	2579	94.4421550681
728	183	2579	94.4471389741
729	182	2582	94.540740953
730	183	2585	94.5644695575
731	188	2588	94.5501454158
732	185	2590	94.6035941319
733	183	2593	94.5101808572
734	186	2597	94.5774167319
735	187	2603	94.5775287672
736	185	2607	94.5121500734
737	180	2611	94.4603933928
738	176	2618	94.3667875319
739	178	2623	94.4357142053
740	174	2626	94.4543778178
741	175	2632	94.5251888688
742	177	2634	94.5250607606
743	172	2636	94.4976400802
744	170	2637	94.4539691327
745	171	2641	94.422072397
746	169	2643	94.4359715833
747	167	2648	94.4255974878
748	172	2653	94.4849831779
749	176	2653	94.4554357259
750	171	2659	94.3938854351
751	169	2660	94.4601894388
752	167	2661	94.5417368345
753	166	2664	94.6097591348
754	168	2665	94.6605011724
755	171	2671	94.7112703137
756	176	2674	94.6995976673
757	172	2675	94.7216842979
758	171	2681	94.6592912615
759	166	2681	94.6952732629
760	170	2683	94.6222201035
761	175	2683	94.5972704397
762	177	2686	94.5037206286
763	172	2690	94.589358348
764	176	2695	94.6167334598
765	173	2701	94.5600576569
766	171	2703	94.5588264687
767	171	2709	94.5167000101
768	175	2710	94.4228582075
769	179	2715	94.4527987059
770	174	2716	94.5241656272
771	177	2723	94.605156769
772	179	2726	94.573524225
773	183	2731	94.5804240617
774	185	2738	94.4955848168
775	188	2739	94.5705801094
776	187	2745	94.5296170597
777	191	2749	94.5030120276
778	196	2753	94.4065070556
779	194	2753	94.3683566916
780	195	2753	94.345406725
781	192	2755	94.2522211355
782	189	2762	94.1874468148
783	192	2764	94.1129942413
784	189	2769	94.1282443095
785	192	2773	94.0976792932
786	194	2774	94.0993350614
787	197	2774	94.0297122924
788	194	2774	93.9704817526
789	196	2774	93.8749336046
790	199	2781	93.9713604485
791	200	2787	93.8781990315
792	200	2789	93.7909768086
793	199	2794	93.7661640252
794	200	2797	93.7697010092
795	197	2798	93.6762493325
796	200	2803	93.6441109149
797	196	2806	93.6432631213
798	193	2808	93.6730096056
799	189	2808	93.7052139285
800	192	2808	93.7265633546
801	193	2808	93.7188459039
802	195	2809	93.6872870901
803	200	2815	93.6433277713
804	195	2820	93.6562075645
805	194	2820	93.5768379212
806	197	2825	93.5083864934
807	200	2829	93.4570963324
808	200	2830	93.3885630418
809	200	2832	93.4199615408
810	199	2832	93.482190556
811	198	2836	93.5201853185
812	193	2843	93.5537413413
813	192	2847	93.4614924969
814	194	2847	93.404912727
815	193	2853	93.4976110372
816	190	2854	93.4392538409
817	192	2857	93.4273944009
818	188	2862	93.3705614103
819	184	2866	93.2961267521
820	181	2870	93.2358176922
821	186	2875	93.2315204378
822	189	2881	93.2015416577
823	187	2887	93.2779042484
824	190	2894	93.2269639167
825	185	2894	93.1947416707
826	184	2898	93.2702197787
827	182	2899	93.1915011762
828	187	2900	93.2733061901
829	192	2906	93.2374848244
830	194	2906	93.264457555
831	192	2912	93.212541365
832	192	2913	93.2690306395
833	188	2913	93.3231940882
