1	135	2	95.0412175081
2	139	4	95.1284491958
3	138	8	95.1082601437
4	139	10	95.070754352
5	141	11	95.1475279164
6	145	17	95.0781177519
7	146	19	95.1152352701
8	144	21	95.2060894468
9	139	24	95.1774299201
10	134	31	95.1928889477
11	129	31	95.1152184055
12	131	34	95.1225157838
13	128	35	95.0719566708
14	123	42	95.0434596412
15	126	47	94.9737007481
16	131	53	95.0199800633
17	130	60	94.9203498691
18	125	62	94.8939215187
19	122	67	94.9504143202
20	121	69	94.8845995177
21	117	71	94.7976688294
22	122	78	94.7374253703
23	121	85	94.6902105685
24	125	89	94.6493274816
25	122	89	94.5760148
26	125	90	94.5736763692
27	124	97	94.5391974343
28	125	99	94.4853014018
29	124	100	94.4424016759
30	120	102	94.4381907515
31	119	107	94.4241808677
32	116	108	94.4294783522
33	115	112	94.4901799953
34	112	119	94.4107634988
35	107	121	94.3362440568
36	105	121	94.269754616
37	104	125	94.3061248926
38	103	130	94.3467141042
39	98	137	94.2928572192
40	101	142	94.3246300196
41	103	147	94.3371268383
42	107	154	94.3494774783
43	109	161	94.4432386519
44	105	166	94.4529192365
45	108	167	94.3654537838
46	108	170	94.308619412
47	113	175	94.2703230379
48	111	176	94.2078468177
49	111	176	94.2047007042
50	113	176	94.2317260345
51	116	183	94.213207129
52	115	189	94.1720539533
53	120	194	94.1244039373
54	116	199	94.0779583858
55	114	205	94.1014438563
56	109	206	94.1221378635
57	111	207	94.151849387
58	116	214	94.0791260347
59	115	217	94.1319299031
60	110	221	94.2138992596
61	110	222	94.2053441524
62	114	226	94.2264523202
63	116	226	94.175003757
64	117	226	94.0862305844
65	112	230	94.1223628767
66	117	232	94.0715991896
67	114	234	94.1172958831
68	112	240	94.0415186329
69	117	247	94.0108802938
70	119	254	93.9750086146
71	116	256	94.0545431246
72	120	263	93.9881902619
73	120	265	93.9107371256
74	115	265	93.9991249334
75	112	272	93.9012052078
76	113	278	93.816409285
77	117	284	93.8846326428
78	115	284	93.8861642986
79	112	284	93.7895435383
80	111	286	93.8427941117
81	106	290	93.8831008052
82	103	294	93.8462198638
83	99	301	93.7852693435
84	101	304	93.7024157091
85	102	309	93.7752294687
86	106	314	93.7464704553
87	106	317	93.8092381219
88	110	317	93.8088277008
89	106	319	93.9010566309
90	106	323	93.8661669886
91	105	330	93.9126425955
92	108	334	93.9107616593
93	107	340	93.9716485172
94	108	344	94.0369752559
95	110	351	93.9571448192
96	113	351	94.0463657135
97	117	357	94.0440615659
98	120	361	94.0781406182
99	125	364	94.1684044692
100	121	364	94.2365053905
101	117	369	94.1665609654
102	118	374	94.1191846439
103	114	381	94.0367837411
104	116	385	93.9946239054
105	112	392	93.9933282203
106	115	396	93.9517213373
107	117	399	93.9990436693
108	114	405	93.9163019677
109	119	411	93.8311643685
110	124	413	93.8380569968
111	129	414	93.7632505513
112	131	415	93.7125068637
113	131	416	93.6883211021
114	130	416	93.6082016509
115	133	418	93.6175511273
116	131	420	93.5676885846
117	126	426	93.5135110923
118	121	427	93.5901240329
119	120	430	93.5533679776
120	117	432	93.4846964183
121	114	436	93.5663325829
122	119	442	93.4967745307
123	114	449	93.5230160408
124	115	451	93.5257731265
125	112	451	93.5215207667
126	115	454	93.4297777179
127	116	458	93.430771311
128	119	465	93.4502458666
129	116	466	93.4056054919
130	112	471	93.44963432
131	108	476	93.3750990348
132	109	480	93.3497888975
133	104	482	93.3056965348
134	101	485	93.2350297817
135	105	489	93.2668004892
136	109	492	93.2065983117
137	106	498	93.235285281
138	102	505	93.1991565294
139	106	509	93.2767751437
140	111	510	93.3724189898
141	113	515	93.2784237472
142	112	516	93.2243819174
143	115	521	93.2649656076
144	118	527	93.3219982303
145	123	531	93.319612231
146	127	536	93.3977819275
147	127	537	93.3442705836
148	129	539	93.4181964902
149	129	541	93.3916250042
150	124	546	93.3046544653
151	119	553	93.2124167665
152	114	558	93.2832880672
153	117	562	93.2043269291
154	119	566	93.2569121849
155	117	570	93.2136500837
156	112	571	93.2941670184
157	113	573	93.3792763717
158	109	576	93.3938928657
159	113	579	93.4325842529
160	114	580	93.4858475083
161	112	583	93.428531885
162	111	588	93.4813837194
163	116	589	93.5286718094
164	111	591	93.4742667399
165	110	597	93.3974816758
166	112	603	93.388205614
167	112	605	93.3524870394
168	117	606	93.352538953
169	113	613	93.3354357348
170	115	619	93.269666116
171	120	621	93.2901926237
172	119	622	93.3225661704
173	124	625	93.3491496253
174	128	628	93.2684175894
175	124	629	93.2980903401
176	122	632	93.3681532954
177	118	639	93.2862998498
178	121	643	93.3659892663
179	120	648	93.4634531783
180	125	653	93.4643411127
181	121	658	93.4619483764
182	123	660	93.5372121105
183	127	661	93.4987084532
184	126	661	93.5721543088
185	130	663	93.6328297454
186	135	670	93.6633602555
187	135	672	93.5996441792
188	135	675	93.6732144773
189	134	681	93.5934233147
190	137	683	93.6038455162
191	136	690	93.6051020689
192	139	695	93.5862666673
193	137	696	93.6787174846
194	141	697	93.7393722424
195	144	701	93.7543891387
196	146	706	93.7363216577
197	143	706	93.8027205031
198	147	709	93.812440865
199	146	710	93.8553075309
200	142	713	93.7743248666
201	139	720	93.8376647187
202	137	723	93.7581507932
203	135	725	93.7830933658
204	133	727	93.8590017834
205	130	732	93.8711623702
206	126	736	93.894452993
207	130	740	93.9065328392
208	128	747	93.8749003168
209	124	747	93.8534295561
210	125	749	93.9059855154
211	127	753	93.8549670951
212	122	755	93.9113077894
213	126	760	93.8876521548
214	129	767	93.9599509436
215	126	769	93.9379117139
216	124	770	94.0089978901
217	128	773	93.9124635632
218	124	774	93.9416704391
219	128	777	93.9673106269
220	126	779	93.9429701712
221	130	780	93.9836782015
222	130	787	94.0647728784
223	133	791	94.1498999369
224	129	798	94.1844854374
225	128	798	94.1340169215
226	124	798	94.1660276542
227	121	804	94.089161495
228	119	811	94.0818833504
229	115	817	94.0737183913
230	118	819	94.0275042551
231	123	822	93.9855723281
232	127	828	94.0151203225
233	125	831	94.0158582493
234	128	833	93.9409410727
235	129	833	94.0004458511
236	129	834	93.9909373269
237	130	837	93.9228293344
238	128	839	93.8907147031
239	133	841	93.8267560029
240	128	845	93.7683047817
241	130	849	93.7395461919
242	134	853	93.823758166
243	135	854	93.820658553
244	139	856	93.874578538
245	135	859	93.9121966019
246	136	866	93.8208731703
247	139	871	93.8873427533
248	135	876	93.8598488327
249	133	876	93.9210101758
250	133	877	93.8999720523
251	131	881	93.8477790743
252	134	882	93.8700485211
253	136	886	93.8474036975
254	134	893	93.8477065112
255	137	899	93.8609250495
256	138	906	93.8373251101
257	136	910	93.8362474991
258	140	916	93.771795267
259	142	920	93.7905254646
260	145	925	93.750793197
261	143	931	93.8501596804
262	141	935	93.8140838263
263	146	938	93.7787990988
264	150	939	93.752705383
265	151	945	93.8430257584
266	148	951	93.8950461527
267	148	955	93.8378527567
268	150	959	93.7498784235
269	152	959	93.7200334017
270	149	965	93.8155980233
271	144	969	93.7345935146
272	146	971	93.7901740525
273	143	971	93.762601484
274	146	973	93.8267634514
275	141	980	93.9068170949
276	141	984	93.8085703486
277	138	985	93.8802633542
278	137	992	93.8681202883
279	138	996	93.9436206513
280	141	997	93.9828758687
281	146	997	94.0321043821
282	151	1002	94.0140643209
283	156	1002	94.0730688239
284	157	1006	94.0216288182
285	161	1012	93.9825893561
286	159	1018	94.002772423
287	162	1023	94.0402965885
288	167	1030	94.0785429804
289	166	1035	94.1379316301
290	170	1035	94.1987226158
291	169	1036	94.1972798933
292	166	1036	94.2043359476
293	162	1043	94.1872621598
294	160	1046	94.152357813
295	164	1048	94.1876997373
296	164	1055	94.1398547104
297	169	1061	94.1830751846
298	172	1067	94.2648001016
299	175	1068	94.2399822422
300	179	1071	94.2663091913
301	183	1072	94.2538659077
302	178	1077	94.2297774203
303	179	1081	94.3050126202
304	176	1084	94.4033515015
305	180	1091	94.3320161743
306	180	1097	94.3978759271
307	179	1099	94.4570333473
308	183	1106	94.4262137367
309	178	1109	94.3398794563
310	179	1113	94.3220947846
311	183	1119	94.3137966216
312	181	1125	94.4108949735
313	176	1125	94.3776474856
314	173	1129	94.4437644551
315	168	1130	94.4740036216
316	163	1131	94.4550538017
317	168	1138	94.5314219185
318	168	1143	94.612330495
319	163	1147	94.5983783565
320	160	1151	94.5392554726
321	164	1153	94.503663615
322	160	1156	94.5779563598
323	161	1163	94.5150753156
324	156	1165	94.4501805274
325	152	1165	94.3706359888
326	151	1170	94.4258787982
327	148	1174	94.403179868
328	144	1180	94.4068175129
329	139	1185	94.4055806375
330	142	1186	94.4480975071
331	138	1186	94.3724442717
332	143	1191	94.4052439304
333	141	1195	94.4119469279
334	140	1200	94.3531971685
335	140	1206	94.2643125211
336	140	1212	94.3112412726
337	144	1217	94.3294977571
338	146	1223	94.4003479213
339	141	1226	94.4297161616
340	141	1227	94.4103230847
341	140	1231	94.3555321653
342	139	1238	94.2641476494
343	142	1238	94.3232815427
344	144	1243	94.3271296164
345	148	1244	94.3123825225
346	152	1246	94.2545626805
347	156	1251	94.2215338712
348	161	1255	94.2711036432
349	161	1257	94.3649895165
350	162	1257	94.3719297785
351	158	1263	94.4663762174
352	154	1270	94.4168643524
353	150	1273	94.349834145
354	145	1273	94.2645900516
355	146	1280	94.1655461375
356	146	1281	94.2593465345
357	151	1282	94.3171101944
358	149	1285	94.2842466481
359	147	1291	94.2022252882
360	147	1294	94.1430613377
361	145	1298	94.057327251
362	144	1303	94.0559559225
363	149	1303	94.0019623001
364	146	1309	94.0993874023
365	149	1312	94.0187711159
366	153	1315	94.0426186051
367	155	1321	94.1320225447
368	153	1321	94.156437592
369	150	1328	94.0721923646
370	152	1331	94.0357401336
371	157	1332	94.010003628
372	160	1336	93.9610889086
373	157	1337	93.9614794518
374	154	1340	93.9134351154
375	155	1346	93.9798213759
376	160	1352	94.0195318784
377	156	1355	94.0579643266
378	156	1360	94.0521455299
379	155	1365	94.0634940397
380	152	1369	94.122262973
381	147	1375	94.1281726098
382	148	1381	94.2145528715
383	150	1387	94.1854292698
384	155	1388	94.2127968073
385	158	1393	94.2001293857
386	161	1397	94.1702164842
387	161	1403	94.1952279447
388	161	1408	94.1738902082
389	159	1408	94.2240123429
390	156	1414	94.3025262569
391	158	1420	94.2587773592
392	156	1427	94.3128578942
393	151	1432	94.2699083168
394	149	1433	94.2418409519
395	154	1440	94.1733512435
396	158	1443	94.1623499064
397	153	1444	94.1974191914
398	148	1447	94.210474292
399	147	1448	94.1592438453
400	146	1454	94.0932091852
401	148	1459	94.0931678479
402	148	1459	94.1739978379
403	143	1463	94.1674653847
404	146	1470	94.2464351091
405	141	1474	94.2322313513
406	146	1477	94.272544781
407	142	1479	94.3298585231
408	138	1485	94.2326612473
409	135	1486	94.207941532
410	131	1488	94.1774893223
411	130	1491	94.1353870474
412	134	1491	94.2166170675
413	132	1496	94.1361009693
414	132	1501	94.0824264666
415	137	1507	94.0915466869
416	136	1513	94.0770667615
417	137	1513	94.1383047546
418	139	1516	94.1673238078
419	143	1517	94.2413439092
420	145	1523	94.294585354
421	141	1525	94.3698058421
422	140	1530	94.4285950866
423	144	1533	94.4257045597
424	143	1539	94.4640713617
425	147	1544	94.4868601538
426	150	1551	94.520273539
427	146	1557	94.4811966815
428	148	1559	94.5260341232
429	153	1566	94.5329014785
430	148	1569	94.4896453129
431	148	1576	94.4470937269
432	149	1578	94.4077560751
433	153	1578	94.4711431435
434	155	1585	94.5581447884
435	154	1590	94.6540677837
436	149	1591	94.5643364861
437	147	1594	94.5934025958
438	144	1596	94.6268042722
439	148	1597	94.6670173076
440	146	1597	94.7644726605
441	141	1597	94.6968705057
442	137	1601	94.6687162822
443	141	1605	94.7304371113
444	145	1609	94.6590998179
445	142	1613	94.6429895385
446	143	1613	94.673313158
447	145	1616	94.6040952824
448	140	1623	94.690956552
449	145	1626	94.6443863379
450	146	1626	94.6827420294
451	142	1632	94.6839738725
452	141	1635	94.6927948025
453	144	1642	94.6337533378
454	149	1649	94.568592535
455	146	1651	94.6056161556
456	147	1656	94.5400543946
457	150	1656	94.5375569598
458	149	1656	94.5432685625
459	154	1658	94.5746870288
460	159	1664	94.5667906662
461	156	1671	94.5033493086
462	152	1672	94.453599989
463	157	1677	94.4775134724
464	162	1681	94.5058349878
465	161	1681	94.4100292333
466	164	1683	94.3962329379
467	164	1687	94.3745705863
468	160	1690	94.3512686301
469	162	1693	94.3317693373
470	158	1694	94.3280013213
471	160	1697	94.3038330014
472	162	1702	94.2333206958
473	164	1704	94.2944855625
474	160	1707	94.2929751079
475	157	1711	94.3507268583
476	161	1714	94.3090092101
477	166	1714	94.3249178253
478	163	1714	94.3560831564
479	159	1719	94.441814028
480	155	1726	94.4156250908
481	150	1727	94.4185823618
482	152	1733	94.434807164
483	147	1735	94.3782470674
484	151	1735	94.4639128609
485	149	1735	94.3711853672
486	144	1742	94.3977140871
487	149	1742	94.3215097254
488	154	1742	94.4092324889
489	155	1749	94.4147717418
490	152	1749	94.3636240833
491	150	1749	94.2926827912
492	150	1753	94.3421745519
493	150	1759	94.2425040286
494	154	1762	94.2883364813
495	150	1766	94.2665177804
496	146	1770	94.2263761768
497	149	1775	94.2279461782
498	144	1780	94.1578596083
499	140	1781	94.193348617
500	140	1781	94.2360289602
501	138	1784	94.2809180193
502	133	1786	94.2016424748
503	131	1789	94.2882039217
504	132	1790	94.2101455829
505	132	1791	94.2986918804
506	130	1798	94.3036461716
507	127	1798	94.2579405573
508	126	1802	94.3150789643
509	131	1804	94.312347221
510	131	1807	94.3771494305
511	133	1808	94.3336391273
512	130	1809	94.2950680653
513	125	1810	94.3553221425
514	120	1811	94.2662002441
515	123	1817	94.2021306085
516	128	1820	94.184849579
517	123	1825	94.2820106607
518	120	1828	94.3765287946
519	117	1834	94.3451046668
520	113	1839	94.3524587738
521	116	1839	94.4015497432
522	112	1841	94.3523225245
523	110	1848	94.3535676797
524	106	1850	94.3062295437
525	102	1855	94.2257465675
526	104	1855	94.1519404355
527	102	1862	94.2026559087
528	104	1869	94.118783067
529	101	1875	94.0271392072
530	106	1882	94.1245275807
531	105	1883	94.1426920972
532	105	1890	94.0551394724
533	109	1894	93.9981706229
534	107	1895	93.9866275079
535	109	1901	93.9432840817
536	105	1908	93.8645738492
537	104	1912	93.7818812881
538	105	1914	93.8500351134
539	102	1916	93.7934688111
540	98	1920	93.8007731628
541	93	1924	93.8063807796
542	98	1927	93.7793227246
543	100	1934	93.8581526263
544	102	1935	93.7935566094
545	102	1935	93.8830878384
546	100	1942	93.9443452194
547	105	1943	93.8607109722
548	102	1947	93.8686381979
549	103	1953	93.9559590007
550	108	1956	93.8751189258
551	111	1957	93.8592321863
552	109	1958	93.7621482468
553	104	1961	93.6656683466
554	101	1963	93.675178505
555	105	1969	93.6648735695
556	104	1976	93.6938359722
557	103	1980	93.6706264206
558	100	1983	93.6964977731
559	103	1986	93.7610554487
560	108	1991	93.8360489822
561	107	1993	93.8906911912
562	111	1993	93.8357652762
563	107	1997	93.8981295959
564	102	1997	93.8059318681
565	98	2000	93.8485840318
566	96	2007	93.7715758257
567	99	2013	93.7585364158
568	102	2020	93.7100665554
569	99	2023	93.6334840679
570	99	2029	93.6053018948
571	95	2030	93.5781638096
572	91	2034	93.4916799209
573	87	2038	93.5694097542
574	87	2043	93.5404904595
575	84	2050	93.4486678862
576	84	2052	93.3706731631
577	88	2059	93.3899656182
578	91	2059	93.416013179
579	86	2061	93.4961475006
580	86	2067	93.5858335524
581	83	2068	93.5587700367
582	87	2070	93.5253600063
583	91	2073	93.6035523304
584	91	2075	93.6598549893
585	86	2075	93.626650205
586	91	2082	93.5810420691
587	95	2083	93.5211372437
588	94	2090	93.5211665696
589	89	2097	93.4248958584
590	93	2100	93.4939967505
591	97	2106	93.5694720639
592	102	2106	93.4962446738
593	100	2111	93.58136353
594	98	2118	93.5053084071
595	94	2124	93.507632318
596	97	2127	93.445297388
597	102	2129	93.4980322876
598	97	2134	93.5612358098
599	92	2136	93.5679352527
600	87	2143	93.535716195
601	87	2144	93.5345428047
602	86	2144	93.476216131
603	88	2145	93.4998653122
604	87	2151	93.5509523844
605	90	2154	93.5752215057
606	94	2158	93.5124737847
607	96	2160	93.4245117391
608	93	2166	93.3973309256
609	98	2169	93.3886015607
610	99	2171	93.4323954145
611	98	2172	93.4354206337
612	101	2178	93.5188457429
613	106	2181	93.4722057067
614	107	2186	93.4383079567
615	111	2187	93.4165572909
616	112	2189	93.3410053274
617	111	2193	93.2467877764
618	111	2196	93.2175432073
619	115	2199	93.2560133213
620	111	2200	93.2701334838
621	108	2203	93.3264462885
622	111	2210	93.4220238782
623	106	2217	93.3393249218
624	103	2224	93.3426623999
625	99	2230	93.3299078026
626	102	2237	93.3086670327
627	98	2244	93.2204621367
628	102	2245	93.2394668631
629	105	2246	93.2091108038
630	101	2250	93.1503104648
631	101	2252	93.2320366138
632	96	2257	93.1789391424
633	98	2261	93.2556896005
634	101	2266	93.2850391745
635	96	2267	93.188901821
636	91	2271	93.2414066799
637	87	2276	93.1766451216
638	84	2283	93.2751966516
639	85	2283	93.2705563903
640	87	2283	93.3702653335
641	87	2290	93.3732000988
642	88	2297	93.3716878999
643	86	2300	93.4469109314
644	83	2302	93.4412538794
645	79	2302	93.5410529385
646	80	2302	93.6248634923
647	85	2307	93.6750373678
648	84	2308	93.7384046025
649	79	2312	93.6894501841
650	74	2314	93.6263599137
651	69	2318	93.5785064787
652	74	2318	93.495832797
653	71	2320	93.5191615662
654	71	2320	93.4959917293
655	66	2324	93.5486985118
656	67	2327	93.5298834051
657	65	2333	93.4929337908
658	70	2337	93.463022107
659	73	2341	93.4332394158
660	73	2347	93.3902763022
661	73	2348	93.4725491254
662	78	2348	93.5675691046
663	75	2349	93.5679146655
664	77	2351	93.6378189951
665	73	2353	93.5636148214
666	77	2354	93.5545736062
667	73	2359	93.4946267944
668	76	2362	93.5737702536
669	79	2368	93.5945484829
670	80	2374	93.6168215532
671	82	2376	93.5613278149
672	79	2383	93.4918049163
673	84	2390	93.5286572655
674	86	2396	93.522232567
675	88	2402	93.6147537788
676	86	2403	93.6461108629
677	91	2405	93.6419702126
678	89	2412	93.6642067195
679	88	2419	93.591110196
680	91	2424	93.6443666237
681	96	2431	93.6411173276
682	94	2435	93.7170313147
683	90	2435	93.7519285782
684	92	2436	93.7971902964
685	92	2437	93.8479308299
686	97	2439	93.8795440136
687	100	2442	93.9288183494
688	105	2447	94.0090121808
689	110	2448	93.9238860201
690	106	2453	93.9017490634
691	101	2457	93.814497838
692	100	2457	93.7655958999
693	97	2463	93.8006692422
694	98	2467	93.7762577154
695	100	2473	93.744350948
696	105	2480	93.6774703837
697	105	2487	93.6978904768
698	109	2489	93.6858099333
699	110	2496	93.6894768152
700	112	2499	93.6009432416
701	117	2505	93.6749136354
702	112	2509	93.7117049811
703	112	2511	93.7705081038
704	117	2513	93.7941567469
705	117	2519	93.6997338849
706	116	2520	93.7849825227
707	119	2524	93.7702119901
708	124	2530	93.7232781627
709	119	2532	93.7159445143
710	118	2538	93.8062880189
711	114	2540	93.8902736237
712	110	2547	93.9345405844
713	114	2549	93.9963393835
714	111	2551	94.0622691353
715	106	2552	94.0275212986
716	104	2558	93.9413263961
717	105	2562	93.884425212
718	102	2565	93.8607623776
719	100	2565	93.8074455013
720	95	2571	93.8756838655
721	94	2571	93.9267958567
722	90	2578	93.9559537857
723	88	2584	93.9922598067
724	88	2591	93.9024973578
725	88	2598	93.8058018428
726	88	2598	93.8945400823
727	89	2598	93.9903786157
728	92	2598	93.9081590588
729	97	2603	93.8590727998
730	95	2604	93.9503257998
731	96	2609	93.923248224
732	95	2612	93.9523723918
733	96	2614	93.8562872236
734	99	2620	93.9433361474
735	103	2626	93.8751571108
736	103	2631	93.8511832466
737	104	2631	93.7776561352
738	101	2631	93.8188735675
739	103	2633	93.8790960353
740	101	2633	93.9596956514
741	102	2639	93.8671018916
742	102	2644	93.8288308026
743	104	2645	93.8356066494
744	108	2647	93.8298785973
745	109	2648	93.7547313177
746	107	2651	93.7053828366
747	105	2653	93.6179790447
748	101	2659	93.6874692109
749	102	2663	93.7204937235
750	98	2670	93.7011834898
751	100	2671	93.62816852
752	99	2677	93.545684727
753	102	2677	93.6078930485
754	99	2680	93.6057665762
755	103	2685	93.5584753088
756	104	2685	93.6221051796
757	101	2689	93.7150708574
758	96	2692	93.6761427243
759	95	2694	93.7530895393
760	90	2696	93.6778692327
761	90	2703	93.6491836815
762	94	2707	93.5887256014
763	96	2711	93.64874111
764	98	2713	93.6649249137
765	95	2716	93.6822769675
766	90	2717	93.622503868
767	87	2722	93.5662731647
768	87	2722	93.5892108073
769	90	2725	93.5688846962
770	86	2727	93.4827912217
771	83	2728	93.5082687457
772	88	2729	93.5407334325
773	87	2729	93.6088332334
774	87	2733	93.6202773131
775	83	2734	93.6728748949
776	84	2737	93.5967598824
777	83	2743	93.5325874728
778	84	2748	93.5736440742
779	85	2755	93.5101432958
780	88	2762	93.5027401062
781	92	2767	93.5620769197
782	87	2769	93.6321955817
783	84	2769	93.59225729
784	79	2771	93.6368049147
785	84	2776	93.6862953196
786	88	2781	93.6966889664
787	88	2784	93.6974283254
788	87	2784	93.643652419
789	89	2784	93.5729282625
790	85	2791	93.5003526383
791	90	2797	93.5446820934
792	94	2799	93.6159134967
793	95	2801	93.6854132181
794	91	2807	93.5893064054
795	95	2807	93.6840794901
796	90	2811	93.6634885786
797	88	2811	93.6570582742
798	92	2811	93.5946598751
799	87	2812	93.6286514661
800	87	2812	93.6603121818
801	83	2813	93.6404634147
802	87	2813	93.6296449559
803	83	2818	93.5440512027
804	82	2824	93.533509226
805	78	2830	93.4697003614
806	75	2832	93.4056647901
807	74	2837	93.4996294475
808	70	2842	93.5717269349
809	69	2842	93.530246173
810	74	2843	93.4587267169
811	73	2848	93.3674728912
812	74	2855	93.2855810654
813	72	2860	93.2660262965
814	73	2861	93.1745897844
815	68	2861	93.2637273698
816	69	2864	93.2841304074
817	66	2871	93.2881846643
818	68	2878	93.3880075703
819	72	2878	93.4001232111
820	71	2885	93.348535614
821	76	2890	93.4194743644
822	81	2891	93.5038909631
823	77	2895	93.4765220489
824	79	2895	93.5084889793
825	77	2901	93.5223346885
826	74	2904	93.5499608119
827	77	2905	93.6225634468
828	82	2909	93.5998244363
829	83	2913	93.6201182443
830	87	2916	93.5430075977
831	82	2916	93.5142189697
832	86	2917	93.5094243191
833	83	2919	93.6035861188
834	87	2919	93.6310251538
835	83	2919	93.6165098135
836	81	2919	93.6204138651
837	79	2924	93.6410623074
838	78	2930	93.6118472561
839	78	2930	93.6587064018
840	75	2932	93.6849759081
841	75	2934	93.6833806006
842	72	2936	93.5956687415
843	74	2943	93.66207472
844	73	2950	93.5715430993
845	69	2953	93.6327008836
846	66	2960	93.5380464613
847	71	2967	93.4863005712
848	68	2974	93.416274038
849	70	2981	93.4710543521
850	73	2986	93.4357016344
851	68	2986	93.4046616182
852	66	2993	93.4451857669
853	71	2993	93.3671740444
854	70	3000	93.3806143294
855	67	3003	93.452208562
856	71	3010	93.4470789954
857	72	3015	93.3914536696
858	76	3020	93.2995113789
859	73	3021	93.3491469614
860	75	3027	93.4422486043
861	75	3029	93.408788675
862	80	3029	93.3949968146
863	80	3034	93.4656137412
864	83	3040	93.5498756194
865	80	3040	93.4899207291
866	75	3046	93.4704374852
867	77	3050	93.3819124785
868	77	3052	93.4692973277
869	80	3055	93.3912339939
870	75	3057	93.3353487806
871	75	3061	93.2830222222
872	77	3062	93.2354796941
873	81	3065	93.2509034863
874	81	3066	93.1869178575
875	82	3070	93.1869143155
876	86	3074	93.2171750233
877	83	3074	93.2966749311
878	81	3081	93.3584575199
879	78	3081	93.2873964958
880	81	3084	93.2054969119
881	79	3090	93.211049995
882	79	3090	93.122757781
883	84	3095	93.1313595942
884	81	3100	93.0609313017
885	77	3103	93.0696366548
886	74	3105	93.088845517
887	77	3105	93.0995308322
888	81	3109	93.0322654854
889	86	3115	93.0129298534
890	89	3117	93.044762026
891	89	3124	92.9930487296
892	90	3131	93.0628451384
893	89	3136	93.1287944463
894	87	3137	93.0912555581
895	88	3139	93.0195649478
896	89	3144	93.0818266999
897	94	3149	93.1371123607
898	95	3152	93.1672027966
899	98	3154	93.1510060537
900	98	3160	93.1680307703
901	96	3161	93.1514895866
902	91	3161	93.0837616441
903	87	3164	93.1805926245
904	92	3171	93.1866584202
905	97	3176	93.1863094274
906	102	3176	93.2479483724
907	101	3181	93.1844569418
908	102	3182	93.1509710242
909	99	3189	93.0762348718
910	97	3196	93.1629371306
911	96	3199	93.0801831674
912	97	3199	93.0740806395
913	98	3205	93.0348329486
914	94	3212	93.0681600871
915	95	3216	93.1276416466
916	93	3221	93.1487484757
917	95	3222	93.145671504
918	92	3222	93.1310588711
919	95	3229	93.2073025424
920	93	3232	93.1122759479
921	94	3232	93.1146796306
922	98	3237	93.0449972011
923	102	3240	93.0686601419
924	103	3246	92.9893690139
925	108	3246	93.0489263132
926	107	3251	92.991281198
927	103	3253	93.0301174178
928	100	3260	92.9883829885
929	97	3263	93.0399154983
930	96	3268	93.1113706547
931	96	3268	93.1443019007
932	93	3275	93.2252431733
933	97	3279	93.2058027686
934	98	3285	93.1834729281
935	101	3290	93.1457513109
936	96	3293	93.199092628
937	95	3295	93.2674498982
938	91	3297	93.2482317968
939	89	3299	93.2268305473
940	90	3300	93.1629379984
941	95	3305	93.1343739097
942	91	3305	93.0792234377
943	90	3305	93.0414715556
944	86	3306	93.0015767964
945	90	3308	92.9828026031
946	85	3308	92.9563028527
947	86	3311	92.9422796689
948	86	3317	92.944057531
949	81	3321	92.9359553772
950	78	3323	93.0189005271
951	81	3328	92.9579684218
952	83	3332	92.9132742153
953	80	3336	92.8535985654
954	85	3338	92.8629963037
955	87	3339	92.7686453188
956	87	3341	92.7449992955
957	86	3341	92.719426255
958	88	3341	92.7111163627
959	83	3345	92.743888873
960	81	3346	92.7252105801
961	78	3348	92.7897788746
962	83	3348	92.802612196
963	81	3349	92.8436336009
964	76	3355	92.7481307888
965	77	3358	92.8170002537
966	82	3358	92.886962766
967	86	3358	92.8344272255
968	89	3364	92.9013755875
969	92	3366	92.8412341745
970	91	3367	92.7683657195
971	86	3369	92.7454496079
972	91	3370	92.7405327626
973	88	3372	92.7229210834
974	92	3374	92.6362772833
975	94	3381	92.5431790818
976	97	3384	92.5689376418
977	92	3391	92.643869802
978	91	3396	92.5704470679
979	95	3399	92.6428730085
980	100	3406	92.5609090218
981	98	3411	92.4705252986
982	93	3416	92.4710203972
983	95	3421	92.496168805
984	90	3427	92.4239812259
985	87	3427	92.5183683363
986	86	3433	92.609047794
987	86	3433	92.6143749631
988	86	3435	92.6887760134
989	81	3442	92.6736628311
990	80	3443	92.6545579073
991	84	3446	92.6633378562
992	87	3446	92.6606295394
993	86	3447	92.692052377
994	86	3453	92.6528382595
995	82	3456	92.6794204556
996	77	3461	92.6131431774
997	76	3464	92.5147587168
998	78	3468	92.5272454309
999	83	3470	92.5503878536
1000	80	3471	92.6106957267
1001	78	3477	92.5939146814
1002	80	3483	92.5493455232
1003	75	3486	92.5548749972
1004	70	3489	92.4654548135
1005	71	3494	92.424835768
1006	69	3499	92.4260524441
1007	66	3501	92.4892541812
1008	68	3503	92.4763789379
1009	72	3506	92.5298738488
1010	74	3507	92.501682825
1011	70	3508	92.5817077286
1012	69	3508	92.6396084058
1013	64	3508	92.7301834489
1014	69	3508	92.7498524812
1015	65	3509	92.804249784
1016	66	3514	92.7326078391
1017	66	3521	92.6535940032
1018	67	3521	92.7163478622
1019	68	3522	92.6218291102
1020	64	3528	92.6991476003
1021	64	3529	92.6549506084
1022	66	3535	92.6280094995
1023	63	3540	92.6393189751
1024	59	3546	92.6885237478
1025	62	3546	92.6572955397
1026	57	3546	92.5779421062
1027	56	3552	92.5699993637
1028	58	3553	92.6569418722
1029	53	3559	92.7230017857
1030	54	3559	92.7199230437
1031	55	3565	92.7212046118
1032	53	3566	92.7688111939
1033	56	3572	92.6981921912
1034	61	3572	92.5990262641
1035	57	3579	92.6708330766
1036	53	3579	92.6982071859
1037	50	3584	92.7557657341
1038	50	3591	92.7165823549
1039	50	3597	92.7800802112
1040	54	3602	92.6990620061
1041	59	3602	92.6730269179
1042	59	3606	92.6148021779
1043	55	3608	92.6216701516
1044	58	3609	92.5287912753
1045	63	3613	92.5636585545
1046	65	3619	92.5083227488
1047	65	3619	92.549061714
1048	61	3623	92.5480177518
1049	59	3623	92.5241229689
1050	61	3625	92.4603444847
1051	60	3625	92.4255008312
1052	57	3632	92.4265954304
1053	62	3638	92.468175808
1054	62	3643	92.5036455207
1055	65	3650	92.5544992684
1056	61	3654	92.6166536073
1057	56	3655	92.647518398
1058	51	3661	92.6104094435
1059	50	3662	92.6983647051
1060	50	3669	92.7825083032
1061	50	3676	92.7034561976
1062	54	3677	92.6862886586
1063	50	3681	92.6728881436
1064	50	3685	92.6675715903
1065	50	3690	92.7059366727
