1	131	4	95.0814344047
2	134	4	95.1373258051
3	132	8	95.1003483787
4	129	9	95.0303212254
5	133	11	95.0047898008
6	138	13	95.0001799391
7	143	13	94.9417290145
8	141	15	94.8482227372
9	145	22	94.7833352937
10	141	22	94.7084017776
11	144	29	94.6408695717
12	139	31	94.7013442459
13	140	31	94.6642389532
14	142	38	94.7585502133
15	137	44	94.6789829688
16	137	44	94.6259408743
17	139	47	94.6496449306
18	137	51	94.6844938915
19	141	57	94.6166753342
20	143	57	94.701413798
21	141	61	94.6659687127
22	145	67	94.5970401008
23	140	73	94.597864226
24	138	78	94.5634845759
25	139	83	94.5465931011
26	142	90	94.5210246174
27	145	92	94.5841057323
28	150	96	94.63697372
29	149	97	94.5408424779
30	150	98	94.521958271
31	149	102	94.5536644847
32	146	103	94.6117381376
33	150	110	94.6190005767
34	146	110	94.6415927259
35	149	112	94.7034184548
36	146	113	94.6399524282
37	149	117	94.726470241
38	149	117	94.7112935838
39	152	123	94.7832639303
40	154	128	94.6998394736
41	157	134	94.6073820395
42	161	138	94.6467541588
43	163	144	94.5537639027
44	168	146	94.592746048
45	163	147	94.6622785449
46	158	149	94.5879955205
47	157	150	94.5066204103
48	157	157	94.4531826805
49	158	163	94.4014474964
50	157	167	94.3285469594
51	162	173	94.42827843
52	164	174	94.4665137025
53	163	176	94.5632932027
54	163	179	94.4877121212
55	164	180	94.5247140698
56	168	187	94.4979164955
57	165	187	94.4715708725
58	166	189	94.473751236
59	170	190	94.3975360066
60	168	195	94.3047938447
61	164	196	94.3987529159
62	161	203	94.4338690523
63	163	205	94.3387429001
64	158	209	94.3866991253
65	153	211	94.3611798445
66	154	216	94.4571453504
67	149	221	94.4483122763
68	145	226	94.5192228414
69	149	233	94.4343489422
70	146	240	94.3940343768
71	145	243	94.4208828435
72	140	247	94.4082435505
73	138	247	94.3517494362
74	139	247	94.4019494306
75	144	248	94.3273740132
76	145	248	94.3883657542
77	144	255	94.3302768414
78	144	255	94.3175292702
79	149	258	94.3262866151
80	146	264	94.3986162023
81	143	264	94.3270602604
82	145	267	94.4064162087
83	145	267	94.3976998038
84	147	273	94.3965512195
85	146	278	94.3675130903
86	142	281	94.2878046969
87	142	284	94.2622513773
88	147	288	94.3568468925
89	143	293	94.2861999261
90	142	300	94.216277894
91	142	305	94.2936069191
92	139	305	94.32416031
93	138	306	94.3863505993
94	135	307	94.4632497668
95	135	307	94.3875335752
96	138	312	94.3138612256
97	140	312	94.2783518588
98	135	312	94.2938981046
99	135	319	94.3791382088
100	131	319	94.3447222055
101	129	326	94.3155044188
102	134	330	94.4142124668
103	136	336	94.3714913519
104	138	337	94.3961023575
105	138	339	94.4826567869
106	134	339	94.5614711277
107	139	341	94.4641374145
108	143	342	94.5313602718
109	145	349	94.507427054
110	140	352	94.431215489
111	140	355	94.5145508641
112	139	360	94.5210918896
113	141	363	94.4938427494
114	137	363	94.5623147398
115	135	369	94.6018928609
116	134	372	94.62025666
117	130	378	94.6032254422
118	129	379	94.5090928584
119	130	384	94.4647133138
120	135	384	94.4046505498
121	135	388	94.3742968245
122	138	392	94.2860433251
123	133	394	94.1889270214
124	136	397	94.1787435768
125	133	400	94.2171224939
126	134	406	94.2250497168
127	131	411	94.2779902337
128	136	416	94.2143140357
129	138	423	94.2165506636
130	139	427	94.2600656897
131	139	433	94.273679946
132	143	433	94.1911468265
133	140	439	94.1152694937
134	141	439	94.0450461498
135	142	443	94.1003565354
136	139	445	94.185322524
137	144	448	94.2771463975
138	147	454	94.3029815909
139	145	456	94.3034928364
140	140	460	94.366907488
141	140	465	94.4301818045
142	140	469	94.4023161278
143	136	471	94.3368770072
144	134	473	94.2438213169
145	132	477	94.2973349724
146	136	481	94.3389046365
147	138	486	94.3177973735
148	140	490	94.3777407885
149	136	492	94.3854759056
150	140	494	94.4853286404
151	144	494	94.3888272457
152	149	499	94.3634759645
153	148	505	94.4607621443
154	150	508	94.4920193295
155	146	514	94.5751729336
156	144	520	94.6206014008
157	145	525	94.6134314497
158	146	529	94.6605558753
159	142	535	94.6952326223
160	145	538	94.7904517007
161	141	544	94.7414470298
162	146	548	94.7888646363
163	141	554	94.7989769736
164	145	561	94.8022331528
165	143	565	94.7362055059
166	146	566	94.7096423006
167	148	570	94.6100121944
168	145	577	94.5453532504
169	142	577	94.4980143824
170	146	584	94.4010786308
171	146	591	94.4388155178
172	150	596	94.4034769065
173	151	596	94.4304691053
174	150	602	94.3644427299
175	152	603	94.301503438
176	154	604	94.2156948745
177	151	606	94.2198652471
178	155	612	94.2047789667
179	152	614	94.1876244688
180	155	619	94.2349950845
181	152	622	94.2668518597
182	150	622	94.2729295406
183	150	627	94.3290359733
184	151	629	94.2503995945
185	147	633	94.301543238
186	143	640	94.3248415844
187	147	644	94.3128593376
188	152	647	94.264501064
189	153	651	94.3167735014
190	154	654	94.3933887811
191	158	660	94.4444114947
192	157	662	94.5332016504
193	159	668	94.4473001324
194	164	671	94.4177981636
195	163	673	94.3568953712
196	159	678	94.4345453296
197	161	679	94.4506501847
198	161	683	94.5080549381
199	163	687	94.4399457142
200	159	692	94.5364960862
201	160	699	94.6198502027
202	160	705	94.5464012469
203	161	711	94.6205148746
204	162	716	94.6965422383
205	161	718	94.7359140171
206	158	719	94.7253204136
207	161	722	94.7399962138
208	156	722	94.687719367
209	154	722	94.6097624333
210	151	724	94.6996524791
211	153	728	94.7103615651
212	157	734	94.6568408312
213	154	738	94.6625637312
214	158	741	94.6631648114
215	161	746	94.5809388672
216	158	753	94.6531158288
217	160	758	94.6154192634
218	155	761	94.7019431677
219	157	765	94.6144323446
220	155	765	94.5936085911
221	151	772	94.6596778516
222	154	776	94.6491218637
223	151	782	94.7062018113
224	148	784	94.7966328918
225	146	786	94.7119382893
226	150	791	94.7593816827
227	150	793	94.6691614605
228	145	796	94.6097916529
229	150	800	94.6747990365
230	152	803	94.6051639196
231	156	807	94.5126842288
232	152	809	94.610072242
233	151	813	94.6559178983
234	153	817	94.6671016083
235	154	821	94.6601336811
236	151	824	94.6978660436
237	150	828	94.7659377853
238	149	829	94.8296661366
239	145	835	94.8246389542
240	146	840	94.8625868183
241	143	843	94.7685552414
242	142	843	94.7832367408
243	141	850	94.8468251616
244	139	853	94.7990148434
245	141	854	94.858861524
246	138	854	94.81242268
247	134	858	94.8987081191
248	137	863	94.7999915864
249	140	864	94.8064165848
250	140	864	94.7262890664
251	138	865	94.6787485763
252	137	868	94.7159640984
253	134	871	94.6804912662
254	137	877	94.676246735
255	140	882	94.6290715127
256	139	882	94.5929431746
257	136	884	94.5475666047
258	140	886	94.5509114027
259	138	887	94.4889112151
260	133	892	94.4211586613
261	138	894	94.4809641359
262	134	899	94.5009870838
263	139	902	94.5038490096
264	136	909	94.4213560599
265	134	916	94.4902895452
266	129	917	94.5698733821
267	134	923	94.6162001819
268	135	923	94.683423227
269	136	929	94.7601405099
270	138	936	94.7102243837
271	143	943	94.7931866686
272	146	948	94.7762564979
273	141	949	94.8682277168
274	143	950	94.9321597991
275	138	950	94.9069416851
276	140	953	94.9726133445
277	144	955	94.9697916278
278	144	955	95.0439283685
279	148	957	95.084133975
280	153	964	95.0272570665
281	156	964	94.9395755131
282	160	971	94.9889705658
283	163	976	94.9674958058
284	158	977	94.8702352394
285	155	981	94.8486016791
286	154	988	94.9359571674
287	154	989	94.8966603507
288	155	994	94.8530311001
289	150	999	94.8441007553
290	153	1001	94.8413929861
291	157	1005	94.910658107
292	153	1009	95.0074525293
293	149	1009	94.9866821578
294	151	1016	94.9299274371
295	148	1023	94.8437558986
296	149	1024	94.8760771151
297	147	1024	94.8340324872
298	150	1024	94.8424445863
299	146	1027	94.8459397766
300	147	1029	94.8143058207
301	151	1033	94.7594363352
302	154	1033	94.8126432367
303	156	1040	94.756781072
304	158	1045	94.6927248465
305	157	1047	94.783749076
306	158	1047	94.8265539007
307	160	1050	94.7598041832
308	161	1055	94.7095929757
309	157	1058	94.7182128452
310	155	1063	94.6335443538
311	158	1070	94.7310274811
312	159	1076	94.7803483183
313	160	1082	94.6983959367
314	156	1085	94.6892196106
315	154	1091	94.6768263133
316	158	1097	94.6503437009
317	158	1104	94.6017467122
318	161	1104	94.6143758749
319	161	1107	94.7058782644
320	159	1110	94.7545889533
321	162	1112	94.8016107016
322	160	1113	94.7697179076
323	157	1118	94.7067475896
324	160	1121	94.7772750242
325	160	1121	94.8752532497
326	163	1123	94.9360867275
327	164	1128	94.8587587229
328	169	1134	94.8122992547
329	173	1135	94.8340034016
330	170	1138	94.8761338946
331	165	1138	94.8059964334
332	164	1145	94.8596145625
333	160	1151	94.7895352521
334	159	1154	94.837965617
335	162	1155	94.7754004638
336	159	1159	94.8654777011
337	164	1166	94.9196823655
338	166	1173	95.0146937241
339	170	1175	94.9625175808
340	173	1179	94.9324670463
341	168	1180	94.9892284901
342	163	1182	95.0143967591
343	164	1185	95.005118109
344	163	1186	95.0606715709
345	164	1188	95.1415603439
346	162	1194	95.0878994633
347	166	1194	95.1249463074
348	170	1198	95.0337668251
349	165	1198	95.0430886018
350	160	1200	95.0801637968
351	165	1203	94.9881468844
352	162	1209	94.9010657906
353	166	1214	94.9351422609
354	171	1217	95.0122923608
355	170	1221	95.1065023231
356	173	1225	95.1269869169
357	170	1229	95.1590333915
358	172	1230	95.0980355503
359	171	1234	95.1220101191
360	172	1241	95.0725371919
361	177	1247	95.1322596683
362	177	1254	95.1179960214
363	180	1260	95.1680162838
364	182	1263	95.1794046266
365	186	1267	95.1862415886
366	182	1273	95.1656818331
367	178	1273	95.1519827457
368	180	1278	95.1473707961
369	175	1279	95.1230479796
370	179	1282	95.1153438558
371	184	1289	95.1326000266
372	182	1290	95.1155642721
373	177	1293	95.0266324585
374	175	1299	94.9663536955
375	176	1301	94.9268827465
376	172	1302	95.0075267834
377	174	1304	95.0205310856
378	171	1311	95.0897641825
379	176	1318	95.0026937938
380	172	1318	95.0649395102
381	174	1325	95.0373384514
382	179	1328	94.9415328272
383	179	1335	94.9195922599
384	175	1335	94.897344449
385	179	1338	94.8195428309
386	181	1344	94.8228434382
387	180	1347	94.7412899453
388	181	1351	94.6529125281
389	181	1353	94.7261558619
390	186	1357	94.7487246511
391	187	1362	94.6572461989
392	191	1366	94.5982965212
393	186	1367	94.6805060673
394	182	1368	94.6613888108
395	179	1369	94.6028447113
396	183	1373	94.6881856196
397	179	1374	94.6681286942
398	183	1377	94.6215574716
399	179	1381	94.6345888539
400	176	1382	94.7229336826
401	173	1389	94.6276173958
402	177	1390	94.67950523
403	182	1390	94.650982386
404	186	1395	94.6440917867
405	183	1399	94.7142477072
406	182	1403	94.7385206999
407	177	1404	94.7299762697
408	175	1407	94.827358229
409	178	1414	94.8636226936
410	181	1419	94.842892685
411	186	1426	94.7954441353
412	191	1428	94.8298112069
413	194	1429	94.9277315211
414	191	1431	94.8957058356
415	192	1432	94.8765173755
416	195	1435	94.7977903966
417	190	1440	94.7356840062
418	189	1442	94.7993381376
419	191	1445	94.7571335787
420	188	1451	94.7109062637
421	184	1454	94.6242855423
422	182	1457	94.7052411886
423	182	1457	94.777570229
424	187	1462	94.8322328238
425	185	1463	94.869482612
426	181	1463	94.9572970832
427	186	1468	94.9138325738
428	189	1472	94.8380077623
429	194	1474	94.8419872585
430	189	1480	94.8939197244
431	188	1483	94.9174506012
432	191	1490	94.8364241877
433	194	1495	94.8061759604
434	198	1500	94.7834477632
435	197	1505	94.8125109193
436	192	1505	94.8524920545
437	190	1511	94.8487925942
438	193	1517	94.7725969653
439	188	1520	94.8254109253
440	186	1523	94.9128849677
441	184	1525	94.8365725072
442	186	1532	94.8279400157
443	191	1532	94.8670134528
444	187	1538	94.8708173326
445	192	1539	94.9629221886
446	187	1541	95.020404195
447	186	1545	94.9294089141
448	184	1549	94.8545571883
449	179	1554	94.8272970089
450	180	1558	94.8877517055
451	175	1561	94.9349762737
452	179	1564	94.9883186704
453	179	1567	94.9294419315
454	180	1568	94.9874352079
455	180	1575	95.038426779
456	182	1580	95.014572836
457	182	1583	95.0722667105
458	185	1586	95.0084175372
459	188	1592	94.9086542163
460	183	1593	94.9251851591
461	178	1598	94.9119050534
462	182	1599	95.0063914228
463	178	1599	95.0255080825
464	174	1604	95.0241180607
465	173	1608	94.9403877826
466	177	1611	94.9531467235
467	176	1618	95.0301776811
468	172	1619	94.9575699174
469	169	1623	94.8711451579
470	169	1630	94.7735954721
471	173	1634	94.8245192892
472	176	1636	94.9244748792
473	174	1643	94.9576178209
474	177	1645	95.0246308444
475	175	1650	94.9730477629
476	177	1657	94.9868168028
477	182	1662	94.9819626934
478	177	1667	95.0394092457
479	180	1671	95.0594752435
480	178	1671	95.0194306387
481	179	1677	94.9789135735
482	181	1678	95.0768706055
483	179	1679	94.9933285742
484	180	1683	95.039128988
485	178	1684	95.1043563066
486	180	1687	95.1061395096
487	175	1688	95.1138312078
488	172	1695	95.0778741948
489	176	1696	95.1488703594
490	180	1703	95.2385896815
491	180	1704	95.203059247
492	177	1706	95.1258196383
493	178	1713	95.2010197016
494	179	1720	95.2467143706
495	182	1725	95.2588330268
496	185	1732	95.343574577
497	182	1736	95.316209062
498	183	1738	95.2652492134
499	178	1738	95.1778498852
500	177	1741	95.1905114898
501	178	1748	95.1452561828
502	182	1750	95.1186677144
503	186	1755	95.0270709959
504	191	1757	94.9506937459
505	191	1762	94.8820088255
506	189	1763	94.9065237887
507	188	1763	94.9122756313
508	192	1768	94.9282629202
509	189	1775	94.9569728774
510	192	1779	94.9731614085
511	188	1779	94.9617492743
512	188	1779	94.9218708238
513	189	1786	94.8657207975
514	184	1792	94.9477479404
515	188	1798	94.8598757313
516	183	1805	94.8213576195
517	180	1809	94.7667512105
518	177	1812	94.728831588
519	179	1818	94.6457743211
520	180	1823	94.7357331407
521	185	1824	94.7437032915
522	188	1829	94.8378893141
523	184	1831	94.8458544287
524	181	1837	94.9420633897
525	186	1840	95.02383979
526	181	1840	95.0686939965
527	179	1842	95.0898563571
528	177	1843	95.1620881287
529	178	1844	95.1975535685
530	176	1845	95.2311968357
531	178	1851	95.2192664091
532	173	1855	95.1497429775
533	168	1858	95.0611429636
534	168	1865	95.0921555169
535	163	1866	95.004684126
536	167	1867	95.0808380135
537	163	1870	95.0302073424
538	166	1871	94.9852414225
539	169	1877	95.0484071224
540	169	1879	95.14427735
541	164	1886	95.2431491843
542	161	1893	95.3114639012
543	157	1895	95.3660934009
544	159	1899	95.3760838228
545	157	1901	95.4604528881
546	157	1904	95.5076275362
547	158	1904	95.5285270157
548	155	1906	95.5338656738
549	159	1908	95.6240210956
550	160	1911	95.6433723347
551	165	1918	95.6538206463
552	160	1920	95.6079911174
553	156	1922	95.6731143383
554	161	1925	95.6843693041
555	156	1932	95.6917688273
556	156	1934	95.7716537557
557	158	1935	95.8298925013
558	157	1940	95.7509031921
559	157	1940	95.7068011003
560	153	1947	95.7699705941
561	153	1952	95.8622915677
562	152	1954	95.7630887259
563	156	1954	95.6782874639
564	157	1957	95.6463559656
565	153	1963	95.717202714
566	148	1968	95.6964427635
567	147	1975	95.6424453932
568	145	1978	95.5996284083
569	149	1980	95.5435429082
570	149	1984	95.4804275707
571	148	1986	95.3901548819
572	150	1991	95.4619663762
573	149	1995	95.5569326138
574	148	1996	95.4963160994
575	147	2003	95.4403213664
576	146	2005	95.5099618266
577	145	2012	95.5663706378
578	149	2015	95.5846381973
579	146	2021	95.6025106479
580	145	2023	95.6499286137
581	142	2027	95.5582539982
582	139	2033	95.6137803318
583	140	2033	95.6960960108
584	137	2034	95.7554326255
585	132	2036	95.8265603517
586	134	2039	95.7333459062
587	133	2043	95.8231668483
588	133	2050	95.8409252723
589	131	2051	95.7444564865
590	132	2052	95.6754649625
591	131	2054	95.5810059205
592	132	2054	95.5004287818
593	129	2055	95.5647189172
594	128	2056	95.5678251913
595	132	2057	95.6067466331
596	131	2058	95.6199700369
597	130	2058	95.6557901411
598	129	2061	95.6402558994
599	134	2067	95.7136405003
600	139	2072	95.7363611236
601	137	2072	95.833032063
602	141	2077	95.7904899901
603	140	2082	95.7258187228
604	141	2084	95.7120624667
605	136	2087	95.6280629094
606	140	2089	95.7100873638
607	140	2095	95.6174318103
608	138	2096	95.6538513385
609	141	2097	95.6453393196
610	136	2101	95.7207346415
611	137	2101	95.7321504641
612	136	2107	95.7767290792
613	141	2110	95.8696187636
614	138	2115	95.9473363796
615	134	2122	95.8753093487
616	134	2128	95.8913600441
617	132	2134	95.910153202
618	135	2141	95.9260966531
619	130	2142	95.9045365891
620	131	2147	95.8654050264
621	133	2151	95.803393032
622	136	2155	95.832768354
623	140	2160	95.9094376482
624	144	2167	95.9199539425
625	148	2171	95.991405345
626	144	2173	96.0895865934
627	141	2178	96.0061729661
628	141	2183	95.9991030759
629	137	2188	96.0556190508
630	139	2195	96.1292930262
631	136	2202	96.1610260977
632	138	2207	96.1354244207
633	141	2209	96.06532511
634	143	2213	96.0676278736
635	145	2218	96.1440507628
636	149	2225	96.0756767391
637	148	2226	96.0732055051
638	150	2228	96.0031867887
639	147	2235	96.050005853
640	146	2237	95.9672003733
641	145	2238	95.8967096936
642	148	2240	95.9284061894
643	148	2246	96.0178286979
644	143	2250	96.0327527547
645	142	2252	95.9510036075
646	142	2257	95.8845518986
647	138	2257	95.9296630759
648	133	2258	95.9559883747
649	128	2261	95.9135232781
650	130	2261	96.0009435212
651	133	2267	96.0800839049
652	136	2273	96.0594851201
653	141	2279	96.0789941207
654	145	2281	96.0605188307
655	144	2283	96.1475940754
656	139	2284	96.1211847614
657	142	2289	96.1047133439
658	141	2289	96.0868929937
659	142	2289	96.1542236619
660	139	2292	96.2113021187
661	142	2298	96.2761120221
662	138	2304	96.3711389807
663	138	2308	96.3270404225
664	139	2312	96.2667724002
665	136	2314	96.3616609691
666	135	2321	96.2971008114
667	130	2327	96.379923815
668	135	2331	96.4692776794
669	137	2332	96.5687706828
670	132	2339	96.5939083306
671	135	2344	96.5261257945
672	140	2348	96.4880853143
673	136	2355	96.4595175219
674	139	2359	96.5422838886
675	140	2366	96.6081666191
676	143	2371	96.513570468
677	146	2374	96.6123685749
678	143	2377	96.7025239061
679	144	2382	96.7141018839
680	147	2382	96.7580340416
681	143	2388	96.7536764881
682	139	2394	96.7782040909
683	136	2399	96.8528163962
684	131	2402	96.9340377032
685	132	2408	96.9535275359
686	127	2414	97.0014661739
687	131	2417	96.995187759
688	130	2422	96.9182404893
689	129	2427	96.8923341677
690	131	2427	96.8728371992
691	132	2433	96.8395745472
692	136	2436	96.9225839708
693	134	2443	96.8636049589
694	135	2445	96.8937681048
695	140	2447	96.8733380331
696	144	2453	96.7966894349
697	144	2459	96.7590698319
698	139	2461	96.7708769912
699	139	2462	96.7193206404
700	137	2467	96.7485268782
701	136	2472	96.6643158352
702	136	2479	96.5926516742
703	137	2483	96.6456944011
704	138	2488	96.5856896266
705	138	2495	96.5176069282
706	141	2497	96.5305044013
707	141	2499	96.4866652169
708	139	2503	96.4357549788
709	138	2507	96.3584370684
710	134	2512	96.2809819051
711	129	2516	96.3090636796
712	125	2517	96.3251503359
713	128	2523	96.2528584085
714	124	2524	96.1996566034
715	120	2529	96.2576577939
716	117	2529	96.3457684836
717	117	2532	96.2784967474
718	115	2537	96.1926654877
719	117	2537	96.0945982394
720	119	2543	96.1238036341
721	121	2544	96.0860203448
722	120	2548	96.1277645826
723	121	2553	96.197305491
724	125	2558	96.1339129157
725	122	2560	96.1329106653
726	127	2562	96.0841127768
727	125	2566	96.0824387646
728	129	2568	96.1608988489
729	132	2575	96.2235590694
730	128	2578	96.321612463
731	124	2584	96.3958105269
732	127	2584	96.4406130298
733	132	2586	96.4845531617
734	135	2588	96.4667311178
735	134	2592	96.5465686585
736	137	2593	96.5657041012
737	139	2598	96.5700217263
738	140	2605	96.6088168566
739	144	2609	96.6567040419
740	148	2615	96.6574363914
741	149	2620	96.7083013761
742	146	2624	96.7019653937
743	146	2629	96.7489185049
744	151	2633	96.7956666533
745	148	2639	96.8501618765
746	153	2644	96.8855868751
747	155	2651	96.8903309545
748	158	2656	96.9687583845
749	157	2660	96.9198038645
750	160	2662	96.9909158451
751	163	2662	97.0554738324
752	159	2668	97.1239674691
753	162	2673	97.0266697836
754	160	2674	97.0691186707
755	155	2674	97.051998704
756	158	2675	96.9599678165
757	155	2681	96.9613638404
758	157	2681	96.9149345518
759	156	2686	96.9098508806
760	153	2693	96.9983606729
761	156	2700	97.0109201004
762	161	2705	97.0074001299
763	163	2705	97.0150704203
764	158	2706	97.0070506281
765	157	2710	96.9295178134
766	154	2711	96.8336560409
767	153	2717	96.818305313
768	158	2724	96.7800618649
769	157	2727	96.700372913
770	158	2727	96.6742110722
771	159	2733	96.5811592722
772	161	2738	96.497328884
773	158	2743	96.427041144
774	158	2744	96.3577436831
775	160	2746	96.4064836339
776	162	2749	96.4628078871
777	159	2755	96.53662866
778	156	2758	96.5304525712
779	155	2761	96.5674114856
780	159	2761	96.5456353043
781	159	2761	96.6191139317
782	163	2767	96.698989224
783	161	2768	96.6838839583
784	165	2770	96.696706628
785	167	2777	96.713305603
786	166	2777	96.6393273331
787	168	2780	96.5908372905
788	168	2784	96.6609280346
789	169	2785	96.6922806487
790	171	2788	96.726017638
791	176	2788	96.7832343553
792	171	2789	96.8134370497
793	174	2789	96.808155777
794	169	2796	96.8963195032
795	167	2800	96.8559415133
796	164	2807	96.7881665429
797	159	2810	96.8014506526
798	158	2815	96.8607539927
799	156	2816	96.9490284103
800	159	2822	96.8671151565
801	158	2829	96.8530575136
802	154	2834	96.7761594839
803	159	2838	96.8017390706
804	156	2841	96.7549151167
805	153	2845	96.7108746584
806	150	2845	96.7396515642
807	152	2852	96.7212600142
808	153	2852	96.6486134455
809	156	2855	96.5673495188
810	160	2859	96.6161754528
811	159	2864	96.5382552122
812	156	2868	96.4898174194
813	151	2870	96.4901999524
814	155	2872	96.505570162
815	151	2872	96.4677475353
816	151	2879	96.5165906648
817	148	2884	96.4629781424
818	146	2884	96.5288981146
819	151	2886	96.6244959538
820	148	2886	96.668047317
821	151	2892	96.6862229684
822	150	2895	96.623187087
823	147	2902	96.5268707042
824	147	2905	96.4807597627
825	142	2905	96.5373997566
826	140	2906	96.5724276462
827	136	2912	96.4740755664
828	134	2918	96.518557183
829	131	2925	96.4782932557
830	131	2931	96.4779996723
831	127	2934	96.4966628412
832	130	2935	96.4967779393
833	127	2942	96.5462536882
834	123	2947	96.4659605628
835	119	2947	96.5350050362
836	116	2952	96.4521827243
837	112	2954	96.4270688816
838	108	2961	96.4881555104
839	107	2962	96.4499531284
840	108	2967	96.4301787159
841	103	2970	96.3459419117
842	106	2973	96.4321758467
843	101	2979	96.3494972831
844	102	2981	96.3103495416
845	103	2985	96.2776047883
846	99	2987	96.3019271676
847	97	2987	96.2894878179
848	94	2987	96.2679292047
849	95	2993	96.3059138003
850	91	2993	96.2589849383
851	96	2996	96.2905743571
852	92	2999	96.3530599992
853	91	2999	96.4287825089
854	91	3006	96.4619325356
855	91	3011	96.5372864653
856	87	3013	96.6159315909
857	85	3015	96.6093332879
858	86	3015	96.6957802925
859	82	3020	96.6737860071
860	78	3022	96.6173848607
861	77	3028	96.6800291084
862	74	3029	96.7564111368
863	69	3031	96.8086787238
864	71	3034	96.8866883477
865	75	3036	96.8307786335
866	73	3036	96.8959135308
867	75	3037	96.9373450935
868	79	3042	96.9007757813
869	79	3049	96.8402141701
870	78	3051	96.9259544176
871	78	3056	96.9869816584
872	74	3058	97.0458750204
873	69	3059	96.973758105
874	69	3059	96.8932661817
875	65	3066	96.8480895136
876	64	3070	96.8702143471
877	67	3070	96.9114537919
878	71	3071	96.8334377636
879	66	3074	96.7729433769
880	67	3078	96.820913503
881	72	3081	96.784921116
882	74	3085	96.6940736217
883	79	3091	96.7506018578
884	83	3091	96.8389097588
885	79	3095	96.8728280633
886	83	3102	96.8288567142
887	78	3107	96.818439193
888	77	3112	96.9104639566
889	78	3112	96.9558007082
890	78	3112	96.8952610653
891	83	3114	96.9857813411
892	79	3114	96.9997111284
893	75	3116	97.0291825468
894	75	3121	96.9479824753
895	76	3128	97.0283950804
896	76	3129	97.1055166224
897	79	3133	97.1452975517
898	80	3140	97.0453641704
899	82	3146	97.0809198821
900	87	3149	97.0804882522
901	83	3156	97.011227833
902	81	3163	97.0468102191
903	81	3169	96.9605835288
904	81	3173	97.0061525293
905	76	3175	97.0298124455
906	80	3181	97.0525085704
907	81	3185	97.1440052002
908	77	3190	97.056313059
909	81	3190	97.0246079842
910	84	3191	96.9793224204
911	80	3198	96.9560929133
912	75	3202	97.0289136372
913	74	3209	97.0166953692
914	78	3210	97.0513991331
915	77	3214	97.1154304155
916	75	3214	97.1775621938
917	74	3220	97.1246887623
918	79	3223	97.0270261804
919	80	3228	96.9968005751
920	83	3234	97.0163055876
921	80	3234	96.9163626567
922	80	3239	96.9315629185
923	82	3244	96.854988934
924	77	3248	96.786518853
925	76	3255	96.6970775256
926	76	3260	96.7223421901
927	80	3263	96.6664917092
928	76	3268	96.5858717259
929	72	3273	96.53090035
930	74	3274	96.5075670823
931	77	3280	96.5482615515
932	78	3280	96.5098956404
933	77	3281	96.5150792873
934	78	3287	96.5063589025
935	81	3290	96.4413816301
936	77	3295	96.4912354398
937	81	3296	96.4100086182
938	78	3300	96.4344678832
939	80	3304	96.3987935084
940	82	3311	96.4367452764
941	81	3318	96.3979466243
942	80	3321	96.318704155
943	77	3321	96.3681574242
944	82	3325	96.4590754836
945	78	3332	96.3732632549
946	81	3333	96.4544681797
947	85	3338	96.5230827756
948	82	3343	96.4977405352
949	81	3344	96.5611945849
950	78	3344	96.6166639596
951	80	3350	96.603880176
952	82	3353	96.584262975
953	82	3358	96.6354684028
954	84	3363	96.6783351479
955	88	3364	96.5809145526
956	88	3366	96.5728126011
957	87	3367	96.6679132502
958	86	3369	96.7370444292
959	87	3374	96.7812453486
960	82	3378	96.8315552989
961	77	3384	96.9202816744
962	72	3385	96.9918991062
963	71	3390	96.9714353801
964	66	3391	96.9625401444
965	61	3398	96.9292789776
966	61	3401	96.988857106
967	65	3401	97.0775063829
968	70	3407	97.1129941965
969	72	3414	97.1380418177
970	70	3421	97.1014415766
971	65	3425	97.1559674408
972	60	3428	97.1225653667
973	63	3432	97.0296332149
974	63	3439	97.0869662284
975	66	3440	97.1499785773
976	71	3443	97.0970610157
977	68	3450	97.0224070559
978	71	3457	96.9805578335
979	75	3461	96.940935657
980	80	3467	96.9369294925
981	76	3474	96.8802003441
982	74	3478	96.8957892597
983	70	3484	96.8138964409
984	70	3488	96.8501785709
985	73	3489	96.862683041
986	78	3495	96.9311903572
987	73	3496	96.8465187973
988	72	3500	96.9317541695
989	70	3500	96.8778579256
990	65	3507	96.8478779394
991	68	3512	96.7751706749
992	71	3518	96.7119169501
993	68	3525	96.6887743692
994	72	3528	96.7701123799
995	67	3534	96.7273665103
996	71	3539	96.779784777
997	71	3539	96.7292954634
998	68	3540	96.7678789132
999	70	3540	96.735539968
1000	72	3541	96.6859390342
1001	77	3547	96.717102626
1002	76	3550	96.7982008388
1003	75	3557	96.7101713756
1004	70	3563	96.6123928939
1005	66	3567	96.6193883667
1006	64	3574	96.6278041246
1007	68	3577	96.7196324637
1008	65	3583	96.8134626831
1009	70	3583	96.7235498689
1010	66	3586	96.6802145512
1011	68	3591	96.7481003708
1012	71	3598	96.8164529754
1013	67	3603	96.8222028815
1014	68	3606	96.7334844919
1015	63	3608	96.740884883
1016	63	3608	96.7012317358
1017	59	3615	96.646909857
1018	60	3615	96.6908733718
1019	65	3617	96.600377267
1020	60	3624	96.5244159902
1021	59	3628	96.4307367678
1022	62	3634	96.489637756
1023	59	3635	96.4707886503
1024	57	3637	96.5534403778
1025	52	3638	96.4967021883
1026	50	3639	96.5608694839
1027	50	3640	96.5517449623
1028	50	3646	96.4957994122
1029	54	3649	96.4729026876
1030	51	3650	96.5494788542
1031	53	3653	96.5168538267
1032	52	3658	96.5899922593
1033	56	3661	96.5750172434
1034	55	3664	96.6232415813
1035	52	3667	96.6411514822
1036	50	3669	96.6169802772
1037	50	3670	96.6867807706
1038	53	3677	96.7689303179
1039	54	3678	96.7697761037
1040	50	3682	96.8403893412
1041	50	3687	96.8710140246
1042	50	3689	96.8096066095
1043	53	3696	96.7860498115
1044	50	3699	96.8374976135
1045	51	3705	96.9250424758
1046	54	3708	96.8359451147
1047	54	3713	96.7746575507
1048	50	3716	96.8229875888
1049	50	3716	96.7502367194
1050	50	3722	96.6732048931
1051	52	3728	96.7243729907
1052	55	3733	96.6792605002
1053	59	3739	96.7220922109
1054	54	3741	96.7318274782
1055	50	3742	96.7171065952
1056	50	3748	96.7688229057
1057	52	3750	96.7721580941
1058	54	3751	96.7835675277
1059	50	3755	96.7807801494
1060	50	3756	96.7858261542
1061	50	3759	96.7448379996
1062	50	3766	96.7958631343
1063	50	3773	96.7281306738
1064	50	3775	96.7976006441
1065	51	3779	96.8068448525
1066	56	3779	96.8460163403
1067	57	3780	96.8002113149
1068	61	3784	96.753314367
1069	58	3785	96.7105913268
1070	58	3790	96.8105761939
1071	62	3796	96.8420959228
1072	58	3797	96.8952983137
1073	53	3803	96.8986688567
1074	50	3803	96.8368812872
1075	50	3805	96.8110322965
1076	50	3807	96.7410353181
1077	54	3813	96.6989048803
1078	56	3817	96.687996476
1079	55	3824	96.6650307807
1080	51	3826	96.6573901827
1081	53	3827	96.5737525288
1082	55	3833	96.5153944323
1083	59	3834	96.5709901015
1084	54	3834	96.5994532132
1085	50	3838	96.5690480804
1086	50	3844	96.4888624551
1087	50	3847	96.536406093
1088	51	3849	96.552595224
1089	51	3851	96.6245361587
1090	54	3851	96.6750391334
1091	53	3854	96.7474718866
1092	52	3857	96.6652605082
1093	50	3858	96.6238432898
1094	53	3864	96.550032058
1095	53	3865	96.6494452183
1096	51	3867	96.6645726418
1097	55	3868	96.7561942909
1098	50	3868	96.7312021635
1099	50	3874	96.7111803343
1100	52	3875	96.6400779683
1101	54	3878	96.7334839434
1102	52	3885	96.7947261491
1103	50	3887	96.7120853162
1104	50	3893	96.7378141052
1105	53	3896	96.7967041054
1106	57	3896	96.7274312058
1107	53	3902	96.6782149911
1108	50	3904	96.6229570846
1109	50	3908	96.7087421048
1110	54	3913	96.6639714692
1111	50	3916	96.6639040322
1112	50	3920	96.7191011633
1113	50	3924	96.7840810178
1114	50	3929	96.799969584
1115	51	3930	96.738722727
1116	51	3936	96.6634653548
1117	54	3941	96.621500221
1118	58	3944	96.5305827886
1119	62	3948	96.6268842493
1120	59	3954	96.6027828925
1121	54	3960	96.6743209113
1122	55	3960	96.7213593887
1123	58	3965	96.7098952543
1124	61	3965	96.6991643689
1125	64	3967	96.713809731
1126	66	3968	96.6216782749
1127	69	3973	96.600322299
1128	73	3978	96.5912832406
1129	73	3980	96.5293381727
1130	75	3984	96.4855994915
1131	70	3989	96.4470140469
1132	72	3996	96.536537426
1133	67	3997	96.450021085
1134	72	3999	96.5174419261
1135	77	4000	96.5688792927
1136	78	4001	96.4889622212
1137	75	4004	96.4874341897
1138	74	4007	96.3912903067
1139	70	4012	96.4793386015
1140	72	4012	96.4992327044
1141	77	4017	96.5028879584
1142	77	4017	96.494128349
1143	82	4018	96.574326359
1144	80	4022	96.6265688894
1145	79	4025	96.7118182728
1146	80	4029	96.707668191
1147	85	4032	96.6101475418
1148	80	4035	96.5829167962
1149	78	4039	96.5609152324
1150	74	4042	96.5614244399
1151	73	4045	96.6365821509
1152	78	4049	96.6402511901
1153	74	4050	96.6336155379
1154	76	4054	96.6008918791
1155	75	4060	96.5608648924
1156	74	4067	96.6518068816
1157	73	4067	96.6127527185
1158	73	4068	96.5727734428
1159	72	4069	96.5483957453
1160	76	4071	96.5069924339
1161	73	4073	96.4485481652
1162	70	4077	96.4284556888
1163	75	4079	96.383884301
1164	73	4084	96.4786260641
1165	73	4088	96.3984805099
1166	73	4090	96.3694709497
1167	77	4096	96.3737186106
1168	75	4101	96.3294094272
1169	75	4105	96.3440581141
1170	78	4107	96.2760148875
1171	74	4107	96.2985786194
1172	72	4109	96.2451414587
1173	71	4110	96.1907429395
1174	67	4116	96.1345315279
1175	69	4122	96.1895670825
1176	68	4122	96.2353755876
1177	64	4129	96.2166686854
1178	60	4135	96.2160234378
1179	63	4140	96.2588137186
1180	58	4141	96.3564496544
1181	57	4147	96.2667359426
1182	54	4151	96.2280179164
1183	55	4153	96.1853264632
1184	50	4156	96.1148524584
1185	50	4156	96.2070409749
1186	51	4161	96.3034042473
1187	51	4161	96.2719971177
1188	52	4161	96.2734061701
1189	50	4164	96.3280941339
1190	50	4170	96.2954250502
1191	55	4174	96.2776081001
1192	57	4180	96.2220632999
1193	60	4187	96.1442787944
1194	61	4192	96.1735250941
1195	58	4199	96.1503813302
1196	54	4199	96.1988318521
1197	51	4201	96.2534026221
1198	50	4202	96.2070548292
1199	54	4205	96.2058664263
1200	56	4207	96.117257082
1201	59	4211	96.1969950665
1202	58	4211	96.2043383697
1203	57	4216	96.1389914512
1204	58	4218	96.1538478725
1205	62	4218	96.2514850074
1206	58	4223	96.341261925
1207	58	4226	96.3748082669
1208	54	4233	96.415007347
1209	56	4236	96.4004894269
1210	58	4237	96.4708387359
1211	57	4243	96.4896948478
1212	55	4247	96.4036480741
1213	60	4254	96.3858111276
1214	56	4255	96.3018086434
1215	51	4255	96.2676425263
1216	50	4256	96.2810332343
1217	50	4261	96.1995482394
1218	54	4264	96.1196810414
1219	54	4269	96.1425866092
1220	59	4269	96.1176998694
1221	58	4269	96.1538775039
1222	59	4273	96.0897381157
1223	64	4278	96.0043950942
1224	67	4279	95.9606088601
1225	63	4279	95.9075990622
1226	58	4280	95.9884350829
1227	58	4282	95.9144450187
1228	59	4287	95.912606297
1229	64	4287	95.8593442684
1230	68	4292	95.8402315133
1231	68	4295	95.8170178778
1232	63	4297	95.8122239607
1233	62	4302	95.8201773227
1234	60	4303	95.7348929828
1235	57	4305	95.6616111394
1236	59	4309	95.7179300688
1237	62	4313	95.7883484418
1238	60	4314	95.7575163396
1239	59	4314	95.7006027659
1240	64	4316	95.7725421312
1241	62	4319	95.7633189311
1242	67	4319	95.8326067599
1243	64	4325	95.8726613947
1244	66	4330	95.9007720099
1245	65	4331	95.8342243093
1246	60	4331	95.8815172426
1247	57	4334	95.8005456252
1248	61	4334	95.7391303597
1249	60	4335	95.6876074967
1250	60	4340	95.6274630975
1251	60	4343	95.5533396799
1252	59	4350	95.5247145823
1253	61	4350	95.5730048808
1254	60	4356	95.5204282687
1255	59	4360	95.4554342463
1256	54	4366	95.5255592729
1257	55	4369	95.4971702104
1258	50	4376	95.4343467562
1259	50	4378	95.4315963411
1260	55	4385	95.4560797667
1261	57	4387	95.3942687879
1262	56	4390	95.3252860182
1263	56	4393	95.2596223387
1264	61	4399	95.2036579524
1265	56	4405	95.1304232091
1266	54	4405	95.0435619483
1267	54	4410	95.1220954827
1268	57	4411	95.1441113965
1269	54	4411	95.1853484108
1270	59	4415	95.2045539972
1271	59	4419	95.2785326182
1272	60	4424	95.2891134589
1273	56	4429	95.2487907068
1274	55	4429	95.2116475243
1275	59	4432	95.1340997087
1276	57	4438	95.2083444763
1277	57	4443	95.2829712752
1278	54	4447	95.3595629775
1279	58	4454	95.4029095292
1280	54	4459	95.4246070073
1281	56	4465	95.3619089272
1282	53	4470	95.4408482786
1283	56	4470	95.424589086
1284	53	4470	95.4731005735
1285	50	4476	95.4074176814
1286	54	4477	95.3831233988
1287	57	4477	95.2939261951
1288	53	4479	95.2016779019
1289	52	4481	95.1550694074
1290	55	4484	95.0710047878
1291	52	4489	95.1047994249
1292	52	4490	95.0499929359
1293	50	4495	95.0519835422
1294	50	4498	95.1220477958
1295	50	4505	95.1572088512
1296	55	4511	95.1937212761
1297	60	4512	95.0953720913
1298	63	4512	95.1061555683
1299	63	4516	95.0552680565
1300	58	4518	95.0177914893
1301	59	4520	95.1099992399
1302	59	4524	95.029935171
1303	55	4529	95.0732024615
1304	54	4534	95.0895158267
1305	54	4534	95.0112328118
1306	57	4536	95.0912480352
1307	60	4538	95.0224189177
1308	56	4538	95.119587245
1309	51	4542	95.0675679856
1310	51	4547	95.0422549509
1311	50	4550	95.0888632425
1312	54	4552	95.1006028089
1313	58	4556	95.1753548252
1314	59	4556	95.0922518427
1315	60	4562	94.9945549597
1316	63	4564	95.0850675724
1317	63	4570	95.1848111443
1318	65	4577	95.262275169
1319	61	4584	95.3301228091
1320	57	4589	95.412125711
1321	59	4590	95.5110535191
1322	59	4590	95.5246400423
1323	60	4591	95.6174210732
1324	63	4593	95.5770808551
1325	62	4596	95.603769998
1326	58	4599	95.6352647018
1327	61	4603	95.6516487337
1328	65	4604	95.5687205341
1329	64	4609	95.5034645117
1330	69	4612	95.5458685846
1331	64	4619	95.4911528269
1332	59	4625	95.5123448841
1333	59	4629	95.4515187957
1334	55	4632	95.4820475858
1335	54	4635	95.5077244108
1336	53	4642	95.4394560831
1337	56	4649	95.4413310606
1338	54	4651	95.4343200919
1339	50	4654	95.3360946826
1340	52	4661	95.2937249396
1341	56	4668	95.2958502747
1342	60	4671	95.3017341282
1343	59	4678	95.2441952992
1344	60	4682	95.2005734498
1345	56	4683	95.2484523638
1346	58	4685	95.2691051173
1347	62	4687	95.337664669
1348	63	4688	95.3233807497
1349	65	4692	95.2459621796
1350	66	4695	95.217122599
1351	62	4699	95.2849894857
1352	64	4701	95.2669918852
1353	61	4704	95.2192478748
1354	59	4705	95.1446154544
1355	56	4711	95.1497713963
1356	57	4711	95.1247427091
1357	61	4716	95.1924041213
1358	63	4719	95.269159923
1359	60	4719	95.1866460612
1360	55	4723	95.2778906948
1361	50	4730	95.2800791427
1362	50	4737	95.2372396704
1363	55	4737	95.3331526763
1364	60	4742	95.374262153
1365	57	4744	95.3554065645
1366	60	4748	95.3352226669
1367	56	4750	95.2875184601
1368	51	4755	95.2413044742
1369	50	4757	95.2974986119
1370	50	4759	95.232257416
1371	50	4759	95.2251966145
1372	50	4760	95.3106648698
1373	55	4762	95.2662939241
1374	60	4767	95.2276695035
1375	55	4771	95.2417608149
1376	52	4773	95.267759036
1377	50	4773	95.2893079706
1378	50	4780	95.2604317717
1379	53	4780	95.1873454587
1380	50	4786	95.0994982211
1381	50	4787	95.0199896206
1382	51	4790	95.0341266292
1383	50	4793	95.1067173037
1384	50	4798	95.1244092447
1385	50	4805	95.1313211045
1386	50	4806	95.1230178337
1387	53	4810	95.113973876
1388	56	4810	95.0163375707
1389	54	4815	94.9171454244
1390	57	4819	94.8264979096
1391	53	4826	94.7627550449
1392	57	4826	94.7017504295
1393	61	4831	94.6570622303
1394	59	4837	94.6909610582
1395	54	4843	94.7433780961
1396	57	4844	94.8410514558
1397	53	4847	94.7765500885
1398	50	4850	94.7326834917
1399	52	4855	94.8313441528
1400	57	4856	94.7620321335
1401	55	4861	94.8195696373
1402	60	4861	94.8906997649
1403	57	4864	94.8827144688
1404	55	4865	94.8879681263
1405	60	4870	94.9515992168
1406	58	4877	94.875226581
1407	53	4880	94.7927410556
1408	53	4880	94.7170450484
1409	55	4881	94.7509886578
1410	54	4885	94.7412283215
1411	54	4890	94.6916785258
1412	53	4896	94.7035969782
1413	50	4898	94.7884734462
1414	50	4905	94.8462851507
1415	54	4909	94.8402645727
1416	58	4911	94.8241274721
1417	57	4918	94.8526427159
1418	53	4921	94.8757325914
1419	50	4926	94.7959028358
1420	54	4931	94.8129505301
1421	56	4934	94.7627421042
1422	52	4937	94.8354529901
1423	57	4939	94.8350950919
1424	57	4939	94.8196497876
1425	61	4939	94.751918273
1426	56	4942	94.6867610087
1427	53	4948	94.6714698566
1428	50	4949	94.6068317869
1429	50	4954	94.5512496897
1430	51	4957	94.507928688
1431	50	4958	94.4178237174
1432	50	4965	94.4424460601
1433	50	4972	94.5253236676
1434	50	4977	94.5753134648
1435	50	4978	94.5698578553
1436	50	4980	94.6029021801
1437	50	4982	94.5144642967
1438	50	4983	94.5718718467
1439	54	4989	94.6174799835
1440	58	4991	94.5450418089
1441	56	4993	94.6111526789
1442	56	4994	94.6526404535
1443	56	4997	94.6303164899
1444	60	4997	94.6240242907
1445	56	4997	94.5946765785
1446	55	5000	94.5620892175
1447	57	5001	94.5389853239
1448	60	5001	94.6072436289
1449	61	5001	94.5474952932
1450	64	5004	94.579933969
1451	66	5009	94.5097704764
1452	68	5013	94.6051457521
1453	70	5017	94.5720767793
1454	72	5023	94.5867648737
1455	70	5030	94.596665534
1456	66	5035	94.5738698149
1457	65	5039	94.5546457532
1458	64	5044	94.6250131573
1459	66	5050	94.7083780093
1460	71	5053	94.6907786804
1461	70	5055	94.7603647576
1462	70	5055	94.7109393058
1463	75	5061	94.7644788837
1464	75	5067	94.8037144167
1465	72	5067	94.7127577092
1466	68	5068	94.811080267
1467	63	5071	94.8530459662
1468	64	5077	94.9249269063
1469	69	5083	94.9866390083
1470	64	5087	94.9291123466
1471	61	5091	94.9784059226
1472	58	5092	95.0569757126
1473	58	5099	95.0302326295
1474	60	5102	94.9900077734
1475	60	5105	94.9955454309
1476	63	5105	94.9463801503
1477	59	5106	94.9321993598
1478	58	5106	94.8916751027
1479	53	5107	94.8253915767
1480	57	5111	94.7598587576
1481	56	5111	94.6680915031
1482	54	5115	94.702149526
1483	52	5120	94.7510586206
1484	54	5121	94.6706405095
1485	58	5126	94.6478100019
1486	56	5128	94.7370767607
1487	60	5129	94.7943427177
1488	63	5135	94.8184178629
1489	64	5135	94.7713369876
1490	69	5140	94.6834784754
1491	66	5140	94.6027417443
1492	71	5144	94.530459443
1493	66	5144	94.6080240095
1494	65	5144	94.6072234469
1495	61	5146	94.5958190221
1496	64	5153	94.6384462622
1497	60	5157	94.7172040129
1498	56	5161	94.6820685328
1499	54	5161	94.6917308152
1500	58	5162	94.7502995972
1501	53	5164	94.7344149594
1502	52	5164	94.6610492193
1503	55	5167	94.6394854643
1504	55	5168	94.5704050925
1505	60	5168	94.5262273469
1506	57	5174	94.551427775
1507	60	5179	94.4978861256
1508	61	5184	94.5905396081
1509	60	5190	94.6170406037
1510	55	5192	94.7080096171
1511	59	5192	94.7569874328
1512	62	5197	94.7049434871
1513	62	5201	94.7590754783
1514	60	5206	94.8325133533
1515	56	5211	94.8071527296
1516	55	5216	94.7224944926
1517	57	5222	94.7532137801
1518	62	5227	94.8055258463
1519	61	5234	94.8121975861
1520	65	5234	94.908672501
1521	67	5238	94.8562715913
1522	62	5245	94.9063426435
1523	58	5252	94.9409562477
1524	54	5256	94.984660445
1525	52	5258	94.9228749529
1526	50	5261	95.0213592165
1527	51	5267	95.0882836143
1528	50	5271	95.0238047481
1529	50	5277	95.0653616764
1530	50	5283	95.0451134148
1531	50	5287	94.9901791885
1532	51	5294	95.0394592851
1533	50	5299	95.1003200404
1534	54	5306	95.0055417459
1535	50	5308	94.9683987758
1536	50	5311	94.9482541335
1537	54	5313	94.9072171409
1538	53	5314	94.8901027466
1539	54	5318	94.8904141322
1540	55	5320	94.8478468084
1541	57	5322	94.9449435642
1542	52	5323	94.9363689979
1543	54	5325	94.9650908123
1544	58	5328	95.0173578695
1545	53	5330	95.0840817753
1546	50	5331	95.008657395
1547	53	5334	94.9445432088
1548	54	5335	94.9235207446
1549	58	5340	94.9061257828
1550	61	5341	94.9063089674
1551	64	5344	94.886662969
1552	66	5351	94.8924010868
1553	65	5353	94.826742169
1554	62	5355	94.9022481727
1555	58	5357	94.908353894
1556	63	5364	94.9100335121
1557	64	5369	94.8458260774
1558	63	5374	94.8007587615
1559	58	5377	94.8428563996
1560	56	5383	94.8078082312
1561	53	5389	94.7084569006
1562	52	5389	94.6543333488
1563	55	5395	94.6988941023
1564	57	5397	94.6734770852
1565	54	5397	94.6792266759
1566	56	5398	94.6520158714
1567	57	5404	94.7347057884
1568	59	5411	94.712367747
1569	61	5416	94.747861002
1570	56	5419	94.7985793456
1571	56	5426	94.8152037711
1572	60	5430	94.7501449991
1573	65	5432	94.6516514954
1574	69	5434	94.6178110108
1575	65	5434	94.5275021383
1576	60	5438	94.5350109635
1577	60	5441	94.6239587388
1578	64	5448	94.5456702002
1579	62	5448	94.5258305313
1580	58	5451	94.5421212305
1581	63	5455	94.6137477857
1582	66	5458	94.5771948644
1583	67	5463	94.4945975797
1584	70	5469	94.400444304
1585	70	5473	94.4304297486
1586	68	5475	94.3307212329
1587	70	5476	94.2374294201
1588	67	5479	94.1685792093
1589	72	5485	94.2460325462
1590	67	5489	94.2735367849
1591	65	5490	94.2327656764
1592	69	5494	94.2220787491
1593	65	5498	94.3117161783
1594	65	5498	94.2233435449
1595	65	5501	94.2205405665
1596	64	5503	94.2683464396
1597	60	5509	94.2814703906
1598	63	5512	94.2531468567
1599	66	5517	94.1806177831
1600	62	5524	94.1209543761
1601	61	5529	94.0579612876
1602	60	5529	93.9789278337
1603	58	5529	94.0389821713
1604	60	5533	94.0510761339
1605	63	5536	94.0852432382
1606	68	5540	94.0160648754
1607	66	5545	93.9189471375
1608	70	5552	93.8264576915
1609	73	5554	93.8714525999
1610	74	5556	93.7734952714
1611	70	5557	93.8444194996
1612	74	5563	93.8539080969
1613	77	5568	93.9417756025
1614	74	5575	94.0006218122
1615	71	5579	94.0842628176
1616	73	5585	94.1012462393
1617	71	5586	94.0069617324
1618	76	5586	93.9496161201
1619	72	5587	93.9547321377
1620	70	5592	94.0321788471
1621	67	5593	94.0098551016
1622	62	5594	93.9981912905
1623	66	5596	94.0436123903
1624	70	5601	93.999369463
1625	68	5603	93.9954669409
1626	66	5605	94.0474844286
1627	62	5608	93.9860899643
1628	65	5613	93.8949553481
1629	65	5615	93.8095007258
1630	67	5622	93.7302069082
1631	69	5626	93.6990092876
1632	66	5626	93.7725138233
1633	63	5626	93.8057326113
1634	60	5633	93.7376260337
1635	57	5634	93.82629221
1636	54	5641	93.8552777721
1637	57	5645	93.8207464623
1638	58	5652	93.7492195684
1639	57	5659	93.8272851674
1640	56	5665	93.7500278904
1641	51	5668	93.8440580735
1642	50	5673	93.9123193286
1643	51	5678	93.8130866987
1644	53	5678	93.8930741475
1645	58	5678	93.8708334791
1646	55	5679	93.8832301927
1647	52	5683	93.8234735072
1648	50	5685	93.8706330776
1649	50	5688	93.9441009766
1650	50	5688	94.0213315797
1651	51	5695	94.0587932298
1652	52	5695	94.0934227981
1653	55	5697	94.021992025
1654	59	5704	93.9296229075
1655	61	5708	93.9694616188
1656	65	5715	94.0278440467
1657	62	5717	94.1198557998
1658	58	5717	94.1213799507
1659	61	5721	94.1390766556
1660	61	5722	94.1828842169
1661	56	5728	94.2517827402
1662	59	5733	94.1821851441
1663	64	5736	94.2355395114
1664	63	5736	94.197678632
1665	66	5738	94.2402112221
1666	68	5739	94.3322122165
1667	65	5742	94.363779421
1668	62	5749	94.3469754856
1669	63	5749	94.2872915751
1670	65	5755	94.2738891458
1671	60	5756	94.1946966889
1672	61	5757	94.2841376776
1673	58	5762	94.2054844195
1674	58	5766	94.1182530537
1675	54	5773	94.10341065
1676	55	5773	94.1658468451
1677	54	5773	94.1201751764
1678	52	5775	94.0210239857
1679	51	5776	94.0542416707
1680	55	5781	94.119874185
1681	58	5781	94.1045052994
1682	58	5783	94.1082980494
1683	57	5784	94.1967512322
1684	53	5787	94.245049636
1685	50	5787	94.2901073398
1686	50	5788	94.38195501
1687	50	5795	94.4520306388
1688	50	5801	94.3549476796
1689	50	5803	94.339454562
1690	50	5809	94.3343604396
1691	54	5812	94.4218643306
1692	56	5819	94.382641551
1693	54	5825	94.333596258
1694	53	5832	94.2634349315
1695	50	5835	94.3299842551
1696	50	5839	94.2444666487
1697	50	5846	94.200891502
1698	55	5853	94.1853542988
1699	52	5855	94.1254215036
1700	53	5855	94.1633325469
1701	55	5856	94.1671938802
1702	50	5857	94.0967588663
1703	50	5860	94.1373222997
1704	50	5866	94.1756770865
1705	50	5871	94.2374333651
1706	50	5875	94.1840539282
1707	51	5877	94.2422267582
1708	50	5883	94.2194663056
1709	50	5889	94.1332721499
1710	50	5895	94.0827198495
1711	54	5896	94.1306800899
1712	51	5896	94.2018582829
1713	54	5896	94.3008137416
1714	59	5900	94.3087809356
1715	60	5900	94.215625902
1716	58	5901	94.1762958771
1717	57	5904	94.2470158236
1718	53	5905	94.2863242685
1719	57	5909	94.3647455902
1720	59	5912	94.3692461458
1721	61	5919	94.4272830603
1722	58	5921	94.3609009627
1723	61	5925	94.3529426294
1724	61	5928	94.2542188283
1725	56	5928	94.3387302888
1726	56	5935	94.4028042179
1727	55	5941	94.3889044921
1728	51	5945	94.4119387326
1729	50	5951	94.4522484145
1730	51	5952	94.4602763878
1731	50	5952	94.5539887998
1732	53	5953	94.6433961184
1733	50	5954	94.7146687782
1734	52	5955	94.6637347784
1735	52	5960	94.6213862826
1736	52	5964	94.7000231475
1737	53	5964	94.6068730554
1738	50	5969	94.6452967396
1739	50	5975	94.5878980966
1740	51	5979	94.556199689
1741	50	5980	94.5090963387
1742	50	5987	94.5317897689
1743	50	5990	94.4911840378
1744	50	5992	94.486602033
1745	50	5999	94.4042625874
1746	50	6006	94.4619074516
1747	51	6011	94.4884020434
1748	50	6013	94.588256705
1749	50	6019	94.5035226779
1750	50	6019	94.5756614351
1751	50	6022	94.4836313416
1752	50	6029	94.5286379416
1753	51	6032	94.5153564266
1754	55	6035	94.4814486298
1755	56	6036	94.5585248699
1756	60	6041	94.5829515394
1757	62	6043	94.4966546359
1758	62	6049	94.5760696877
1759	67	6055	94.5222389011
1760	68	6061	94.4590778709
1761	70	6062	94.5015233062
1762	73	6067	94.4353943261
1763	68	6073	94.4814405736
1764	65	6075	94.4563123608
1765	60	6077	94.416985477
1766	57	6077	94.4218681474
1767	57	6081	94.3733717205
1768	62	6083	94.3916815166
1769	61	6088	94.4083261921
1770	66	6094	94.3625242972
1771	71	6097	94.4113604368
1772	75	6098	94.3958238016
1773	75	6105	94.4571242166
1774	72	6112	94.5308503144
1775	76	6113	94.569493182
1776	77	6119	94.4949006337
1777	78	6125	94.5524515512
1778	73	6128	94.5017946169
1779	71	6135	94.4507294698
1780	71	6138	94.472676154
1781	70	6140	94.4947221999
1782	74	6145	94.5223320533
1783	72	6145	94.447474277
1784	76	6149	94.3724201297
1785	75	6155	94.3219491458
1786	77	6162	94.3606463637
1787	80	6168	94.4090093766
1788	79	6168	94.4589545203
1789	74	6171	94.4766510702
1790	75	6173	94.395783904
1791	79	6176	94.3784438805
1792	81	6178	94.3830203663
1793	80	6179	94.3004062949
1794	84	6184	94.3240967231
1795	88	6191	94.3928452634
1796	84	6194	94.455113725
1797	84	6194	94.4525119151
1798	85	6198	94.3809755116
1799	87	6205	94.4764770922
1800	83	6206	94.4189563848
1801	84	6213	94.4520325119
1802	89	6218	94.4098765367
1803	90	6221	94.3518745306
1804	94	6226	94.311053902
1805	91	6226	94.3196663362
1806	95	6229	94.3032994773
1807	93	6231	94.4030977034
1808	88	6238	94.4390704568
1809	83	6241	94.4793922585
1810	82	6245	94.4401708916
1811	80	6250	94.4303572883
1812	85	6254	94.3844356718
1813	82	6254	94.3635738801
1814	83	6256	94.4284338386
1815	88	6260	94.5145309473
1816	85	6265	94.4316440025
1817	85	6270	94.3987560139
1818	90	6277	94.4371983583
1819	89	6283	94.3643345428
1820	94	6288	94.4546622348
1821	89	6288	94.3860548967
1822	88	6292	94.3906572387
1823	87	6292	94.4786695739
1824	91	6299	94.4472271272
1825	95	6304	94.3706908886
1826	99	6304	94.4635278487
1827	103	6311	94.5529631737
1828	105	6314	94.5905753531
1829	107	6321	94.5320102486
1830	109	6324	94.600531131
1831	105	6328	94.5197085982
1832	108	6331	94.444986673
1833	104	6332	94.5250900596
1834	103	6335	94.4991492481
1835	102	6341	94.5787101535
1836	101	6341	94.6537072776
1837	98	6344	94.7038464595
1838	100	6351	94.6736713455
1839	98	6356	94.7507010067
1840	102	6360	94.658455278
1841	107	6365	94.700595349
1842	104	6369	94.6853491947
1843	101	6370	94.7295700464
1844	99	6372	94.6342953519
1845	101	6372	94.58640146
1846	97	6379	94.5677809786
1847	93	6382	94.4723291537
1848	93	6383	94.4248941342
1849	88	6384	94.3669853945
1850	84	6391	94.2711593944
1851	86	6394	94.2967780882
1852	87	6396	94.2048783586
1853	83	6401	94.1624183484
1854	88	6408	94.1892448072
1855	93	6410	94.1255842981
1856	96	6416	94.0301380267
1857	95	6416	93.9557731173
1858	98	6419	93.9115663245
1859	95	6420	94.0041795619
1860	91	6427	93.9626199626
1861	95	6427	93.9073310687
1862	99	6432	93.9401666901
1863	96	6434	93.8858557595
1864	101	6441	93.8326288266
1865	105	6448	93.8917931595
1866	105	6451	93.8150041849
1867	105	6458	93.8938689879
1868	101	6463	93.8502356761
1869	101	6470	93.8822540325
1870	97	6472	93.9023491427
1871	100	6477	93.909623819
1872	97	6477	93.8997935049
1873	100	6480	93.8672494196
1874	103	6486	93.7808290752
1875	108	6491	93.8424860271
1876	111	6496	93.7723143066
1877	111	6500	93.7300217651
1878	113	6504	93.7689534838
1879	109	6506	93.8036498937
1880	112	6511	93.8937391995
1881	113	6518	93.9325150096
1882	114	6525	93.9478349166
1883	113	6529	93.8867373575
1884	114	6532	93.8009624541
1885	119	6532	93.8182665065
1886	117	6535	93.7853562251
1887	119	6540	93.7012456633
1888	116	6547	93.6931402974
1889	118	6551	93.7224016789
1890	122	6556	93.6468199475
1891	119	6563	93.6244263231
1892	116	6563	93.6442264581
1893	115	6568	93.7293211811
1894	118	6571	93.7532566146
1895	117	6577	93.8092930756
1896	121	6578	93.7398957879
1897	124	6582	93.7150123388
1898	124	6583	93.6372308269
1899	123	6585	93.6699152523
1900	123	6592	93.6458033544
1901	125	6598	93.7215670888
1902	129	6598	93.7701300203
1903	132	6603	93.829819596
1904	133	6609	93.7925377581
1905	135	6613	93.8610670797
1906	133	6620	93.928815438
1907	135	6623	93.962374655
1908	136	6627	94.0100221166
1909	132	6634	94.0840473093
1910	131	6634	94.01175907
1911	127	6639	94.0171411071
1912	124	6645	93.9639712932
1913	121	6645	93.958035321
1914	116	6646	94.0446028184
1915	116	6647	94.1336607869
1916	115	6652	94.0943729848
1917	117	6653	94.1814250451
1918	120	6658	94.1237942754
1919	119	6665	94.1885024643
1920	119	6668	94.2193395287
1921	120	6669	94.1228795639
1922	116	6674	94.0637057746
1923	114	6676	93.9695674354
1924	112	6680	94.0002555015
1925	109	6684	94.0172272113
1926	109	6691	93.9797601914
1927	111	6691	93.9363909542
1928	106	6691	93.9515875756
1929	104	6695	94.0320870948
1930	106	6702	94.023913897
1931	109	6704	94.0630529328
1932	114	6707	94.0503412514
1933	115	6710	94.0994106939
1934	117	6715	94.1433519753
1935	113	6719	94.1722582539
1936	115	6725	94.1157065547
1937	113	6731	94.1496652543
1938	111	6736	94.0835934541
1939	110	6743	94.1689508822
1940	112	6746	94.2477137873
1941	112	6747	94.2801486868
1942	113	6747	94.2493345386
1943	110	6748	94.2066229986
1944	115	6752	94.12991829
1945	120	6757	94.114581189
1946	123	6761	94.0573145416
1947	124	6767	94.138620732
1948	122	6771	94.1508017869
1949	125	6772	94.1839454829
1950	124	6779	94.0844726567
1951	121	6781	93.9972947932
1952	124	6788	93.9236624497
1953	124	6792	93.9863309479
1954	126	6799	93.9120658809
1955	124	6800	93.9069520018
1956	122	6802	93.8899396002
1957	123	6806	93.8347001984
1958	122	6813	93.926067943
1959	122	6817	93.9849447435
1960	121	6820	93.9618643079
1961	118	6822	93.9164403133
1962	114	6829	93.8630931389
1963	112	6833	93.9139457012
1964	111	6838	93.9145010523
1965	115	6843	93.8985586901
1966	118	6846	93.879651574
1967	119	6851	93.8792639039
1968	115	6856	93.945144495
1969	118	6858	94.0042124957
1970	121	6863	93.9158145375
1971	116	6869	93.9977030392
1972	119	6876	93.9942641946
1973	124	6882	94.0472255092
1974	123	6882	94.1305610461
1975	128	6885	94.0395979432
1976	128	6892	93.9502559647
1977	129	6896	93.8631044105
1978	132	6897	93.7806127626
1979	127	6904	93.795079018
1980	123	6909	93.8441825579
1981	123	6911	93.9052025046
1982	122	6911	93.931547839
1983	123	6912	93.8987693937
1984	118	6916	93.8141497804
1985	114	6919	93.773736652
1986	119	6923	93.7263084458
1987	119	6924	93.6970188131
1988	114	6928	93.7787068661
1989	118	6928	93.7412692162
1990	116	6935	93.799273479
1991	116	6939	93.8287715994
1992	114	6942	93.9035142094
1993	115	6942	93.9953774557
1994	113	6943	94.0051092297
1995	114	6945	93.9830441353
1996	117	6949	94.0705869184
1997	115	6955	94.0968819923
1998	115	6955	94.1852018803
1999	116	6961	94.086488986
2000	117	6961	94.1086668979
2001	116	6963	94.0765606736
2002	112	6967	94.0285640248
2003	114	6970	94.0147288069
2004	111	6975	93.9930001514
2005	115	6982	94.0576254406
2006	112	6989	94.0115137186
2007	108	6996	93.999286369
2008	105	6996	93.9760443752
2009	104	7002	93.9810683848
2010	101	7009	94.0227993181
2011	102	7011	93.9715293927
2012	98	7017	93.9355619929
2013	101	7018	93.9688722291
2014	97	7025	94.0238728866
2015	101	7031	94.0574340043
2016	97	7031	94.1249146254
2017	97	7035	94.1926974785
2018	102	7038	94.1210217071
2019	101	7041	94.1256077386
2020	99	7041	94.1485698807
2021	97	7048	94.233235548
2022	98	7052	94.2910137065
2023	101	7056	94.2548723372
2024	104	7056	94.2560613843
2025	107	7062	94.1914553197
2026	106	7066	94.1617138853
2027	106	7071	94.1819566138
2028	107	7077	94.1434409308
2029	107	7082	94.0742377342
2030	110	7084	94.1337879147
2031	108	7084	94.037625152
2032	112	7085	94.0496517589
2033	115	7089	94.1370995659
2034	112	7095	94.2368359215
2035	114	7102	94.2451541712
2036	113	7105	94.2133029001
2037	109	7108	94.1297581717
2038	113	7115	94.0652417567
2039	113	7119	94.0024261245
2040	117	7123	93.9699743351
2041	118	7124	94.0321307466
2042	113	7130	93.9953935741
2043	117	7136	94.0094568136
2044	113	7141	94.0789169752
2045	114	7145	94.03491658
2046	113	7152	94.0213888003
2047	115	7153	94.0102092758
2048	110	7156	94.0875324446
2049	114	7160	94.1045949519
2050	118	7163	94.0846118029
2051	118	7166	94.0346570651
2052	120	7171	94.0572247213
2053	116	7171	93.9606640649
2054	116	7173	93.8666047586
2055	117	7179	93.7800073307
2056	122	7182	93.7992881385
2057	126	7185	93.711272335
2058	130	7192	93.7745812285
2059	133	7193	93.7165951011
2060	130	7199	93.6893097254
2061	135	7205	93.6559485575
2062	137	7205	93.5728693922
2063	134	7211	93.5004763944
2064	139	7213	93.5642066422
2065	139	7219	93.5026426355
2066	144	7226	93.5757189496
2067	142	7227	93.5990448283
2068	144	7234	93.6456148107
2069	143	7237	93.6454315215
2070	141	7239	93.5819189995
2071	145	7240	93.642993616
2072	146	7240	93.7077268775
2073	147	7242	93.7190950377
2074	152	7246	93.6370304366
2075	147	7247	93.7294219889
2076	149	7248	93.6620590349
2077	144	7250	93.7301419083
2078	146	7255	93.657301871
2079	142	7257	93.6350901685
2080	145	7263	93.7287275164
2081	149	7265	93.7412039315
2082	151	7265	93.6936826911
2083	152	7267	93.7095144661
2084	156	7269	93.7703094066
2085	155	7269	93.7778231274
2086	153	7271	93.712702854
2087	151	7278	93.7536700301
2088	147	7280	93.8226948202
2089	142	7283	93.7436620305
2090	145	7284	93.7605725042
2091	147	7291	93.7611759541
2092	151	7291	93.8309962005
2093	151	7298	93.7720617904
2094	148	7302	93.8603113946
2095	150	7307	93.8331682674
2096	152	7309	93.7510941782
2097	154	7313	93.7983808872
2098	156	7319	93.8494237162
2099	153	7323	93.9219601848
2100	153	7326	94.0002407133
2101	155	7327	93.9934257675
2102	158	7329	93.9761777704
2103	160	7334	94.0491455718
2104	163	7334	94.0091053173
2105	158	7340	93.9354709262
2106	154	7342	94.0282202905
2107	153	7343	93.9900884872
2108	152	7350	94.0609523851
2109	152	7353	94.1530598105
2110	147	7355	94.2316132339
2111	152	7358	94.1455752807
2112	157	7359	94.107338414
2113	154	7360	94.0302724708
2114	153	7365	93.9665076547
2115	151	7365	94.0329769232
2116	152	7368	93.9764328183
2117	157	7369	93.998689981
2118	156	7372	94.0094778636
2119	151	7377	93.9647785084
2120	153	7384	93.995283205
2121	153	7385	94.0556712323
2122	155	7389	93.9597842425
2123	156	7394	93.9328461491
2124	155	7397	93.9010353042
2125	155	7403	93.8731738059
2126	155	7409	93.8050858857
2127	152	7413	93.8074809703
2128	149	7414	93.8383095009
2129	154	7416	93.7559304114
2130	159	7416	93.6830539382
2131	159	7418	93.7151573338
2132	163	7425	93.7654924321
2133	165	7425	93.6857259484
2134	167	7432	93.597941043
2135	165	7434	93.6818700537
2136	168	7440	93.7357237652
2137	172	7445	93.7787317076
2138	173	7448	93.7688016074
2139	169	7454	93.7396370079
2140	166	7456	93.7833714785
2141	167	7457	93.8453527274
2142	168	7457	93.835383583
2143	167	7457	93.7986105433
2144	164	7462	93.8641412107
2145	165	7465	93.872669971
2146	164	7472	93.7768498883
2147	165	7479	93.7057821846
2148	164	7479	93.6342471264
2149	164	7485	93.605974222
2150	168	7491	93.6455034547
2151	170	7492	93.6199832917
2152	174	7494	93.6919784689
2153	178	7495	93.781754708
2154	181	7500	93.8409355044
2155	184	7500	93.8494717598
2156	181	7500	93.9334114045
2157	177	7506	93.9280101308
2158	182	7512	93.8984017636
2159	181	7516	93.9288100318
2160	186	7521	93.9811808692
2161	189	7524	94.0028751576
2162	193	7530	93.9104164114
2163	197	7536	93.8220950152
2164	196	7542	93.8156169471
2165	191	7544	93.8103185181
2166	192	7544	93.7119012275
2167	190	7544	93.7544274515
2168	185	7548	93.7614926362
2169	189	7554	93.6689000085
2170	193	7557	93.7498699779
2171	195	7563	93.7958423266
2172	199	7569	93.7078636344
2173	200	7574	93.6505590443
2174	195	7578	93.6050798277
2175	190	7579	93.5339382867
2176	185	7581	93.4805907784
2177	186	7581	93.3880648434
2178	188	7582	93.3806987653
2179	192	7589	93.4446135194
2180	194	7593	93.5056829093
2181	197	7598	93.458599568
2182	194	7598	93.4659221475
2183	199	7601	93.4285223903
2184	196	7605	93.4777758804
2185	197	7607	93.5419698555
2186	197	7609	93.4531608861
2187	200	7616	93.3659560189
2188	200	7622	93.3329352936
2189	200	7623	93.3746353589
2190	196	7624	93.2968623227
2191	193	7630	93.2950672961
2192	197	7631	93.283019779
2193	193	7634	93.3495746619
2194	191	7640	93.3236128082
2195	187	7640	93.3752663565
2196	192	7641	93.4399217869
2197	191	7646	93.4237334062
2198	195	7646	93.4257333966
2199	192	7647	93.3914264163
2200	187	7654	93.3318606884
2201	190	7654	93.2469626854
2202	188	7659	93.3235677724
2203	190	7666	93.2474554289
2204	185	7671	93.1555147901
2205	189	7677	93.110859961
2206	193	7684	93.1713973352
2207	188	7688	93.0728931767
2208	191	7695	93.1211210863
2209	188	7695	93.1961325978
2210	192	7701	93.2897310805
2211	194	7705	93.2484095839
2212	191	7710	93.2911212595
2213	195	7711	93.212253623
2214	190	7712	93.2423902558
2215	186	7716	93.235953238
2216	181	7717	93.1950094051
2217	186	7723	93.1197465286
2218	188	7726	93.1240581477
2219	183	7733	93.216701842
2220	183	7735	93.1541027327
2221	187	7742	93.2366910969
2222	191	7744	93.1642982903
2223	188	7749	93.1760002662
2224	185	7750	93.1865326524
2225	186	7757	93.1190536048
2226	190	7759	93.1224409174
2227	190	7763	93.1316571887
2228	189	7768	93.1546579021
2229	190	7771	93.1820834586
2230	193	7774	93.2640354174
2231	197	7774	93.3562738504
2232	200	7781	93.4162144581
2233	195	7787	93.4510153719
2234	197	7790	93.353488916
2235	193	7791	93.3698989146
2236	197	7798	93.2898962132
2237	198	7800	93.3715470742
