1	133	2.12	5.628
2	131	2.64	5.772
3	132	2.21	5.741
4	135	2.94	6.144
5	138	2.85	6.491
6	137	2.98	5.856
7	134	2.50	5.330
8	137	2.60	6.603
9	140	2.85	7.025
10	140	2.99	6.893
11	142	3.07	6.778
12	141	3.29	7.209
13	142	3.29	7.376
14	140	2.54	6.800
15	139	2.66	6.954
16	136	2.54	5.880
17	135	2.23	6.345
18	133	2.83	5.292
19	134	2.14	5.653
20	136	2.74	5.641
21	134	2.58	5.873
22	136	2.53	6.261
23	139	2.66	6.844
24	136	2.99	6.233
25	137	2.26	6.438
26	134	2.23	5.570
27	134	2.26	6.111
28	131	2.12	5.405
29	131	2.61	5.178
30	133	2.34	5.392
31	132	2.61	5.432
32	130	2.77	5.204
33	129	1.96	4.602
34	127	2.33	4.451
35	130	2.80	5.215
36	128	2.49	5.384
37	128	2.33	4.800
38	128	2.82	5.175
39	128	2.46	4.724
40	126	2.20	4.910
41	129	2.20	5.241
42	132	2.21	5.686
43	135	2.15	5.495
44	132	2.96	5.686
45	129	2.47	4.633
46	132	2.98	5.052
47	133	3.02	5.133
48	132	2.41	5.056
49	130	2.56	5.522
50	128	2.03	5.160
51	127	2.65	4.461
52	129	2.45	4.787
53	131	2.92	4.953
54	128	2.50	5.054
55	129	2.67	4.943
56	126	2.10	4.206
57	126	2.79	5.130
58	128	2.55	5.384
59	129	2.33	5.168
60	127	2.59	4.963
61	128	2.61	4.496
62	125	2.52	4.717
63	126	2.28	4.838
64	126	2.41	5.065
65	128	2.67	5.250
66	130	2.00	4.721
67	129	2.08	4.784
68	132	2.05	5.687
69	130	2.15	4.857
70	129	2.67	5.406
71	129	2.66	4.563
72	132	2.77	5.717
73	132	2.35	5.955
74	130	2.25	5.019
75	127	2.62	4.967
76	130	2.04	5.556
77	129	2.75	4.761
78	132	2.08	5.760
79	131	2.67	5.551
80	132	2.16	5.642
81	133	2.28	5.756
82	132	2.80	5.567
83	134	2.94	5.496
84	132	2.42	5.198
85	129	2.91	4.678
86	130	2.15	5.477
87	132	2.24	5.222
88	129	2.68	4.676
89	127	2.50	4.911
90	124	2.13	4.612
91	124	2.61	4.181
92	126	2.41	4.890
93	129	2.69	4.720
94	128	2.69	4.683
95	127	2.56	4.327
96	127	1.90	5.031
97	124	2.45	3.951
98	127	1.99	4.438
99	129	2.24	5.005
100	128	2.89	5.328
101	129	2.70	4.881
102	126	2.62	4.559
103	128	2.47	5.396
104	129	2.26	4.793
105	127	2.83	4.896
106	126	2.13	5.125
107	126	1.91	4.306
108	123	2.18	4.316
109	121	2.66	3.752
110	120	1.70	4.241
111	122	1.96	4.455
112	123	2.05	4.546
113	120	2.38	3.458
114	120	2.21	4.110
115	123	2.55	4.708
116	126	2.63	4.592
117	126	2.10	4.892
118	126	2.81	5.067
119	129	2.21	4.760
120	127	2.16	4.361
121	126	2.18	4.264
122	123	2.03	4.235
123	126	2.61	5.108
124	123	2.14	4.229
125	120	2.37	3.671
126	123	2.53	4.510
127	126	1.99	4.839
128	125	2.59	4.972
129	128	2.35	5.185
130	127	2.05	4.290
131	124	1.95	4.596
132	121	2.63	3.801
133	119	2.50	3.401
134	116	1.79	3.110
135	113	1.54	2.919
136	114	1.82	3.639
137	112	2.11	3.665
138	113	1.68	2.913
139	112	1.81	3.134
140	112	1.79	3.039
141	115	1.99	3.073
142	115	1.94	3.235
143	115	1.89	2.997
144	113	2.03	3.102
145	111	1.60	2.918
146	112	1.54	3.077
147	110	1.41	3.143
148	107	2.22	2.741
149	107	2.26	2.982
150	107	2.14	2.859
151	107	2.22	2.684
152	104	1.48	2.907
153	103	2.01	2.462
154	101	1.86	2.568
155	102	1.75	2.507
156	103	1.34	2.992
157	104	1.67	2.864
158	107	1.66	2.499
159	108	1.69	2.838
160	106	1.82	3.048
161	107	2.27	2.766
162	109	1.97	2.804
163	107	2.25	2.391
164	105	2.13	2.257
165	105	1.84	3.075
166	103	2.03	2.360
167	100	2.07	2.080
168	97	1.89	2.477
169	97	1.53	2.346
170	98	1.71	2.507
171	99	1.57	2.817
172	101	1.87	2.771
173	101	1.42	2.633
174	102	1.51	2.746
175	104	1.73	2.443
176	103	1.48	2.910
177	103	1.34	2.534
178	105	1.35	2.300
179	104	1.95	2.956
180	106	1.47	2.797
181	105	1.68	2.925
182	102	2.05	2.949
183	99	1.83	2.007
184	101	1.37	2.812
185	99	2.08	1.990
186	99	1.50	2.557
187	100	1.19	2.342
188	101	2.15	2.913
189	104	1.31	2.367
190	107	1.67	2.929
191	107	2.29	3.317
192	108	1.77	2.609
193	107	1.89	3.241
194	105	1.63	2.665
195	105	1.97	2.965
196	103	1.54	2.399
197	102	2.03	2.101
198	105	1.51	2.937
199	105	1.39	2.252
200	108	1.95	2.487
201	111	1.45	3.027
202	114	1.75	3.755
203	115	1.59	3.793
204	116	2.00	3.615
205	113	1.64	3.149
206	112	2.18	3.523
207	112	1.96	2.879
208	111	1.67	3.457
209	111	2.16	3.637
210	113	1.87	2.926
211	116	2.26	3.790
212	119	1.74	3.463
213	120	1.99	4.446
214	122	2.67	4.372
215	124	2.36	4.667
216	123	2.11	3.808
217	120	2.12	3.985
218	120	1.89	3.677
219	121	2.53	3.593
220	119	1.70	4.178
221	120	1.71	4.412
222	123	1.95	4.110
223	123	2.46	4.762
224	121	1.77	4.289
225	120	2.06	4.254
226	120	1.94	4.432
227	118	2.41	3.255
228	115	1.96	3.254
229	114	2.09	3.297
230	116	2.38	3.561
231	117	2.32	3.576
232	120	2.65	3.688
233	121	2.61	3.932
234	121	2.15	3.823
235	120	1.83	3.479
236	118	2.24	3.714
237	119	1.88	3.560
238	117	1.59	3.279
239	120	2.58	4.412
240	120	1.72	4.261
241	123	1.75	4.558
242	126	2.79	4.629
243	125	2.38	4.143
244	126	2.34	4.335
245	128	1.97	4.700
246	127	1.98	4.508
247	128	2.25	4.448
248	130	2.28	5.057
249	131	2.10	5.310
250	129	2.66	4.645
251	132	2.11	5.046
252	132	2.51	5.380
253	134	2.26	5.653
254	135	2.95	6.341
255	134	2.11	5.865
256	131	2.67	5.200
257	128	2.70	4.662
258	129	2.00	4.778
259	130	2.20	5.120
260	133	2.65	5.696
261	134	2.41	5.438
262	133	2.07	5.594
263	130	2.20	4.733
264	130	2.37	4.933
265	131	2.96	4.844
266	133	2.54	5.357
267	130	2.56	5.116
268	132	2.50	5.394
269	132	2.13	5.151
270	130	2.69	4.867
271	128	2.21	4.610
272	127	2.42	5.184
273	126	2.52	5.035
274	124	2.09	3.921
275	127	2.28	4.861
276	128	2.09	5.309
277	130	2.62	5.626
278	128	1.90	4.796
279	126	2.56	4.861
280	123	2.22	4.348
281	122	1.79	4.015
282	125	2.69	4.108
283	127	2.09	4.578
284	127	1.98	4.785
285	124	1.89	4.141
286	125	2.20	4.513
287	127	2.49	4.815
288	129	2.14	4.721
289	127	2.38	4.981
290	124	2.48	4.057
291	126	2.54	4.676
292	123	1.82	4.067
293	120	1.75	4.259
294	119	2.45	3.923
295	118	2.44	3.563
296	118	2.31	4.167
297	121	2.07	4.402
298	123	2.70	3.956
299	124	1.90	4.766
300	123	1.79	4.602
301	121	1.93	4.015
302	123	2.47	4.734
303	126	1.97	4.634
304	124	1.93	3.894
305	121	1.70	3.775
306	123	2.13	4.218
307	123	2.38	4.442
308	123	2.68	4.753
309	123	2.24	4.306
310	124	1.89	4.608
311	123	1.89	4.346
312	120	1.80	4.292
313	118	2.27	3.908
314	120	2.26	4.127
315	120	1.74	4.369
316	119	1.99	4.090
317	122	1.72	4.633
318	123	1.80	4.730
319	123	2.29	4.446
320	122	2.32	4.470
321	124	2.01	4.247
322	121	2.14	4.037
323	119	2.54	3.853
324	121	1.89	4.149
325	122	2.00	3.727
326	120	1.95	4.085
327	121	2.13	3.956
328	121	2.61	3.597
329	121	2.40	4.393
330	120	2.15	3.507
331	123	2.09	4.344
332	126	2.60	5.098
333	125	1.84	4.155
334	125	2.51	4.550
335	122	1.83	4.232
336	123	2.41	3.942
337	126	2.20	4.692
338	123	2.56	4.170
339	122	1.92	3.927
340	123	2.12	4.500
341	125	1.81	4.478
342	127	2.54	4.428
343	130	2.86	4.730
344	133	2.58	5.649
345	136	2.41	5.658
346	133	3.03	5.982
347	131	2.79	5.586
348	131	2.70	5.188
349	133	2.79	5.807
350	136	2.20	6.363
351	139	2.34	6.598
352	141	2.50	7.478
353	139	3.07	6.230
354	139	2.37	6.180
355	142	3.32	7.024
356	141	2.54	7.323
357	140	2.38	6.435
358	140	2.86	6.707
359	142	2.81	7.333
360	145	2.83	7.497
361	142	2.91	7.432
362	141	3.30	7.431
363	142	3.07	7.106
364	142	3.03	7.452
365	144	2.84	8.032
366	142	2.79	7.204
367	140	3.07	6.833
368	140	3.28	6.502
369	141	2.89	7.504
370	139	2.79	6.621
371	140	3.17	6.964
372	139	3.10	6.960
373	136	2.42	5.646
374	135	3.00	5.897
375	135	2.45	5.519
376	136	2.18	6.428
377	137	2.88	6.700
378	136	2.69	5.993
379	139	2.76	6.489
380	140	3.01	6.908
381	137	2.30	6.599
382	138	3.15	6.116
383	135	2.93	6.205
384	133	2.93	5.977
385	135	2.17	5.597
386	137	3.17	6.428
387	138	2.59	6.309
388	138	2.92	6.174
389	135	3.04	6.163
390	133	2.34	5.503
391	133	2.78	5.732
392	134	2.27	5.959
393	133	2.26	5.741
394	134	2.13	5.508
395	132	2.49	5.228
396	131	2.18	5.689
397	129	2.45	5.235
398	130	2.80	4.957
399	132	2.92	5.025
400	132	3.01	5.818
401	130	2.67	5.238
402	131	2.16	5.713
403	133	2.21	5.605
404	130	2.57	5.418
405	128	2.31	4.702
406	131	2.90	5.633
407	129	2.70	4.629
408	131	2.20	5.420
409	134	2.74	6.204
410	133	2.82	5.672
411	133	2.97	5.263
412	135	2.16	5.585
413	132	2.61	5.010
414	129	2.48	5.017
415	131	2.81	5.180
416	131	2.30	5.705
417	134	2.46	5.321
418	136	2.95	6.078
419	135	2.46	5.725
420	138	3.11	6.718
421	141	2.82	6.741
422	142	2.97	7.517
423	143	2.72	7.444
424	141	3.14	6.666
425	140	2.89	6.390
426	142	2.73	7.207
427	142	3.00	6.996
428	141	3.19	7.031
429	138	3.12	6.425
430	136	2.65	5.959
431	137	2.44	6.514
432	134	3.06	5.813
433	136	3.07	6.519
434	137	2.67	6.096
435	136	2.33	5.791
436	133	2.74	5.294
437	130	2.49	4.690
438	131	2.50	5.444
439	131	2.48	5.532
440	134	2.48	5.930
441	134	3.08	5.791
442	137	2.77	6.075
443	135	2.97	6.234
444	138	2.92	6.683
445	141	3.09	6.551
446	143	3.18	7.765
447	144	3.03	7.741
448	146	3.08	8.275
449	146	2.83	7.818
450	147	2.65	8.217
451	145	3.13	7.464
452	144	2.53	7.896
453	142	2.98	7.569
454	141	3.06	7.462
455	138	2.84	6.763
456	139	2.98	6.326
457	136	2.70	6.373
458	137	3.12	6.340
459	134	2.41	5.417
460	135	2.21	5.948
461	138	2.35	5.981
462	137	2.83	5.780
463	139	3.21	6.236
464	137	2.60	5.765
465	138	2.56	6.672
466	141	2.78	6.734
467	141	3.22	7.055
468	142	2.75	7.470
469	139	2.42	6.114
470	142	3.06	7.695
471	142	3.20	6.718
472	140	3.01	6.909
473	143	2.79	7.478
474	145	3.33	7.659
475	147	2.63	8.632
476	145	3.49	7.692
477	145	2.92	8.280
478	147	3.21	8.367
479	150	2.99	8.811
480	148	3.24	9.044
481	150	2.73	9.412
482	147	2.97	8.554
483	148	2.77	8.984
484	146	3.33	7.635
485	143	2.91	7.843
486	142	2.40	7.581
487	145	2.77	8.091
488	143	2.93	7.162
489	144	2.84	7.855
490	142	2.52	6.827
491	141	2.44	6.879
492	144	2.62	8.064
493	143	3.36	7.802
494	146	2.97	7.629
495	145	2.81	7.387
496	143	3.26	7.239
497	141	2.59	6.904
498	143	3.04	7.055
499	142	3.35	6.815
500	139	2.61	6.510
501	137	2.48	6.258
502	134	2.22	5.893
503	134	2.92	6.165
504	131	2.76	5.689
505	131	2.02	5.463
506	128	2.85	4.858
507	131	2.64	5.327
508	128	2.77	4.786
509	130	2.64	4.977
510	129	2.88	5.096
511	131	2.64	5.170
512	131	2.90	4.951
513	132	2.60	5.731
514	129	2.36	4.536
515	128	2.38	5.119
516	131	2.71	5.534
517	132	2.15	5.401
518	132	2.17	5.874
519	135	2.89	5.657
520	138	3.12	6.252
521	135	2.57	5.719
522	134	2.45	6.102
523	134	2.74	6.180
524	136	3.02	5.779
525	136	2.96	6.183
526	134	2.25	5.846
527	136	2.41	6.176
528	136	3.14	6.059
529	133	2.11	5.331
530	130	2.67	5.552
531	130	2.26	5.336
532	128	2.82	5.000
533	125	2.53	4.903
534	127	2.73	4.522
535	124	2.31	4.188
536	126	2.65	4.507
537	128	2.08	5.020
538	131	2.43	4.804
539	134	2.52	5.908
540	135	2.99	5.757
541	135	2.78	6.018
542	134	2.12	5.713
543	133	2.46	5.083
544	135	2.40	6.125
545	135	2.52	5.945
546	133	2.29	5.459
547	132	2.33	5.865
548	131	2.38	5.061
549	128	2.03	5.032
550	131	2.32	5.707
551	130	2.53	4.782
552	127	2.55	4.251
553	124	2.18	4.308
554	126	2.54	5.094
555	127	2.73	4.805
556	129	2.12	4.709
557	129	2.08	5.122
558	128	2.25	4.934
559	129	2.04	5.317
560	131	2.62	5.250
561	134	2.39	5.570
562	131	2.43	5.551
563	131	2.55	5.515
564	129	2.73	4.698
565	128	2.35	4.763
566	126	2.45	4.112
567	124	1.87	4.119
568	123	1.84	4.004
569	125	1.96	4.225
570	122	2.65	4.233
571	121	2.16	4.035
572	121	1.74	3.570
573	121	1.76	4.071
574	118	2.07	3.299
575	121	2.65	3.748
576	119	2.20	3.854
577	116	1.75	3.429
578	118	1.85	3.836
579	117	2.19	3.590
580	117	2.11	3.742
581	120	2.55	4.049
582	117	2.24	3.679
583	117	2.49	3.536
584	117	2.43	3.697
585	115	1.96	3.815
586	117	2.09	3.182
587	114	1.65	3.195
588	116	2.37	3.489
589	114	1.59	3.175
590	115	2.04	3.765
591	112	2.35	3.032
592	111	2.28	3.207
593	112	1.56	3.134
594	112	2.32	2.768
595	115	2.07	3.170
596	114	1.82	3.718
597	115	1.83	3.698
598	112	1.93	3.526
599	113	1.54	3.576
600	115	1.73	3.078
601	115	1.64	3.743
602	115	1.55	3.051
603	112	1.86	3.610
604	109	1.42	3.107
605	108	1.73	2.403
606	105	2.18	2.280
607	102	1.31	2.807
608	99	1.47	2.736
609	99	1.31	1.947
610	97	1.80	2.402
611	95	1.47	1.841
612	92	1.87	2.344
613	93	1.78	1.704
614	92	1.29	2.352
615	91	1.04	1.799
616	93	1.12	1.937
617	94	1.47	1.797
618	92	1.41	1.827
619	90	1.63	2.341
620	88	1.77	1.936
621	87	1.56	2.140
622	87	1.66	1.475
623	89	1.87	2.055
624	87	1.69	1.684
625	87	1.02	1.377
626	90	1.10	1.571
627	92	1.08	1.621
628	92	1.48	2.061
629	95	1.57	1.785
630	94	1.19	2.040
631	96	2.05	1.698
632	95	1.93	2.147
633	98	1.67	2.322
634	95	1.67	2.328
635	96	1.34	1.722
636	99	1.69	2.394
637	98	1.69	2.039
638	97	1.43	2.076
639	99	1.20	2.521
640	99	1.35	2.791
641	96	1.62	2.044
642	95	1.47	2.464
643	96	1.64	1.873
644	94	1.75	2.499
645	96	1.89	1.946
646	96	2.02	2.411
647	95	1.42	1.634
648	98	1.37	2.714
649	101	2.06	2.217
650	101	2.02	2.342
651	102	1.67	2.779
652	105	1.65	3.093
653	102	2.00	2.446
654	103	1.97	3.029
655	103	1.91	2.353
656	105	1.69	2.763
657	103	1.74	2.370
658	105	1.79	2.585
659	103	1.81	2.886
660	106	1.49	2.713
661	108	1.51	2.605
662	109	1.74	2.930
663	112	1.48	3.141
664	113	1.92	2.959
665	111	1.89	3.285
666	113	2.10	2.781
667	114	2.00	2.910
668	114	1.64	3.770
669	111	1.56	2.999
670	110	1.52	3.464
671	112	1.99	3.477
672	113	2.39	3.446
673	113	1.66	2.975
674	114	1.58	2.842
675	113	2.47	3.266
676	115	2.03	3.059
677	114	2.45	3.595
678	116	1.96	3.043
679	119	1.67	4.102
680	121	2.06	4.099
681	123	1.76	3.970
682	126	2.61	4.835
683	129	2.01	4.557
684	131	2.68	5.246
685	128	2.18	4.570
686	125	2.01	4.214
687	126	2.22	4.414
688	124	2.52	4.605
689	126	2.29	4.997
690	124	2.40	4.414
691	123	2.50	3.825
692	124	2.51	4.671
693	127	2.64	4.716
694	127	2.08	5.189
695	125	2.10	4.929
696	125	2.15	4.400
697	127	2.76	4.491
698	128	2.53	4.514
699	125	2.33	4.268
700	126	2.69	4.981
701	125	2.67	4.835
702	126	2.55	4.221
703	128	2.64	4.873
704	125	2.40	4.871
705	122	2.20	3.900
706	125	2.65	4.018
707	125	1.90	4.168
708	125	2.57	4.325
709	122	2.57	3.951
710	119	2.60	3.848
711	117	2.18	3.485
712	116	2.02	3.035
713	119	2.35	3.592
714	117	2.23	3.690
715	115	1.91	3.091
716	114	2.18	3.471
717	111	1.55	3.295
718	112	1.97	3.217
719	112	1.82	2.824
720	110	2.19	3.161
721	113	2.28	3.317
722	113	1.93	3.092
723	112	2.44	3.577
724	115	1.53	3.543
725	113	2.23	3.400
726	110	1.66	2.856
727	108	1.84	2.802
728	110	2.15	2.761
729	107	1.72	2.347
730	109	1.97	2.577
731	106	1.59	2.602
732	107	2.33	2.897
733	110	2.05	3.102
734	113	2.00	3.311
735	113	1.92	3.584
736	114	2.27	3.706
737	112	1.92	3.407
738	113	1.51	3.319
739	110	1.64	3.224
740	107	1.40	2.927
741	107	2.30	2.608
742	107	1.63	2.916
743	110	2.29	2.685
744	107	1.90	3.139
745	107	1.48	2.584
746	104	1.64	2.460
747	101	1.68	2.619
748	102	1.60	2.088
749	100	2.05	2.666
750	98	2.11	1.759
751	100	1.35	2.406
752	97	1.45	2.215
753	98	1.36	2.746
754	100	1.91	2.583
755	101	1.44	2.065
756	101	1.72	2.769
757	104	2.11	2.604
758	106	2.08	2.804
759	108	2.02	3.018
760	105	2.25	2.300
761	107	1.61	2.735
762	105	1.45	2.726
763	104	1.64	2.771
764	105	2.08	2.841
765	107	1.78	2.462
766	105	2.21	3.019
767	104	2.13	2.355
768	106	1.84	2.481
769	106	1.81	2.641
770	109	1.40	3.049
771	106	1.79	2.244
772	109	2.05	2.729
773	112	1.50	3.240
774	111	1.49	3.189
775	110	1.59	3.402
776	110	1.45	3.183
777	110	2.05	2.677
778	109	1.93	3.387
779	108	2.30	3.111
780	106	2.02	2.862
781	108	1.57	2.445
782	106	1.63	2.891
783	109	1.89	3.394
784	112	1.67	3.401
785	111	1.75	3.559
786	112	1.81	3.219
787	111	2.31	3.240
788	114	2.32	2.978
789	117	2.46	3.112
790	114	2.35	3.268
791	114	1.57	3.532
792	111	1.76	2.906
793	114	1.50	3.666
794	112	2.08	3.456
795	109	2.13	2.818
796	109	2.19	3.130
797	110	1.83	2.513
798	111	1.63	2.980
799	108	1.91	2.984
800	105	2.17	2.557
801	108	1.44	3.316
802	109	1.44	3.316
803	112	2.41	3.183
804	110	1.55	2.661
805	109	2.04	2.895
806	110	1.53	3.174
807	113	1.96	2.868
808	112	2.13	3.352
809	113	2.05	2.797
810	114	2.40	3.177
811	114	1.75	3.039
812	113	1.48	2.814
813	112	2.00	3.494
814	113	1.93	3.391
815	116	2.50	3.918
816	114	1.81	3.607
817	116	2.21	3.705
818	119	1.72	3.686
819	121	2.61	3.627
820	119	1.92	3.538
821	116	1.94	3.118
822	117	2.50	3.652
823	114	1.86	3.552
824	115	2.29	3.262
825	115	1.81	3.496
826	112	1.77	3.220
827	111	1.71	3.487
828	108	1.72	2.975
829	106	1.88	2.411
830	104	2.16	3.014
831	101	2.06	1.913
832	104	2.06	3.049
833	106	1.76	2.452
834	104	2.09	2.265
835	101	1.47	2.373
836	102	1.25	2.282
837	105	1.68	2.568
838	105	1.38	3.018
839	107	1.48	3.207
840	108	1.89	3.250
841	105	1.68	2.497
842	103	1.41	2.473
843	102	1.61	2.030
844	105	1.38	2.831
845	105	2.25	3.013
846	106	2.10	2.501
847	103	1.95	2.133
848	102	1.95	2.257
849	103	1.59	2.647
850	100	1.87	2.108
851	103	1.74	2.505
852	101	2.00	2.545
853	102	1.28	2.598
854	105	1.92	3.006
855	102	1.64	2.810
856	99	2.09	2.029
857	98	1.56	2.415
858	96	1.23	2.555
859	98	2.13	1.884
860	95	1.63	1.790
861	97	1.89	1.985
862	97	1.60	2.501
863	97	1.56	1.776
864	94	1.31	2.045
865	94	1.90	2.535
866	92	1.31	2.349
867	91	1.66	2.017
868	92	1.76	1.623
869	95	1.53	2.394
870	98	1.87	2.080
871	97	2.11	2.390
872	98	1.90	2.663
873	99	1.94	1.890
874	102	1.89	2.778
875	104	1.91	2.473
876	105	1.96	2.479
877	104	2.16	3.027
878	107	1.61	2.848
879	105	1.91	2.697
880	105	1.29	2.894
881	108	1.74	3.234
882	108	2.04	2.430
883	109	2.16	2.625
884	106	2.04	2.633
885	106	2.24	2.651
886	105	1.49	3.088
887	105	2.11	2.925
888	108	1.90	2.739
889	110	1.64	3.087
890	107	2.17	2.673
891	108	2.07	3.260
892	110	1.72	2.639
893	111	1.91	2.602
894	111	1.94	3.490
895	110	1.84	3.181
896	110	1.84	2.882
897	111	1.82	2.930
898	109	1.95	2.874
899	107	2.28	3.104
900	109	2.17	3.285
901	111	2.12	3.303
902	112	2.40	2.883
903	109	1.57	2.536
904	107	1.97	3.269
905	108	1.70	2.742
906	109	1.83	2.433
907	109	1.95	2.417
908	108	1.49	3.193
909	111	1.78	3.310
910	112	1.92	2.989
911	111	2.12	2.625
912	113	2.36	3.470
913	116	2.54	3.820
914	119	1.63	3.924
915	119	1.79	3.904
916	121	2.19	3.826
917	120	2.45	3.708
918	118	2.41	3.347
919	118	1.74	4.151
920	121	2.46	4.060
921	121	1.84	3.549
922	121	1.87	4.445
923	123	2.23	3.940
924	120	2.48	3.781
925	118	1.89	4.102
926	117	2.05	3.097
927	119	1.86	3.677
928	119	2.25	3.982
929	121	2.26	3.979
930	124	2.23	4.047
931	123	1.78	4.044
932	121	2.02	3.935
933	119	1.77	3.753
934	117	2.40	3.474
935	119	2.07	4.001
936	117	1.94	3.364
937	117	1.96	3.922
938	115	2.45	3.037
939	117	2.28	4.049
940	116	2.37	3.843
941	117	2.32	3.132
942	119	2.29	3.578
943	122	2.03	4.097
944	124	2.03	4.745
945	124	2.70	3.988
946	122	2.20	3.770
947	123	2.00	4.146
948	121	2.18	3.708
949	120	1.75	3.497
950	117	1.77	3.238
951	117	2.03	3.517
952	116	2.49	3.956
953	115	2.32	3.404
954	112	1.48	2.941
955	112	1.59	3.324
956	115	2.47	3.196
957	114	2.39	3.311
958	117	1.95	3.852
959	114	2.03	3.277
960	117	2.54	3.475
961	117	2.39	3.854
962	116	1.80	3.142
963	118	2.05	3.839
964	119	2.37	3.636
965	119	2.12	3.678
966	118	2.43	3.456
967	119	2.12	3.698
968	118	1.62	3.684
969	118	2.51	3.661
970	117	1.82	3.470
971	120	1.98	4.168
972	121	1.98	4.279
973	120	2.51	3.546
974	117	2.01	3.382
975	116	2.44	3.110
976	116	1.90	3.439
977	118	1.70	4.001
978	118	1.75	3.213
979	118	2.35	3.609
980	116	2.37	3.483
981	113	2.21	3.006
982	111	1.84	3.091
983	110	2.21	2.569
984	109	1.55	3.010
985	108	2.17	2.625
986	108	2.28	3.053
987	111	2.37	3.364
988	110	2.09	3.282
989	109	2.32	3.257
990	109	2.11	2.652
991	108	2.19	2.859
992	109	1.71	3.192
993	111	1.70	3.426
994	112	1.79	3.613
995	111	1.64	3.167
996	114	1.63	2.827
997	117	1.81	3.799
998	117	1.71	3.886
999	117	1.98	3.446
1000	119	1.92	3.346
1001	116	2.03	3.207
1002	115	1.84	3.321
1003	113	2.19	2.758
1004	114	1.96	3.720
1005	113	1.68	3.319
1006	113	2.40	3.673
1007	111	1.55	2.808
1008	113	1.57	2.974
1009	110	2.15	2.870
1010	110	1.64	3.255
1011	108	1.92	2.861
1012	109	2.17	2.609
1013	109	1.38	3.011
1014	109	1.79	3.182
1015	109	2.29	2.438
1016	108	2.16	2.727
1017	108	2.26	2.459
1018	111	2.25	3.556
1019	111	1.80	3.172
1020	111	2.34	2.737
1021	108	1.37	3.244
1022	107	1.66	2.297
1023	109	1.71	2.790
1024	109	2.31	2.918
1025	107	1.63	3.094
1026	110	1.56	3.252
1027	112	2.40	3.128
1028	113	2.29	3.623
1029	113	2.07	3.478
1030	114	1.98	3.322
1031	115	1.99	3.687
1032	117	2.18	3.506
1033	116	1.73	3.717
1034	115	1.78	3.667
1035	117	1.89	3.656
1036	115	2.05	3.029
1037	115	2.46	3.693
1038	116	1.57	3.183
1039	116	1.75	3.377
1040	113	1.92	2.857
1041	112	1.45	3.192
1042	111	2.09	2.805
1043	109	2.10	2.780
1044	111	2.13	3.324
1045	111	2.27	2.583
1046	112	1.52	3.507
1047	113	1.54	3.348
1048	113	1.62	3.414
1049	113	2.09	3.446
1050	111	2.09	2.788
1051	113	1.73	3.300
1052	111	1.53	2.977
1053	109	2.36	3.366
1054	111	2.01	3.057
1055	114	1.97	3.776
1056	113	1.80	2.752
1057	112	2.25	3.275
1058	109	1.50	2.946
1059	108	1.92	3.230
1060	106	1.32	2.881
1061	103	1.53	2.020
1062	102	1.51	2.230
1063	105	2.13	2.436
1064	106	1.44	2.218
1065	106	1.42	2.970
1066	103	1.38	2.858
1067	100	1.20	2.303
1068	97	1.65	1.871
1069	95	1.55	2.316
1070	97	1.34	1.814
1071	97	1.95	1.695
1072	98	1.33	2.710
1073	96	1.86	2.042
1074	95	1.60	1.757
1075	97	1.90	2.479
1076	95	1.76	1.834
1077	94	1.18	2.151
1078	95	1.60	2.220
1079	92	1.98	1.850
1080	92	1.51	1.791
1081	92	1.66	2.151
1082	90	2.00	1.635
1083	87	1.25	2.192
1084	89	1.85	1.936
1085	90	1.04	1.534
1086	88	1.07	1.548
1087	90	1.11	1.894
1088	92	1.93	2.127
1089	93	1.35	2.337
1090	90	1.33	1.901
1091	91	1.35	2.142
1092	93	1.18	2.088
1093	92	1.15	1.496
1094	95	1.85	1.874
1095	98	2.02	2.075
1096	96	1.62	2.168
1097	97	2.01	2.173
1098	98	1.43	2.358
1099	97	2.12	1.755
1100	95	1.53	2.243
1101	95	1.61	2.428
1102	93	1.88	2.205
1103	93	1.65	2.421
1104	92	1.86	1.856
1105	94	1.50	1.927
1106	91	1.30	1.576
1107	90	1.49	1.381
1108	91	1.81	1.902
1109	94	1.11	2.220
1110	91	1.90	2.046
1111	92	1.87	2.050
1112	90	1.75	1.449
1113	92	1.41	1.538
1114	93	1.40	1.833
1115	96	1.50	1.741
1116	94	1.52	2.175
1117	91	1.80	1.477
1118	88	1.61	2.073
1119	88	1.05	1.362
1120	88	1.26	2.147
1121	89	1.13	2.197
1122	89	1.34	2.055
1123	91	1.12	1.917
1124	91	1.30	1.550
1125	93	1.60	2.457
1126	91	1.16	1.870
1127	89	1.78	2.034
1128	90	1.07	1.340
1129	89	1.78	1.793
1130	91	1.64	1.618
1131	88	1.36	1.787
1132	89	1.29	2.285
1133	92	1.33	1.655
1134	91	1.78	2.015
1135	88	1.72	2.010
1136	85	1.70	1.812
1137	86	1.75	1.656
1138	83	1.59	1.652
1139	85	1.35	1.333
1140	85	1.44	1.646
1141	86	1.73	1.390
1142	84	1.01	1.865
1143	84	1.00	1.209
1144	87	1.88	1.903
1145	89	1.60	1.919
1146	91	1.11	1.937
1147	90	1.63	2.210
1148	90	1.38	1.442
1149	92	1.76	1.723
1150	91	1.73	1.632
1151	89	1.85	2.111
1152	92	1.16	2.212
1153	89	1.55	1.598
1154	86	1.70	1.995
1155	85	1.81	1.695
1156	87	1.58	1.399
1157	89	1.60	1.816
1158	92	1.12	1.583
1159	95	1.32	1.581
1160	94	1.43	2.154
1161	92	1.26	1.528
1162	92	1.26	1.895
1163	90	1.16	1.899
1164	93	1.24	2.396
1165	93	1.26	2.012
1166	94	1.99	1.821
1167	94	1.99	1.643
1168	95	1.30	1.716
1169	94	1.93	1.984
1170	95	1.94	2.372
1171	93	1.94	2.355
1172	95	1.17	2.441
1173	92	1.97	2.073
1174	90	1.91	1.352
1175	93	1.47	2.142
1176	92	2.02	1.885
1177	89	1.23	1.588
1178	87	1.00	2.090
1179	89	1.84	2.067
1180	92	1.42	1.773
1181	93	2.04	1.493
1182	96	1.33	2.385
1183	96	1.94	1.656
1184	98	1.57	1.881
1185	100	1.86	2.422
1186	98	1.69	1.771
1187	96	1.55	2.517
1188	98	1.21	1.962
1189	101	2.02	2.041
1190	98	2.10	1.999
1191	98	1.77	2.638
1192	99	1.43	1.851
1193	96	1.17	1.742
1194	97	1.25	2.313
1195	99	1.19	2.323
1196	100	2.13	2.151
1197	99	1.70	1.959
1198	102	1.98	1.965
1199	105	1.36	2.438
1200	104	1.31	2.263
1201	104	1.71	2.429
1202	106	1.80	2.212
1203	107	1.42	2.485
1204	108	2.05	2.909
1205	105	1.37	2.783
1206	106	1.54	2.943
1207	104	1.93	2.908
1208	105	1.66	2.226
1209	107	1.83	3.038
1210	104	1.84	2.174
1211	107	2.00	2.686
1212	109	2.32	3.326
1213	111	2.13	2.958
1214	111	1.73	2.667
1215	111	1.61	3.308
1216	108	1.95	2.962
1217	105	1.91	3.053
1218	105	1.57	2.565
1219	108	1.81	3.231
1220	107	1.57	2.607
1221	104	1.27	2.667
1222	102	1.93	2.218
1223	104	1.35	2.774
1224	104	2.18	2.076
1225	104	1.84	2.186
1226	107	1.90	2.987
1227	106	1.82	2.926
1228	103	2.19	2.609
1229	105	1.72	2.577
1230	107	2.33	2.454
1231	105	1.77	2.756
1232	108	2.02	3.136
1233	107	1.61	2.861
1234	105	1.66	2.637
1235	108	1.62	2.889
1236	109	1.86	3.067
1237	112	2.02	2.687
1238	111	1.78	2.954
1239	112	2.41	3.092
1240	112	2.23	2.866
1241	115	1.63	3.023
1242	117	2.54	3.359
1243	119	1.75	3.970
1244	121	1.69	3.503
1245	119	1.66	3.900
1246	120	1.72	3.500
1247	123	2.55	4.260
1248	126	2.12	4.119
1249	126	1.87	4.569
1250	125	2.13	4.143
1251	123	2.32	4.453
1252	122	1.84	3.918
1253	124	1.86	4.037
1254	127	2.42	5.069
1255	129	2.83	4.823
1256	132	2.60	5.648
1257	130	2.21	5.217
1258	127	2.59	4.787
1259	127	2.38	4.394
1260	124	2.25	4.769
1261	124	2.44	4.683
1262	123	1.91	3.821
1263	121	2.01	4.217
1264	120	2.08	4.297
1265	117	2.37	3.215
1266	118	1.88	3.490
1267	117	1.84	3.195
1268	119	1.89	4.071
1269	121	1.75	3.565
1270	123	1.77	4.647
1271	120	2.52	3.519
1272	123	2.05	4.262
1273	120	2.08	3.503
1274	121	1.78	4.177
1275	119	1.88	4.080
1276	121	1.96	3.480
1277	123	1.94	3.710
1278	125	1.82	4.464
1279	128	2.71	4.825
1280	126	2.77	4.285
1281	128	2.32	4.763
1282	129	2.16	4.813
1283	127	1.96	4.314
1284	124	2.30	4.393
1285	122	1.71	4.434
1286	123	1.75	3.868
1287	124	1.94	4.317
1288	126	2.14	4.392
1289	128	2.08	4.807
1290	130	2.90	4.761
1291	133	2.23	5.612
1292	131	2.95	5.545
1293	132	2.97	5.310
1294	131	2.15	5.090
1295	129	2.26	4.894
1296	130	2.04	4.579
1297	131	2.22	4.815
1298	129	2.83	4.674
1299	131	2.24	4.852
1300	134	2.53	5.628
1301	131	2.91	5.637
1302	128	2.86	4.641
1303	130	2.33	4.609
1304	132	2.66	5.343
1305	129	2.19	5.248
1306	129	2.00	4.830
1307	132	2.81	4.855
1308	133	2.48	5.920
1309	133	2.84	5.456
1310	133	2.93	5.971
1311	132	2.10	5.607
1312	129	2.51	4.464
1313	126	2.23	4.386
1314	124	1.90	4.313
1315	122	1.80	4.147
1316	124	2.10	4.044
1317	124	1.85	4.295
1318	125	2.08	4.438
1319	128	1.92	4.672
1320	126	2.08	4.501
1321	124	2.05	4.733
1322	123	2.68	3.839
1323	125	2.07	4.047
1324	126	2.65	4.262
1325	125	1.87	4.270
1326	128	2.32	4.626
1327	127	2.25	4.619
1328	126	1.84	4.739
1329	129	2.27	5.154
1330	129	2.90	4.459
1331	132	2.13	5.290
1332	130	2.59	5.056
1333	133	2.17	5.413
1334	132	2.34	4.860
1335	132	2.20	4.977
1336	130	2.66	5.109
1337	132	2.65	5.490
1338	134	2.70	5.772
1339	137	2.64	6.542
1340	138	2.84	6.556
1341	135	2.55	6.018
1342	132	2.82	5.136
1343	134	3.00	5.180
1344	135	3.03	6.138
1345	137	2.83	6.654
1346	138	2.25	6.249
1347	137	2.24	6.505
1348	135	3.12	6.220
1349	137	2.34	6.258
1350	136	2.72	5.774
1351	139	2.62	6.147
1352	136	2.59	6.352
1353	134	2.53	5.485
1354	134	2.76	5.734
1355	135	2.15	6.230
1356	133	2.85	5.030
1357	132	2.57	5.556
1358	131	2.61	5.367
1359	132	3.01	5.779
1360	132	2.68	5.838
1361	131	2.59	5.683
1362	129	2.84	4.621
1363	132	2.48	5.819
1364	133	2.40	5.149
1365	130	2.11	4.793
1366	133	2.67	5.158
1367	134	2.81	6.005
1368	136	2.90	6.026
1369	133	2.43	5.163
1370	135	2.45	5.428
1371	133	2.56	5.816
1372	131	2.78	5.499
1373	131	2.04	5.660
1374	129	2.42	4.807
1375	128	1.97	5.253
1376	127	2.72	4.221
1377	126	2.01	4.145
1378	129	2.15	5.122
1379	126	2.72	4.764
1380	124	1.85	4.121
1381	127	2.45	4.415
1382	126	2.29	4.146
1383	128	2.77	4.631
1384	130	2.40	5.052
1385	132	2.35	4.859
1386	135	2.90	5.607
1387	137	2.29	5.736
1388	135	3.02	6.044
1389	133	2.52	5.063
1390	135	2.16	6.046
1391	135	2.42	6.242
1392	134	2.93	5.767
1393	136	2.21	5.727
1394	135	2.66	5.671
1395	134	2.70	5.604
1396	137	3.12	6.208
1397	140	3.10	6.931
1398	142	3.26	7.244
1399	139	2.57	6.769
1400	137	3.05	6.591
1401	138	2.39	6.738
1402	138	3.13	5.981
1403	135	2.18	5.886
1404	136	2.62	6.093
1405	133	2.90	5.320
1406	135	3.00	6.257
1407	132	2.75	5.667
1408	135	2.14	5.677
1409	132	2.17	4.836
1410	135	2.44	5.544
1411	133	2.57	5.199
1412	132	2.96	5.751
1413	131	2.66	5.521
1414	133	2.42	5.484
1415	133	2.48	5.285
1416	131	2.46	4.948
1417	129	2.31	4.500
1418	130	2.12	4.690
1419	130	2.02	4.650
1420	127	2.37	5.001
1421	125	2.67	4.572
1422	126	2.08	4.015
1423	129	2.06	4.745
1424	126	2.24	4.440
1425	129	2.21	4.552
1426	128	2.24	4.480
1427	126	2.27	4.411
1428	127	1.97	4.598
1429	124	1.99	4.327
1430	121	2.60	3.908
1431	123	1.81	4.035
1432	122	1.99	4.250
1433	125	2.37	4.530
1434	128	2.47	4.483
1435	125	1.94	4.325
1436	124	2.01	4.542
1437	125	2.20	4.559
1438	128	2.70	4.328
1439	131	2.89	5.630
1440	134	2.85	5.443
1441	133	2.81	5.860
1442	130	2.14	4.687
1443	127	2.76	4.494
1444	124	2.62	4.228
1445	123	2.58	4.216
1446	126	2.18	4.406
1447	125	2.64	4.032
1448	125	2.47	4.439
1449	126	2.12	4.879
1450	126	2.54	4.480
1451	125	1.81	4.370
1452	123	2.58	4.076
1453	126	1.90	4.330
1454	128	2.78	4.647
1455	128	2.07	4.621
1456	128	1.96	5.148
1457	127	2.40	4.429
1458	129	2.04	4.680
1459	130	2.10	5.199
1460	130	2.57	4.941
1461	132	2.17	5.234
1462	133	2.21	5.380
1463	132	2.48	5.299
1464	130	2.50	5.226
1465	131	2.52	5.004
1466	132	2.77	5.495
1467	130	2.50	4.900
1468	128	2.39	5.189
1469	131	2.83	5.401
1470	129	2.08	4.763
1471	132	2.06	5.293
1472	130	2.04	5.495
1473	128	1.98	4.791
1474	126	2.13	4.561
1475	123	2.44	4.522
1476	122	2.45	3.631
1477	125	2.61	3.979
1478	126	2.51	4.866
1479	123	2.02	3.977
1480	120	1.88	4.240
1481	121	2.27	3.447
1482	120	2.17	3.410
1483	117	2.03	3.693
1484	118	1.75	3.372
1485	117	1.66	3.850
1486	114	1.85	2.858
1487	113	1.88	3.227
1488	112	1.90	3.366
1489	112	2.35	3.258
1490	114	2.00	2.965
1491	116	1.72	3.858
1492	114	2.15	3.220
1493	113	1.96	3.373
1494	112	2.32	2.870
1495	109	1.72	2.624
1496	107	1.74	2.877
1497	104	1.43	2.099
1498	105	2.05	2.273
1499	102	1.30	2.272
1500	100	1.47	2.232
1501	102	1.39	2.841
1502	103	1.39	2.819
1503	100	1.19	2.395
1504	102	1.53	2.201
1505	101	2.09	1.840
1506	98	1.54	2.120
1507	95	2.00	1.829
1508	94	1.94	2.137
1509	94	1.45	1.689
1510	94	1.63	1.744
1511	92	1.73	2.104
1512	94	1.39	2.127
1513	94	1.48	1.795
1514	92	1.60	1.854
1515	89	1.26	2.244
1516	86	1.52	1.336
1517	89	1.54	1.866
1518	90	1.19	2.268
1519	93	1.40	1.479
1520	93	1.09	2.161
1521	91	1.82	1.937
1522	90	1.69	2.129
1523	88	1.74	1.504
1524	86	1.64	2.028
1525	86	1.23	2.043
1526	83	1.74	1.150
1527	85	1.90	1.609
1528	83	1.20	1.589
1529	83	1.74	1.642
1530	81	1.74	1.367
1531	81	1.46	0.981
1532	79	1.67	1.820
1533	77	1.57	1.405
1534	78	1.24	1.737
1535	79	1.68	1.616
1536	78	1.19	1.008
1537	79	1.59	1.587
1538	78	0.98	1.786
1539	76	0.86	0.853
1540	79	1.04	1.707
1541	76	1.31	1.186
1542	75	1.57	1.660
1543	76	1.50	0.945
1544	77	0.86	0.910
1545	77	1.57	1.603
1546	74	1.09	1.633
1547	71	1.20	1.244
1548	73	1.70	1.223
1549	71	1.26	1.534
1550	74	1.62	0.820
1551	75	1.36	1.791
1552	75	1.48	1.763
1553	78	1.47	1.566
1554	77	1.37	1.844
1555	74	1.21	1.256
1556	76	1.04	1.615
1557	75	1.63	1.419
1558	73	1.64	1.285
1559	70	1.11	0.894
1560	68	1.22	1.226
1561	67	1.35	0.810
1562	67	1.37	1.074
1563	65	1.23	1.372
1564	64	1.42	1.371
1565	61	1.32	1.111
1566	64	0.99	0.954
1567	61	1.30	1.482
1568	64	1.59	0.978
1569	67	1.31	1.277
1570	70	1.55	1.467
1571	70	1.03	0.749
1572	73	1.30	1.083
1573	72	0.82	1.033
1574	70	0.95	1.477
1575	73	1.67	0.868
1576	73	1.32	1.529
1577	74	1.34	1.607
1578	71	0.89	0.735
1579	71	1.24	0.807
1580	71	1.60	0.732
1581	74	0.84	1.581
1582	77	1.44	1.165
1583	77	0.94	1.665
1584	78	1.29	1.670
1585	76	1.48	0.989
1586	78	1.51	1.618
1587	80	1.79	1.543
1588	79	1.14	1.765
1589	81	1.42	1.535
1590	80	1.39	1.413
1591	81	1.53	1.557
1592	81	1.58	1.423
1593	81	1.64	1.379
1594	82	1.44	1.822
1595	79	1.44	1.525
1596	79	1.81	1.577
1597	79	1.44	1.260
1598	80	1.22	1.143
1599	80	1.45	1.721
1600	79	1.71	1.886
1601	76	1.04	1.549
1602	74	0.93	1.247
1603	77	0.88	1.743
1604	79	1.38	1.847
1605	80	1.10	1.202
1606	83	1.40	1.291
1607	83	1.02	1.092
1608	81	1.78	1.374
1609	81	1.13	1.901
1610	79	1.77	1.449
1611	81	1.07	1.869
1612	80	1.70	1.188
1613	81	1.78	1.202
1614	81	1.02	1.406
1615	83	1.15	1.136
1616	86	1.15	1.150
1617	88	1.96	1.326
1618	90	1.24	2.061
1619	91	1.55	1.548
1620	91	1.11	1.555
1621	90	1.39	1.896
1622	92	1.92	2.345
1623	93	1.59	1.776
1624	95	1.39	2.304
1625	92	1.42	2.049
1626	89	1.59	2.124
1627	91	1.97	2.273
1628	93	1.32	1.816
1629	96	2.05	2.548
1630	95	1.13	1.722
1631	94	2.06	1.817
1632	96	1.56	2.399
1633	93	1.63	2.344
1634	95	1.38	2.494
1635	97	1.80	1.877
1636	99	1.92	2.344
1637	98	1.96	1.788
1638	95	1.94	2.241
1639	96	1.49	2.522
1640	94	1.60	2.232
1641	91	1.71	2.327
1642	89	1.58	1.363
1643	87	1.50	2.161
1644	85	1.34	1.194
1645	83	1.35	1.687
1646	82	0.99	1.027
1647	80	1.13	1.083
1648	80	1.65	1.385
1649	80	1.79	0.995
1650	79	0.92	1.209
1651	77	1.80	1.459
1652	75	1.68	1.253
1653	77	0.99	0.964
1654	76	1.28	0.848
1655	75	1.57	1.582
1656	73	1.60	1.528
1657	71	1.51	0.780
1658	71	0.78	1.024
1659	74	1.29	1.133
1660	73	1.60	0.817
1661	71	0.94	0.970
1662	74	1.68	1.672
1663	72	0.95	1.091
1664	70	0.73	0.991
1665	69	1.07	0.726
1666	70	1.55	1.646
1667	69	1.33	1.032
1668	71	0.82	1.671
1669	74	1.63	1.323
1670	75	1.46	1.194
1671	75	1.33	1.752
1672	75	1.13	1.213
1673	77	1.68	1.194
1674	77	1.13	1.594
1675	80	1.07	1.349
1676	83	1.86	1.941
1677	84	1.48	1.086
1678	85	1.81	1.975
1679	83	1.88	1.280
1680	86	1.16	1.784
1681	84	1.78	2.029
1682	87	1.36	1.338
1683	89	1.73	1.386
1684	86	1.33	1.817
1685	88	1.92	1.834
1686	85	1.62	1.714
1687	82	1.72	1.363
1688	79	1.26	1.819
1689	78	0.91	1.441
1690	77	1.23	1.290
1691	75	1.48	1.509
1692	78	1.22	1.696
1693	75	0.90	1.395
1694	74	1.41	1.468
1695	74	1.57	0.950
1696	73	1.51	1.167
1697	76	1.16	1.335
1698	77	1.35	1.384
1699	79	1.73	1.487
1700	78	1.40	0.925
1701	80	0.90	1.734
1702	80	1.14	1.015
1703	79	0.98	1.776
1704	76	1.27	1.697
1705	73	1.42	1.621
1706	72	1.71	1.684
1707	74	0.93	0.987
1708	75	0.78	1.421
1709	76	0.91	1.397
1710	77	1.65	1.742
1711	75	1.09	1.367
1712	78	1.81	1.786
1713	75	1.66	1.606
1714	74	0.91	1.170
1715	72	1.50	1.182
1716	71	1.03	0.875
1717	73	1.32	1.307
1718	73	0.86	1.179
1719	72	1.27	1.370
1720	71	1.17	1.116
1721	72	1.70	1.396
1722	74	0.88	1.521
1723	77	1.74	0.976
1724	79	1.73	1.726
1725	81	1.43	1.073
1726	81	0.92	1.229
1727	84	1.90	1.849
1728	81	1.77	1.016
1729	81	1.47	1.094
1730	81	0.97	1.048
1731	82	1.16	1.141
1732	80	1.05	1.649
1733	80	1.24	1.722
1734	82	1.03	1.867
1735	84	1.34	1.248
1736	86	1.49	1.981
1737	87	1.68	1.905
1738	90	1.45	1.651
1739	92	1.58	1.617
1740	89	1.09	2.013
1741	92	1.65	2.206
1742	94	1.45	2.367
1743	91	1.04	1.781
1744	90	1.73	1.510
1745	90	1.47	1.547
1746	88	1.86	1.497
1747	88	1.36	1.922
1748	85	1.89	1.137
1749	82	1.85	1.266
1750	85	1.48	1.594
1751	86	1.28	1.539
1752	83	0.97	1.890
1753	83	1.31	1.243
1754	80	1.18	1.437
1755	79	1.61	1.875
1756	78	1.38	1.604
1757	75	1.14	1.198
1758	78	1.21	0.888
1759	80	1.66	1.234
1760	78	1.71	1.759
1761	75	1.15	0.946
1762	72	1.25	1.491
1763	73	1.15	1.552
1764	70	1.18	1.562
1765	68	1.38	1.138
1766	67	0.95	1.553
1767	67	1.20	1.359
1768	65	0.88	1.500
1769	64	0.76	0.777
1770	63	1.57	0.754
1771	60	1.59	0.661
1772	58	1.46	1.361
1773	58	1.27	1.251
1774	56	0.97	1.244
1775	59	1.30	0.650
1776	61	1.48	0.518
1777	64	1.52	0.559
1778	61	1.20	0.986
1779	61	0.91	1.409
1780	61	0.87	1.009
1781	61	0.87	0.988
1782	61	0.84	1.028
1783	59	1.00	1.237
1784	60	1.47	0.631
1785	57	1.03	0.418
1786	56	0.64	1.055
1787	58	1.35	0.696
1788	55	1.48	1.076
1789	57	0.61	1.350
1790	56	0.67	1.152
1791	57	1.26	1.087
1792	59	0.75	0.701
1793	57	1.15	0.768
1794	57	0.79	0.657
1795	54	0.56	0.839
1796	56	0.78	0.483
1797	59	0.84	0.815
1798	59	1.08	1.105
1799	61	1.23	1.095
1800	60	0.80	0.727
1801	60	1.27	1.193
1802	59	1.18	0.966
1803	58	0.72	1.425
1804	59	1.20	0.604
1805	59	1.18	0.597
1806	61	0.73	0.899
1807	62	1.23	0.957
1808	65	0.79	1.516
1809	66	1.54	1.192
1810	65	0.90	0.806
1811	64	1.44	1.288
1812	66	1.52	0.858
1813	63	1.21	0.867
1814	61	1.10	1.176
1815	64	0.70	1.265
1816	64	1.58	1.160
1817	66	1.31	1.077
1818	67	1.51	1.437
1819	64	1.30	1.019
1820	67	1.44	1.581
1821	70	1.32	0.665
1822	68	0.94	0.729
1823	71	1.05	1.613
1824	72	1.33	1.350
1825	74	1.20	1.733
1826	74	1.55	1.299
1827	72	1.39	1.373
1828	70	1.71	1.016
1829	71	1.20	1.259
1830	68	0.84	1.330
1831	68	0.71	1.055
1832	67	0.86	1.242
1833	70	1.11	0.749
1834	70	1.42	0.959
1835	73	1.32	1.507
1836	70	1.29	0.727
1837	68	1.40	1.020
1838	66	0.92	1.513
1839	65	1.05	1.167
1840	67	1.67	1.377
1841	64	1.36	0.946
1842	62	0.85	1.106
1843	59	1.04	0.596
1844	61	1.05	1.447
1845	64	0.70	0.651
1846	63	0.93	1.277
1847	63	0.80	1.078
1848	62	1.00	0.542
1849	60	0.76	0.933
1850	58	0.95	0.660
1851	59	0.87	1.331
1852	60	0.91	1.396
1853	62	1.52	1.369
1854	61	0.70	1.461
1855	60	0.62	1.411
1856	60	1.27	0.907
1857	63	0.73	0.549
1858	65	1.19	1.336
1859	62	1.33	0.597
1860	63	1.22	0.630
1861	66	1.34	1.251
1862	68	1.13	0.854
1863	66	0.96	1.339
1864	64	0.88	0.793
1865	65	0.73	1.005
1866	65	1.29	1.541
1867	66	0.96	1.536
1868	69	1.19	1.287
1869	72	1.62	0.915
1870	71	1.54	0.787
1871	71	0.79	0.913
1872	74	1.26	0.938
1873	72	1.61	0.917
1874	75	1.45	1.635
1875	73	1.75	0.948
1876	76	1.53	1.357
1877	74	1.05	1.113
1878	76	1.09	1.017
1879	76	1.15	1.701
1880	76	1.57	1.455
1881	78	1.81	1.323
1882	76	1.33	1.380
1883	79	1.46	1.738
1884	80	1.66	1.128
1885	77	1.59	1.813
1886	79	1.40	1.154
1887	79	1.79	1.637
1888	82	1.64	1.242
1889	81	1.62	1.516
1890	82	1.29	1.635
1891	79	1.11	0.899
1892	77	1.27	1.123
1893	76	1.77	1.428
1894	76	1.33	1.037
1895	78	1.05	1.684
1896	79	1.16	1.281
1897	82	1.42	1.755
1898	79	1.07	0.897
1899	82	1.26	1.717
1900	81	1.24	1.642
1901	80	0.96	0.976
1902	79	1.46	1.728
1903	77	1.33	0.875
1904	77	1.10	1.276
1905	79	1.27	1.293
1906	76	1.23	0.831
1907	74	1.69	1.617
1908	75	1.58	0.971
1909	73	0.95	1.099
1910	71	1.18	1.590
1911	71	1.03	1.415
1912	71	0.99	1.425
1913	68	0.90	0.940
1914	69	1.38	1.208
1915	72	1.42	0.873
1916	73	1.41	0.974
1917	75	1.47	1.222
1918	78	1.39	1.563
1919	81	1.46	1.904
1920	84	1.85	1.824
1921	85	1.63	1.235
1922	82	1.37	1.079
1923	80	1.27	1.358
1924	77	1.17	0.855
1925	78	1.12	0.977
1926	78	1.44	1.157
1927	75	0.92	1.084
1928	76	1.59	1.493
1929	75	1.25	1.097
1930	77	1.32	1.352
1931	74	0.94	1.207
1932	77	1.04	1.229
1933	74	1.18	1.347
1934	77	1.45	0.929
1935	74	1.61	0.766
1936	74	1.50	1.304
1937	71	1.37	0.935
1938	72	0.85	1.382
1939	70	1.62	0.893
1940	67	1.57	0.766
1941	68	0.82	0.746
1942	65	0.85	0.697
1943	68	1.09	0.964
1944	67	1.48	1.533
1945	67	1.17	0.699
1946	64	0.95	0.738
1947	61	1.43	0.777
1948	58	0.69	0.659
1949	56	0.58	0.538
1950	53	1.15	0.913
1951	55	1.27	0.481
1952	58	1.41	1.269
1953	56	1.48	0.622
1954	58	0.69	0.571
1955	58	0.59	0.745
1956	57	0.88	0.413
1957	55	1.06	0.785
1958	52	0.77	0.327
1959	51	1.31	0.635
1960	51	0.79	0.544
1961	52	0.77	0.641
1962	54	1.15	0.621
1963	53	1.25	0.348
1964	50	0.64	1.088
1965	52	1.19	1.064
1966	51	0.88	0.619
1967	50	0.65	0.864
1968	51	0.94	0.814
1969	53	1.34	1.126
1970	51	1.11	0.923
1971	52	1.10	1.114
1972	52	1.49	0.554
1973	55	1.47	0.500
1974	57	1.46	1.113
1975	59	0.84	0.835
1976	59	1.01	0.787
1977	60	1.40	0.570
1978	61	0.77	0.673
1979	60	0.74	0.936
1980	57	1.50	1.084
1981	54	0.82	1.186
1982	51	1.24	1.297
1983	53	0.77	0.520
1984	51	0.87	0.726
1985	53	0.66	0.350
1986	56	1.27	0.811
1987	56	1.28	0.556
1988	55	1.07	1.209
1989	52	1.05	0.635
1990	50	1.22	1.043
1991	51	0.90	0.425
1992	54	1.51	1.296
1993	57	1.54	0.613
1994	57	1.57	1.329
1995	55	1.18	0.492
1996	58	1.45	0.728
1997	57	0.64	1.235
1998	57	0.85	1.231
1999	56	1.12	0.600
2000	59	0.62	0.463
2001	60	1.58	0.911
2002	58	1.17	1.396
2003	58	0.63	1.359
2004	60	1.30	0.885
2005	62	0.97	1.187
2006	65	1.17	1.049
2007	63	1.06	0.645
2008	63	0.91	1.280
2009	60	1.47	1.292
2010	57	1.14	0.521
2011	54	1.33	0.816
2012	54	1.49	0.380
2013	55	1.51	0.562
2014	53	1.33	0.666
2015	53	1.45	0.769
2016	53	1.31	1.035
2017	52	0.77	1.152
2018	55	0.57	0.832
2019	53	0.55	1.323
2020	51	1.38	1.179
2021	53	1.53	0.615
2022	53	1.11	1.191
2023	51	0.83	1.168
2024	54	1.38	0.595
2025	53	1.42	1.147
2026	50	1.05	0.464
2027	52	0.55	0.660
2028	53	1.35	0.893
2029	54	1.05	1.030
2030	52	0.80	1.178
2031	50	1.01	0.346
2032	52	0.54	0.588
2033	50	1.23	1.058
2034	52	0.79	1.000
2035	54	1.11	0.428
2036	52	0.74	0.834
2037	55	1.40	0.640
2038	58	1.35	0.621
2039	60	0.94	1.087
2040	61	1.17	1.053
2041	63	1.61	0.867
2042	66	1.63	1.485
2043	67	0.82	1.556
2044	66	0.75	1.357
2045	63	1.02	1.321
2046	62	1.59	0.803
2047	64	1.11	1.299
2048	62	1.54	0.784
2049	61	0.98	0.748
2050	63	1.55	1.393
2051	65	1.48	0.599
2052	67	1.48	1.485
2053	64	0.82	0.913
2054	63	0.79	0.574
2055	66	1.50	1.061
2056	69	1.59	0.735
2057	68	0.91	1.312
2058	70	0.90	1.477
2059	72	1.10	0.712
2060	74	1.36	0.826
2061	75	1.17	1.556
2062	73	1.52	1.385
2063	71	1.66	1.060
2064	71	1.63	0.882
2065	71	1.07	0.984
2066	73	0.76	0.809
2067	74	1.58	1.321
2068	71	0.93	1.473
2069	72	1.41	0.829
2070	75	0.86	1.561
2071	74	1.45	1.110
2072	71	0.92	1.463
2073	71	0.79	0.957
2074	72	1.00	1.639
2075	71	1.54	1.154
2076	71	1.17	1.308
2077	70	0.75	1.061
2078	69	1.02	0.922
2079	72	1.23	0.937
2080	75	1.31	1.620
2081	74	1.09	1.393
2082	77	1.58	1.538
2083	74	0.93	0.859
2084	73	0.82	1.621
2085	74	1.16	0.836
2086	75	1.22	1.024
2087	77	1.15	1.396
2088	79	1.57	1.476
2089	79	1.15	1.011
2090	79	1.01	0.895
2091	76	1.40	1.083
2092	78	1.72	1.524
2093	76	0.81	1.449
2094	74	1.40	1.706
2095	71	1.35	1.483
2096	73	0.78	1.598
2097	73	1.07	1.351
2098	74	1.61	0.810
2099	71	0.91	0.852
2100	74	1.30	0.871
2101	73	1.19	1.496
2102	72	1.71	1.535
2103	72	1.62	1.040
2104	69	1.39	0.646
2105	67	1.54	1.166
2106	67	1.57	1.040
2107	65	1.58	0.626
2108	67	1.33	1.348
2109	66	0.75	0.866
2110	69	1.29	1.113
2111	66	0.98	1.075
2112	67	0.74	1.353
2113	67	1.46	1.042
2114	68	0.97	1.234
2115	65	1.26	1.204
2116	63	1.37	1.312
2117	65	1.62	1.147
2118	64	1.59	1.116
2119	63	1.62	0.780
2120	66	1.25	1.448
2121	64	1.54	1.377
2122	62	1.47	1.221
2123	65	0.93	1.286
2124	64	1.24	0.637
2125	65	0.92	0.897
2126	68	1.62	1.345
2127	69	1.01	0.800
2128	69	1.48	0.953
2129	66	0.72	1.302
2130	66	0.79	0.925
2131	64	1.18	0.965
2132	63	1.34	0.498
2133	65	1.61	1.213
2134	64	1.30	0.825
2135	66	0.98	0.848
2136	63	0.90	0.851
2137	66	1.35	1.048
2138	64	1.15	1.451
2139	61	1.39	0.691
2140	61	0.64	1.190
2141	58	1.26	0.738
2142	57	1.11	0.881
2143	58	1.36	1.198
2144	61	1.29	0.963
2145	62	1.05	0.835
2146	64	1.53	1.189
2147	64	0.69	1.284
2148	65	0.97	1.297
2149	68	1.49	0.766
2150	67	1.58	0.600
2151	70	1.44	1.173
2152	67	1.07	1.411
2153	70	1.59	1.122
2154	68	1.24	0.579
2155	70	1.60	0.782
2156	73	0.90	1.133
2157	76	1.30	1.640
2158	74	1.41	1.577
2159	71	0.79	1.311
2160	68	0.96	0.670
2161	67	0.86	0.636
2162	66	0.80	0.559
2163	68	1.03	1.201
2164	68	0.78	1.024
2165	69	1.35	0.814
2166	71	0.88	1.496
2167	74	1.27	1.373
2168	72	1.61	1.433
2169	71	0.88	1.199
2170	69	1.50	1.062
2171	66	0.68	1.513
2172	64	1.30	1.362
2173	66	1.02	1.531
2174	64	0.89	0.884
2175	65	1.55	0.700
2176	64	1.51	0.922
2177	62	1.33	1.275
2178	60	1.32	1.311
2179	60	1.60	0.925
2180	60	0.98	1.272
2181	62	1.61	1.447
2182	64	0.74	1.199
2183	64	1.30	0.933
2184	61	1.46	0.603
2185	63	0.86	0.655
2186	61	1.48	0.939
2187	59	1.18	0.472
2188	62	1.42	1.115
2189	59	1.36	1.019
2190	61	1.35	0.593
2191	62	0.98	1.318
2192	59	1.41	1.232
2193	60	1.36	0.492
2194	62	0.68	1.296
2195	60	1.60	1.248
2196	57	0.62	1.007
2197	55	0.64	0.896
2198	56	1.54	0.536
2199	56	1.06	0.978
2200	53	0.68	0.319
2201	50	0.78	1.226
2202	50	0.77	0.545
2203	50	0.56	0.835
2204	50	0.57	1.179
2205	51	1.44	1.246
2206	52	1.37	1.270
2207	51	1.49	0.510
2208	50	1.10	1.166
2209	50	0.81	0.922
2210	52	0.77	1.015
2211	54	0.94	0.781
2212	51	0.66	1.178
2213	53	1.44	0.805
2214	56	1.18	0.738
2215	59	1.29	0.518
2216	58	1.04	1.178
2217	59	1.53	0.931
2218	59	0.66	1.325
2219	59	1.46	1.158
2220	57	0.97	0.905
2221	55	0.98	0.701
2222	57	0.74	0.673
2223	55	1.47	0.596
2224	58	0.75	0.477
2225	59	1.47	1.297
2226	62	1.21	0.842
2227	60	0.68	1.318
2228	63	0.96	1.382
2229	64	1.44	0.873
2230	65	1.53	0.598
2231	64	1.14	1.153
2232	64	0.83	1.396
2233	66	1.30	1.324
2234	65	1.57	1.323
2235	66	1.04	1.216
2236	65	1.48	1.442
2237	64	1.41	1.121
2238	61	1.27	0.685
2239	59	1.29	0.672
2240	62	1.39	1.420
2241	65	1.13	1.382
2242	62	1.06	0.763
2243	61	1.24	1.022
2244	59	1.25	0.619
2245	62	1.08	1.121
2246	62	0.93	0.853
2247	65	1.65	1.478
2248	63	0.98	0.924
2249	64	1.43	0.770
2250	64	1.15	0.620
2251	62	1.22	0.526
2252	59	0.77	1.189
2253	58	1.20	0.650
2254	60	0.96	1.090
2255	57	0.86	1.222
2256	58	1.46	1.338
2257	59	0.78	1.327
2258	62	1.59	0.933
2259	59	0.70	0.535
2260	60	1.24	0.846
2261	62	1.06	0.681
2262	63	1.27	1.182
2263	62	1.10	1.008
2264	65	0.74	0.890
2265	63	1.03	1.328
2266	65	1.61	0.640
2267	68	1.20	1.092
2268	66	1.60	1.517
2269	68	0.83	1.082
2270	65	1.00	0.667
2271	64	1.63	0.825
2272	62	1.21	1.030
2273	61	1.13	0.863
2274	60	1.52	1.275
2275	58	1.26	0.978
2276	56	1.40	1.225
2277	53	0.56	0.936
2278	53	0.78	1.140
2279	52	1.08	0.791
2280	54	1.18	0.419
2281	54	1.05	0.488
2282	57	0.92	0.559
2283	58	1.22	1.164
2284	61	0.98	0.672
2285	58	1.46	1.197
2286	57	0.87	1.294
2287	60	0.89	0.849
2288	63	1.54	0.531
2289	61	0.91	1.012
2290	61	0.87	1.424
2291	62	0.96	1.112
2292	63	0.83	1.100
2293	63	1.11	1.032
2294	64	1.51	0.792
2295	65	1.34	0.686
2296	67	1.36	0.789
2297	68	1.40	1.261
2298	65	1.29	0.506
2299	63	1.06	1.045
2300	65	1.15	0.642
2301	65	0.76	1.017
2302	64	1.22	1.449
2303	67	0.86	1.081
2304	70	1.19	0.694
2305	69	1.56	1.319
2306	72	1.18	0.952
2307	69	1.23	1.303
2308	70	1.44	0.633
2309	73	1.13	0.983
2310	75	1.17	1.453
2311	76	1.29	1.738
2312	77	1.78	0.821
2313	78	1.78	0.983
2314	76	1.26	1.260
2315	77	1.78	0.858
2316	74	1.29	0.896
2317	71	0.74	1.267
2318	68	1.28	1.345
2319	70	1.14	1.368
2320	67	1.39	0.757
2321	67	1.21	1.132
2322	69	1.36	1.451
2323	71	0.85	1.050
2324	71	1.41	1.112
2325	68	1.08	1.174
2326	65	0.97	1.383
2327	67	1.04	1.119
2328	69	1.08	1.239
2329	67	1.61	0.543
2330	68	0.86	1.145
2331	65	1.20	0.542
2332	62	1.43	0.961
2333	61	0.74	0.694
2334	59	1.45	0.697
2335	57	1.24	1.136
2336	58	0.78	0.872
2337	57	1.32	0.440
2338	55	0.91	0.521
2339	57	0.89	0.714
2340	56	1.42	0.440
2341	55	1.39	1.181
2342	52	1.16	0.682
2343	50	0.92	1.180
2344	50	1.21	0.333
2345	51	1.14	0.420
2346	51	0.74	1.195
2347	53	1.54	0.957
2348	52	0.87	0.333
2349	50	0.92	0.613
2350	50	0.74	0.679
2351	50	1.37	1.121
2352	50	1.50	1.120
2353	50	0.90	0.348
2354	51	1.50	0.443
2355	51	1.20	0.453
2356	51	1.09	0.992
2357	50	1.11	1.132
2358	53	0.92	0.445
2359	54	0.68	0.937
2360	57	1.10	1.346
2361	54	1.23	0.335
2362	57	1.33	1.304
2363	60	1.54	0.751
2364	63	0.87	0.753
2365	64	1.52	0.999
2366	63	1.19	0.828
2367	65	0.79	0.806
2368	62	1.48	1.040
2369	62	1.28	1.214
2370	63	0.75	1.036
2371	61	1.28	1.020
2372	59	1.44	1.033
2373	60	0.97	0.980
2374	60	1.00	1.344
2375	61	1.30	1.405
2376	60	0.81	1.255
2377	63	0.93	0.524
2378	66	1.64	1.332
2379	68	1.53	1.036
2380	67	0.95	1.415
2381	66	0.95	1.314
2382	68	1.09	0.700
2383	69	1.59	1.570
2384	67	1.03	0.919
2385	65	1.22	1.322
2386	64	1.49	0.488
2387	67	1.13	0.709
2388	65	1.28	0.533
2389	67	1.05	1.136
2390	67	1.63	1.171
2391	66	0.73	1.240
2392	68	1.53	1.200
2393	71	1.39	1.613
2394	68	0.90	0.892
2395	71	1.51	1.215
2396	73	1.06	1.218
2397	76	1.41	1.674
2398	74	1.28	1.093
2399	73	0.77	1.224
2400	72	1.46	0.877
2401	75	1.39	0.770
2402	74	1.67	1.677
2403	75	1.77	0.924
2404	72	1.30	1.361
2405	70	1.72	1.523
2406	71	1.43	1.131
2407	71	0.78	1.174
2408	72	0.88	0.929
2409	73	1.48	0.832
2410	76	1.05	1.569
2411	76	1.74	1.676
2412	73	1.62	0.911
2413	76	0.98	1.234
2414	77	1.32	1.468
2415	78	1.47	0.832
2416	77	1.80	1.255
2417	74	1.46	1.552
2418	73	1.53	1.042
2419	73	0.82	1.114
2420	75	1.65	1.180
2421	75	1.39	1.280
2422	77	1.42	1.649
2423	74	1.04	1.338
2424	73	0.93	0.992
2425	74	1.30	1.501
2426	72	1.40	1.005
2427	74	0.89	1.184
2428	76	1.02	0.780
2429	74	1.54	1.582
2430	75	1.57	0.903
2431	74	1.29	1.126
2432	72	1.74	1.427
2433	74	1.31	0.767
2434	77	1.30	1.697
2435	80	1.42	1.833
2436	77	1.57	0.948
2437	74	0.87	1.114
2438	77	1.81	1.396
2439	78	1.75	0.970
2440	79	1.78	1.442
2441	80	1.13	0.999
2442	77	1.07	0.980
2443	77	0.91	1.636
2444	75	0.81	1.259
2445	74	1.75	1.335
2446	73	0.92	1.558
2447	73	0.76	1.541
2448	72	1.39	1.536
2449	75	0.93	1.253
2450	76	1.41	1.265
2451	75	1.04	1.532
2452	77	1.60	1.443
2453	80	1.83	1.221
2454	79	1.17	0.981
2455	78	1.53	1.534
2456	78	1.21	1.754
2457	80	1.14	1.475
2458	83	0.98	1.426
2459	85	1.67	1.567
2460	88	1.92	1.917
2461	85	1.50	2.008
2462	83	1.75	1.047
2463	85	1.28	1.191
2464	85	1.39	1.052
2465	86	1.71	1.678
2466	86	1.61	1.785
2467	84	1.83	1.417
2468	85	1.14	1.678
2469	83	1.37	1.789
2470	82	1.47	1.219
2471	82	0.91	1.735
2472	82	1.50	1.571
2473	85	1.22	1.662
2474	85	1.72	1.234
2475	82	1.12	1.649
2476	79	1.00	1.818
2477	82	1.16	1.864
2478	83	1.44	1.825
2479	82	1.65	1.006
2480	85	1.63	1.231
2481	84	1.63	1.115
2482	87	1.01	1.295
2483	90	1.07	1.259
2484	93	1.85	2.010
2485	96	1.17	2.339
2486	96	1.74	2.265
2487	97	1.23	2.051
2488	97	1.42	1.835
2489	100	1.57	2.050
2490	98	1.39	1.869
2491	100	1.90	1.867
2492	102	2.11	2.707
2493	101	1.79	2.359
2494	102	1.97	2.059
2495	99	1.20	2.304
2496	97	1.18	1.649
2497	98	1.23	1.704
2498	99	1.82	2.245
2499	102	1.54	2.190
2500	104	1.39	1.936
2501	103	2.23	2.652
2502	105	2.18	2.321
2503	107	2.10	2.215
2504	105	1.49	2.670
2505	103	1.53	1.973
2506	103	2.13	2.769
2507	104	1.75	2.850
2508	102	1.72	2.783
2509	100	1.88	2.612
2510	101	1.37	2.280
2511	104	1.48	2.332
2512	102	1.76	1.961
2513	103	2.13	2.511
2514	104	2.18	2.754
2515	104	1.35	2.810
2516	103	1.47	2.508
2517	100	1.34	2.676
2518	103	1.73	1.911
2519	105	1.33	2.853
2520	106	1.97	2.862
2521	106	1.70	3.009
2522	105	2.09	2.778
2523	104	2.18	2.507
2524	101	1.35	2.730
2525	103	1.61	2.629
2526	100	1.69	2.383
2527	99	1.46	2.454
2528	98	1.70	1.969
2529	96	1.69	2.200
2530	98	2.14	2.179
2531	98	1.61	2.399
2532	98	1.40	1.809
2533	97	1.84	1.640
2534	95	1.97	1.647
2535	97	1.42	1.672
2536	100	1.90	2.045
2537	100	1.93	2.120
2538	101	2.11	2.018
2539	103	2.14	2.404
2540	100	1.90	2.400
2541	101	1.86	2.474
2542	100	1.87	2.150
2543	103	1.56	2.367
2544	104	1.73	2.138
2545	104	1.54	2.206
2546	107	1.40	2.918
2547	110	1.64	2.648
2548	108	2.34	2.764
2549	106	2.14	2.656
2550	105	1.73	2.933
2551	102	2.17	2.608
2552	103	1.39	2.423
2553	100	1.82	2.649
2554	98	1.31	1.772
2555	95	1.76	1.479
2556	95	1.41	2.038
2557	98	1.42	1.841
2558	95	2.04	2.175
2559	98	1.81	1.633
2560	100	1.79	2.630
2561	97	1.96	2.052
2562	95	1.82	1.562
2563	97	1.26	1.782
2564	95	1.28	2.007
2565	96	2.06	1.966
2566	97	1.57	2.387
2567	94	1.20	1.450
2568	94	1.81	2.165
2569	94	1.65	1.789
2570	97	1.40	1.649
2571	99	1.63	2.494
2572	96	1.12	2.361
2573	93	1.82	1.532
2574	90	1.88	2.148
2575	91	1.59	2.037
2576	94	1.59	2.046
2577	96	1.24	1.489
2578	93	2.01	1.414
2579	94	1.16	1.548
2580	97	1.77	1.623
2581	94	1.80	2.105
2582	93	1.22	1.595
2583	90	1.41	1.808
2584	89	1.41	1.955
2585	91	1.46	1.856
2586	94	1.51	2.019
2587	96	1.89	2.333
2588	98	1.55	2.509
2589	95	1.48	2.197
2590	92	1.48	1.676
2591	90	1.37	1.448
2592	89	1.96	1.603
2593	92	1.94	1.531
2594	92	1.33	1.661
2595	89	1.02	1.749
2596	90	1.82	1.240
2597	91	1.03	1.838
2598	93	1.71	2.168
2599	96	1.52	2.159
2600	97	1.41	1.616
2601	96	1.68	2.407
2602	98	1.23	2.161
2603	97	2.02	2.040
2604	100	2.02	2.451
2605	98	1.60	1.813
2606	101	1.47	2.406
2607	103	1.43	2.036
2608	106	1.43	2.803
2609	105	2.05	2.107
2610	107	1.51	2.214
2611	106	1.50	2.165
2612	108	1.42	2.857
2613	108	1.69	3.075
2614	111	2.34	3.238
2615	110	2.09	2.377
2616	113	1.91	3.047
2617	114	1.55	3.295
2618	114	2.32	3.505
2619	114	1.94	3.628
2620	116	2.20	3.538
2621	115	2.05	3.702
2622	115	2.29	3.075
2623	115	2.15	3.018
2624	115	1.54	3.494
2625	114	1.87	3.618
2626	111	2.35	2.828
2627	109	1.95	2.772
2628	108	2.23	2.594
2629	108	1.89	2.526
2630	110	1.87	2.460
2631	112	1.64	2.934
2632	113	1.83	2.954
2633	116	2.43	3.368
2634	117	1.66	3.265
2635	114	1.90	2.708
2636	117	2.02	3.332
2637	116	1.72	3.525
2638	113	2.22	2.915
2639	110	2.07	2.812
2640	113	1.52	2.704
2641	116	2.41	3.230
2642	113	2.32	3.314
2643	114	1.87	3.392
2644	116	2.21	3.516
2645	118	1.63	3.381
2646	115	2.29	3.263
2647	113	2.15	3.086
2648	115	2.07	2.958
2649	115	2.34	3.675
2650	118	2.59	4.000
2651	119	1.97	3.234
2652	120	1.73	4.181
2653	120	2.63	3.921
2654	120	1.72	4.180
2655	118	2.45	3.241
2656	116	2.41	3.359
2657	119	2.37	3.402
2658	118	2.44	3.911
2659	116	2.28	3.225
2660	115	2.39	3.647
2661	118	2.20	3.719
2662	117	2.16	3.401
2663	114	1.86	3.396
2664	116	2.01	3.053
2665	117	1.66	3.825
2666	119	2.32	3.889
2667	116	2.40	3.163
2668	116	1.92	3.786
2669	118	2.09	3.433
2670	118	2.57	3.864
2671	119	2.06	3.935
2672	120	2.22	3.453
2673	120	1.95	3.996
2674	123	2.41	3.980
2675	122	2.55	4.275
2676	125	2.65	3.871
2677	124	2.06	3.869
2678	125	1.98	4.166
2679	125	2.77	4.061
2680	126	2.14	4.621
2681	124	2.72	4.546
2682	124	2.37	4.098
2683	125	2.53	4.014
2684	124	2.64	4.631
2685	127	2.10	4.788
2686	126	2.11	4.094
2687	125	2.39	3.764
2688	122	2.36	4.201
2689	123	1.84	4.320
2690	126	2.79	4.226
2691	129	2.86	5.169
2692	132	2.38	5.518
2693	133	2.79	5.024
2694	132	2.97	5.290
2695	132	2.03	5.342
2696	134	2.17	5.714
2697	135	2.33	5.572
2698	132	2.46	5.364
2699	130	2.11	4.559
2700	132	2.27	5.537
2701	130	2.72	4.527
2702	128	2.75	4.928
2703	126	1.86	4.263
2704	128	2.40	4.448
2705	125	2.59	4.544
2706	127	2.84	4.188
2707	127	2.75	4.563
2708	128	2.07	4.827
2709	126	2.64	4.322
2710	127	1.93	4.260
2711	130	2.84	5.168
2712	133	2.75	5.523
2713	133	2.80	4.996
2714	133	2.42	5.231
2715	132	2.18	5.257
2716	129	2.27	4.591
2717	130	2.00	4.819
2718	128	2.46	4.301
2719	128	2.60	4.422
2720	129	2.61	4.682
2721	129	1.94	5.039
2722	130	2.48	5.206
2723	133	2.23	5.453
2724	133	2.74	4.927
2725	134	2.67	5.656
2726	137	2.99	6.380
2727	135	2.56	5.918
2728	138	2.44	5.890
2729	136	2.72	6.215
2730	137	2.79	6.385
2731	138	3.08	5.829
2732	135	2.78	6.027
2733	135	2.65	5.773
2734	137	2.97	6.438
2735	134	2.91	5.065
2736	133	2.24	5.275
2737	135	2.69	5.464
2738	135	3.04	5.758
2739	138	2.24	6.536
2740	139	2.87	6.077
2741	139	2.66	6.657
2742	138	3.10	6.379
2743	140	2.58	6.383
2744	137	2.38	6.252
2745	135	2.27	5.584
2746	136	2.76	6.206
2747	137	2.36	6.474
2748	136	2.99	6.033
2749	139	3.14	5.985
2750	140	3.06	6.626
2751	140	3.22	6.857
2752	139	2.39	6.658
2753	142	2.40	6.555
2754	142	2.88	7.228
2755	140	2.51	6.587
2756	142	3.35	6.585
2757	142	3.33	6.547
2758	140	2.68	6.903
2759	140	2.43	6.935
2760	140	2.70	6.536
2761	143	2.52	6.735
2762	143	2.85	7.501
2763	142	2.47	7.236
2764	140	3.11	6.984
2765	139	2.31	6.746
2766	141	3.12	6.670
2767	138	2.53	6.371
2768	138	2.59	6.207
2769	139	2.92	6.682
2770	137	3.16	6.350
2771	135	2.70	5.702
2772	135	2.73	5.346
2773	137	2.23	5.990
2774	135	2.50	5.292
2775	138	2.79	6.430
2776	139	2.92	6.248
2777	141	2.93	6.741
2778	144	3.13	7.094
2779	146	3.30	8.078
2780	148	3.30	8.017
2781	145	2.79	7.549
2782	146	2.91	7.690
2783	145	3.37	7.598
2784	148	3.40	7.866
2785	149	2.94	9.023
2786	152	2.98	9.548
2787	154	3.72	10.317
2788	153	3.86	9.343
2789	153	3.64	9.611
2790	155	3.10	10.642
2791	156	3.75	10.892
2792	155	3.33	10.144
2793	157	3.64	11.391
2794	157	3.43	11.006
2795	156	3.45	10.215
2796	155	3.70	10.774
2797	152	2.98	9.372
2798	153	3.20	9.286
2799	156	3.65	10.491
2800	159	3.29	11.574
2801	159	3.93	11.293
2802	162	4.23	13.021
2803	164	4.02	13.704
2804	167	4.32	14.608
2805	165	3.96	13.961
2806	162	3.94	12.550
2807	164	4.13	13.858
2808	161	3.40	12.837
2809	160	3.86	12.498
2810	161	3.83	12.517
2811	159	3.80	11.956
2812	162	4.09	12.400
2813	160	3.41	11.865
2814	162	3.85	12.447
2815	162	3.42	13.147
2816	159	3.67	11.409
2817	160	3.65	12.409
2818	159	3.84	11.511
2819	158	4.10	11.492
2820	156	3.55	10.674
2821	155	3.63	10.259
2822	157	3.19	11.091
2823	156	3.54	10.973
2824	153	3.40	10.004
2825	155	3.87	10.003
2826	156	3.33	10.362
2827	153	3.34	9.671
2828	152	3.47	9.290
2829	153	3.28	9.304
2830	155	3.08	9.831
2831	153	3.83	9.293
2832	154	3.24	9.775
2833	154	3.07	9.712
2834	152	3.71	9.553
2835	153	3.38	9.672
2836	156	3.19	10.340
2837	159	3.52	11.561
2838	158	3.94	11.337
2839	158	3.32	11.328
2840	160	4.21	11.637
2841	161	3.59	11.951
2842	163	3.76	12.942
2843	163	3.72	12.699
2844	160	3.56	12.392
2845	161	3.62	12.650
2846	161	3.70	12.535
2847	159	3.62	11.544
2848	156	3.76	10.331
2849	157	3.52	10.938
2850	160	3.56	12.423
2851	162	3.87	13.204
2852	165	3.71	14.462
2853	166	3.95	14.357
2854	169	4.72	15.899
2855	171	4.14	16.987
2856	170	4.23	16.226
2857	169	4.18	16.013
2858	168	3.85	15.265
2859	165	3.70	13.594
2860	165	3.94	13.965
2861	163	3.94	12.886
2862	166	4.35	14.443
2863	169	4.23	16.040
2864	168	4.09	15.348
2865	170	4.35	16.487
2866	168	4.67	15.798
2867	167	4.18	14.502
2868	168	4.51	15.516
2869	165	3.61	14.279
2870	165	4.20	14.365
2871	168	3.99	15.680
2872	165	4.20	14.282
2873	167	4.08	14.482
2874	170	4.58	16.502
2875	168	4.14	15.759
2876	170	3.82	16.023
2877	169	4.21	15.394
2878	170	4.13	16.039
2879	169	4.24	16.332
2880	167	4.45	14.969
2881	170	4.28	16.151
2882	170	4.77	16.502
2883	171	4.64	16.412
2884	169	3.84	15.577
2885	166	3.68	14.171
2886	169	4.35	15.841
2887	170	4.08	16.058
2888	167	3.87	14.501
2889	168	3.89	14.951
2890	168	4.17	15.726
2891	170	4.02	16.384
2892	167	4.04	14.670
2893	164	4.18	13.548
2894	167	4.46	15.083
2895	168	4.42	15.009
2896	170	4.43	16.725
2897	173	4.88	17.718
2898	173	4.27	18.169
2899	172	4.72	17.046
2900	171	4.84	16.916
2901	171	4.13	16.545
2902	170	4.67	16.276
2903	170	4.47	16.597
2904	171	4.07	17.205
2905	174	5.03	18.109
2906	175	4.71	18.935
2907	176	4.79	19.718
2908	175	4.64	19.389
2909	172	4.02	17.619
2910	171	4.42	16.404
2911	171	4.05	17.034
2912	169	4.05	15.874
2913	166	4.27	14.041
2914	166	4.55	14.149
2915	166	3.63	14.512
2916	169	4.57	16.260
2917	172	4.33	17.457
2918	171	3.93	16.968
2919	173	4.49	17.515
2920	172	4.56	17.180
2921	172	4.91	17.412
2922	175	4.61	19.282
2923	176	4.80	19.664
2924	178	5.21	20.713
2925	180	4.53	22.872
2926	179	5.12	21.626
2927	176	4.26	19.342
2928	178	5.22	20.663
2929	177	4.58	20.826
2930	180	5.49	22.468
2931	183	5.54	24.492
2932	180	5.35	22.449
2933	181	4.90	22.872
2934	184	5.11	24.942
2935	183	5.65	24.162
2936	182	4.74	23.665
2937	183	5.62	24.333
2938	181	5.56	22.824
2939	184	5.58	25.027
2940	181	5.40	22.958
2941	178	4.94	21.214
2942	180	4.82	21.892
2943	182	4.80	23.549
2944	180	4.74	22.300
2945	178	4.52	20.587
2946	178	4.71	20.986
2947	179	4.51	21.536
2948	182	4.69	23.921
2949	181	5.24	22.875
2950	183	5.37	24.200
2951	183	5.16	24.191
2952	183	5.44	24.394
2953	186	5.85	27.544
2954	185	5.10	25.942
2955	187	5.30	28.343
2956	187	5.11	27.664
2957	185	5.77	25.998
2958	187	5.45	27.656
2959	188	5.24	28.491
2960	187	5.34	27.453
2961	184	4.97	25.613
2962	182	5.52	23.629
2963	185	5.71	26.277
2964	183	5.68	24.981
2965	182	4.93	23.531
2966	184	5.25	25.157
2967	183	4.77	24.452
2968	184	5.73	25.183
2969	185	5.49	26.216
2970	183	5.60	25.103
2971	180	4.80	22.686
2972	180	5.38	22.454
2973	178	4.98	21.305
2974	181	5.24	23.582
2975	180	5.10	22.531
2976	180	4.49	22.365
2977	183	5.29	25.058
2978	186	5.91	27.282
2979	184	5.04	25.514
2980	183	5.01	24.963
2981	181	4.86	23.039
2982	183	5.29	24.233
2983	182	4.95	24.109
2984	184	5.28	25.874
2985	181	5.24	22.883
2986	181	4.59	23.522
2987	183	5.18	24.438
2988	186	5.42	27.515
2989	183	5.13	24.135
2990	183	5.67	24.384
2991	186	5.79	27.176
2992	184	5.09	25.548
2993	186	5.41	26.779
2994	187	5.70	27.606
2995	185	5.09	26.427
2996	186	5.27	26.585
2997	184	4.81	25.215
2998	182	5.54	23.378
2999	180	4.94	22.196
3000	179	5.11	21.454
3001	177	4.56	20.669
3002	175	4.48	19.557
3003	178	4.43	21.441
3004	181	4.62	23.512
3005	182	5.43	24.233
3006	179	4.58	21.514
3007	177	5.18	20.620
3008	176	4.35	19.309
3009	174	4.62	18.061
3010	171	3.87	16.407
3011	172	4.19	17.299
3012	171	4.58	17.152
3013	174	4.36	19.015
3014	173	4.51	17.688
3015	174	4.93	18.259
3016	176	4.94	19.942
3017	175	4.35	18.821
3018	173	4.44	17.872
3019	173	4.85	17.771
3020	174	4.71	18.289
3021	175	4.85	19.356
3022	178	5.04	20.525
3023	177	4.39	20.073
3024	177	4.89	19.954
3025	175	5.06	18.977
3026	172	3.95	17.772
3027	172	4.48	17.030
3028	174	4.18	18.092
3029	173	4.87	18.362
3030	173	4.91	17.958
3031	176	4.35	19.651
3032	176	4.72	20.160
3033	175	4.93	19.614
3034	175	4.94	18.699
3035	175	4.98	19.019
3036	178	4.64	21.405
3037	176	5.20	19.241
3038	178	4.66	21.155
3039	176	4.38	19.638
3040	177	4.91	20.547
3041	177	4.70	20.185
3042	178	5.31	20.638
3043	181	4.82	23.323
3044	183	4.79	24.598
3045	181	5.07	22.721
3046	181	4.87	22.959
3047	180	4.94	22.567
3048	177	5.01	20.660
3049	177	4.33	19.927
3050	175	4.79	18.621
3051	175	4.80	18.759
3052	176	4.97	20.008
3053	176	4.31	19.586
3054	177	5.05	20.711
3055	179	4.73	21.591
3056	178	4.58	20.877
3057	175	4.89	19.239
3058	173	4.38	18.271
3059	174	5.04	18.429
3060	171	4.75	16.802
3061	174	4.16	18.388
3062	174	4.81	18.461
3063	174	4.73	19.020
3064	175	4.64	18.757
3065	177	4.94	20.309
3066	179	5.29	22.110
3067	179	4.75	21.896
3068	181	5.19	23.391
3069	182	5.14	23.858
3070	179	4.66	22.058
3071	176	5.01	20.163
3072	173	4.18	18.030
3073	172	4.21	17.146
3074	171	4.06	16.772
3075	173	4.64	17.980
3076	174	4.94	18.921
3077	172	4.15	17.049
3078	170	4.03	16.590
3079	169	4.57	15.612
3080	171	3.96	17.234
3081	169	4.27	15.952
3082	166	4.36	14.058
3083	166	3.81	14.051
3084	169	4.22	15.689
3085	170	4.00	15.958
3086	169	4.15	15.660
3087	169	4.37	16.158
3088	170	4.29	15.902
3089	172	4.26	17.765
3090	175	4.49	19.468
3091	176	4.89	19.441
3092	174	4.29	18.430
3093	171	4.74	16.858
3094	172	4.11	17.716
3095	175	4.53	19.346
3096	178	5.16	20.550
3097	176	4.33	19.801
3098	179	4.76	21.843
3099	182	5.11	23.967
3100	181	4.90	22.874
3101	184	5.63	25.319
3102	184	5.30	25.064
3103	185	5.40	26.641
3104	187	5.83	27.942
3105	185	5.88	26.646
3106	186	5.72	27.514
3107	186	5.32	27.438
3108	184	4.83	25.756
3109	184	5.43	25.771
3110	184	5.40	25.265
3111	185	4.98	26.054
3112	187	5.99	27.772
3113	188	5.66	29.019
3114	190	5.78	30.687
3115	187	5.97	27.574
3116	186	5.72	26.609
3117	187	5.07	28.003
3118	186	5.47	26.845
3119	188	5.73	28.378
3120	190	5.90	31.110
3121	187	5.19	28.112
3122	187	5.11	27.635
3123	190	5.89	30.718
3124	191	5.93	31.549
3125	193	6.30	33.420
3126	192	6.32	33.036
3127	192	6.45	32.405
3128	195	6.04	35.661
3129	192	5.81	32.955
3130	190	6.14	30.873
3131	190	5.56	30.444
3132	190	5.60	30.259
3133	192	5.62	32.250
3134	195	6.01	36.428
3135	196	5.89	36.850
3136	194	5.73	35.184
3137	191	6.03	31.225
3138	191	5.45	31.622
3139	188	6.13	28.897
3140	189	5.46	29.602
3141	191	6.00	31.588
3142	189	5.49	29.524
3143	188	6.03	28.395
3144	186	5.80	26.762
3145	184	5.68	24.943
3146	184	5.24	25.073
3147	182	4.98	23.989
3148	180	5.24	22.744
3149	178	5.08	20.765
3150	176	4.28	20.101
3151	175	4.73	19.019
3152	176	4.31	19.673
3153	175	4.28	19.272
3154	175	4.49	19.227
3155	177	5.04	20.005
3156	177	4.81	20.163
3157	176	5.09	19.330
3158	177	5.07	19.951
3159	176	4.80	19.935
3160	174	4.46	18.797
3161	171	4.72	16.583
3162	169	3.77	15.542
3163	168	4.27	15.338
3164	166	4.34	14.851
3165	169	3.78	15.840
3166	167	4.27	15.094
3167	165	4.03	13.496
3168	167	4.43	14.424
3169	168	4.16	15.106
3170	168	4.08	14.907
3171	165	4.12	13.678
3172	167	4.38	14.389
3173	167	4.18	14.794
3174	167	4.13	15.169
3175	168	4.43	14.968
3176	166	3.90	14.027
3177	166	3.87	14.639
3178	163	3.55	13.385
3179	163	4.10	13.425
3180	162	3.80	12.370
3181	161	3.65	12.177
3182	160	3.37	11.492
3183	157	3.35	10.627
3184	154	3.29	9.920
3185	157	3.09	10.484
3186	158	3.51	11.135
3187	161	3.31	12.597
3188	161	3.94	11.916
3189	159	4.04	11.256
3190	156	3.23	10.778
3191	154	3.76	9.494
3192	157	3.38	11.345
3193	156	3.55	10.603
3194	153	3.53	9.963
3195	155	3.15	10.205
3196	156	3.66	10.839
3197	155	3.63	10.718
3198	154	3.67	10.200
3199	151	3.02	9.058
3200	153	3.51	9.183
3201	155	3.22	10.453
3202	158	3.66	11.660
3203	158	3.69	11.096
3204	156	3.16	10.626
3205	158	3.28	10.773
3206	157	3.36	11.102
3207	158	3.24	11.608
3208	156	3.02	10.158
3209	157	3.12	10.738
3210	159	3.59	11.566
3211	162	3.95	12.756
3212	162	4.29	13.067
3213	161	3.30	12.233
3214	159	3.56	11.131
3215	157	3.93	10.991
3216	159	3.83	11.324
3217	157	3.89	10.457
3218	159	4.13	11.262
3219	158	3.31	11.104
3220	156	3.24	10.300
3221	153	3.42	9.816
3222	151	3.58	9.001
3223	151	2.89	8.901
3224	151	2.92	9.222
3225	148	2.82	8.142
3226	146	3.08	8.196
3227	145	2.54	7.936
3228	144	2.76	7.263
3229	145	2.82	7.694
3230	146	3.53	7.886
3231	146	2.59	7.747
3232	147	2.72	8.022
3233	149	3.57	8.451
3234	148	3.21	8.012
3235	151	2.99	8.688
3236	154	3.03	10.400
3237	153	3.26	10.125
3238	156	3.77	10.109
3239	158	3.94	11.423
3240	158	4.01	11.549
3241	156	3.41	11.058
3242	158	3.66	11.127
3243	157	3.07	10.783
3244	156	3.37	10.443
3245	155	3.12	9.987
3246	157	3.14	10.905
3247	160	3.78	11.483
3248	161	3.79	12.033
3249	159	4.10	11.824
3250	158	3.89	10.843
3251	158	3.17	11.015
3252	156	3.17	10.425
3253	154	3.01	10.361
3254	154	3.90	9.904
3255	156	3.76	10.978
3256	157	3.83	11.152
3257	156	3.96	10.521
3258	156	3.73	10.212
3259	155	3.91	9.984
3260	158	3.93	11.408
3261	161	4.05	12.073
3262	160	4.13	12.287
3263	162	3.51	13.156
3264	163	3.83	12.887
3265	163	3.40	13.346
3266	161	4.24	11.846
3267	164	4.04	13.772
3268	164	4.16	13.944
3269	162	3.69	12.932
3270	161	3.57	12.174
3271	162	4.04	12.603
3272	164	4.22	13.685
3273	165	4.31	13.542
3274	163	4.32	13.549
3275	162	3.83	12.898
3276	159	3.39	11.399
3277	156	3.13	10.656
3278	155	3.06	10.140
3279	158	3.61	11.499
3280	159	3.46	11.590
3281	162	3.47	12.262
3282	165	3.80	14.054
3283	164	3.51	13.487
3284	162	3.50	12.888
3285	159	3.96	12.073
3286	156	3.51	10.298
3287	156	3.73	10.709
3288	159	3.92	12.023
3289	162	3.41	12.969
3290	164	4.05	13.152
3291	163	3.88	13.027
3292	162	3.47	12.853
3293	163	4.17	12.988
3294	166	4.49	13.955
3295	168	4.30	15.633
3296	167	3.71	15.218
3297	169	4.27	15.636
3298	171	4.14	16.770
3299	169	4.21	15.521
3300	169	3.90	16.037
3301	167	4.58	14.758
3302	165	3.79	13.710
3303	164	3.96	13.926
3304	167	4.01	14.428
3305	169	4.11	15.573
3306	166	4.07	14.582
3307	168	4.48	15.724
3308	168	3.86	14.917
3309	165	4.47	13.882
3310	163	3.42	13.263
3311	166	4.20	14.460
3312	163	4.20	13.098
3313	164	3.87	13.041
3314	166	4.49	14.301
3315	163	4.37	13.207
3316	163	3.46	13.543
3317	164	3.45	13.827
3318	161	3.54	11.864
3319	163	4.05	13.584
3320	165	4.31	14.077
3321	163	4.33	13.515
3322	165	3.59	13.471
3323	168	4.64	15.439
3324	169	4.42	15.455
3325	167	3.85	15.255
3326	167	3.66	15.037
3327	169	4.08	15.828
3328	168	4.59	15.681
3329	170	4.35	16.156
3330	167	3.98	14.539
3331	166	4.23	14.871
3332	169	4.31	16.203
3333	167	4.24	14.894
3334	167	3.88	14.853
3335	165	3.82	13.930
3336	163	3.44	12.988
3337	160	3.76	11.697
3338	158	3.65	11.304
3339	160	3.63	11.967
3340	163	3.58	12.822
3341	160	4.02	11.884
3342	159	3.29	11.233
3343	156	3.83	10.312
3344	157	4.05	11.065
3345	156	3.12	10.079
3346	159	4.02	11.260
3347	161	3.81	12.013
3348	160	3.41	11.463
3349	161	3.49	12.317
3350	160	3.96	11.887
3351	159	3.30	12.069
3352	162	3.93	13.046
3353	165	4.12	14.031
3354	167	4.35	14.553
3355	169	4.53	16.137
3356	168	3.99	15.536
3357	167	4.35	15.293
3358	170	4.37	16.477
3359	172	4.92	17.016
3360	173	4.77	18.376
3361	176	4.23	19.386
3362	179	5.15	21.583
3363	182	5.24	24.263
3364	183	5.18	24.356
3365	180	4.67	22.782
3366	181	5.48	22.602
3367	182	5.55	23.818
3368	180	5.16	22.757
3369	180	5.16	22.504
3370	179	5.20	21.429
3371	181	5.39	23.331
3372	180	4.70	22.366
3373	180	5.19	22.360
3374	181	5.36	23.016
3375	182	5.11	24.253
3376	183	5.36	25.063
3377	182	5.28	23.978
3378	180	4.88	21.919
3379	183	5.49	24.150
3380	184	5.69	25.017
3381	183	5.03	24.481
3382	186	5.64	27.415
3383	184	4.81	25.249
3384	187	5.67	27.827
3385	190	5.62	30.576
3386	192	5.76	32.535
3387	191	6.13	31.454
3388	188	6.01	29.259
3389	187	5.12	28.291
3390	190	5.31	31.105
3391	192	5.76	32.355
3392	192	6.01	32.680
3393	195	6.61	35.914
3394	198	6.21	39.723
3395	200	6.73	42.267
3396	199	7.11	40.421
3397	200	6.77	42.322
3398	198	6.33	39.224
3399	196	6.55	37.220
3400	198	6.16	39.873
3401	200	6.75	42.086
3402	197	6.31	38.307
3403	199	6.95	41.206
3404	200	6.36	42.244
3405	200	6.39	42.200
3406	200	7.18	41.861
3407	200	6.59	42.023
3408	200	6.36	42.053
3409	199	6.63	40.932
3410	200	6.89	42.187
3411	200	6.77	42.045
3412	197	6.38	38.614
3413	196	6.80	37.329
3414	195	6.30	36.110
3415	197	6.82	38.597
3416	199	6.25	41.167
3417	196	5.93	37.398
3418	195	5.95	36.306
3419	197	6.78	38.839
3420	196	6.49	37.099
3421	195	5.89	36.272
3422	192	5.95	32.983
3423	194	6.32	34.374
3424	194	6.03	34.898
3425	194	6.23	34.837
3426	192	6.33	32.712
3427	195	6.19	36.117
3428	194	5.68	35.160
3429	194	5.70	34.712
3430	193	5.90	33.769
3431	194	6.10	34.954
3432	191	6.07	32.000
3433	192	5.78	32.892
3434	194	6.17	34.778
3435	194	6.43	35.110
3436	191	5.47	31.226
3437	190	5.35	30.331
3438	188	5.78	28.462
3439	191	5.70	31.782
3440	188	6.03	28.792
3441	191	6.26	31.271
3442	192	6.48	33.059
3443	193	5.72	33.324
3444	191	6.27	31.584
3445	189	5.74	30.026
3446	189	5.66	29.305
3447	187	5.75	27.396
3448	188	5.81	28.653
3449	186	5.54	26.568
3450	186	5.68	27.362
3451	189	6.04	29.489
3452	190	5.93	30.686
3453	193	5.91	33.731
3454	190	5.90	30.346
3455	191	5.40	31.750
3456	193	5.96	33.596
3457	190	5.67	31.010
3458	187	5.05	27.732
3459	188	5.52	28.915
3460	185	5.76	26.003
3461	186	5.78	27.400
3462	186	5.21	26.985
3463	189	6.11	29.365
3464	191	6.28	31.580
3465	189	5.44	30.049
3466	192	6.24	32.544
3467	194	5.92	34.905
3468	191	6.21	31.411
3469	193	6.41	33.479
3470	190	5.65	30.754
3471	191	6.35	31.457
3472	192	6.19	32.401
3473	190	5.91	30.702
3474	189	5.77	29.574
3475	187	5.97	27.393
3476	189	5.95	30.162
3477	186	5.76	27.318
3478	183	5.63	24.101
3479	181	5.48	22.962
3480	178	4.55	21.348
3481	179	5.19	21.887
3482	182	5.02	23.440
3483	182	5.63	24.071
3484	185	5.72	26.058
3485	186	5.65	27.139
3486	188	5.15	28.789
3487	190	5.96	31.149
3488	187	5.14	27.437
3489	187	5.14	27.833
3490	187	5.84	28.064
3491	189	5.59	30.166
3492	191	5.47	32.034
3493	190	6.01	30.184
3494	192	5.50	33.139
3495	190	5.96	30.735
3496	191	6.09	31.483
3497	193	6.57	33.722
3498	195	6.04	35.808
3499	194	6.06	34.504
3500	193	5.90	33.762
3501	192	5.78	32.733
3502	191	5.60	31.703
3503	190	6.19	30.644
3504	190	6.29	30.340
3505	192	6.21	32.994
3506	191	5.68	31.443
3507	189	5.30	30.012
3508	187	5.24	28.147
3509	189	5.98	29.430
3510	187	5.64	27.749
3511	185	5.30	25.727
3512	182	5.41	23.304
3513	185	4.99	26.468
3514	185	5.35	25.998
3515	184	5.47	25.721
3516	185	5.30	26.542
3517	187	5.56	27.510
3518	184	5.16	24.975
3519	184	5.58	25.795
3520	185	5.77	26.377
3521	187	5.90	27.626
3522	185	5.72	25.768
3523	182	5.23	23.601
3524	183	4.76	24.961
3525	186	5.29	27.193
3526	185	5.50	26.235
3527	182	5.30	23.649
3528	179	4.88	21.682
3529	178	5.15	21.344
3530	178	4.48	20.669
3531	176	4.43	19.990
3532	175	4.93	19.003
3533	176	5.07	19.481
3534	176	4.92	19.290
3535	179	5.35	21.568
3536	181	5.37	23.007
3537	183	4.92	24.782
3538	184	5.03	25.194
3539	185	5.04	26.214
3540	187	5.69	28.090
3541	187	5.29	28.300
3542	184	5.06	25.186
3543	184	5.73	25.822
3544	187	5.91	28.289
3545	190	5.49	30.190
3546	188	5.71	28.353
3547	190	5.68	30.904
