1	134	6	95.0314068835
2	138	11	95.1203008146
3	133	18	95.1779380106
4	131	19	95.1048358604
5	128	26	95.0797350974
6	124	26	95.1422143255
7	123	30	95.0653073382
8	122	34	95.1227837779
9	123	41	95.0628344858
10	118	47	94.9755126691
11	122	48	94.9828096032
12	118	51	95.0827518942
13	118	57	95.115249523
14	117	64	95.0726922593
15	116	68	95.1558654564
16	119	70	95.2356297598
17	115	72	95.1834375991
18	113	77	95.1506754815
19	117	77	95.1082388697
20	117	78	95.0096000627
21	115	84	95.0090394065
22	117	86	95.0687240098
23	112	90	94.9716855159
24	107	95	94.8845911718
25	105	95	94.8975186776
26	104	95	94.9103604229
27	100	99	94.8719253317
28	103	100	94.9268390427
29	107	101	94.983310308
30	106	103	94.9086510044
31	110	110	94.8933186408
32	111	114	94.8049390625
33	113	118	94.7292496533
34	115	125	94.738462075
35	114	130	94.7147100872
36	112	136	94.6280835547
37	109	141	94.5956328845
38	110	141	94.5912515918
39	115	147	94.5858614161
40	111	148	94.6078886345
41	106	149	94.6741759244
42	110	152	94.6926966023
43	105	153	94.6868679819
44	107	160	94.6473544832
45	111	167	94.5630161658
46	111	170	94.6364826713
47	115	173	94.5864821994
48	118	180	94.4943199956
49	117	181	94.5933605341
50	119	181	94.5992217519
51	124	186	94.5827325482
52	120	191	94.4851923708
53	125	191	94.3912035058
54	122	193	94.4754247907
55	120	193	94.5366257719
56	116	198	94.4670116316
57	116	201	94.4293301831
58	113	203	94.4994776256
59	109	210	94.5953887609
60	114	214	94.6290653632
61	116	218	94.6121581278
62	119	222	94.6778700636
63	117	227	94.6883071115
64	113	229	94.7019083348
65	113	234	94.6695329472
66	117	241	94.6901899045
67	113	244	94.654264392
68	114	245	94.7064953673
69	113	249	94.683679652
70	112	252	94.5939124891
71	114	257	94.6621026655
72	117	257	94.7077939697
73	112	264	94.6754532039
74	109	271	94.7061927625
75	104	273	94.7121682793
76	101	274	94.6898498923
77	99	279	94.7388514918
78	103	280	94.7376872761
79	105	284	94.7437026129
80	101	291	94.8402459567
81	96	293	94.7755522563
82	97	297	94.7462119076
83	99	302	94.6665852134
84	95	306	94.6011889319
85	100	309	94.5310281554
86	103	315	94.5205327874
87	101	319	94.6088777974
88	97	325	94.7002991405
89	96	325	94.7438938808
90	94	327	94.7555172595
91	91	330	94.7083258745
92	88	331	94.7526084211
93	91	332	94.784949397
94	93	332	94.801324587
95	95	332	94.8916849454
96	94	336	94.8788558706
97	98	343	94.8239784664
98	93	349	94.9110213504
99	89	351	95.0000613674
100	94	356	95.031196076
101	89	363	95.1097452608
102	91	363	95.0884845208
103	89	366	95.1811706635
104	92	372	95.2138565533
105	94	376	95.2528571052
106	89	378	95.1576900201
107	89	384	95.2258191843
108	86	390	95.1780554529
109	83	392	95.1960719385
110	80	398	95.2081070517
111	75	405	95.244474358
112	77	411	95.3241460184
113	76	417	95.2266782355
114	80	420	95.242836069
115	79	426	95.1753831771
116	77	431	95.1855416604
117	77	433	95.2818855663
118	75	440	95.3492045077
119	78	445	95.4246499739
120	75	452	95.3500444501
121	70	455	95.380873683
122	68	460	95.3675008766
123	69	461	95.4106807438
124	73	468	95.3579506612
125	75	470	95.3725832867
126	76	473	95.3996886823
127	72	476	95.3781329213
128	67	479	95.4756839852
129	62	480	95.5406689707
130	66	486	95.4870783618
131	64	486	95.405955721
132	67	488	95.3137454075
133	64	490	95.291504254
134	62	495	95.2137625487
135	63	501	95.2222521032
136	61	501	95.2096509264
137	56	505	95.2881422158
138	60	512	95.2322427287
139	63	512	95.209239857
140	66	517	95.1364939661
141	68	521	95.0724848924
142	71	521	95.1722809551
143	75	527	95.1221781948
144	72	532	95.1617016552
145	70	532	95.0744805364
146	69	534	94.9993860344
147	65	536	94.9796342094
148	69	537	94.9674829609
149	70	541	95.0258833483
150	67	545	94.9320390287
151	70	546	94.9017144066
152	73	546	94.956783789
153	73	547	94.8858328352
154	70	554	94.8445656571
155	68	560	94.8617196065
156	68	565	94.8183128006
157	65	572	94.7723182755
158	62	576	94.6799960451
159	64	580	94.7428454184
160	63	583	94.8284893308
161	64	584	94.7332859615
162	61	588	94.7305223712
163	60	590	94.7108011522
164	57	596	94.6979931987
165	58	597	94.6347005135
166	61	604	94.5785977862
167	57	604	94.503792166
168	56	604	94.4660325887
169	60	607	94.3871708745
170	61	607	94.3624783209
171	57	613	94.300400421
172	54	620	94.290607906
173	50	620	94.3757890034
174	50	625	94.3385132663
175	50	631	94.4068735606
176	50	638	94.4167601846
177	53	640	94.3897582955
178	51	644	94.4664860561
179	52	648	94.4012122889
180	50	652	94.3252152407
181	55	656	94.4228544847
182	59	661	94.4541332667
183	63	666	94.3663199127
184	59	671	94.4230210182
185	55	674	94.3603071927
186	57	680	94.265586045
187	62	685	94.1827028296
188	59	690	94.0958857605
189	54	691	94.1831668263
190	58	692	94.1743438185
191	62	695	94.096338347
192	58	700	94.1323044663
193	59	704	94.1145430684
194	58	711	94.0370515015
195	60	712	93.983290708
196	55	714	94.039937517
197	57	718	94.0745660806
198	60	720	94.0312694129
199	59	727	94.0335306712
200	63	729	94.0833710517
201	67	732	94.1128209586
202	67	737	94.0409981814
203	70	737	94.1136256065
204	71	744	94.0489521442
205	71	750	93.9835239152
206	67	757	94.031147853
207	67	761	93.969722159
208	62	766	93.9920879108
209	62	766	94.0833349638
210	57	773	94.0515066242
211	56	773	94.0344414836
212	53	778	93.963439042
213	56	779	93.8684207414
214	58	785	93.9311040251
215	57	792	93.9385709797
216	61	795	93.8479323061
217	59	795	93.9232766371
218	63	799	94.0090704992
219	62	802	93.9148910173
220	61	805	94.0134289186
221	58	807	93.9949875789
222	53	811	93.8950043297
223	56	812	93.9401998813
224	51	814	94.0218824531
225	56	821	94.1163591816
226	60	827	94.178075917
227	63	828	94.0788007288
228	60	832	94.0474279322
229	56	833	94.1178905081
230	57	833	94.1541336332
231	57	839	94.0896400695
232	56	839	94.1251536268
233	52	842	94.0299918077
234	55	845	94.0354393609
235	58	850	93.9953783614
236	57	851	94.0328590932
237	53	858	93.9959528082
238	58	859	94.0162119428
239	61	861	93.9851871921
240	57	865	94.0431166419
241	61	870	94.095012087
242	64	876	94.0886300865
243	66	879	94.1235648236
244	68	880	94.1061049898
245	71	881	94.0624957881
246	69	888	94.0164252748
247	66	888	93.9938007606
248	62	892	94.08219854
249	63	898	94.1724375384
250	59	901	94.2477467359
251	57	901	94.273218176
252	52	901	94.2647586901
253	50	905	94.262674293
254	50	910	94.361007127
255	50	913	94.3922870808
256	50	916	94.4811374129
257	50	916	94.3933436314
258	50	922	94.4253030187
259	50	928	94.5104247479
260	54	934	94.5529515736
261	51	934	94.5271619815
262	55	939	94.461585468
263	56	939	94.4742334718
264	58	944	94.5061734335
265	55	944	94.5571503597
266	52	946	94.6318003693
267	53	948	94.6775622131
268	54	953	94.7689390859
269	59	954	94.775032813
270	64	957	94.7551385039
271	60	962	94.7435196519
272	61	968	94.7881910175
273	58	975	94.8105174107
274	59	978	94.8995724536
275	56	978	94.8510931813
276	59	979	94.8937633942
277	58	979	94.9570256847
278	59	981	94.8779501674
279	60	988	94.7846093531
280	57	993	94.7603027416
281	55	994	94.7924814962
282	54	999	94.8147653112
283	55	1005	94.8880370945
284	53	1009	94.9825206483
285	55	1013	95.0338634926
286	54	1020	95.1163689957
287	54	1022	95.180980372
288	55	1022	95.0822285827
289	60	1024	95.0424056556
290	64	1031	95.0327167036
291	66	1036	95.0282058933
292	63	1039	94.9701355012
293	58	1045	94.9555507022
294	56	1048	94.9730342542
295	58	1050	94.9577467362
296	61	1056	94.9035755028
297	63	1057	94.9011450774
298	62	1064	94.9105030536
299	58	1069	94.9090009801
300	56	1072	94.8585317706
301	51	1074	94.7873847327
302	50	1074	94.7506047725
303	50	1077	94.7006075466
304	55	1080	94.7416142891
305	50	1082	94.7006863773
306	55	1085	94.651399514
307	56	1089	94.587800342
308	55	1095	94.5740402772
309	51	1098	94.5006633964
310	52	1101	94.4497081801
311	53	1105	94.4470830835
312	54	1112	94.4147706889
313	59	1118	94.3268997079
314	62	1118	94.4109084876
315	66	1121	94.484284236
316	66	1127	94.5386225546
317	64	1131	94.5186943434
318	66	1138	94.5534171559
319	63	1138	94.5608249562
320	59	1141	94.6284512962
321	61	1148	94.6718978301
322	59	1148	94.6144393986
323	64	1153	94.5437896719
324	60	1160	94.6312983646
325	61	1167	94.5344633777
326	64	1172	94.4935696735
327	60	1173	94.4816851487
328	59	1176	94.3832814751
329	58	1180	94.3648210068
330	54	1181	94.4190462233
331	50	1187	94.4709513129
332	52	1191	94.4996932171
333	50	1192	94.5363454068
334	50	1194	94.4581854689
335	53	1196	94.4538819959
336	57	1197	94.4026429904
337	61	1199	94.38532027
338	64	1199	94.4337589476
339	63	1199	94.4568779814
340	58	1203	94.5308611849
341	57	1207	94.451807095
342	55	1212	94.4351613899
343	59	1213	94.5297903684
344	56	1218	94.559206839
345	51	1220	94.648712941
346	56	1227	94.5670071206
347	51	1232	94.5716632515
348	50	1239	94.6292510564
349	51	1239	94.6619898937
350	52	1239	94.7358395206
351	53	1243	94.697116975
352	50	1246	94.620415415
353	50	1252	94.5423353533
354	50	1255	94.5851868981
355	52	1258	94.4904002048
356	50	1262	94.4866128966
357	50	1269	94.4776649438
358	50	1275	94.5326953758
359	50	1280	94.6095942827
360	53	1287	94.5820689268
361	54	1291	94.5824532136
362	58	1294	94.6201912926
363	56	1300	94.5753611457
364	51	1307	94.5576073074
365	50	1312	94.5536968408
366	50	1317	94.5567448031
367	51	1318	94.639308669
368	50	1324	94.6836426971
369	50	1331	94.6822969247
370	50	1334	94.7591048526
371	54	1335	94.8379821616
372	55	1342	94.8252409374
373	55	1344	94.7961561748
374	56	1347	94.878046743
375	58	1353	94.7994978935
376	53	1353	94.89507433
377	50	1358	94.8294567464
378	50	1358	94.7560310264
379	55	1364	94.6687015263
380	60	1370	94.5726462345
381	58	1374	94.5802475662
382	58	1374	94.6376893189
383	62	1378	94.6985953982
384	60	1384	94.784345868
385	58	1391	94.8576712312
386	59	1393	94.771181674
387	57	1393	94.8231333292
388	62	1394	94.8517208317
389	67	1394	94.8974323492
390	66	1398	94.9057187343
391	65	1398	94.9837395913
392	68	1398	94.9985195298
393	68	1398	95.0697140492
394	72	1399	95.0044731727
395	71	1399	95.0563721286
396	67	1401	95.1008400359
397	69	1404	95.0903220054
398	74	1410	95.0836417576
399	70	1411	95.0186428526
400	70	1415	95.0145722524
401	65	1422	94.9442654577
402	64	1422	94.9726578638
403	63	1427	95.0397670646
404	66	1428	94.9996020731
405	62	1430	95.0340164751
406	61	1430	94.9600315703
407	61	1436	95.0458163043
408	60	1439	94.998500953
409	62	1441	94.9637992179
410	65	1448	94.9121879087
411	61	1452	94.8787859214
412	61	1452	94.7928657144
413	62	1455	94.7953431342
414	62	1461	94.8721269789
415	58	1466	94.7934129225
416	54	1466	94.7890269665
417	53	1471	94.8073233616
418	55	1472	94.7598246753
419	57	1477	94.8326230514
420	57	1479	94.8698649452
421	59	1483	94.9134113995
422	55	1486	94.8238198658
423	59	1486	94.8684438702
424	58	1489	94.8505677081
425	56	1492	94.8098007066
426	60	1495	94.7273788161
427	62	1500	94.8195475637
428	65	1504	94.8391222798
429	68	1504	94.776794488
430	67	1507	94.8592495174
431	71	1514	94.7697620487
432	71	1521	94.8127508444
433	73	1526	94.7642354755
434	74	1532	94.8290932069
435	71	1534	94.8078598349
436	71	1534	94.7669080598
437	74	1535	94.7925034436
438	71	1542	94.7961732851
439	69	1544	94.8899796184
440	68	1550	94.9754339547
441	66	1557	95.0338698529
442	65	1561	95.0843364668
443	70	1568	95.1124293347
444	70	1570	95.0276341887
445	68	1570	95.0131793466
446	64	1574	95.081669314
447	68	1576	95.1683173299
448	63	1577	95.2639851023
449	64	1582	95.3545942097
450	59	1585	95.4074190238
451	57	1592	95.4429095954
452	53	1597	95.5031900857
453	55	1604	95.5921707736
454	50	1608	95.5950306763
455	50	1610	95.5461211889
456	50	1610	95.4676635931
457	50	1616	95.51591932
458	50	1616	95.4932279124
459	53	1616	95.4514825957
460	56	1616	95.4428926529
461	55	1623	95.4402232436
462	53	1624	95.3954421348
463	56	1630	95.3652706455
464	54	1635	95.2915146315
465	50	1641	95.3051285418
466	51	1641	95.2352537514
467	54	1645	95.2551701385
468	58	1645	95.3495891811
469	55	1651	95.3716263665
470	57	1651	95.422938466
471	57	1651	95.4029616864
472	61	1658	95.3536982921
473	62	1665	95.3473316368
474	57	1670	95.4369819256
475	52	1677	95.3908424881
476	57	1681	95.4573489038
477	56	1684	95.4749315945
478	58	1685	95.5677026948
479	61	1686	95.6030668774
480	65	1687	95.6794599342
481	70	1691	95.6832205273
482	73	1691	95.6936464526
483	68	1697	95.5993108281
484	68	1702	95.5864139134
485	63	1707	95.5789640476
486	59	1707	95.5692661871
487	56	1707	95.5005471712
488	54	1714	95.5252106342
489	52	1715	95.5472329653
490	50	1722	95.6331961418
491	50	1727	95.628777154
492	50	1734	95.6550468009
493	50	1739	95.6187261924
494	51	1746	95.6191823834
495	56	1751	95.5620397033
496	58	1753	95.4756099972
497	60	1759	95.3829858679
498	60	1762	95.3044723704
499	63	1768	95.3429165644
500	64	1774	95.2635691431
501	59	1774	95.3033594189
502	58	1774	95.2132819213
503	63	1776	95.2452581929
504	65	1779	95.2485290444
505	60	1781	95.1903715664
506	59	1785	95.169049842
507	57	1786	95.2078103222
508	59	1788	95.2867104381
509	63	1790	95.2201079991
510	63	1796	95.2339815843
511	68	1797	95.2829376856
512	73	1800	95.3248091162
513	76	1802	95.4145075108
514	74	1803	95.4334710643
515	73	1807	95.4628663473
516	75	1811	95.502791071
517	75	1811	95.5981811675
518	75	1814	95.5408389096
519	76	1817	95.6364166388
520	72	1821	95.6853980586
521	68	1822	95.6327605557
522	63	1823	95.7153226472
523	60	1826	95.7109955406
524	63	1830	95.6554694676
525	64	1834	95.6224093389
526	66	1834	95.6074012961
527	65	1834	95.5873040638
528	65	1841	95.5136180569
529	64	1847	95.5359491315
530	66	1852	95.5665509429
531	67	1854	95.6319784012
532	70	1859	95.6588210397
533	69	1862	95.5620158462
534	66	1862	95.5047055567
535	61	1867	95.5730666646
536	56	1874	95.5534088195
537	54	1874	95.6533590593
538	55	1880	95.601753298
539	58	1884	95.5089794071
540	60	1889	95.5067889536
541	64	1896	95.4861795744
542	65	1902	95.4594904101
543	60	1903	95.5288421593
544	64	1904	95.5700783919
545	66	1909	95.5762582749
546	61	1911	95.5896046606
547	58	1916	95.6128723299
548	54	1918	95.6995969692
549	58	1923	95.6812351721
550	53	1926	95.6425393789
551	50	1927	95.5699938163
552	50	1930	95.5661370283
553	50	1932	95.5309361453
554	55	1934	95.5885104903
555	58	1937	95.5838651039
556	63	1940	95.6236307031
557	61	1945	95.6539571174
558	65	1945	95.6371919672
559	67	1945	95.6759013351
560	66	1945	95.7527084641
561	68	1946	95.7335194867
562	67	1950	95.7335588031
563	66	1956	95.81552239
564	65	1957	95.9011512723
565	69	1960	95.97297449
566	74	1966	96.0404072327
567	72	1972	96.0835315997
568	69	1979	96.1097677798
569	67	1980	96.1862905367
570	71	1986	96.1526347072
571	67	1986	96.2009995928
572	67	1989	96.1566223173
573	70	1996	96.2391956403
574	65	1998	96.303792867
575	64	2001	96.234718147
576	66	2005	96.2348052498
577	70	2008	96.1450574813
578	67	2009	96.2296074725
579	70	2016	96.2174833001
580	72	2017	96.1783612505
581	70	2017	96.1807061427
582	71	2024	96.0809863548
583	73	2024	96.1407900236
584	74	2028	96.1139465776
585	75	2032	96.0492928655
586	71	2035	96.1370258536
587	76	2041	96.1613654721
588	73	2041	96.1796812896
589	73	2042	96.1829746306
590	77	2046	96.0981695971
591	76	2052	96.1266029395
592	73	2055	96.0328294855
593	75	2061	96.0864224889
594	79	2062	96.1361477476
595	84	2067	96.0919021678
596	87	2074	96.0918816645
597	86	2081	96.0141261392
598	86	2081	95.9973307467
599	84	2088	95.9331478896
600	89	2090	95.8794455937
601	88	2090	95.8413543929
602	91	2095	95.7466523638
603	94	2095	95.84335038
604	99	2095	95.9427121138
605	104	2099	96.015403393
606	101	2101	96.0164811082
607	104	2105	96.0750309607
608	102	2111	96.0647993278
609	97	2115	96.128602192
610	92	2117	96.1321820318
611	90	2124	96.1101169068
612	86	2126	96.0832065985
613	82	2129	96.1022813967
614	80	2136	96.0624026668
615	83	2139	96.1565729981
616	85	2145	96.2240279198
617	83	2148	96.1538086338
618	81	2152	96.0754190037
619	77	2153	95.9841866374
620	74	2156	96.0175979016
621	73	2157	95.9542049114
622	71	2163	95.9824018871
623	69	2168	95.907234952
624	69	2170	95.8649546878
625	74	2176	95.8570196832
626	77	2181	95.7888131989
627	73	2185	95.7510539377
628	71	2189	95.7367259327
629	71	2190	95.8203574013
630	76	2191	95.8198409706
631	74	2198	95.892804365
632	77	2199	95.8506498012
633	73	2206	95.7548044769
634	68	2210	95.8173382701
635	66	2215	95.7342560966
636	61	2220	95.6869848859
637	62	2221	95.727696746
638	64	2222	95.8117460923
639	69	2227	95.8447267737
640	65	2233	95.9423865131
641	66	2239	95.8866926112
642	68	2243	95.955336128
643	70	2244	95.8692262983
644	70	2249	95.9222801803
645	73	2255	95.9475151262
646	78	2256	95.9343775953
647	78	2256	95.980086571
648	73	2263	95.9822354073
649	76	2269	96.0722532151
650	74	2270	96.1558600393
651	70	2270	96.1434206151
652	72	2273	96.167443466
653	71	2280	96.1934694374
654	73	2286	96.2611009687
655	69	2289	96.2996373846
656	64	2292	96.3691343815
657	59	2295	96.3120355846
658	55	2302	96.2994791047
659	60	2308	96.2166526185
660	57	2314	96.3035830949
661	58	2315	96.4014192795
662	61	2317	96.408997472
663	60	2317	96.4806822023
664	57	2321	96.4156046033
665	53	2328	96.4589252592
666	55	2328	96.5102555339
667	60	2330	96.5884663064
668	55	2332	96.6152596959
669	55	2338	96.5205536701
670	58	2345	96.4515292545
671	59	2346	96.4265595008
672	63	2348	96.4721432906
673	60	2349	96.466025437
674	56	2355	96.4976103188
675	53	2361	96.4872352944
676	50	2368	96.4739154708
677	51	2371	96.4490559145
678	56	2376	96.3753862696
679	54	2380	96.2955513822
680	53	2387	96.2613148993
681	53	2389	96.2703400214
682	50	2389	96.3549835386
683	54	2393	96.3233612021
684	55	2397	96.2298250751
685	54	2400	96.2448969207
686	54	2404	96.2047532682
687	50	2410	96.1309918164
688	50	2417	96.1691997762
689	50	2419	96.1835836416
690	51	2422	96.1741971796
691	56	2423	96.157435076
692	56	2425	96.2393961515
693	57	2432	96.1698816055
694	58	2435	96.2052235792
695	60	2435	96.2364331794
696	57	2437	96.2479443194
697	62	2444	96.1646071625
698	66	2444	96.0728288861
699	67	2448	96.1487167916
700	66	2455	96.1706544339
701	71	2459	96.1424550871
702	76	2462	96.1342673394
703	77	2463	96.0877852289
704	81	2467	95.9985144434
705	84	2470	96.0218826802
706	86	2470	96.003617548
707	82	2472	95.9901745083
708	84	2474	96.0041305137
709	80	2481	95.9285051048
710	84	2481	95.9473182816
711	83	2485	95.9049473551
712	78	2487	95.9978737254
713	78	2492	95.9202933141
714	82	2492	95.9324652842
715	85	2493	95.9942041875
716	90	2495	95.950924996
717	88	2500	95.9050774336
718	91	2501	95.8147208752
719	91	2501	95.7257732075
720	91	2503	95.7167842103
721	95	2504	95.7778607164
722	91	2511	95.8051189775
723	96	2513	95.7665596163
724	96	2514	95.685673398
725	91	2518	95.709382289
726	88	2524	95.6485283093
727	89	2525	95.7068523523
728	88	2526	95.7459980121
729	88	2533	95.7185629649
730	92	2533	95.7419470952
731	87	2533	95.7184476371
732	89	2537	95.6267959734
733	94	2541	95.7035772426
734	92	2548	95.761993513
735	88	2554	95.8266994645
736	83	2559	95.8189426084
737	79	2560	95.7457999658
738	78	2565	95.7741423785
739	75	2570	95.8514368428
740	78	2574	95.8272967377
741	82	2576	95.9022891689
742	80	2576	95.8492270634
743	78	2580	95.8171181494
744	80	2580	95.8958854696
745	84	2583	95.8851276026
746	85	2589	95.7979624127
747	86	2596	95.8884501734
748	86	2600	95.8517856461
749	87	2605	95.8686484785
750	91	2611	95.9564341631
751	91	2612	95.9709399909
752	86	2612	95.8958475887
753	87	2617	95.8183940444
754	89	2618	95.7919643549
755	84	2620	95.7977484436
756	89	2626	95.7005916835
757	91	2626	95.7208040222
758	95	2630	95.6603524748
759	92	2637	95.628673479
760	89	2640	95.5983043215
761	93	2640	95.633410611
762	98	2646	95.61122891
763	102	2652	95.5288915897
764	105	2659	95.5798955762
765	104	2664	95.5393045318
766	103	2670	95.625111352
767	99	2676	95.6706702672
768	94	2677	95.7547562721
769	93	2677	95.8296866326
770	89	2677	95.9013009718
771	89	2680	95.8570949372
772	86	2680	95.9174430242
773	91	2682	95.8766731914
774	91	2682	95.8106165164
775	92	2682	95.8645756049
776	96	2683	95.7716255821
777	100	2690	95.8679085327
778	99	2696	95.9644033868
779	101	2697	95.9088258043
780	103	2704	95.9570332808
781	104	2709	96.0549139441
782	104	2710	96.0372495899
783	109	2710	96.1149850557
784	109	2711	96.0229212335
785	104	2712	95.9696598924
786	104	2719	96.0695182725
787	107	2720	95.99741109
788	108	2720	96.0105179918
789	107	2727	96.0400722394
790	109	2732	96.0892313972
791	106	2732	96.0302142169
792	109	2733	96.0271329212
793	111	2739	95.9436706953
794	113	2739	95.915623178
795	109	2741	95.9975733288
796	105	2745	95.9763523052
797	110	2752	95.8859692854
798	113	2759	95.8046789975
799	111	2761	95.8972690303
800	106	2762	95.847923628
801	104	2768	95.8117168685
802	104	2773	95.816437652
803	108	2775	95.7412150354
804	113	2781	95.8072589031
805	118	2784	95.8600272055
806	117	2787	95.92159064
807	115	2789	95.9119726805
808	119	2794	95.9913980642
809	120	2799	95.9440141888
810	121	2804	96.0428311122
811	126	2808	95.9580595001
812	121	2812	95.9079338869
