1	134	0	94.9161879169
2	137	2	94.9595074992
3	135	8	94.9554494082
4	130	14	94.9658136435
5	132	15	94.9166417955
6	131	19	95.0117407914
7	130	23	94.9767478972
8	135	28	94.882557598
9	133	34	94.9173219194
10	129	39	94.8264056932
11	129	39	94.7870913834
12	133	41	94.7501668119
13	128	42	94.65384943
14	132	45	94.650718213
15	130	49	94.5590167381
16	130	53	94.5465998211
17	130	60	94.4689932185
18	132	61	94.4703683664
19	136	65	94.3985528984
20	141	72	94.3465927529
21	146	78	94.3759464282
22	151	85	94.2804921949
23	154	92	94.1901302512
24	156	98	94.2449984721
25	155	99	94.2436559393
26	153	104	94.2783700504
27	153	111	94.3727966632
28	156	116	94.346134665
29	156	122	94.3089495096
30	157	128	94.3072022533
31	160	134	94.374582696
32	165	137	94.4040174001
33	166	143	94.5015812403
34	166	143	94.5203470983
35	162	150	94.4989264266
36	163	154	94.431257291
37	158	159	94.4374590557
38	162	166	94.3637425007
39	164	172	94.3083383302
40	164	172	94.225142664
41	166	173	94.2334829865
42	162	180	94.2704973484
43	163	187	94.32231266
44	158	187	94.3437713401
45	161	191	94.3512973163
46	159	197	94.4511773568
47	157	204	94.4117198011
48	157	206	94.452317726
49	159	210	94.3601659102
50	154	213	94.4384619675
51	154	218	94.4011620683
52	155	218	94.4788765922
53	155	220	94.4678413945
54	158	225	94.3844960281
55	156	226	94.4496597023
56	155	227	94.4526485071
57	150	227	94.5234721204
58	147	234	94.5968583808
59	145	240	94.5390002879
60	148	241	94.5367267673
61	146	244	94.5366940465
62	150	248	94.4937068769
63	152	254	94.4726274911
64	148	257	94.435119066
65	150	262	94.4182621686
66	153	267	94.4001502197
67	150	274	94.3060448143
68	147	274	94.2919755657
69	142	275	94.2231430864
70	142	275	94.1328128868
71	140	281	94.0394879978
72	140	281	94.1046898521
73	135	285	94.170428287
74	130	289	94.092956492
75	127	295	94.0199666055
76	123	295	94.0471378687
77	120	302	94.1389831148
78	118	303	94.216764442
79	119	306	94.1812363319
80	120	307	94.2584359959
81	122	307	94.2640360904
82	117	309	94.322438041
83	122	311	94.2934194423
84	126	316	94.2633598122
85	126	318	94.165992493
86	122	322	94.0782326388
87	124	326	94.0126433692
88	124	331	93.9179040882
89	121	334	93.8301680437
90	116	338	93.7664023131
91	116	342	93.8270307821
92	112	347	93.8795830682
93	113	351	93.9103804747
94	110	358	93.9950083313
95	114	359	94.049949801
96	114	360	94.0356081979
97	111	362	93.9719702622
98	116	364	94.0462731368
99	119	370	93.9564244084
100	120	376	93.9194805127
101	115	382	93.8834472991
102	118	387	93.8089026831
103	122	389	93.846737137
104	120	392	93.8650127589
105	115	398	93.8542847618
106	113	398	93.8200401983
107	110	402	93.8531533465
108	115	406	93.8763128457
109	114	412	93.9271998911
110	110	413	93.9927665165
111	113	416	93.9564345859
112	113	419	93.9540614207
113	111	426	93.9470823937
114	112	426	93.8945892399
115	107	426	93.9538780829
116	111	433	93.9015210825
117	114	434	93.9737987444
118	118	441	93.8947073253
119	114	448	93.8989049378
120	111	452	93.9356162764
121	112	458	93.9179098779
122	116	465	94.0163216447
123	113	465	93.9929094785
124	108	466	93.9916170538
125	110	472	94.039346549
126	113	474	94.0913262242
127	115	479	93.9973914131
128	117	480	93.986977117
129	113	480	94.057142211
130	108	483	94.0752998935
131	108	486	94.0748374767
132	104	493	94.1081269233
133	107	494	94.1344545698
134	110	501	94.1774669509
135	110	504	94.1660619915
136	113	507	94.1279499258
137	112	508	94.0837969855
138	113	511	94.0682992124
139	114	513	93.9952783347
140	114	518	94.025710898
141	119	523	93.9696746738
142	121	523	93.9905339506
143	124	524	94.0504024496
144	119	531	94.0693018197
145	116	538	94.0851258555
146	120	539	94.0567482056
147	122	542	93.9863089281
148	122	546	94.0856441612
149	118	547	94.1471320043
150	118	549	94.2207134433
151	123	556	94.120834584
152	125	556	94.0730068574
153	121	559	94.0188601428
154	124	559	93.9918524758
155	122	560	94.006808248
156	127	566	93.9359168485
157	123	568	93.9634268081
158	122	572	93.9190823373
159	120	574	93.8221449391
160	121	580	93.73013207
161	126	585	93.8164350381
162	122	589	93.8572739665
163	126	595	93.9540533578
164	123	599	94.0189914645
165	128	603	93.9755573053
166	124	606	94.0613791274
167	121	611	93.9645076863
168	122	614	94.0169813618
169	118	614	94.0889980959
170	113	619	94.0276752834
171	115	622	94.0614977028
172	113	625	93.9747488528
173	110	625	93.8900561267
174	108	631	93.9865333325
175	104	637	93.9233608756
176	105	642	93.9840922168
177	104	644	93.9688501618
178	99	645	94.0106029083
179	95	648	93.9417560296
180	97	649	94.0120118128
181	101	651	94.0419391673
182	102	655	94.1136381145
183	104	659	94.134965438
184	109	660	94.1320290073
185	110	663	94.1486940072
186	108	666	94.1144962286
187	106	668	94.1833111734
188	102	669	94.138447121
189	103	669	94.1326268638
190	98	672	94.033608238
191	93	679	94.0253067985
192	94	679	94.0839784794
193	94	686	94.0227231246
194	91	688	94.0968316234
195	91	695	94.0988392794
196	91	701	94.1803772096
197	86	705	94.1402257489
198	81	706	94.2164053553
199	83	713	94.2281396653
200	87	719	94.1783078587
201	85	725	94.2226696374
202	84	727	94.1831537609
203	80	729	94.2222845566
204	76	731	94.1816841636
205	78	731	94.1889526236
206	75	737	94.2071973785
207	73	740	94.2500776727
208	72	741	94.2566332333
209	67	741	94.3398354906
210	63	744	94.3849045014
211	58	746	94.3745717182
212	62	751	94.3660351325
213	61	751	94.3161114834
214	63	758	94.3760246395
215	59	763	94.3532455892
216	63	770	94.3960102082
217	67	774	94.4102408482
218	71	777	94.4015263462
219	67	782	94.3391360995
220	66	784	94.4177031581
221	63	784	94.4633156871
222	68	784	94.4489573503
223	66	784	94.5115347567
224	61	786	94.5706074173
225	63	791	94.4735369525
226	68	797	94.4848561164
227	72	804	94.5031675108
228	70	811	94.5389221355
229	74	813	94.5699623936
230	79	820	94.5631854081
231	79	823	94.5057167292
232	77	830	94.4417022826
233	76	835	94.4422747074
234	78	839	94.3931175146
235	81	846	94.3192528258
236	84	852	94.3727407152
237	82	856	94.4569306578
238	77	861	94.4878501737
239	80	867	94.5427589717
240	80	868	94.4840358245
241	85	868	94.5485019099
242	85	872	94.5069621104
243	83	873	94.5780258759
244	78	880	94.5820075382
245	74	887	94.5619766017
246	72	891	94.5164602736
247	74	896	94.5714956871
248	71	900	94.6511206642
249	72	905	94.6909551626
250	67	906	94.6136237626
251	67	906	94.5403014422
252	63	909	94.4459821152
253	66	913	94.4344431582
254	62	919	94.3447706101
255	64	926	94.3670494659
256	61	926	94.298584427
257	63	926	94.3865582065
258	62	931	94.4367079557
259	66	938	94.3611992528
260	66	940	94.4484538708
261	70	946	94.4502702916
262	69	950	94.40446382
263	64	955	94.341315736
264	63	961	94.2770524652
265	66	968	94.3576396432
266	71	970	94.3825525408
267	74	974	94.4181619828
268	74	976	94.4091414278
269	76	983	94.380498741
270	77	987	94.4594251854
271	72	994	94.4461626811
272	75	1001	94.4505909531
273	75	1003	94.3735114851
274	70	1010	94.4141478919
275	66	1016	94.400177546
276	68	1020	94.4413438061
277	63	1020	94.5059976911
278	66	1023	94.4375275688
279	61	1026	94.387436667
280	62	1033	94.3973004993
281	57	1040	94.326209757
282	60	1041	94.3660529559
283	62	1041	94.4363606744
284	63	1044	94.3417246002
285	63	1046	94.430320623
286	65	1048	94.4268901124
287	63	1048	94.510782814
288	58	1049	94.4259502292
289	53	1053	94.4032201813
290	50	1059	94.4441780131
291	50	1065	94.4512133617
292	50	1067	94.4543432159
293	50	1067	94.3594573082
294	50	1073	94.3746813473
295	50	1078	94.3058874235
296	50	1079	94.2212673008
297	52	1084	94.1998550555
298	50	1086	94.2615354009
299	50	1088	94.2484507429
300	52	1090	94.2223390869
301	52	1097	94.2413543303
302	55	1100	94.3247464544
303	51	1103	94.3709404083
304	56	1110	94.2813535109
305	56	1112	94.3502025218
306	55	1117	94.2610238775
307	54	1117	94.2687463474
308	58	1124	94.3669640385
309	55	1130	94.4096383577
310	54	1132	94.4778633558
311	54	1139	94.5408070247
312	56	1146	94.5335995126
313	56	1147	94.6140812756
314	52	1150	94.7028248841
315	50	1154	94.6218217267
316	54	1157	94.5939446203
317	56	1158	94.5995638348
318	52	1162	94.5903389781
319	54	1169	94.5171064923
320	56	1173	94.5295806418
321	53	1177	94.600043211
322	56	1184	94.6621629272
323	55	1188	94.5792072184
324	50	1193	94.4932101018
325	51	1196	94.4882406764
326	54	1201	94.5299008344
327	58	1201	94.6059339743
328	61	1207	94.5514431022
329	64	1212	94.4960394181
330	60	1213	94.5023363918
331	62	1218	94.5532436959
332	60	1225	94.528390069
333	61	1231	94.5938001989
334	56	1234	94.5879710327
335	54	1239	94.4996156318
336	51	1241	94.5000393966
337	51	1241	94.5836498679
338	52	1245	94.5386431426
339	52	1252	94.4943784828
340	52	1255	94.4735568588
341	50	1257	94.3869410009
342	51	1262	94.3006471814
343	55	1262	94.2844927531
344	50	1264	94.3307277561
345	51	1269	94.2711033458
346	50	1272	94.2784469789
347	50	1273	94.2868904776
348	55	1274	94.2547712335
349	52	1280	94.2438545591
350	50	1281	94.3280259728
351	50	1287	94.2775754247
352	54	1294	94.2078988087
353	53	1301	94.2194467545
354	50	1301	94.1450956227
355	50	1304	94.0651827017
356	50	1308	94.0287502615
357	50	1309	94.0721082864
358	51	1310	93.9985234101
359	52	1313	93.9525259563
360	50	1314	93.9363588295
361	50	1314	93.9455200013
362	51	1315	93.9769211803
363	50	1319	94.0760296835
364	53	1326	94.0366285971
365	56	1327	94.0437672527
366	58	1333	94.0063850928
367	61	1336	94.0868081962
368	65	1337	94.0044459016
369	64	1342	93.9981195852
370	66	1348	93.9138298337
371	66	1353	93.850013031
372	65	1359	93.9243990448
373	70	1363	93.9888351772
374	69	1367	94.0486702624
375	66	1374	94.0073730508
376	65	1375	94.0278790912
377	60	1375	94.0522511534
378	60	1377	93.9869294639
379	64	1383	93.9396754582
380	65	1383	94.0291480838
381	69	1383	93.967605207
382	74	1388	93.994597665
383	70	1393	94.0859489203
384	72	1395	94.066667216
385	71	1395	94.1489308584
386	66	1399	94.2071827363
387	63	1400	94.1489095138
388	62	1403	94.2200064538
389	60	1408	94.3107890093
390	58	1410	94.2765590134
391	62	1413	94.3627063208
392	60	1419	94.2810108315
393	60	1423	94.2055655013
394	61	1428	94.29428543
395	58	1431	94.2762108401
396	56	1438	94.3114580802
397	59	1444	94.3984703629
398	64	1445	94.4191356722
399	62	1446	94.4513600064
400	64	1453	94.524864239
401	61	1459	94.4747684537
402	62	1465	94.3861820484
403	62	1469	94.3245050178
404	66	1469	94.2833496114
405	66	1472	94.3707618503
406	64	1475	94.4044980763
407	62	1481	94.4145614855
408	63	1484	94.3546168347
409	64	1486	94.4524848576
410	60	1486	94.4541603325
411	60	1488	94.4427344407
412	61	1494	94.358259202
413	56	1494	94.3013980685
414	58	1497	94.3116755566
415	62	1504	94.2980268136
416	59	1511	94.2467418357
417	61	1511	94.1613011468
418	66	1512	94.166340787
419	70	1517	94.2580637381
420	75	1520	94.1822463851
421	75	1520	94.2685642591
422	77	1523	94.3653341399
423	72	1530	94.2696184124
424	73	1531	94.2069108154
425	69	1534	94.2727351983
426	72	1540	94.2833476691
427	72	1542	94.3732141171
428	67	1546	94.4061276556
429	62	1553	94.3428949873
430	65	1555	94.400860426
431	64	1561	94.318223997
432	66	1564	94.2779294638
433	66	1568	94.2432913797
434	62	1573	94.2748443379
435	65	1576	94.2724673047
436	63	1578	94.3362263279
437	66	1584	94.3598151015
438	70	1584	94.4321355447
439	72	1590	94.4363351557
440	71	1597	94.3500003018
441	67	1604	94.3681333096
442	65	1605	94.405886397
443	67	1611	94.3716902284
444	68	1616	94.4623191369
445	63	1619	94.3711370471
446	61	1620	94.3826762672
447	61	1625	94.4798211819
448	66	1629	94.3987538532
449	70	1633	94.4340497671
450	67	1633	94.441438059
451	63	1638	94.4864728979
452	62	1640	94.4540220876
453	58	1642	94.5304993104
454	54	1643	94.4944306475
455	52	1643	94.520231023
456	55	1650	94.5501486742
457	60	1657	94.4530398066
458	58	1664	94.4974360345
459	59	1666	94.5931460083
460	55	1669	94.5350382414
461	55	1675	94.6176000063
462	50	1682	94.6494262053
463	52	1689	94.6314354714
464	52	1689	94.662708331
465	53	1692	94.6889660943
466	50	1699	94.5949156355
467	54	1702	94.6749167742
468	55	1709	94.7223444753
469	58	1715	94.7122209533
470	54	1718	94.7012121045
471	54	1718	94.7406822907
472	50	1724	94.6858914546
473	50	1726	94.6898139531
474	54	1733	94.6113619016
475	59	1735	94.5309153038
476	61	1739	94.5490680433
477	60	1743	94.5063992634
478	60	1743	94.5973760772
479	61	1750	94.5042643773
480	62	1752	94.465089228
481	60	1759	94.4135029667
482	60	1762	94.3952979795
483	62	1769	94.4460801384
484	62	1770	94.5391542578
485	57	1771	94.5878289911
486	61	1777	94.5082241795
487	59	1779	94.5915155217
488	59	1786	94.6886082422
489	64	1786	94.7780129647
490	64	1787	94.867766612
491	68	1794	94.9114282305
492	68	1794	94.8639210507
493	63	1799	94.8002145027
494	62	1800	94.8746686216
495	67	1802	94.7963167531
496	64	1807	94.7390146559
497	68	1813	94.6516159518
498	70	1816	94.6752472626
499	75	1821	94.6403693625
500	80	1825	94.7053188006
501	80	1829	94.7148647115
502	82	1829	94.7428580113
503	80	1830	94.7348585034
504	78	1833	94.6362784032
505	83	1836	94.6431160534
506	78	1843	94.6481236716
507	78	1844	94.700716184
508	73	1847	94.6999699954
509	74	1850	94.7902619456
510	76	1854	94.7200210044
511	74	1860	94.8162587039
512	69	1865	94.8401805374
513	73	1868	94.9322809179
514	68	1869	94.9963143396
515	69	1874	94.9460224433
516	66	1880	94.9478363694
517	65	1884	94.9348941385
518	62	1889	94.863309809
519	64	1896	94.8061595068
520	66	1902	94.8759013747
521	65	1905	94.9615234834
522	69	1905	94.9028364459
523	68	1912	94.9226875164
524	73	1912	94.9697434852
525	70	1917	94.9210744763
526	66	1924	94.8599966103
527	69	1928	94.830672583
528	74	1935	94.8804405749
529	75	1942	94.8187747178
530	74	1949	94.7192672582
531	78	1952	94.6736754888
532	75	1955	94.5867099451
533	71	1957	94.508092272
534	75	1963	94.5613485176
535	74	1967	94.486902972
536	73	1969	94.5014369787
537	77	1972	94.5092734576
538	81	1975	94.4684379404
539	86	1978	94.5650794196
540	85	1983	94.492257231
541	87	1985	94.4907509828
542	87	1989	94.5332079477
543	89	1995	94.4414039253
544	87	1999	94.4207178435
545	92	2000	94.326361027
546	93	2001	94.3967061673
547	93	2007	94.3884007547
548	90	2011	94.4037224343
549	95	2013	94.48669968
550	96	2019	94.4099328757
551	94	2022	94.5036209083
552	95	2024	94.4463607419
553	95	2024	94.5337015645
554	100	2025	94.4665535776
555	100	2030	94.5303563647
556	95	2035	94.5866009297
557	92	2036	94.6046036588
558	91	2038	94.522824654
559	89	2043	94.4524176027
560	94	2050	94.4906662589
561	97	2057	94.5605347344
562	94	2062	94.6028486331
563	97	2069	94.6691321083
564	94	2069	94.712543123
565	91	2076	94.7526541105
566	92	2083	94.7760524502
567	96	2088	94.8022626075
568	93	2093	94.8880855574
569	98	2100	94.8839285636
570	98	2105	94.961442532
571	100	2107	94.8882739534
572	98	2113	94.8283932375
573	98	2116	94.8017907252
574	98	2121	94.7742389534
575	103	2128	94.838358658
576	103	2133	94.784490343
577	100	2139	94.8842472613
578	98	2143	94.7929476256
579	100	2143	94.8153768025
580	103	2146	94.7621198648
581	100	2152	94.7771113795
582	97	2156	94.7651371239
583	98	2158	94.6845445885
584	103	2162	94.6679211448
585	105	2167	94.6693374317
586	102	2174	94.7309603706
587	99	2178	94.7501172977
588	97	2183	94.768016801
589	100	2185	94.7913570886
590	103	2191	94.8588998353
591	108	2196	94.8141539636
592	106	2203	94.9073651535
593	111	2206	94.9741747004
594	108	2206	95.0505960405
595	111	2209	95.0424745812
596	111	2212	95.0558558346
597	109	2218	95.0418055513
598	110	2219	95.0837006447
599	113	2224	95.1467015428
600	110	2227	95.2439905297
601	109	2232	95.2112577944
602	114	2239	95.2575946025
603	111	2241	95.2488062869
604	112	2245	95.1745977661
605	116	2245	95.0817297987
606	115	2251	95.1115455055
607	120	2251	95.1836280693
608	119	2252	95.2570450082
609	120	2257	95.1862177404
610	125	2258	95.1987251299
611	121	2263	95.2560303001
612	120	2269	95.2640408177
613	117	2270	95.2269573315
614	116	2272	95.1429689886
615	113	2272	95.1857116455
616	108	2275	95.2527531699
617	106	2278	95.185643971
618	105	2278	95.1753010998
619	107	2282	95.1093942105
620	108	2288	95.1462540186
621	110	2291	95.1200211948
622	109	2296	95.2032552153
623	105	2302	95.2418825259
624	105	2308	95.2269527456
625	102	2311	95.1549099201
626	98	2311	95.1126339695
627	94	2316	95.0149211916
628	95	2317	94.9944868891
629	96	2324	95.0098689821
630	93	2330	94.9521815242
631	94	2336	95.032823418
632	90	2338	94.9652647056
633	86	2344	95.0636500659
634	87	2345	95.0383005613
635	87	2351	95.0224784801
636	92	2358	94.9426510502
637	94	2358	94.9846397436
638	92	2362	94.9404201435
639	92	2362	94.9462043312
640	89	2365	94.9422484699
641	85	2365	94.9934241216
642	88	2371	95.0464732102
643	83	2374	95.0874606125
644	80	2381	95.0835299225
645	84	2381	95.1309448641
646	79	2386	95.197839895
647	76	2388	95.1139617159
648	74	2388	95.0865682141
649	79	2395	95.0726289088
650	81	2400	94.9994700543
651	86	2400	95.0104893231
652	82	2403	95.1046391473
653	82	2410	95.1296031339
654	82	2411	95.1507330082
655	86	2415	95.0789649419
656	91	2415	95.1584898035
657	87	2422	95.0826130102
658	84	2422	95.0398745122
659	79	2422	95.025926744
660	77	2423	94.9718165175
661	78	2430	95.0331666982
662	82	2432	94.9670971413
663	79	2437	94.93841873
664	78	2438	94.9399347224
665	81	2443	95.0254242056
666	80	2444	95.0758768241
667	80	2451	95.0039463417
668	78	2458	95.0873084843
669	81	2459	95.1612452402
670	85	2462	95.0875779156
671	88	2468	94.9914544156
672	90	2475	95.0719056148
673	91	2482	94.9829569948
674	89	2489	95.0338144336
675	87	2491	94.9389004492
676	87	2497	95.0196165371
677	83	2499	94.9571094431
678	78	2501	94.9717991579
679	77	2504	94.976996073
680	76	2504	95.0400123007
681	75	2505	95.067595276
682	71	2505	95.0160262798
683	67	2508	94.9227480905
684	66	2513	95.0034904892
685	62	2520	94.9159298785
686	62	2520	94.9472367329
687	57	2525	94.8669228025
688	62	2525	94.8847597132
689	58	2528	94.9688062625
690	62	2530	94.9066959995
691	64	2535	94.866230483
692	61	2542	94.8674803316
693	58	2545	94.8865467131
694	58	2551	94.854550942
695	53	2557	94.9308864275
696	57	2559	94.907383032
697	60	2560	94.9603717555
698	65	2563	94.9850800938
699	62	2568	95.0065085472
700	63	2571	95.0112272181
701	60	2578	94.9276722108
702	64	2578	94.9886028993
703	62	2578	95.027291886
704	60	2582	94.9984198802
705	64	2583	94.9976659852
706	59	2590	95.0857634885
707	58	2594	95.1166535115
708	56	2596	95.1950245195
709	55	2596	95.2277149803
710	54	2598	95.3007675755
711	58	2602	95.2277715871
712	57	2605	95.2846182406
713	54	2611	95.3568166497
714	51	2618	95.3074881431
715	50	2624	95.313064453
716	54	2628	95.3117554468
717	51	2632	95.2751306568
718	54	2636	95.2317093232
719	54	2637	95.1877084821
720	55	2640	95.1525653262
721	50	2640	95.2048416606
722	54	2640	95.1760710905
723	51	2642	95.1802352668
724	50	2647	95.2418446104
725	53	2648	95.1644580758
726	50	2655	95.1002367942
727	50	2656	95.1999096884
728	52	2657	95.2601104824
729	50	2658	95.3497739397
730	52	2664	95.2932028243
731	57	2665	95.2582902862
732	62	2669	95.2490359507
733	58	2669	95.2736453536
734	63	2670	95.2694951286
735	61	2673	95.2826111957
736	63	2680	95.2192683777
737	61	2681	95.2214904034
738	56	2682	95.2959211728
739	56	2685	95.3819519609
740	55	2687	95.4598353943
741	50	2689	95.5310629564
742	52	2696	95.610609649
743	50	2698	95.5523543871
744	53	2699	95.4583184246
745	56	2706	95.387506761
746	59	2712	95.3886013714
747	57	2716	95.3431350517
748	59	2717	95.396249907
749	61	2720	95.3288895972
750	60	2723	95.3059714258
751	62	2729	95.3531627015
752	67	2734	95.3841637522
753	72	2736	95.4493228925
754	76	2736	95.3908655686
755	78	2742	95.2990665865
756	82	2742	95.3314302537
757	79	2743	95.2345160835
758	83	2748	95.3234560208
759	83	2750	95.3580951283
760	83	2757	95.3197777263
761	82	2760	95.3880175696
762	81	2767	95.4077025157
763	83	2767	95.4366022569
764	84	2768	95.4934820302
765	81	2773	95.4597170672
766	86	2777	95.4966511545
767	85	2782	95.4546969694
768	87	2785	95.3938636272
769	83	2787	95.3232026594
770	82	2789	95.3846821203
771	86	2790	95.4194040433
772	84	2797	95.4569033874
773	80	2804	95.4817912385
774	82	2807	95.4930665461
775	78	2811	95.5716281876
776	80	2812	95.5666383426
777	75	2812	95.589145808
778	80	2812	95.5962353931
779	85	2815	95.6424255325
780	82	2822	95.5662587905
781	82	2829	95.5260229026
782	87	2835	95.5651851558
783	86	2835	95.4814757092
784	81	2840	95.3997104706
785	85	2843	95.4183195678
786	88	2844	95.5138639509
787	90	2846	95.5028095394
788	89	2847	95.4365886459
789	88	2851	95.3367996553
790	91	2858	95.2504965344
791	96	2861	95.2781286272
792	97	2861	95.1946189122
793	102	2865	95.2788606166
794	106	2869	95.2639972044
795	104	2874	95.1965512861
796	108	2881	95.2807081199
797	109	2887	95.3687278972
798	105	2890	95.4217129165
799	104	2891	95.407393251
800	100	2897	95.3860862799
801	99	2902	95.2980187916
802	98	2905	95.3902217695
803	98	2910	95.4496660807
804	98	2916	95.517406667
805	93	2920	95.4336682256
806	88	2923	95.5206314915
807	88	2930	95.5997150007
808	90	2935	95.6673171612
809	94	2940	95.62027706
810	90	2943	95.5709467496
811	89	2945	95.5184763862
812	84	2952	95.4515031745
813	85	2958	95.4314715043
814	88	2959	95.3978033659
815	87	2966	95.4571979453
816	92	2972	95.4291101024
817	91	2972	95.4295767925
818	90	2978	95.3631062445
819	86	2979	95.4247203293
820	90	2985	95.4651410449
821	93	2991	95.561426745
822	93	2995	95.4987160487
823	89	2997	95.4105258972
824	90	3003	95.3898608333
825	93	3007	95.3201432156
826	93	3014	95.2793994475
827	96	3021	95.2563538658
828	94	3023	95.227889091
829	95	3024	95.1606800302
830	100	3024	95.1673112058
831	98	3029	95.1801965877
832	94	3033	95.1579538734
833	95	3036	95.1390906908
834	98	3039	95.0878177995
835	93	3046	95.1598875315
836	98	3048	95.1428420179
837	96	3054	95.1561841526
838	98	3061	95.0833954405
839	102	3063	95.0596824396
840	101	3063	95.1137532185
841	100	3069	95.0824062748
842	95	3072	95.1727392036
843	96	3073	95.2138735963
844	101	3078	95.1497191949
845	99	3079	95.0620516018
846	97	3081	95.0437387845
847	96	3085	95.0276366949
848	99	3092	95.0474258762
849	103	3098	94.9822066881
850	106	3099	95.0698852851
851	103	3101	95.0241506335
852	98	3105	95.0487758517
853	97	3105	95.0217036414
854	98	3112	94.9511766641
855	99	3118	94.8737852891
856	101	3122	94.8797190181
857	101	3127	94.8178229212
858	105	3131	94.795038739
859	110	3136	94.8675769729
860	111	3143	94.9193098376
861	114	3143	94.9517453833
862	117	3149	95.0397747409
863	120	3150	95.0947705496
864	122	3155	95.1282373857
865	126	3158	95.0982982396
866	128	3163	95.1819884412
867	125	3169	95.1089789224
868	129	3171	95.1906111857
869	130	3172	95.2357299888
870	128	3177	95.3094454151
871	132	3183	95.4082753799
872	127	3188	95.3806785584
873	124	3192	95.3926124843
874	126	3193	95.3807274543
875	122	3196	95.2897928774
876	118	3201	95.3056359914
877	123	3207	95.3524010526
878	121	3207	95.4176294671
879	121	3211	95.5103680259
880	117	3212	95.5129998163
881	119	3215	95.5061220268
882	116	3215	95.5699707132
883	120	3216	95.5115171836
884	120	3220	95.508523632
885	117	3225	95.5823557079
886	116	3226	95.5000518707
887	112	3231	95.5767360929
888	115	3235	95.653373191
889	113	3238	95.5970705322
890	108	3240	95.5464691619
891	107	3245	95.4883411776
892	104	3245	95.5828813591
893	109	3252	95.5867425856
894	109	3256	95.6401730374
895	114	3263	95.7256241082
896	116	3269	95.8211898304
897	112	3272	95.775477714
898	112	3278	95.8502833019
899	116	3284	95.7982849119
900	119	3285	95.8037691733
901	117	3286	95.7805701475
902	118	3286	95.8565678692
903	115	3288	95.8521903015
904	111	3294	95.8762462527
905	113	3296	95.8341441488
906	117	3297	95.8003094655
907	122	3304	95.7830957329
908	127	3308	95.7035196842
909	125	3308	95.6198821873
910	125	3311	95.5480146691
911	124	3314	95.5757388713
912	123	3317	95.6396486663
913	128	3324	95.5922385116
914	127	3330	95.6603683144
915	128	3334	95.7013418581
916	127	3335	95.6475470101
917	132	3340	95.5557822043
918	134	3346	95.5541301167
919	133	3353	95.5628716287
920	129	3355	95.6162052013
921	134	3357	95.6160191034
