1	132	95.0263373435	0	0
2	137	95.0264113675	5	5
3	139	95.0220406958	1	6
4	143	95.0194824557	5	11
5	148	95.0496572088	4	15
6	149	95.1244991004	6	21
7	144	95.1165588846	4	25
8	139	95.0501830732	2	27
9	136	95.0148124771	3	30
10	137	95.0096181207	3	33
11	141	95.0019998958	0	33
12	146	95.0881796995	6	39
13	148	95.0331190922	3	42
14	143	94.9457580299	6	48
15	139	94.8930954597	4	52
16	144	94.8704504466	7	59
17	142	94.8492753923	2	61
18	146	94.7762693854	2	63
19	151	94.8749022526	4	67
20	151	94.9587769543	3	70
21	148	94.9215638495	6	76
22	145	94.9862202507	2	78
23	149	95.0752447187	3	81
24	151	95.1694290973	4	85
25	146	95.0822404788	0	85
26	150	94.9957627632	5	90
27	146	94.9534768664	4	94
28	148	95.0366817367	5	99
29	147	95.0264731275	2	101
30	146	95.1209917452	1	102
31	145	95.0529168413	3	105
32	140	95.1342989335	7	112
33	139	95.1630910754	4	116
34	138	95.0954518997	5	121
35	138	95.1778569834	6	127
36	143	95.1558874012	0	127
37	147	95.218021419	5	132
38	146	95.1520313748	1	133
39	143	95.2155946883	5	138
40	139	95.2511084766	6	144
41	134	95.1827207856	1	145
42	130	95.2210510736	2	147
43	128	95.170774332	0	147
44	129	95.2365516493	7	154
45	134	95.3004056973	5	159
46	138	95.3415355662	5	164
47	136	95.2434263719	5	169
48	141	95.2897785294	6	175
49	144	95.2410884428	0	175
50	143	95.27768595	1	176
51	140	95.1973715548	7	183
52	140	95.1677636813	5	188
53	140	95.0871810735	0	188
54	140	95.0140861232	5	193
55	142	95.0225773357	6	199
56	144	94.9835374024	5	204
57	141	94.9760719623	2	206
58	145	94.9154511991	2	208
59	142	94.8370029715	1	209
60	144	94.7664215561	2	211
61	147	94.6750946595	1	212
62	151	94.6932301489	6	218
63	153	94.7807062967	2	220
64	153	94.8324089559	3	223
65	154	94.7769617734	4	227
66	150	94.7172636582	3	230
67	146	94.6519140749	4	234
68	144	94.6421737224	1	235
69	145	94.5787891488	4	239
70	144	94.581556288	4	243
71	148	94.6591635549	3	246
72	152	94.7170299177	7	253
73	156	94.8044258295	1	254
74	151	94.8036192852	4	258
75	152	94.8121452043	0	258
76	155	94.8461237788	5	263
77	157	94.8724172101	0	263
78	162	94.8982545113	0	263
79	164	94.8611324368	0	263
80	162	94.7896592535	3	266
81	160	94.7990368386	5	271
82	159	94.8029795294	4	275
83	163	94.8059535393	2	277
84	168	94.8509604146	6	283
85	164	94.9076438548	2	285
86	161	94.8516033217	1	286
87	164	94.8524633648	5	291
88	159	94.9117730325	5	296
89	160	94.9177019662	3	299
90	156	94.9246081134	0	299
91	158	94.9661632345	4	303
92	159	94.9659568975	4	307
93	161	95.0070039054	6	313
94	158	95.0674368495	1	314
95	158	95.0512473649	4	318
96	161	95.0262410607	2	320
97	165	94.9799289259	0	320
98	170	95.0410582994	3	323
99	170	95.0394110156	6	329
100	165	95.0300423712	2	331
101	167	95.0469302078	4	335
102	166	95.012170776	1	336
103	165	95.0469620659	7	343
104	168	94.9829873198	5	348
105	171	95.0261606414	0	348
106	171	94.9912800498	0	348
107	170	94.994505368	4	352
108	172	95.0770897634	0	352
109	167	95.1753555566	7	359
110	172	95.17133805	5	364
111	176	95.1991776235	1	365
112	175	95.2637493284	4	369
113	175	95.2204475047	3	372
114	178	95.2404445301	4	376
115	183	95.2713825888	5	381
116	185	95.3175616238	0	381
117	182	95.2860993191	5	386
118	181	95.2626406573	3	389
119	179	95.3168043781	4	393
120	182	95.2595337538	5	398
121	185	95.1855892538	6	404
122	180	95.1419417505	2	406
123	176	95.1247702201	5	411
124	176	95.0850091448	1	412
125	171	95.1150147645	6	418
126	171	95.1061012227	1	419
127	169	95.0265641454	0	419
128	165	95.1064569573	6	425
129	167	95.1917397216	5	430
130	172	95.2519382242	5	435
131	173	95.2647094443	4	439
132	175	95.3463142607	7	446
133	176	95.3767298338	3	449
134	174	95.3103422253	7	456
135	169	95.2320613176	2	458
136	169	95.2996544712	6	464
137	168	95.244251199	7	471
138	173	95.1474295122	4	475
139	178	95.0499383947	0	475
140	181	94.9703102765	2	477
141	183	95.048324841	3	480
142	187	95.0582928298	2	482
143	191	95.1418709265	5	487
144	189	95.054269112	5	492
145	186	95.1231130065	3	495
146	185	95.1649660356	1	496
147	187	95.1561594223	6	502
148	191	95.2215115789	7	509
149	191	95.129819318	5	514
150	194	95.0435249879	7	521
151	198	95.0986399423	2	523
152	200	95.1881902129	6	529
153	198	95.119072733	1	530
154	200	95.063011843	5	535
155	200	95.099798849	2	537
156	200	95.1933624707	6	543
157	197	95.1469637155	3	546
158	198	95.1236276613	3	549
159	197	95.056427941	4	553
160	200	95.1227847809	5	558
161	200	95.0754291891	2	560
162	200	95.0768609015	3	563
163	195	95.0618352442	1	564
164	199	94.9672432941	6	570
165	199	94.9855406011	1	571
166	196	94.9530972043	3	574
167	196	94.9668638524	5	579
168	192	94.9057069068	7	586
169	194	94.8522180098	4	590
170	189	94.9088051459	6	596
171	186	94.9368344968	3	599
172	182	94.8736896072	0	599
173	178	94.9267293313	3	602
174	179	94.997429087	4	606
175	179	94.9875874249	1	607
176	177	94.9880160498	0	607
177	179	94.8995676092	3	610
178	175	94.9040045251	2	612
179	174	94.888309308	7	619
180	177	94.8324047885	7	626
181	181	94.8847243464	4	630
182	177	94.9030323417	5	635
183	174	94.8330638435	6	641
184	178	94.7634084291	6	647
185	173	94.7481376273	5	652
186	176	94.783092623	0	652
187	173	94.8449933139	7	659
188	173	94.8158849703	4	663
189	178	94.7427888781	0	663
190	176	94.8400689021	4	667
191	180	94.832271606	2	669
192	180	94.7918841668	4	673
193	185	94.7509162645	1	674
194	188	94.7911693782	2	676
195	190	94.8373916261	1	677
196	187	94.933880373	0	677
197	188	94.9421777659	0	677
198	185	95.0106240749	3	680
199	187	95.0853227517	6	686
200	186	94.9908786722	1	687
201	191	94.9122976263	1	688
202	192	94.9046192658	4	692
203	190	94.9301509262	4	696
204	191	94.978640312	6	702
205	196	94.9110667783	6	708
206	193	94.9441032126	4	712
207	190	94.8603650482	1	713
208	188	94.8525286926	2	715
209	189	94.7982636852	7	722
210	193	94.8110280738	3	725
211	198	94.8711195832	0	725
212	196	94.8138719214	7	732
213	193	94.7604326153	4	736
214	194	94.6638943028	5	741
215	194	94.6144288187	3	744
216	198	94.6169094855	4	748
217	200	94.6495248415	3	751
218	200	94.7101037487	0	751
219	197	94.6191104706	3	754
220	200	94.5748969342	2	756
221	200	94.6660258177	3	759
222	200	94.6517828884	0	759
223	200	94.724405703	6	765
224	200	94.7228035058	0	765
225	199	94.6789887636	1	766
226	200	94.6226761738	0	766
227	198	94.5272852703	0	766
228	200	94.6177116288	0	766
229	200	94.5557269245	6	772
230	200	94.6197977758	6	778
231	200	94.6006766926	1	779
232	197	94.6763367035	1	780
233	200	94.7112605101	1	781
234	200	94.7505747263	5	786
235	197	94.6608965889	0	786
236	200	94.5943408602	5	791
237	196	94.580212035	3	794
238	193	94.5385811369	1	795
239	193	94.5973789514	4	799
240	192	94.6571327087	2	801
241	188	94.5798091306	6	807
242	193	94.6342259846	5	812
243	198	94.7250352127	5	817
244	196	94.8203318727	4	821
245	198	94.8637483978	0	821
246	193	94.8215008708	0	821
247	190	94.8585747406	1	822
248	192	94.8111440985	4	826
249	188	94.8094633946	7	833
250	191	94.8380664213	0	833
251	191	94.8458737549	1	834
252	187	94.8158476073	2	836
253	190	94.878755446	7	843
254	188	94.9355756069	1	844
255	185	94.9896938093	2	846
256	180	94.900535834	0	846
257	182	94.863728293	1	847
258	186	94.9065467362	7	854
259	190	94.977506164	2	856
260	192	95.0199946022	6	862
261	197	94.9269241718	3	865
262	196	94.9125605294	3	868
263	191	94.8163820661	5	873
264	191	94.9083541793	2	875
265	195	94.8950096368	7	882
266	193	94.8770359506	2	884
267	193	94.8697658333	7	891
268	193	94.9136048486	4	895
269	194	94.9136888468	5	900
270	189	94.9898017585	3	903
271	193	94.9021360247	2	905
272	191	94.8969558464	6	911
273	191	94.9706916612	0	911
274	192	94.9685433623	2	913
275	196	95.0349237715	5	918
276	194	95.0122392471	7	925
277	190	94.9443491076	5	930
278	192	94.9564137725	2	932
279	188	94.9271031809	0	932
280	189	94.8287393048	6	938
281	190	94.7730811793	3	941
282	189	94.8104864577	6	947
283	194	94.8700943729	2	949
284	193	94.8528798751	1	950
285	192	94.7573851459	1	951
286	191	94.8104048168	4	955
287	192	94.8222377952	6	961
288	192	94.8240661933	3	964
289	195	94.9100950037	6	970
290	190	94.8371344637	3	973
291	185	94.7859456977	4	977
292	182	94.8599871861	7	984
293	178	94.8304765385	6	990
294	178	94.7771401533	1	991
295	175	94.8199956705	5	996
296	173	94.8589205968	3	999
297	174	94.8262857482	3	1002
298	173	94.8502248694	4	1006
299	172	94.947132898	0	1006
300	171	94.883100186	0	1006
301	174	94.8476174523	0	1006
302	172	94.8635346603	7	1013
303	171	94.9585108712	4	1017
304	168	95.0160339445	1	1018
305	172	95.0884618282	1	1019
306	172	95.0282148501	6	1025
307	173	95.0295522363	5	1030
308	173	94.9554267248	0	1030
309	170	94.8876656372	1	1031
310	168	94.9577332246	3	1034
311	173	94.9619395122	2	1036
312	169	94.9553633447	2	1038
313	164	94.8635852821	3	1041
314	161	94.9615104096	5	1046
315	156	95.0504118457	5	1051
316	155	94.9670742731	7	1058
317	150	94.8817257828	5	1063
318	145	94.9480736921	6	1069
319	148	94.8646034885	4	1073
320	146	94.8038397055	1	1074
321	146	94.736323376	7	1081
322	142	94.7447269179	4	1085
323	146	94.7227450349	7	1092
324	151	94.6230060919	3	1095
325	148	94.6167319893	2	1097
326	143	94.5808854179	3	1100
327	147	94.4950399882	1	1101
328	142	94.5176126371	0	1101
329	145	94.4812550825	6	1107
330	141	94.5132619338	4	1111
331	146	94.5985034829	2	1113
332	147	94.6128521717	4	1117
333	143	94.6997383411	0	1117
334	143	94.6017772294	0	1117
335	141	94.5714640865	2	1119
336	140	94.4813389811	7	1126
337	145	94.4450507185	0	1126
338	141	94.3784426359	2	1128
339	145	94.2963795209	1	1129
340	145	94.2388552347	7	1136
341	144	94.1417465267	1	1137
342	148	94.1458192115	7	1144
343	145	94.2068508107	2	1146
344	141	94.1944741773	3	1149
345	143	94.1415607168	5	1154
346	141	94.1685456919	5	1159
347	136	94.1361282101	1	1160
348	134	94.1856746666	1	1161
349	134	94.1285773546	4	1165
350	132	94.1527673685	4	1169
351	131	94.1912725145	5	1174
352	128	94.1056328723	7	1181
353	129	94.0295536822	0	1181
354	127	94.0387505789	5	1186
355	124	93.9711872857	2	1188
356	122	93.9438500357	5	1193
357	126	94.0185190139	2	1195
358	129	93.9868126977	3	1198
359	127	93.9783979377	4	1202
360	128	94.0288558781	2	1204
361	129	94.0524055718	4	1208
362	132	94.1236720828	3	1211
363	136	94.0452577563	1	1212
364	141	94.1023796073	5	1217
365	137	94.201766977	3	1220
366	133	94.1879110591	0	1220
367	138	94.1656089664	4	1224
368	136	94.1757356131	2	1226
369	137	94.1815242114	3	1229
370	138	94.1163867881	5	1234
371	143	94.0231096552	6	1240
372	142	94.0250588542	1	1241
373	139	94.095976503	0	1241
374	137	94.0035509333	1	1242
375	134	93.9950677013	5	1247
376	135	94.0458175633	5	1252
377	133	94.0269037603	7	1259
378	130	94.0913909608	7	1266
379	131	94.0865392514	3	1269
380	135	94.1754387095	1	1270
381	131	94.128179673	4	1274
382	129	94.0863136075	1	1275
383	129	93.9880258914	3	1278
384	128	93.9778024789	3	1281
385	127	94.0243231392	7	1288
386	129	94.0423133477	6	1294
387	125	94.0533227129	3	1297
388	128	93.9828134507	6	1303
389	124	94.0366396503	1	1304
390	129	94.0069671265	0	1304
391	133	93.9509506623	0	1304
392	129	93.8584258961	0	1304
393	131	93.8854727757	0	1304
394	132	93.8842383541	6	1310
395	133	93.8223949933	5	1315
396	134	93.8759904755	7	1322
397	132	93.869819788	0	1322
398	133	93.7927833072	4	1326
399	138	93.7452640363	0	1326
400	141	93.7770245995	3	1329
401	145	93.7900431963	7	1336
402	146	93.7577446037	7	1343
403	151	93.8420198894	1	1344
404	152	93.829546316	3	1347
405	151	93.8351314281	6	1353
406	151	93.8362966403	5	1358
407	146	93.7737826644	7	1365
408	145	93.8577262931	1	1366
409	143	93.9183269196	0	1366
410	148	93.975001591	7	1373
411	145	93.9599804584	3	1376
412	145	93.9082073189	4	1380
413	147	93.8189547181	2	1382
414	145	93.910952825	7	1389
415	148	93.8584434107	0	1389
416	143	93.8824280241	0	1389
417	141	93.7884183868	3	1392
418	144	93.7148712785	1	1393
419	139	93.6950708838	7	1400
420	136	93.749724409	7	1407
421	137	93.7136858533	1	1408
422	137	93.8003959361	6	1414
423	132	93.7291894213	2	1416
424	136	93.7704393462	3	1419
425	136	93.7996126398	2	1421
426	132	93.8934744486	7	1428
427	133	93.8773510627	7	1435
428	134	93.9664792755	1	1436
429	134	93.8732125252	7	1443
430	129	93.882799633	6	1449
431	133	93.8166804472	1	1450
432	134	93.8291324709	3	1453
433	131	93.8718480709	5	1458
434	129	93.7938295973	0	1458
435	127	93.8805668957	7	1465
436	122	93.8667095794	7	1472
437	119	93.8717745926	2	1474
438	115	93.816404527	0	1474
439	119	93.8745137233	0	1474
440	118	93.9492802363	6	1480
441	118	93.8878079332	2	1482
442	123	93.8690736903	2	1484
443	121	93.9094950518	5	1489
444	121	93.9631096831	6	1495
445	124	93.8670271465	6	1501
446	129	93.7745668618	6	1507
447	124	93.8564358408	1	1508
448	123	93.9465564356	4	1512
449	118	93.9932817587	6	1518
450	123	94.0069141033	2	1520
451	118	93.9741400279	1	1521
452	113	94.0037400727	3	1524
453	115	94.0554169298	3	1527
454	111	94.1426855188	6	1533
455	107	94.0805048831	5	1538
456	112	94.1278462269	2	1540
457	117	94.1756829428	0	1540
458	114	94.1287210061	6	1546
459	110	94.1494603864	2	1548
460	110	94.0763197605	2	1550
461	105	94.1212851773	4	1554
462	107	94.1382481002	1	1555
463	108	94.1270991179	5	1560
464	105	94.1987294044	0	1560
465	109	94.1990160694	5	1565
466	113	94.2037629619	6	1571
467	116	94.1316325561	2	1573
468	115	94.1028078671	0	1573
469	110	94.0711102689	5	1578
470	113	94.0386812244	2	1580
471	113	94.0481249035	7	1587
472	118	94.0113739574	7	1594
473	118	94.0943934231	5	1599
474	116	94.0331092933	1	1600
475	115	94.0924443624	0	1600
476	117	94.0948657406	3	1603
477	119	94.0244657902	5	1608
478	119	93.9394094788	4	1612
479	118	94.007456696	7	1619
480	122	94.0171885519	1	1620
481	118	94.0786531527	5	1625
482	118	93.9851982503	4	1629
483	113	94.0563661514	3	1632
484	108	94.0622538009	0	1632
485	112	94.0727748562	2	1634
486	113	94.0977483968	6	1640
487	111	94.0564672049	3	1643
488	116	94.1412264532	7	1650
489	117	94.0790853113	6	1656
490	122	94.0185653627	7	1663
491	120	93.969578399	0	1663
492	124	94.0467111206	2	1665
493	129	93.9494972164	3	1668
494	127	93.9333223674	3	1671
495	122	94.0244743602	7	1678
496	121	93.9907015905	2	1680
497	125	94.0645574838	5	1685
498	122	94.0604297823	6	1691
499	125	93.9760946905	0	1691
500	125	93.8928758587	2	1693
501	124	93.9847404351	3	1696
502	127	93.9256812259	7	1703
503	127	93.9002122392	4	1707
504	129	93.80378973	6	1713
505	125	93.8689666004	0	1713
506	130	93.9217301683	2	1715
507	125	93.9989180201	7	1722
508	121	94.0046034645	0	1722
509	126	93.9864592064	1	1723
510	128	94.0004440004	3	1726
511	131	93.9396394138	1	1727
512	126	93.9237911091	5	1732
513	131	93.9586751156	1	1733
514	126	94.054888912	7	1740
515	127	94.1472947314	2	1742
516	130	94.2376866318	1	1743
517	131	94.2494197705	0	1743
518	127	94.2479529428	7	1750
519	125	94.3351136339	2	1752
520	122	94.364881182	4	1756
521	127	94.2935988997	1	1757
522	125	94.2914417368	4	1761
523	129	94.3751161028	7	1768
524	133	94.3452653357	0	1768
525	133	94.3956816867	5	1773
526	138	94.3293081784	2	1775
527	137	94.2446539445	4	1779
528	135	94.2643408406	6	1785
529	140	94.174745832	0	1785
530	137	94.126408829	2	1787
531	134	94.0632458409	5	1792
532	139	94.0862634772	1	1793
533	141	94.1108353284	2	1795
534	136	94.1312390506	0	1795
535	140	94.0429030121	6	1801
536	142	93.9802908549	0	1801
537	137	93.927185721	7	1808
538	139	93.9911906174	7	1815
539	136	93.9986093914	2	1817
540	141	94.023341974	1	1818
541	146	94.1085559674	4	1822
542	151	94.1198258861	3	1825
543	147	94.0999780063	4	1829
544	147	94.1824137841	4	1833
545	149	94.1775661069	5	1838
546	151	94.2454196645	6	1844
547	148	94.2549758571	2	1846
548	143	94.1815999927	1	1847
549	146	94.1866058259	4	1851
550	146	94.1555028791	4	1855
551	144	94.1572072818	2	1857
552	139	94.0739709357	6	1863
553	136	93.9915221944	6	1869
554	140	93.9399313898	4	1873
555	136	93.9784486619	7	1880
556	132	94.007483192	1	1881
557	135	93.9551245456	2	1883
558	132	93.9324021294	7	1890
559	130	93.9090588751	4	1894
560	135	93.99534289	4	1898
561	139	94.0630265071	1	1899
562	143	93.9772867704	4	1903
563	148	93.9140776263	5	1908
564	152	93.8245598763	4	1912
565	148	93.8417381648	3	1915
566	143	93.7817448769	0	1915
567	146	93.7931530865	3	1918
568	143	93.779302128	7	1925
569	144	93.7918673969	0	1925
570	142	93.7939983165	5	1930
571	138	93.8164733874	1	1931
572	142	93.8402677304	3	1934
573	146	93.8351137018	0	1934
574	148	93.8593648529	2	1936
575	146	93.8326687846	4	1940
576	143	93.85318594	6	1946
577	143	93.8314034317	5	1951
578	144	93.8533452316	5	1956
579	148	93.8524447555	6	1962
580	146	93.857373851	7	1969
581	142	93.8232099036	1	1970
582	140	93.9107482409	2	1972
583	143	93.9507342727	0	1972
584	145	93.9153949646	1	1973
585	141	93.8655531136	1	1974
586	142	93.9061640472	2	1976
587	137	93.824763758	1	1977
588	140	93.8146958413	6	1983
589	144	93.7414548844	7	1990
590	139	93.7994213744	6	1996
591	139	93.8532364475	5	2001
592	136	93.9385242711	2	2003
593	134	93.8876269824	6	2009
594	132	93.7960274711	1	2010
595	135	93.7243433073	6	2016
596	133	93.6285341879	3	2019
597	138	93.7160066331	5	2024
598	140	93.7176621313	5	2029
599	137	93.6635176151	0	2029
600	137	93.7112880046	7	2036
601	139	93.656268929	2	2038
602	137	93.5706857734	0	2038
603	133	93.6479831618	4	2042
604	134	93.5995762193	1	2043
605	137	93.6503714488	2	2045
606	135	93.667008541	4	2049
607	134	93.7413011607	6	2055
608	137	93.6628058069	3	2058
609	136	93.7036034823	2	2060
610	135	93.6366135398	2	2062
611	130	93.6689007932	2	2064
612	134	93.5956954407	5	2069
613	138	93.5811366721	1	2070
614	143	93.5452150218	6	2076
615	148	93.4792536388	2	2078
616	150	93.4778448698	6	2084
617	153	93.4196142101	0	2084
618	153	93.3782665492	0	2084
619	158	93.4179363707	2	2086
620	162	93.3474659325	3	2089
621	164	93.4101694684	0	2089
622	163	93.4768781334	2	2091
623	162	93.5691240366	4	2095
624	161	93.6512160204	0	2095
625	159	93.6859968685	0	2095
626	156	93.5935403197	5	2100
627	156	93.6485402978	0	2100
628	158	93.7230902886	0	2100
629	159	93.7579808233	2	2102
630	160	93.7342314809	3	2105
631	162	93.7168004456	1	2106
632	158	93.7062791502	6	2112
633	155	93.6085395811	1	2113
634	155	93.6618148251	5	2118
635	158	93.6587936762	7	2125
636	158	93.7465188368	1	2126
637	154	93.7620696365	1	2127
638	155	93.7036226369	4	2131
639	153	93.7348656844	5	2136
640	155	93.6869234009	7	2143
641	152	93.7570904693	7	2150
642	147	93.8325766547	4	2154
643	151	93.8529976661	4	2158
644	148	93.9049417191	5	2163
645	152	93.8756782395	5	2168
646	152	93.8230544997	4	2172
647	151	93.9001816455	4	2176
648	151	93.8112655583	6	2182
649	148	93.9069451611	4	2186
650	147	93.913257029	6	2192
651	145	93.9678252548	2	2194
652	143	94.0135851715	5	2199
653	146	93.9516913765	7	2206
654	141	93.8787040622	3	2209
655	136	93.9712856694	5	2214
656	131	93.9753123607	7	2221
657	135	94.0748698705	3	2224
658	131	94.0698823365	0	2224
659	126	94.1110354547	2	2226
660	129	94.0872145456	0	2226
661	129	94.0772385403	5	2231
662	132	94.0525839957	4	2235
663	128	93.980609217	1	2236
664	130	93.9189050952	1	2237
665	133	93.941140278	4	2241
666	134	93.9254762792	0	2241
667	134	93.9647222194	3	2244
668	135	94.0172413935	3	2247
669	133	94.0410568162	3	2250
670	129	94.0882066439	7	2257
671	132	94.0094109835	7	2264
672	130	94.0266913328	6	2270
673	135	93.9965777151	6	2276
674	140	94.0800569067	2	2278
675	144	94.019060708	5	2283
676	146	93.9447381749	4	2287
677	144	93.9066808667	3	2290
678	145	93.8273764924	4	2294
679	143	93.7634182812	4	2298
680	139	93.8606360516	1	2299
681	139	93.9396551202	7	2306
682	144	93.9564680441	6	2312
683	140	93.9561489302	7	2319
684	135	93.9614837854	5	2324
685	133	93.8685036019	2	2326
686	136	93.9575399901	7	2333
687	132	93.9532988146	2	2335
688	136	93.8550713476	1	2336
689	132	93.8285287964	4	2340
690	129	93.8400527561	6	2346
691	129	93.9365336365	2	2348
692	124	94.036505637	2	2350
693	126	94.0480210974	5	2355
694	128	94.0484916316	4	2359
695	127	93.9703905388	0	2359
696	127	93.9953995055	2	2361
697	125	93.9536527727	4	2365
698	127	94.0143653958	7	2372
699	127	94.0065440426	6	2378
700	127	94.0738203642	4	2382
701	126	94.0729848568	6	2388
702	124	94.0590310726	4	2392
703	129	93.9612676131	2	2394
704	130	93.8844896555	2	2396
705	132	93.9330116514	5	2401
706	136	94.0256193091	3	2404
707	134	93.9325914021	2	2406
708	136	93.9692363267	6	2412
709	131	93.9190911709	1	2413
710	128	93.8878592178	3	2416
711	132	93.924925233	1	2417
712	135	93.9024037557	3	2420
713	131	93.8841449074	7	2427
714	134	93.9618329798	1	2428
715	133	94.0407677937	6	2434
716	137	94.1078202937	1	2435
717	139	94.1099668688	4	2439
718	143	94.1612533498	7	2446
719	146	94.2154017579	0	2446
720	149	94.2860754335	0	2446
721	150	94.3423496222	0	2446
722	154	94.3142709924	4	2450
723	151	94.3735980285	4	2454
724	147	94.4478108441	5	2459
725	148	94.5403608181	0	2459
726	153	94.4906677697	4	2463
727	155	94.3942122423	4	2467
728	158	94.3753144623	4	2471
729	162	94.2951634625	5	2476
730	160	94.2691637149	4	2480
731	160	94.2839926154	5	2485
732	158	94.1946457061	1	2486
733	160	94.1885224201	1	2487
734	155	94.1590762223	4	2491
735	155	94.1306854608	4	2495
736	158	94.1356724427	4	2499
737	161	94.1327024239	5	2504
738	163	94.1136147007	0	2504
739	162	94.1265162955	7	2511
740	167	94.0323783697	4	2515
741	163	94.0769140131	7	2522
742	161	94.1055296851	1	2523
743	156	94.0477092907	7	2530
744	152	94.020821155	3	2533
745	150	94.058366149	3	2536
746	149	94.0553155874	1	2537
747	145	93.9570638272	7	2544
748	145	93.992271049	6	2550
749	144	93.9924412112	6	2556
750	145	93.9805938386	3	2559
751	146	93.9804183468	1	2560
752	143	93.9996576746	1	2561
753	142	93.940175427	5	2566
754	147	93.9296171609	3	2569
755	143	93.9887217699	7	2576
756	141	94.0522813304	7	2583
757	144	94.1339743432	7	2590
758	146	94.0710099923	7	2597
759	145	94.0593899456	3	2600
760	141	93.9642494276	5	2605
761	145	94.0369852838	3	2608
762	146	94.007249748	0	2608
763	144	93.970598034	0	2608
764	142	94.0040627793	7	2615
765	141	93.9248778971	4	2619
766	141	93.8491559168	4	2623
767	142	93.9220112458	3	2626
768	144	93.8532537438	4	2630
769	142	93.8601425415	2	2632
770	140	93.8720162459	2	2634
771	135	93.8886171434	5	2639
772	136	93.849146191	3	2642
773	131	93.7511576452	6	2648
774	131	93.8250651126	7	2655
775	135	93.8168633394	7	2662
776	138	93.8374182058	0	2662
777	142	93.90334629	4	2666
778	140	93.8081173612	3	2669
779	138	93.7273594556	5	2674
780	140	93.7393121377	0	2674
781	139	93.8237528494	3	2677
782	136	93.7320796423	4	2681
783	139	93.7806944876	2	2683
784	143	93.6957537716	2	2685
785	140	93.5969697909	5	2690
786	143	93.6901347067	0	2690
787	140	93.6402051225	1	2691
788	136	93.7276494338	2	2693
789	136	93.8133851008	4	2697
790	139	93.8410467816	1	2698
791	143	93.9232681283	7	2705
792	139	94.0135822864	3	2708
793	140	94.0224654903	0	2708
794	144	94.0204981533	2	2710
795	149	94.0398346604	0	2710
796	151	93.9612807726	3	2713
797	146	93.8688985852	0	2713
798	151	93.7752386246	7	2720
799	146	93.8636319544	1	2721
800	150	93.8085402053	1	2722
801	148	93.7719027373	0	2722
802	153	93.8346930222	1	2723
803	152	93.9333457128	4	2727
804	154	93.9631926525	6	2733
805	155	93.9839107954	0	2733
806	152	93.9023308823	0	2733
807	150	93.8596734993	3	2736
808	145	93.9010633559	6	2742
809	142	93.907256218	3	2745
810	139	93.9230823363	7	2752
811	144	93.9617023413	3	2755
812	144	94.0116161047	5	2760
813	146	94.1039438276	2	2762
814	141	94.1930024071	3	2765
815	144	94.1717920386	0	2765
816	149	94.1427644309	2	2767
817	148	94.2245050592	4	2771
818	147	94.3091290352	0	2771
819	151	94.2395621579	1	2772
820	151	94.2750832355	0	2772
821	153	94.2153775158	1	2773
822	151	94.2596227382	7	2780
823	152	94.1620262622	1	2781
824	156	94.1278338779	2	2783
825	156	94.064175692	3	2786
826	159	94.1198675172	4	2790
827	163	94.1468002101	0	2790
828	166	94.0786033059	0	2790
829	163	94.0519075383	1	2791
830	167	94.0632175264	0	2791
831	163	94.0671700807	3	2794
832	158	94.0032279658	0	2794
833	156	94.0515076511	1	2795
834	158	94.0149179679	1	2796
835	158	93.978882923	4	2800
836	159	94.0721840562	3	2803
837	156	94.060612057	2	2805
838	151	94.0500867577	4	2809
839	147	94.0016629485	6	2815
840	142	93.908454874	1	2816
841	138	93.9877381074	4	2820
842	141	94.0851685965	7	2827
843	145	94.0126797417	5	2832
844	143	93.9756894569	4	2836
845	147	94.0627572478	1	2837
846	145	93.9784760932	2	2839
847	146	94.0700842961	7	2846
848	141	94.00170195	1	2847
849	143	94.0345505861	1	2848
850	145	94.0967610617	1	2849
851	148	94.0861014248	3	2852
852	147	94.1023365644	1	2853
853	149	94.0962660872	2	2855
854	144	94.1940341407	3	2858
855	144	94.1445453285	1	2859
856	147	94.0966360794	3	2862
857	152	94.0059186151	4	2866
858	153	94.1017107668	1	2867
859	157	94.0321061155	1	2868
860	162	94.1165170519	0	2868
861	162	94.1094405733	4	2872
862	157	94.1244553328	6	2878
863	155	94.2220215923	5	2883
864	151	94.1337490805	6	2889
865	149	94.2201631081	2	2891
866	149	94.2994931717	5	2896
867	154	94.3350903186	7	2903
868	149	94.3116812063	6	2909
869	151	94.3706398749	3	2912
870	156	94.4199769197	7	2919
871	160	94.4365628459	1	2920
872	163	94.479400198	0	2920
873	159	94.440562355	5	2925
874	155	94.4076109938	3	2928
875	157	94.4514237075	6	2934
876	158	94.5010140123	4	2938
877	160	94.4586323013	0	2938
878	162	94.4592382664	0	2938
879	161	94.4518369705	1	2939
880	160	94.5384046365	0	2939
881	157	94.5165612434	6	2945
882	158	94.4951471297	7	2952
883	153	94.5418028476	2	2954
884	149	94.4423850051	2	2956
885	148	94.4678477235	4	2960
886	143	94.3972791036	3	2963
887	146	94.4757160434	1	2964
888	145	94.3839995289	0	2964
889	149	94.3166678651	4	2968
890	149	94.292752641	3	2971
891	144	94.2454413165	3	2974
892	148	94.2062683005	2	2976
893	150	94.2653502721	7	2983
894	146	94.2987180472	3	2986
895	143	94.3158384604	2	2988
896	146	94.2870531789	5	2993
897	143	94.2904632446	5	2998
898	138	94.2030097175	0	2998
899	138	94.199620663	4	3002
900	141	94.2682984893	1	3003
901	137	94.2334093409	3	3006
902	139	94.2425810257	7	3013
903	144	94.2582587842	3	3016
904	143	94.352472876	4	3020
905	145	94.3693193835	3	3023
906	146	94.3113442239	5	3028
907	151	94.2754416113	5	3033
908	153	94.332972099	0	3033
909	155	94.2764074328	3	3036
910	153	94.2902265462	4	3040
911	153	94.2967181365	7	3047
912	154	94.2631898521	0	3047
913	158	94.2198284914	0	3047
914	158	94.261246331	1	3048
915	163	94.2172104202	6	3054
916	166	94.2413794754	4	3058
917	171	94.3402805152	2	3060
918	175	94.3238337239	6	3066
919	173	94.2697305003	4	3070
920	173	94.2743921434	1	3071
921	169	94.204954071	4	3075
922	165	94.2981209978	3	3078
923	167	94.2472627458	4	3082
924	168	94.23851338	0	3082
925	172	94.3305985505	3	3085
926	176	94.2888690893	5	3090
927	175	94.3667472354	5	3095
928	174	94.3654772618	4	3099
929	178	94.4363966324	7	3106
930	173	94.4935131009	6	3112
931	176	94.5800969278	0	3112
932	181	94.542040745	0	3112
933	180	94.4708273862	0	3112
934	183	94.4849260987	2	3114
935	188	94.4365019084	2	3116
936	193	94.3796560862	2	3118
937	196	94.3142870107	4	3122
938	200	94.2437339299	3	3125
939	200	94.2475394054	5	3130
940	200	94.1510371536	2	3132
941	200	94.054594265	1	3133
942	196	94.0666228295	4	3137
943	191	94.0513053267	2	3139
944	193	93.9978391012	0	3139
945	188	93.9419519421	1	3140
946	188	93.885131208	5	3145
947	193	93.796492226	4	3149
948	191	93.7200664038	3	3152
949	187	93.6513348226	4	3156
950	183	93.6859238544	4	3160
951	188	93.708412771	5	3165
952	183	93.662102122	6	3171
953	183	93.6573801343	1	3172
954	187	93.6282995656	3	3175
955	183	93.677181094	1	3176
956	188	93.6618300325	7	3183
957	183	93.6279597776	1	3184
958	188	93.6519853994	3	3187
959	193	93.6991025464	0	3187
960	197	93.6555138465	1	3188
961	195	93.5769760395	3	3191
962	200	93.5347044337	6	3197
963	196	93.5020728684	4	3201
964	194	93.40273801	3	3204
965	195	93.3769117587	2	3206
966	200	93.2970035509	7	3213
967	197	93.3201310347	6	3219
968	193	93.2403262298	7	3226
969	188	93.2243036734	7	3233
970	184	93.1869211108	4	3237
971	187	93.112252519	2	3239
972	183	93.0962105958	4	3243
