1	127	7	95.0524374293
2	132	10	95.0666948969
3	129	14	95.03016225
4	134	21	94.9853974186
5	130	28	95.0829718402
6	134	35	95.117108924
7	134	41	95.0282679807
8	133	43	95.0998301713
9	135	46	95.0283401069
10	132	52	94.9322401469
11	136	59	94.92870357
12	131	64	94.9664763226
13	129	66	95.0082288577
14	129	70	94.9370237015
15	124	74	94.8938656378
16	121	80	94.939535279
17	124	87	95.0094882621
18	122	91	95.0305643054
19	127	98	94.9758007792
20	129	104	95.0136154436
21	129	109	94.9344149815
22	132	109	95.0200251359
23	131	110	95.1068126001
24	133	111	95.1062132396
25	128	117	95.0653586626
26	133	119	95.0278915373
27	136	121	95.0438974011
28	139	128	95.1046920074
29	136	129	95.0390248056
30	133	133	94.9979247593
31	135	136	95.0713941405
32	138	142	95.1259558844
33	135	147	95.1574789446
34	132	154	95.064127216
35	133	159	95.0270763365
36	128	161	95.0091968395
37	128	164	95.0859870488
38	127	164	95.1435700767
39	132	166	95.0522462125
40	137	168	95.0067929202
41	133	172	94.9273707949
42	136	178	94.8643301578
43	140	184	94.7970004545
44	142	187	94.8781712383
45	140	194	94.9741459122
46	138	198	95.0424104881
47	138	199	95.0009155448
48	142	204	94.9085154442
49	146	206	94.8207891192
50	144	211	94.7865348804
51	149	212	94.7879840195
52	150	216	94.8520671589
53	151	220	94.9151464587
54	155	224	94.9006845209
55	159	229	94.8576487041
56	157	231	94.7795933456
57	155	238	94.806267437
58	157	242	94.7332099186
59	152	244	94.7675118826
60	150	248	94.7036069846
61	146	250	94.6700773198
62	149	251	94.6293286007
63	144	253	94.6025127386
64	148	259	94.6021190626
65	149	265	94.6034455077
66	152	270	94.690644947
67	150	274	94.7881232976
68	149	277	94.8768016568
69	152	281	94.8190419711
70	149	285	94.7275926572
71	147	291	94.797616451
72	144	294	94.758112467
73	149	299	94.7108876862
74	147	305	94.7427372607
75	149	308	94.6555887824
76	150	315	94.7020078708
77	147	319	94.6430101173
78	147	322	94.5802450492
79	145	322	94.6593500113
80	146	323	94.7485663964
81	143	327	94.7391433418
82	138	334	94.6617290237
83	134	338	94.663620889
84	136	345	94.7177435819
85	138	348	94.8023301894
86	139	353	94.7286248479
87	143	358	94.6967190226
88	144	363	94.6870764949
89	143	365	94.6801392567
90	144	367	94.6496072198
91	141	374	94.6603341794
92	145	375	94.7482695361
93	142	376	94.842018355
94	137	379	94.8446017791
95	138	382	94.9445191006
96	143	382	95.0435312923
97	144	385	95.0201577031
98	144	392	94.9267489369
99	144	392	95.0259467979
100	140	399	94.9944847197
101	145	402	94.966358067
102	150	407	95.0111733341
103	151	408	95.088359277
104	155	408	95.0554487638
105	154	408	95.0725338026
106	156	411	95.0928105005
107	156	413	95.1168640702
108	156	413	95.115216107
109	160	415	95.0170461787
110	163	416	94.9966928814
111	162	423	95.0178867349
112	166	427	95.0433747504
113	170	431	95.0428745281
114	166	433	95.0806475641
115	167	433	94.989201911
116	167	433	95.07099905
117	164	438	95.1546780287
118	168	440	95.2105459594
119	168	446	95.2716448987
120	164	446	95.3484792734
121	168	452	95.2844056567
122	164	459	95.3313833111
123	164	466	95.4096783112
124	163	473	95.4591822103
125	160	475	95.55439324
126	165	480	95.5187054227
127	161	484	95.4373283501
128	162	487	95.5051246932
129	160	487	95.4170055048
130	158	488	95.5041702053
131	163	493	95.469580429
132	159	500	95.4148047383
133	162	505	95.4952061218
134	167	505	95.4793265045
135	164	506	95.4480902674
136	164	512	95.4638372841
137	163	519	95.5116565382
138	168	526	95.5740372478
139	166	529	95.5767283712
140	161	536	95.5764078441
141	165	536	95.6636671454
142	160	540	95.6412036372
143	163	546	95.650076004
144	167	551	95.648625831
145	172	557	95.5713373938
146	168	563	95.4720040077
147	171	569	95.3816149549
148	172	570	95.3934689663
149	173	575	95.4387675365
150	174	575	95.4378309977
151	179	575	95.4019267078
152	178	581	95.43313772
153	180	585	95.4165733659
154	183	587	95.4321633122
155	180	591	95.3992146594
156	185	598	95.314755005
157	180	602	95.3989737374
158	184	602	95.4645688044
159	182	609	95.4620935055
160	180	611	95.4218886462
161	178	617	95.5028801873
162	182	624	95.5792863065
163	179	627	95.5241504086
164	182	628	95.5195894901
165	177	632	95.5704797019
166	176	635	95.5223884878
167	179	638	95.5361848023
168	175	643	95.6241760575
169	180	650	95.7059325316
170	177	653	95.7067840802
171	175	655	95.7938956985
172	174	659	95.7015073498
173	177	661	95.6549750426
174	176	666	95.6066329883
175	176	670	95.5762563607
176	179	672	95.6217725301
177	176	677	95.5961356184
178	172	681	95.6127180194
179	177	686	95.5360479946
180	179	688	95.6137448396
181	182	691	95.636167305
182	183	692	95.6288877599
183	180	693	95.6047186901
184	184	700	95.701860436
185	181	705	95.7610410184
186	177	709	95.6681097424
187	178	715	95.7196162763
188	174	720	95.688942783
189	179	724	95.6470533226
190	176	731	95.7119147217
191	174	738	95.7604900408
192	172	745	95.7506318704
193	177	752	95.6658590116
194	182	752	95.7324642539
195	183	752	95.714038929
196	178	759	95.659369291
197	179	762	95.6013768269
198	184	763	95.517874393
199	185	766	95.5656154628
200	181	771	95.5058715756
201	185	774	95.4561577638
202	187	776	95.3930507005
203	188	779	95.3036942393
204	187	781	95.3915053521
205	191	781	95.3744309921
206	192	787	95.3966234947
207	190	793	95.4283473437
208	195	795	95.5090230993
209	191	796	95.4732038659
210	194	797	95.539370404
211	194	801	95.4688256983
212	192	802	95.4665295237
213	188	807	95.4385160511
214	189	809	95.5056204441
215	193	811	95.5243175276
216	197	817	95.4684716404
217	199	823	95.5537498685
218	200	826	95.6095041859
219	200	827	95.5885624549
220	200	833	95.6580726817
221	196	836	95.6648603461
222	200	841	95.6047329138
223	200	848	95.6643790263
224	195	854	95.5681678669
225	191	858	95.4814761373
226	189	861	95.5440513402
227	187	864	95.5518407319
228	190	866	95.5945715665
229	194	873	95.4983984332
230	199	876	95.5706288183
231	200	878	95.5214447247
232	200	880	95.4483370185
233	195	881	95.3580425437
234	192	881	95.3558209188
235	197	888	95.377430883
236	196	888	95.3051986326
237	191	895	95.3855177491
238	195	895	95.4140787927
239	191	896	95.4259114509
240	187	900	95.521044595
241	190	901	95.5360040076
242	188	908	95.5758154907
243	190	913	95.6204059715
244	185	920	95.6939992475
245	188	920	95.7075778779
246	191	923	95.6425921955
247	187	928	95.6582317005
248	187	929	95.7427315269
249	190	936	95.815454499
250	185	939	95.7243494842
251	182	943	95.8040653446
252	179	946	95.8497269067
253	183	948	95.9457527125
254	185	953	96.0032420384
255	180	954	95.968679387
256	179	959	96.0228499329
257	175	963	96.0440618375
258	172	967	95.9562923301
259	169	969	95.9278144221
260	170	975	95.8989810913
261	166	979	95.962610409
262	167	980	96.0537924372
263	170	987	96.0133861431
264	169	993	96.0785360709
265	168	1000	96.029769419
266	165	1004	96.1148950737
267	168	1010	96.2066360465
268	165	1013	96.1727061171
269	164	1013	96.0925341861
270	161	1014	96.1462111935
271	163	1014	96.2416376461
272	164	1014	96.3293601016
273	165	1021	96.308174412
274	160	1028	96.2533351532
275	158	1033	96.1973558469
276	159	1038	96.134181799
277	159	1038	96.2210141036
278	155	1041	96.244845382
279	152	1041	96.3390445312
280	152	1042	96.3186956427
281	157	1047	96.4162544671
282	158	1052	96.4870470741
283	157	1057	96.4082696585
284	157	1063	96.4700221228
285	154	1063	96.4711577285
286	159	1066	96.4237667526
287	163	1072	96.4829373945
288	161	1075	96.4654539844
289	164	1082	96.4061180454
290	162	1085	96.3275057658
291	166	1092	96.3574962659
292	170	1099	96.4148917785
293	174	1105	96.4690681921
294	171	1110	96.4927705351
295	173	1110	96.591532353
296	173	1116	96.5304377206
297	178	1118	96.580229039
298	179	1122	96.6786605605
299	174	1123	96.6710537356
300	179	1128	96.7341228658
301	176	1129	96.7973524348
302	175	1136	96.7839456582
303	180	1139	96.7090146937
304	182	1140	96.7256312383
305	182	1142	96.7194740641
306	181	1144	96.7791197848
307	182	1148	96.7299268264
308	180	1149	96.7981335133
309	184	1156	96.8375993464
310	180	1161	96.9141377771
311	177	1168	96.8406642363
312	180	1173	96.8251308087
313	177	1175	96.7903059776
314	175	1180	96.7194065162
315	180	1180	96.7103908414
316	177	1183	96.7572988794
317	172	1190	96.8410605998
318	173	1196	96.7669945957
319	175	1201	96.8286399231
320	175	1201	96.7379365902
321	175	1201	96.6442997398
322	170	1202	96.6713795223
323	174	1209	96.6193902616
324	169	1209	96.5498877567
325	174	1213	96.6183586939
326	169	1219	96.7148917421
327	168	1225	96.7311635329
328	166	1227	96.7731249411
329	166	1227	96.7849121818
330	167	1234	96.7991499986
331	171	1238	96.8306951927
332	168	1244	96.8623513412
333	164	1251	96.9567092123
334	160	1254	96.9228862625
335	164	1256	96.8718508043
336	159	1262	96.9635412935
337	156	1263	97.0574849334
338	161	1267	96.9731722818
339	159	1273	96.942030008
340	160	1273	96.9564605842
341	160	1274	96.9128676656
342	156	1275	96.9198485192
343	153	1279	96.9629360763
344	149	1286	96.9866530978
345	154	1293	97.0015911182
346	154	1296	97.0630165333
347	157	1299	96.9911456448
348	160	1303	96.972678049
349	158	1308	97.0446930587
350	157	1314	97.0656115609
351	153	1320	97.1306223301
352	151	1325	97.17664039
353	152	1330	97.2602455257
354	147	1336	97.1826942645
355	147	1337	97.1826379608
356	142	1341	97.2270447903
357	147	1348	97.2403954372
358	144	1348	97.2583498665
359	146	1351	97.3539569629
360	151	1351	97.4154245833
361	155	1357	97.3326339981
362	159	1362	97.3688046427
363	164	1365	97.3871982079
364	169	1370	97.3727664712
365	167	1370	97.4245215283
366	169	1374	97.4139514331
367	170	1376	97.4680098057
368	173	1377	97.4761956453
369	168	1381	97.515224469
370	170	1388	97.5367712195
371	166	1388	97.5917012154
372	166	1390	97.602760523
373	166	1390	97.6737817903
374	169	1397	97.6729803606
375	164	1397	97.6226758315
376	164	1404	97.6806588674
377	162	1411	97.6723942061
378	166	1413	97.6117753768
379	161	1413	97.6278464211
380	165	1415	97.6816184939
381	164	1420	97.6367063604
382	163	1425	97.5601990765
383	160	1428	97.62014286
384	158	1432	97.7110230858
385	155	1439	97.7172951021
386	156	1442	97.8014692386
387	152	1449	97.7226415358
388	153	1456	97.7985429962
389	155	1463	97.8750963771
390	160	1465	97.8722467817
391	165	1467	97.8806334137
392	169	1467	97.8309125122
393	171	1468	97.8463373318
394	170	1470	97.8299728408
395	169	1474	97.9169498483
396	172	1476	97.9460088955
397	171	1477	97.9340073486
398	170	1477	98.0315883238
399	167	1480	97.965337057
400	163	1487	97.9667594903
401	164	1487	97.9368122948
402	165	1488	98.0287912376
403	168	1493	97.9460155081
404	168	1496	97.9592177478
405	168	1497	98.030724674
406	164	1502	98.038904975
407	165	1504	98.0700392043
408	164	1511	97.9897437692
409	161	1515	97.9975501677
410	163	1521	97.9191396912
411	163	1522	97.9056329799
412	168	1525	97.9041090395
413	171	1532	97.9312220367
414	174	1536	97.9240477978
415	176	1537	97.9262437636
416	180	1540	97.8842711268
417	182	1544	97.7962997387
418	187	1546	97.7086794006
419	192	1552	97.7642311684
420	188	1554	97.7975142509
421	185	1560	97.8504365416
422	187	1565	97.8095540195
423	186	1569	97.8630541935
424	186	1572	97.8123790544
425	186	1578	97.8017031623
426	183	1581	97.8248091294
427	187	1585	97.9081949672
428	191	1586	97.8806045743
429	196	1588	97.953691451
430	198	1588	97.8743432618
431	200	1589	97.8193843904
432	200	1592	97.8163640068
433	198	1595	97.7827729055
434	193	1596	97.7850436143
435	192	1597	97.7089386456
436	193	1600	97.6920346664
437	192	1605	97.7521942295
438	197	1608	97.6825917373
439	194	1609	97.6957028006
440	191	1615	97.7939396252
441	196	1616	97.8029726664
442	199	1616	97.8187212041
443	200	1619	97.8747182772
444	200	1622	97.8364875647
445	198	1628	97.7646130823
446	195	1630	97.8444831647
447	195	1633	97.8842224474
448	193	1633	97.8867937744
449	196	1636	97.7947207599
450	197	1639	97.7880247775
451	194	1641	97.7634703005
452	190	1641	97.8273690195
453	190	1643	97.7673304593
454	194	1649	97.7114710246
455	199	1656	97.7545077604
456	196	1662	97.7703977251
457	197	1669	97.7014139903
458	194	1672	97.7459544049
459	199	1674	97.8294004697
460	198	1674	97.8693975175
461	199	1675	97.8082561313
462	200	1677	97.875818965
463	200	1677	97.7826609472
464	200	1682	97.7805930755
465	198	1682	97.824826443
466	196	1686	97.7584670617
467	195	1686	97.7295758995
468	200	1693	97.7469731585
469	200	1694	97.7225982571
470	195	1696	97.641706658
471	196	1702	97.6875424557
472	198	1703	97.6879010562
473	193	1707	97.785379192
474	194	1710	97.7413980454
475	192	1711	97.6451447
476	189	1718	97.6595543142
477	193	1719	97.6209509799
478	191	1720	97.5543741346
479	192	1727	97.4900236965
480	196	1729	97.3934927188
481	199	1734	97.3687321186
482	200	1736	97.4589952254
483	197	1738	97.4097041438
484	192	1741	97.4066418545
485	197	1747	97.306741878
486	195	1754	97.333653361
487	195	1754	97.3405603049
488	193	1754	97.3491377514
489	189	1761	97.3991306371
490	186	1766	97.3297818517
491	184	1770	97.2851208116
492	189	1776	97.3027253366
493	185	1780	97.3148609738
494	188	1785	97.332282335
495	191	1790	97.2829705548
496	196	1796	97.1884191888
497	195	1800	97.2018610408
498	190	1802	97.2340725881
499	190	1805	97.2744754514
500	191	1810	97.2504309047
501	188	1817	97.2952479196
502	186	1817	97.3038992304
503	183	1817	97.2519161191
504	182	1821	97.1933080437
505	185	1822	97.1265754954
506	188	1826	97.1584380359
507	192	1831	97.1209459674
508	190	1831	97.1567881203
509	192	1834	97.254743147
510	188	1840	97.2515394928
511	191	1841	97.1945005046
512	190	1847	97.164204406
513	190	1854	97.182344206
514	191	1855	97.265239398
515	193	1860	97.1697724114
516	196	1861	97.161890159
517	200	1865	97.0878623733
518	199	1869	97.1021196115
519	199	1870	97.0515958522
520	200	1871	97.073501094
521	196	1871	97.0843546465
522	191	1876	97.0206763266
523	188	1878	97.0799178166
524	189	1880	96.9825518489
525	184	1882	96.9497062981
526	186	1883	97.0378155628
527	190	1888	96.9775824918
528	188	1895	97.0728326443
529	185	1901	97.0040797547
530	181	1904	96.9815014417
531	182	1904	97.0070560568
532	184	1904	97.0176531034
533	188	1908	97.0401158483
534	191	1911	97.0885536734
535	187	1912	97.1712228517
536	189	1916	97.0974235574
537	191	1921	97.172647801
538	196	1923	97.0909560083
539	194	1923	97.0201280596
540	192	1930	97.0821006056
541	190	1933	97.179391325
542	185	1933	97.0840634261
543	184	1936	97.1321974604
544	188	1938	97.0572611199
545	187	1944	96.9730727117
546	182	1950	97.057814901
547	177	1954	96.9847340676
548	176	1958	97.0613507524
549	179	1962	96.9643631297
550	174	1965	96.9347514317
551	177	1965	96.9466856536
552	175	1966	96.9468738542
553	179	1967	96.903719909
554	184	1968	96.9363255209
555	185	1971	96.9898598617
556	187	1974	97.0776926829
557	183	1976	97.027601354
558	184	1979	96.9508054537
559	187	1981	97.0434562087
560	188	1982	97.1191239697
561	187	1982	97.0966569033
562	187	1982	97.1037684254
563	182	1982	97.1384790038
564	184	1989	97.1926775621
565	187	1995	97.2351527852
566	192	2001	97.1354788895
567	188	2004	97.1769565144
568	193	2008	97.23523972
569	195	2010	97.3250989699
570	198	2016	97.3004374465
571	194	2020	97.3715414782
572	197	2024	97.4458525319
573	196	2030	97.5307946431
574	198	2035	97.4987451603
575	193	2040	97.5134050586
576	188	2047	97.4666474278
577	191	2047	97.4879712758
578	186	2051	97.4284519906
579	184	2051	97.4573939094
580	188	2054	97.5185945802
581	183	2055	97.4198233623
582	179	2056	97.4684342502
583	176	2059	97.415596039
584	176	2064	97.4469406446
585	180	2067	97.44801925
586	175	2069	97.3695820564
587	178	2073	97.3555188308
588	174	2078	97.3202424035
589	170	2083	97.2553846208
590	170	2090	97.3102028778
591	175	2091	97.3193165403
592	179	2092	97.3822214953
593	175	2096	97.3698799117
594	170	2098	97.3059089539
595	174	2100	97.281933145
596	175	2103	97.3732158678
597	171	2106	97.347356108
598	169	2111	97.4042140154
599	166	2111	97.4017915551
600	170	2116	97.4959762917
601	168	2116	97.5002768836
602	164	2116	97.5048411372
603	169	2119	97.471866556
604	174	2119	97.5043959075
605	179	2121	97.4536336026
606	183	2121	97.4676592626
607	186	2125	97.4099080485
608	190	2128	97.3177197416
609	190	2131	97.2325100566
610	194	2137	97.3182821124
611	196	2138	97.3680674113
612	193	2144	97.451897973
613	197	2150	97.3529110995
614	200	2151	97.2577485925
615	199	2157	97.3189392291
616	200	2164	97.2194166813
617	200	2169	97.1583215354
618	200	2174	97.1970333023
619	200	2175	97.2012643873
620	200	2180	97.2519445053
621	195	2183	97.1621933146
622	195	2190	97.1288827781
623	190	2196	97.1815418346
624	193	2201	97.1533923193
625	190	2205	97.1955893054
626	186	2210	97.1812962433
627	186	2213	97.2258371973
628	186	2216	97.3011625365
629	190	2223	97.3795345722
630	187	2224	97.4525065818
631	192	2227	97.4443229381
632	194	2232	97.3474187749
633	190	2234	97.3092843862
634	190	2237	97.2873099977
635	188	2241	97.34922412
636	186	2247	97.4100064165
637	185	2252	97.3105388031
638	180	2252	97.2288760711
639	183	2254	97.1291098791
640	183	2261	97.1115500028
641	182	2261	97.1837237422
642	186	2268	97.2635318855
643	183	2273	97.2835547139
644	188	2275	97.1921531995
645	191	2280	97.197761755
646	189	2286	97.2348227862
647	193	2288	97.2306311978
648	191	2288	97.1432277563
649	186	2292	97.1298693794
650	184	2292	97.126508528
651	188	2293	97.128196649
652	185	2293	97.1577701317
653	180	2299	97.072078815
654	179	2300	97.0103346022
655	177	2302	96.918105269
656	176	2304	96.8429494779
657	172	2305	96.7620020979
658	171	2306	96.7099854711
659	173	2307	96.7978437407
660	175	2310	96.7518598359
661	170	2311	96.7104727401
662	168	2317	96.7668778905
663	165	2320	96.8098382567
664	170	2327	96.7887434246
665	165	2330	96.7946603442
666	168	2331	96.7249679984
667	171	2338	96.6735208737
668	166	2343	96.6218683545
669	166	2348	96.6955129106
670	165	2351	96.7836253499
671	162	2351	96.8155758172
672	158	2351	96.8369789697
673	155	2354	96.8853007425
674	152	2361	96.8548737182
675	150	2366	96.7943441982
676	151	2370	96.7470789748
677	151	2374	96.6859310124
678	154	2377	96.6136452869
679	150	2377	96.5806301399
680	151	2377	96.6376104441
681	147	2383	96.6233569104
682	149	2387	96.5352936172
683	144	2393	96.5120923376
684	143	2394	96.4278734252
685	148	2401	96.3777920051
686	144	2408	96.4260316231
687	146	2410	96.3437929772
688	147	2417	96.3302178569
689	147	2422	96.3864184654
690	151	2426	96.4437724075
691	151	2432	96.3568988301
692	155	2439	96.2697041778
693	150	2441	96.2748796509
694	147	2444	96.345480877
695	151	2448	96.3372210846
696	149	2452	96.3733698763
697	152	2458	96.3047136758
698	148	2461	96.3144468918
699	147	2465	96.3027140703
700	145	2470	96.262617473
701	148	2473	96.3586429919
702	147	2473	96.411077288
703	148	2473	96.3727691699
704	152	2479	96.3814701292
705	156	2485	96.4459421175
706	155	2486	96.4885362458
707	155	2490	96.4982403674
708	160	2493	96.5492093968
709	156	2494	96.4510560627
710	156	2498	96.5168713496
711	153	2499	96.5216458153
712	156	2502	96.5523022605
713	160	2504	96.5409409449
714	156	2507	96.6028647488
715	152	2511	96.6353754811
716	151	2516	96.5650804699
717	148	2522	96.567555424
718	145	2523	96.6568080017
719	144	2524	96.6852503746
720	147	2529	96.6814115708
721	152	2534	96.5920086898
722	153	2539	96.5052401103
723	151	2545	96.497511765
724	146	2549	96.4659476241
725	150	2554	96.4767243343
726	146	2560	96.5524190799
727	147	2566	96.5941778428
728	143	2572	96.5833660209
729	148	2572	96.5352534122
730	150	2577	96.5675684682
731	147	2583	96.5143535301
732	150	2583	96.5800349625
733	148	2589	96.5704874384
734	144	2592	96.48232735
735	144	2593	96.5006458514
736	148	2597	96.4218570589
737	151	2601	96.4207854405
738	147	2606	96.3388124919
739	146	2611	96.3976332612
740	148	2613	96.3714183615
741	147	2618	96.4007862927
742	142	2623	96.4107687251
743	138	2630	96.4733724465
744	136	2635	96.5287292495
745	141	2642	96.6197226648
746	137	2649	96.655521076
747	133	2650	96.6467044487
748	135	2655	96.5915207117
749	133	2662	96.6042869135
750	132	2662	96.5207414492
751	134	2663	96.4777913381
752	136	2666	96.3951657361
753	140	2670	96.3350083707
754	138	2671	96.4054253915
755	141	2673	96.4324186871
756	145	2674	96.4065096093
757	146	2680	96.4771368908
758	148	2687	96.5719826077
759	152	2688	96.6121839036
760	150	2695	96.5926154921
761	155	2699	96.5261845239
762	159	2700	96.4785820561
763	159	2700	96.4095035406
764	156	2706	96.3383126686
765	152	2713	96.2623184079
766	157	2720	96.2931008295
767	161	2721	96.1991931232
768	164	2721	96.2630985564
769	165	2723	96.3410674743
770	167	2726	96.4203286574
771	171	2733	96.3565963476
772	171	2739	96.4106120681
773	169	2743	96.3260370337
774	164	2748	96.3490372642
775	166	2751	96.410817672
776	163	2758	96.456416971
777	163	2758	96.5109468456
778	164	2765	96.5583776229
779	166	2771	96.4696851497
780	170	2771	96.4045148974
781	167	2774	96.426229636
782	170	2778	96.4138110561
783	175	2780	96.3247165592
784	180	2786	96.2421451876
785	177	2786	96.1933431991
786	182	2788	96.1294473106
787	181	2794	96.212682303
788	181	2794	96.1178091171
789	186	2798	96.1581832962
790	191	2804	96.1057558791
791	195	2806	96.1397199782
792	194	2806	96.1939007131
793	196	2810	96.2133929172
794	200	2816	96.1952004194
795	198	2821	96.1310735849
796	194	2826	96.0398718903
797	195	2831	95.9790709673
798	199	2833	95.9499977976
799	196	2837	95.9730293379
800	195	2841	96.00684433
801	196	2841	96.0220531325
802	194	2845	95.9917871588
803	198	2845	95.9565574879
804	196	2845	95.8945804131
805	200	2845	95.9221851195
806	199	2845	95.8834144066
807	195	2849	95.9331075816
808	199	2854	95.9823468842
809	200	2854	96.0299904825
810	200	2856	96.0482372917
811	200	2857	96.000505413
812	200	2860	95.9318335687
813	198	2861	95.8554377207
814	198	2866	95.8710448633
815	197	2868	95.7736719905
816	197	2869	95.848278107
817	192	2874	95.9162485972
818	195	2879	95.9771599406
819	193	2879	95.9637593332
820	197	2884	95.8888171413
821	196	2888	95.7926113788
822	194	2895	95.8907409543
823	190	2895	95.9689528601
824	191	2897	95.9838754364
825	186	2904	96.0248207173
826	190	2911	95.9370832123
827	185	2915	95.8996935426
828	185	2922	95.910052344
829	181	2928	95.9963173431
830	178	2930	96.0514902307
831	181	2931	96.038124818
832	181	2932	96.0358161624
833	182	2934	96.064229019
834	179	2939	95.9950073704
835	182	2941	95.9120298459
836	185	2943	95.9898749404
837	189	2949	96.0200885338
838	188	2953	95.9461168134
839	192	2954	96.0448925142
840	195	2958	96.0261770094
841	190	2963	96.0327323071
842	191	2964	96.056712999
843	193	2965	96.0187433405
844	192	2965	96.0479408037
845	196	2967	96.0146986758
846	200	2971	95.9539383974
847	200	2975	95.9767006698
848	200	2980	95.8917438446
849	199	2982	95.8316524199
850	196	2982	95.7611621518
851	200	2986	95.7615412812
852	196	2988	95.823606942
853	198	2991	95.9114348031
854	200	2991	95.9921088006
855	200	2991	95.9048153371
856	200	2997	95.8841109211
857	200	3001	95.852742041
858	198	3006	95.7735752328
859	195	3010	95.8003494457
860	193	3014	95.7435982719
861	192	3020	95.6445183573
862	195	3027	95.5727716594
863	190	3028	95.6349530682
864	193	3028	95.5405046969
865	189	3028	95.5424028358
866	189	3034	95.6160305983
867	184	3039	95.6923306231
868	183	3040	95.6169447002
869	188	3044	95.6849963542
870	190	3051	95.7199885306
871	192	3052	95.7817343574
872	195	3052	95.7512770174
873	198	3055	95.7323690898
874	194	3059	95.6702968223
875	194	3065	95.7295099033
876	191	3069	95.7230912891
877	187	3070	95.7592430166
878	191	3071	95.7320116005
879	196	3072	95.775978684
880	193	3075	95.684285063
881	188	3075	95.7620259747
882	187	3076	95.7049417949
883	183	3078	95.636955203
884	180	3085	95.5828466053
885	182	3088	95.5640800316
886	180	3092	95.6244626224
887	181	3098	95.6860021295
888	184	3103	95.6116801409
889	183	3109	95.5955412064
890	188	3114	95.6856283732
891	193	3118	95.596190207
892	189	3123	95.5267309192
893	189	3123	95.4969989891
894	187	3127	95.4116677806
895	184	3127	95.3927521622
896	184	3128	95.4854125326
897	187	3133	95.4045889811
898	192	3140	95.3354618278
899	190	3147	95.3796280172
900	186	3147	95.3106183714
901	188	3150	95.2271952726
902	191	3153	95.2916467949
903	188	3157	95.3585712172
904	183	3159	95.2842148519
905	188	3166	95.2669022001
906	185	3173	95.3520055372
907	186	3174	95.3028703511
908	188	3177	95.3827335295
909	189	3178	95.4712922135
910	185	3180	95.5704412434
911	188	3187	95.6468041539
912	184	3188	95.6486110195
913	186	3192	95.5758350566
914	183	3196	95.5092153345
915	179	3197	95.5354699803
916	177	3199	95.4750519942
917	180	3205	95.5420891565
918	183	3212	95.5825352612
919	178	3218	95.6620777974
920	178	3225	95.705828316
921	181	3230	95.6710412474
922	186	3237	95.5870413661
923	185	3242	95.5710563392
924	189	3247	95.6604593683
925	186	3248	95.5845515964
926	186	3252	95.5080584661
927	182	3259	95.5591114276
928	178	3260	95.6364918783
929	180	3262	95.5764407812
930	175	3267	95.5607813154
931	174	3273	95.5430117935
932	176	3273	95.4689174329
933	177	3274	95.4238492018
934	178	3279	95.339781944
935	176	3281	95.3773818348
936	177	3281	95.3505162732
937	180	3286	95.4097899885
938	180	3292	95.3212638487
939	176	3293	95.3341846272
940	181	3300	95.3358895709
941	185	3301	95.4218254656
942	183	3302	95.3576087823
943	187	3308	95.4385623065
944	187	3315	95.5382776117
945	188	3322	95.5806912699
946	189	3327	95.5080066779
947	186	3328	95.5165757821
948	191	3329	95.5666073504
949	187	3334	95.5115641216
950	183	3334	95.5397359467
951	188	3336	95.5134655206
952	187	3341	95.4444434797
953	190	3344	95.4321097264
954	191	3350	95.3485795726
955	191	3354	95.4012581073
956	188	3357	95.4846966973
957	193	3359	95.432930261
958	188	3365	95.498295583
959	188	3369	95.5559283011
960	184	3374	95.5314288083
961	188	3381	95.5221701595
962	190	3381	95.5678975457
963	189	3387	95.4691100003
964	193	3394	95.5322382288
965	198	3400	95.5651210669
966	200	3403	95.5735591861
967	200	3408	95.6719087887
968	200	3409	95.5877081961
969	200	3410	95.605892372
970	200	3411	95.5341989414
971	197	3411	95.5922647445
972	192	3415	95.5177767079
973	189	3417	95.5145712823
974	188	3418	95.4990935895
975	183	3425	95.5616745638
976	183	3429	95.4727885416
977	183	3435	95.469101688
978	182	3437	95.4011342085
979	180	3442	95.3490942745
980	175	3447	95.4413310507
981	174	3451	95.3878678209
982	175	3451	95.3379562152
983	170	3452	95.3062466839
984	173	3452	95.2171010249
985	176	3452	95.1281641024
986	176	3455	95.2080129432
987	171	3462	95.2245880206
988	167	3468	95.1805661347
989	168	3470	95.1671758429
990	166	3476	95.1881958833
991	169	3482	95.2225525469
992	171	3484	95.3106458894
993	174	3488	95.2355222776
994	179	3495	95.3031604281
995	174	3498	95.3957526268
996	169	3505	95.4142936261
997	167	3512	95.4122850666
998	168	3516	95.4694627491
999	170	3517	95.5303464715
1000	165	3518	95.5352759279
1001	163	3518	95.6118970417
1002	166	3521	95.521376607
1003	168	3523	95.4828334824
1004	165	3526	95.4500182542
1005	162	3529	95.3691239842
1006	165	3536	95.3517391278
1007	168	3538	95.3766895017
1008	173	3542	95.4423777364
1009	172	3548	95.4474056386
1010	172	3551	95.3867345308
1011	168	3552	95.3851815015
1012	164	3552	95.4738182031
1013	167	3559	95.5425621257
1014	169	3564	95.4900729876
1015	171	3566	95.3993968558
1016	172	3570	95.3033693694
1017	171	3577	95.2114054031
1018	172	3584	95.2203875177
1019	169	3590	95.2100702915
1020	174	3590	95.2625318367
1021	172	3592	95.3049233152
1022	168	3599	95.2460473169
1023	167	3600	95.2159027163
1024	164	3603	95.298039747
1025	160	3606	95.354323147
1026	164	3609	95.4382750205
1027	166	3612	95.3419504382
1028	171	3615	95.3644951429
1029	173	3619	95.3780227695
1030	175	3624	95.296430892
1031	174	3631	95.27170501
1032	173	3634	95.3338180342
1033	178	3640	95.3207103221
1034	177	3646	95.3048727958
1035	182	3651	95.258184772
1036	181	3651	95.1829526659
1037	180	3652	95.1531112483
1038	179	3656	95.0950278421
1039	175	3656	95.1691295614
1040	173	3661	95.1826959026
1041	174	3667	95.2217481322
1042	176	3670	95.1672260272
1043	180	3673	95.2125475294
1044	181	3673	95.2514761426
1045	177	3679	95.3093367527
1046	175	3685	95.3626326773
1047	171	3685	95.2913653803
1048	166	3691	95.3809355302
1049	163	3691	95.3955439463
1050	160	3698	95.3151122193
1051	164	3700	95.3346927777
1052	160	3705	95.3205403729
1053	163	3708	95.3487020202
1054	168	3709	95.3774965714
1055	167	3715	95.2991992818
1056	162	3717	95.2047353058
1057	160	3724	95.2557610478
1058	161	3729	95.1637565684
1059	159	3733	95.1722683056
1060	164	3740	95.2278196258
1061	162	3745	95.2253155256
1062	159	3749	95.2169105036
1063	159	3754	95.2919279709
1064	159	3761	95.2520196608
1065	157	3767	95.3205188979
1066	162	3774	95.2603070067
1067	159	3777	95.1703146283
1068	163	3777	95.1953630517
1069	167	3781	95.1379506347
1070	165	3784	95.1704975525
1071	163	3787	95.1671538807
1072	168	3794	95.2626834076
1073	164	3796	95.3099225508
1074	162	3797	95.2717278617
1075	163	3801	95.3172887632
1076	163	3805	95.3356634805
1077	167	3807	95.2651776055
1078	166	3812	95.2093819441
1079	163	3817	95.2981333523
1080	162	3819	95.2216936275
1081	167	3826	95.1934646084
1082	168	3828	95.1633218009
1083	170	3834	95.1189355106
1084	171	3839	95.1811060684
1085	171	3842	95.149728427
1086	168	3844	95.2413570834
1087	169	3851	95.257528195
1088	173	3852	95.2336487327
1089	170	3859	95.1456360936
1090	173	3861	95.1400424734
1091	169	3861	95.0969087017
1092	164	3864	95.0202333734
1093	163	3867	94.9873515008
1094	167	3868	94.912635751
1095	168	3870	94.8146973593
1096	172	3875	94.7758269429
1097	174	3877	94.6892745172
1098	174	3878	94.7313883228
1099	178	3882	94.8138930591
1100	182	3886	94.8903695503
1101	185	3893	94.8865823905
1102	186	3898	94.7923921661
1103	187	3901	94.7491535387
1104	190	3901	94.6832829228
1105	190	3902	94.688397806
1106	190	3903	94.6500140623
1107	192	3903	94.6671773856
1108	191	3908	94.6985955189
1109	190	3908	94.7204168936
1110	188	3909	94.6493709136
1111	184	3909	94.5794323641
1112	181	3913	94.6188829189
1113	178	3917	94.6679799229
1114	175	3924	94.5773057519
1115	170	3925	94.5432969025
1116	165	3927	94.5035471701
1117	170	3933	94.4735747195
1118	169	3933	94.4590010593
1119	169	3934	94.4580493916
1120	169	3934	94.4108304987
1121	172	3938	94.4957968797
1122	177	3943	94.4731466919
1123	176	3949	94.5253143217
1124	171	3953	94.5115275027
1125	171	3960	94.4130125854
1126	173	3963	94.3537368615
1127	173	3970	94.3100696101
1128	169	3977	94.2779774763
1129	167	3981	94.3244867307
1130	162	3987	94.3132785644
1131	157	3987	94.2427250779
1132	157	3988	94.1836066038
1133	161	3990	94.1958209826
1134	162	3993	94.1411167108
1135	162	3997	94.182136582
1136	163	4001	94.2737878983
1137	168	4005	94.3556934093
1138	173	4012	94.3668113194
1139	177	4014	94.4340724739
1140	177	4018	94.457157268
1141	180	4020	94.4095250743
1142	176	4027	94.5033820549
1143	172	4030	94.5795864476
1144	176	4037	94.619248228
1145	176	4041	94.6878553463
1146	172	4048	94.7805721666
1147	176	4048	94.8574406821
1148	179	4048	94.7890362345
1149	184	4048	94.785001568
1150	189	4052	94.7089736028
1151	191	4052	94.8010770118
1152	196	4052	94.7996779049
1153	200	4052	94.836808503
1154	196	4053	94.8270665131
1155	194	4054	94.8908914001
1156	190	4060	94.8619725535
1157	188	4062	94.7693544781
1158	184	4066	94.7825583699
1159	181	4068	94.8589614344
1160	178	4069	94.8070950577
1161	183	4071	94.8480475987
1162	188	4073	94.8938932481
1163	183	4075	94.8359937531
1164	187	4082	94.8693802016
1165	182	4088	94.8457810374
1166	183	4090	94.8376970573
1167	183	4091	94.8756684334
1168	188	4093	94.8226270026
1169	192	4094	94.912122286
1170	191	4101	94.923919484
1171	186	4101	94.9717768115
1172	185	4106	94.9529869083
1173	181	4113	94.9128907061
1174	182	4116	94.8554796398
1175	183	4121	94.8935688523
1176	187	4124	94.8337937738
1177	184	4127	94.9256613724
1178	185	4131	94.8816547946
1179	184	4137	94.9077453028
1180	183	4139	94.8402190689
1181	184	4142	94.8423740971
1182	181	4142	94.8870754018
1183	177	4149	94.9592638477
1184	181	4151	94.9197344697
1185	183	4151	94.9640217755
1186	178	4153	94.9815805048
1187	175	4160	95.0696014863
1188	178	4166	95.0518484928
1189	181	4172	95.0684827018
1190	184	4174	95.1431470467
1191	180	4174	95.1770152484
1192	180	4175	95.1420735795
1193	185	4181	95.0448190638
1194	181	4181	94.9952211639
1195	182	4186	95.0394456441
1196	182	4186	95.0984538087
1197	177	4188	95.0970840318
1198	175	4191	95.1680570145
1199	178	4191	95.2444585233
1200	181	4196	95.250200004
1201	182	4199	95.2580115853
1202	179	4206	95.2115111203
1203	178	4209	95.2920110843
1204	173	4211	95.3416096844
1205	178	4216	95.2761138625
1206	177	4217	95.2714388922
1207	180	4220	95.2125802628
1208	184	4223	95.2480937082
1209	188	4228	95.3358920352
1210	191	4228	95.3998619913
1211	192	4233	95.4682050075
1212	195	4234	95.4454237836
1213	199	4237	95.5133643266
1214	200	4244	95.5107541638
1215	200	4244	95.5965817672
1216	200	4244	95.674227439
1217	200	4249	95.6964757554
1218	200	4249	95.6097873287
1219	200	4256	95.5728027729
1220	200	4259	95.5773833817
1221	200	4265	95.5563862267
1222	200	4267	95.585438491
1223	199	4267	95.5840263836
1224	197	4272	95.6157058741
1225	200	4279	95.7044927977
1226	200	4281	95.7447385543
1227	198	4284	95.6927773336
1228	200	4285	95.624860766
1229	199	4285	95.7076794484
1230	194	4286	95.6990522669
1231	194	4286	95.7839319417
1232	195	4291	95.8338737242
1233	200	4295	95.8640781088
1234	199	4299	95.8493247445
1235	200	4306	95.7841689727
1236	196	4309	95.7289022537
1237	195	4316	95.6876610875
1238	192	4323	95.6725276738
1239	188	4323	95.7298385769
1240	183	4329	95.7909183868
1241	178	4333	95.742406188
1242	177	4337	95.6718590284
1243	178	4344	95.7402443009
1244	176	4346	95.6721523592
1245	177	4347	95.729978376
1246	178	4353	95.6508937325
1247	174	4360	95.678671058
1248	172	4366	95.5981272478
1249	167	4368	95.6476789123
1250	164	4375	95.6263152898
1251	159	4380	95.5444564601
1252	154	4384	95.5304012028
1253	150	4386	95.5258179092
1254	147	4390	95.5470492542
1255	152	4392	95.6138044644
1256	155	4393	95.643018106
1257	160	4397	95.7225739356
1258	163	4402	95.6283133362
1259	166	4403	95.6090605249
1260	165	4410	95.6994840199
1261	163	4410	95.6168447106
1262	158	4411	95.6443718142
1263	163	4411	95.6199667306
1264	163	4416	95.6247532318
1265	160	4417	95.6359218346
1266	163	4424	95.6843712102
1267	167	4426	95.6758589239
1268	165	4426	95.6689315906
1269	168	4426	95.598829675
1270	164	4426	95.5230008504
1271	163	4428	95.6090268883
1272	161	4434	95.5902051602
1273	162	4436	95.4977672224
1274	157	4437	95.5215496858
1275	162	4441	95.6021989534
1276	158	4447	95.693964291
1277	156	4451	95.736054109
1278	152	4453	95.8224515107
1279	147	4456	95.7385088841
1280	145	4460	95.8227880606
1281	142	4467	95.770359919
1282	137	4472	95.8055137466
1283	139	4478	95.8611831359
1284	142	4482	95.8782556464
1285	147	4489	95.9673656325
1286	147	4492	95.9001385122
1287	142	4494	95.9737597218
1288	145	4495	95.9722499978
1289	146	4495	95.9879556542
1290	141	4498	95.915334834
1291	145	4504	95.8858480676
1292	141	4506	95.9330981322
1293	144	4509	95.9587913619
1294	139	4515	95.8601339084
1295	138	4520	95.837950948
1296	139	4525	95.8465250021
1297	136	4528	95.8506440822
1298	140	4535	95.7533210481
1299	144	4539	95.7507310342
1300	143	4544	95.8088774762
1301	142	4546	95.8144630263
1302	145	4552	95.7736649743
1303	150	4555	95.8119589338
1304	147	4559	95.7499702406
1305	142	4565	95.7705413914
1306	146	4571	95.7010920777
1307	150	4578	95.6465012693
1308	152	4585	95.6510934249
1309	152	4591	95.5533038539
1310	152	4597	95.5460675911
1311	153	4599	95.5985630948
1312	153	4605	95.5415161859
1313	155	4608	95.6050857954
1314	150	4611	95.5300093403
1315	150	4615	95.4438479527
1316	149	4622	95.5006410748
1317	144	4627	95.5027116858
1318	148	4628	95.4923874478
1319	143	4633	95.5668594831
1320	141	4639	95.5801153392
1321	144	4641	95.6382592743
1322	145	4645	95.6868810414
1323	146	4652	95.598114461
1324	147	4658	95.5817521504
1325	145	4665	95.5401062563
1326	146	4670	95.5796108157
1327	149	4673	95.6612393444
1328	149	4677	95.6412811172
1329	146	4679	95.6601034458
1330	148	4679	95.7578267302
1331	151	4684	95.7941339049
1332	151	4685	95.7416523317
1333	155	4690	95.7246040111
1334	150	4692	95.7293657161
1335	149	4696	95.7034810442
1336	150	4700	95.7802882948
1337	152	4707	95.7249822189
1338	150	4707	95.7899521396
1339	155	4712	95.7403085283
1340	157	4716	95.6485301185
1341	158	4719	95.6033519943
1342	154	4722	95.654222739
1343	159	4724	95.7123582444
1344	157	4724	95.7994972077
1345	152	4730	95.7383708015
1346	148	4736	95.6554992325
1347	145	4736	95.5816423696
1348	143	4740	95.5160875473
1349	140	4744	95.5233322111
1350	143	4748	95.4583817198
1351	139	4754	95.4551911529
1352	140	4758	95.4202663564
1353	143	4761	95.4564145861
1354	143	4763	95.371711405
1355	139	4770	95.3227385179
1356	135	4771	95.3683680375
1357	131	4774	95.280551848
1358	127	4779	95.2168731259
1359	128	4786	95.1640164425
1360	127	4788	95.1459822994
1361	128	4791	95.239074041
1362	132	4792	95.278515636
1363	135	4792	95.2610225093
1364	140	4793	95.28980249
1365	135	4797	95.3706411491
1366	137	4798	95.4167271362
1367	136	4802	95.3983828387
1368	136	4809	95.3164529276
1369	135	4816	95.4013631513
1370	138	4819	95.3448515882
1371	135	4819	95.3604879306
1372	138	4823	95.2956168196
1373	139	4826	95.3845571876
1374	142	4830	95.3777086554
1375	141	4832	95.4570167561
1376	145	4833	95.4003784629
1377	142	4840	95.3431567148
1378	137	4845	95.2768496127
1379	132	4852	95.3352070396
1380	136	4852	95.2786427192
1381	137	4854	95.294170368
1382	132	4857	95.3480064584
1383	134	4862	95.2591796817
1384	136	4863	95.2358534385
1385	134	4868	95.2561388353
1386	134	4872	95.3434232478
1387	129	4878	95.3896170251
1388	125	4882	95.3604336126
1389	128	4882	95.3981863811
1390	124	4884	95.3497009684
1391	119	4887	95.3666819062
1392	114	4894	95.3501398153
1393	116	4901	95.439703623
1394	118	4901	95.3880222304
1395	114	4902	95.4189240234
1396	118	4907	95.3944194824
1397	122	4909	95.3329195923
1398	125	4910	95.3999835086
1399	122	4913	95.4201267284
1400	124	4918	95.3835768339
1401	124	4922	95.3004478443
1402	125	4926	95.3424621309
1403	127	4933	95.2924099966
1404	124	4939	95.318672562
1405	126	4946	95.2329797389
1406	125	4952	95.2657699277
1407	120	4955	95.3480496515
1408	115	4962	95.379167033
1409	119	4969	95.3128328035
1410	124	4971	95.3653553373
1411	128	4974	95.329384979
1412	129	4977	95.3623895098
1413	124	4978	95.4014030533
1414	126	4981	95.3390589987
1415	130	4982	95.3281149606
1416	131	4982	95.2748686612
1417	126	4987	95.3386086617
1418	127	4991	95.2566519315
1419	122	4994	95.1659174072
1420	121	4994	95.2496127164
1421	125	4994	95.3209782447
1422	128	4995	95.410735777
1423	125	4996	95.3933992262
1424	125	4998	95.3543475529
1425	125	5005	95.3157137974
1426	126	5011	95.2440450069
1427	130	5018	95.2659869603
1428	135	5019	95.3555836379
1429	132	5023	95.3790980678
1430	131	5026	95.3313767524
1431	130	5027	95.3624049787
1432	131	5032	95.4322056816
1433	128	5039	95.3581820914
1434	129	5042	95.4071530461
1435	133	5043	95.3098159868
1436	131	5044	95.2441709761
1437	132	5045	95.2930533549
1438	134	5051	95.2441891854
1439	130	5058	95.2776636569
1440	128	5062	95.2843686483
1441	125	5068	95.240810086
1442	124	5073	95.1681715564
1443	126	5075	95.2009656374
1444	121	5080	95.2268993363
1445	116	5082	95.2783555982
1446	115	5084	95.2857814384
1447	117	5085	95.3369369844
1448	121	5092	95.2429756123
1449	125	5098	95.2732903869
1450	121	5099	95.311761407
1451	120	5099	95.4046860445
1452	124	5101	95.4731935723
1453	122	5102	95.5609127259
1454	117	5107	95.5848414287
1455	119	5109	95.5077983277
1456	116	5110	95.5285742802
1457	118	5116	95.5949241054
1458	114	5118	95.6868074515
1459	118	5118	95.7380313266
1460	121	5123	95.7004235773
1461	120	5125	95.6494517963
1462	123	5132	95.5646821548
1463	121	5135	95.5152063739
1464	125	5141	95.5134338888
1465	124	5144	95.436523844
1466	122	5148	95.3476951361
1467	120	5149	95.4230383976
1468	119	5152	95.4825755286
1469	119	5158	95.420766823
1470	122	5161	95.3417701368
1471	124	5161	95.3609929751
1472	121	5168	95.4338285534
1473	122	5171	95.3690436891
1474	122	5171	95.3593355722
1475	118	5173	95.3968131086
1476	120	5178	95.4081355167
1477	116	5180	95.4830489628
1478	119	5187	95.4198400882
1479	115	5191	95.4204232765
1480	115	5197	95.3306472521
1481	120	5199	95.3139869399
1482	118	5202	95.239099607
1483	120	5209	95.2599644448
1484	115	5209	95.257224902
1485	113	5211	95.302211582
1486	114	5216	95.2347859601
1487	119	5223	95.1975407309
1488	119	5230	95.1357508514
1489	121	5233	95.1911826686
1490	116	5236	95.1540388054
1491	116	5239	95.1050430661
1492	113	5241	95.1726070137
1493	115	5248	95.2077192654
1494	111	5249	95.2363947298
1495	112	5256	95.3302019626
1496	107	5256	95.4078522754
1497	106	5256	95.3663760402
1498	106	5258	95.4536407951
1499	111	5261	95.3928817146
1500	110	5261	95.3202594614
1501	106	5261	95.330123009
1502	108	5263	95.2360729675
1503	107	5266	95.2659181781
1504	103	5269	95.3274160009
1505	103	5270	95.4115224082
1506	101	5277	95.3137352102
1507	105	5281	95.2772815577
1508	102	5281	95.2125278247
1509	97	5282	95.3078954948
1510	97	5285	95.3332584444
1511	95	5285	95.3352468733
1512	93	5285	95.3332446349
1513	88	5287	95.2838661313
1514	90	5289	95.3553015024
1515	95	5292	95.2734164638
1516	92	5299	95.2480795625
1517	90	5304	95.3315668818
1518	87	5307	95.3365400552
1519	84	5313	95.328898283
1520	85	5320	95.3997321862
1521	86	5325	95.4531305459
1522	86	5329	95.4564376615
1523	89	5336	95.3576537851
1524	87	5336	95.2873053529
1525	90	5343	95.3729242604
1526	93	5347	95.3446497926
1527	95	5349	95.3914009971
1528	91	5353	95.3222574426
1529	94	5357	95.2544746657
1530	90	5357	95.2249766155
1531	85	5363	95.202679162
1532	89	5370	95.2925525719
1533	93	5377	95.3717300879
1534	96	5379	95.3866202429
1535	92	5380	95.4579705103
1536	95	5387	95.4404217393
1537	97	5390	95.4296005655
1538	100	5395	95.4764517855
1539	97	5398	95.3794906986
1540	102	5401	95.3724249238
1541	104	5402	95.4158783954
1542	100	5409	95.3528111156
1543	104	5410	95.2552381586
1544	107	5411	95.2822328198
1545	108	5417	95.3698837106
1546	110	5420	95.3049412028
1547	115	5427	95.3549257556
1548	116	5431	95.3369457862
1549	113	5438	95.266146894
1550	111	5440	95.3660901288
1551	107	5441	95.4207743089
1552	103	5443	95.4450487117
1553	106	5443	95.5130406929
1554	107	5447	95.5507415514
1555	109	5451	95.5196935106
1556	107	5455	95.4734454414
1557	112	5455	95.5151367497
1558	108	5461	95.4356043816
1559	104	5461	95.3439906162
1560	105	5467	95.3766167411
1561	108	5474	95.3971759981
1562	108	5481	95.3366934571
1563	110	5487	95.3932541354
1564	111	5488	95.4338524825
1565	109	5491	95.3747722735
1566	113	5492	95.4709548304
1567	116	5497	95.4297867346
1568	115	5497	95.4301375511
1569	118	5502	95.5122751841
1570	119	5509	95.5657609569
1571	115	5513	95.4703683089
1572	118	5520	95.4665343678
1573	117	5523	95.4582313124
1574	117	5530	95.5265477134
1575	119	5537	95.60582876
1576	120	5539	95.667569201
1577	116	5539	95.6210221264
1578	119	5542	95.7205507417
1579	118	5544	95.7047386077
1580	119	5546	95.7384628058
1581	117	5550	95.7209284549
1582	122	5552	95.6608222296
1583	122	5556	95.6518591448
1584	121	5560	95.5853887495
1585	120	5567	95.5801358333
1586	115	5573	95.5896618406
1587	111	5575	95.5637412998
1588	116	5580	95.6633647058
1589	119	5583	95.5966556662
1590	116	5585	95.6390978217
1591	115	5590	95.6740125925
1592	116	5590	95.721634697
1593	114	5591	95.7826423362
1594	110	5593	95.7797057677
1595	110	5595	95.6880775126
1596	111	5598	95.6923900017
1597	110	5603	95.7693942714
1598	115	5609	95.7313890349
1599	118	5613	95.6913775527
1600	120	5620	95.7032168122
1601	116	5626	95.6459211318
1602	111	5632	95.639259016
1603	110	5635	95.5785836019
1604	105	5637	95.5289735315
1605	107	5640	95.4493268312
1606	112	5641	95.4697580048
1607	107	5643	95.5392870904
1608	112	5643	95.4821184572
1609	114	5645	95.3999025014
1610	113	5645	95.4771119711
1611	114	5647	95.3793685473
1612	110	5650	95.3113559928
1613	108	5657	95.3196754647
1614	105	5663	95.3881711585
1615	106	5665	95.4412952473
1616	106	5668	95.3442996841
1617	107	5674	95.3168299967
1618	111	5677	95.3153835736
1619	109	5678	95.2304076671
1620	111	5681	95.2980718662
1621	107	5684	95.2510386314
1622	105	5684	95.1802651556
1623	110	5684	95.1398950389
1624	115	5688	95.1390542122
1625	110	5690	95.1017173017
1626	115	5694	95.0184620862
1627	115	5699	95.0873131678
1628	110	5700	95.0249915818
1629	109	5703	94.9992976558
1630	106	5710	94.9337993402
1631	101	5711	94.9755604689
1632	104	5717	95.031531425
1633	103	5718	95.129374835
1634	107	5722	95.1906493481
1635	106	5723	95.1772069459
1636	103	5727	95.1017589289
1637	106	5732	95.0434201923
1638	108	5739	95.0343064099
1639	112	5739	94.9601146893
1640	111	5745	95.0162564067
1641	107	5749	94.9365769758
1642	103	5749	94.9210247088
1643	98	5752	94.9083012181
1644	95	5754	94.8430148527
1645	91	5759	94.8455862211
1646	88	5762	94.7583678549
1647	87	5768	94.713516359
1648	91	5772	94.8022676555
1649	87	5777	94.7224262861
1650	91	5779	94.7410952143
1651	88	5784	94.8078480645
1652	86	5785	94.7600671328
1653	90	5788	94.8401899536
1654	94	5790	94.753416671
1655	89	5790	94.7363239715
1656	85	5792	94.7247072885
1657	82	5792	94.8187089456
1658	79	5797	94.8098726788
1659	76	5799	94.8962434454
1660	74	5800	94.8068679836
1661	73	5802	94.7115882919
1662	75	5806	94.6522041822
1663	75	5810	94.6481672629
1664	71	5811	94.653591008
1665	68	5814	94.5751774774
1666	70	5818	94.5093406687
1667	75	5823	94.5142963192
1668	76	5826	94.4677228257
1669	73	5828	94.3828854094
1670	70	5835	94.3605480972
1671	70	5838	94.4071361996
1672	68	5845	94.3633356358
1673	73	5846	94.4318594265
1674	73	5847	94.4680735691
1675	68	5854	94.3985380625
1676	65	5855	94.333174508
1677	66	5857	94.3102036602
1678	65	5861	94.3528335806
1679	70	5866	94.2751451183
1680	75	5872	94.2425327678
1681	74	5873	94.311837396
1682	73	5879	94.3893497635
1683	72	5882	94.3237256096
1684	74	5882	94.3724060522
1685	75	5888	94.3019508432
1686	76	5893	94.3696481209
1687	79	5893	94.304281731
1688	80	5895	94.2539393307
1689	83	5902	94.2236422754
1690	84	5909	94.1320714664
1691	88	5909	94.1144472942
1692	86	5911	94.0597660294
1693	91	5918	94.0710398971
1694	89	5920	94.111848742
1695	91	5926	94.0925511552
1696	92	5928	94.1064113414
1697	91	5932	94.0954798713
1698	96	5938	94.0618523972
1699	101	5945	93.9662201543
1700	99	5946	93.9663184393
1701	104	5953	93.933800832
1702	99	5953	93.8519181985
1703	103	5955	93.7862239187
1704	108	5961	93.8270321179
1705	106	5968	93.8302996681
1706	108	5971	93.8215513187
1707	112	5971	93.897377559
1708	111	5978	93.8331303022
1709	116	5979	93.8390044928
1710	120	5980	93.893941192
1711	115	5980	93.8323491374
1712	117	5980	93.7672868427
1713	112	5982	93.7761104489
1714	107	5982	93.684280572
1715	108	5985	93.5848225938
1716	109	5991	93.5287212652
1717	108	5996	93.4901243581
1718	109	6003	93.4103882519
1719	112	6008	93.4833455434
1720	110	6011	93.4565737056
1721	115	6013	93.5046489259
1722	119	6019	93.5000944778
1723	124	6024	93.4128878195
1724	126	6026	93.3748623797
1725	131	6031	93.3237953999
1726	126	6032	93.30644518
1727	123	6032	93.4058893041
1728	121	6038	93.3385999775
1729	119	6040	93.3793574137
1730	118	6040	93.4368934775
1731	118	6046	93.4891728439
1732	119	6048	93.5584605792
1733	119	6049	93.4900749908
1734	115	6052	93.4045231024
1735	119	6059	93.3988252881
1736	121	6064	93.43407574
1737	116	6065	93.3585686637
1738	111	6070	93.3207530468
1739	108	6075	93.2703647925
1740	103	6078	93.2492538539
1741	105	6085	93.2604225789
1742	101	6087	93.355857733
1743	99	6090	93.318287049
1744	98	6095	93.3190249418
1745	100	6102	93.299152049
1746	101	6107	93.3492393567
1747	106	6113	93.395815096
1748	110	6114	93.3084505666
1749	114	6115	93.208494531
1750	112	6120	93.1612972133
1751	110	6124	93.2047532566
1752	106	6126	93.2646475058
1753	101	6127	93.1811541098
1754	101	6134	93.0816574422
1755	98	6141	93.1357566035
1756	102	6148	93.0550123221
1757	105	6151	93.1256983148
1758	106	6151	93.05490574
1759	110	6155	93.021519061
1760	109	6156	93.1018330139
1761	107	6157	93.0545644032
1762	112	6159	93.0713792896
1763	112	6165	93.0589827949
1764	116	6166	93.0334419321
1765	112	6173	92.9481286272
1766	116	6178	92.8815128238
1767	116	6180	92.8197253383
1768	116	6184	92.783900976
1769	120	6188	92.791260793
1770	121	6193	92.73862816
1771	120	6195	92.8198109317
1772	125	6198	92.7995823536
1773	125	6204	92.7661143943
1774	121	6204	92.8291411041
1775	116	6206	92.8730775268
1776	111	6209	92.8793107774
1777	116	6211	92.9354066333
1778	119	6215	92.9678608476
1779	119	6222	93.031586991
1780	120	6228	93.0760464396
1781	120	6232	93.0726403532
1782	117	6233	93.1543704157
1783	117	6234	93.1150044149
1784	115	6235	93.1689549801
1785	112	6240	93.2350319613
1786	108	6247	93.3176410241
1787	104	6252	93.3916949367
1788	99	6257	93.4133113449
1789	94	6262	93.427662201
1790	99	6263	93.4005530889
1791	101	6265	93.4301434512
1792	101	6267	93.4048719738
1793	102	6272	93.3575265084
1794	100	6277	93.3785491637
1795	103	6279	93.3958297562
1796	98	6282	93.3507687465
1797	99	6285	93.424292437
1798	94	6288	93.4143052392
1799	90	6295	93.3330589655
1800	87	6300	93.2954547422
1801	84	6300	93.1968667321
1802	89	6307	93.22790348
1803	93	6309	93.2636543359
1804	95	6310	93.1828599895
1805	97	6311	93.2176765221
1806	98	6313	93.3011129574
1807	95	6313	93.3978805838
1808	95	6319	93.3294540759
1809	94	6326	93.2665394673
1810	90	6333	93.2318867163
1811	85	6333	93.2472877583
1812	87	6338	93.1483160765
1813	83	6342	93.1107421834
1814	81	6345	93.1031592107
1815	86	6351	93.1462867278
1816	84	6351	93.2107508737
1817	88	6358	93.2225944177
1818	92	6361	93.2805518372
1819	90	6365	93.3562662543
1820	88	6367	93.3857084699
1821	92	6374	93.3059982882
1822	92	6376	93.3782083241
1823	93	6377	93.3636540175
1824	95	6382	93.3609722389
1825	93	6387	93.339531989
1826	88	6393	93.3271000202
1827	86	6398	93.2550961699
1828	81	6399	93.1986771359
1829	84	6405	93.1965285808
1830	84	6411	93.2080022212
1831	84	6414	93.1774305921
1832	87	6420	93.1117476677
1833	86	6425	93.0657513383
1834	84	6431	93.1087755225
1835	79	6431	93.028837774
1836	81	6434	92.9803988886
1837	80	6434	92.9379405567
1838	83	6434	92.9256378929
1839	84	6435	92.9798763476
1840	79	6436	93.0030529241
1841	75	6442	93.0365703868
1842	79	6442	93.0414982111
1843	82	6447	92.9898408787
1844	80	6453	92.9569430316
1845	84	6460	93.0335521705
1846	86	6465	93.0912238522
1847	86	6467	93.0762633797
1848	91	6467	92.995131319
1849	94	6471	92.9968251067
1850	96	6472	92.9367374104
1851	99	6476	92.9825012783
1852	102	6479	92.8998965291
1853	106	6485	92.9168225856
1854	111	6486	92.9158826994
1855	108	6489	92.9444858607
1856	104	6489	92.9863077953
1857	101	6496	93.0005423805
1858	99	6500	92.9233632647
1859	102	6504	92.9911973393
1860	105	6508	93.0570073775
1861	105	6510	93.0652760611
1862	100	6512	92.9779971908
1863	96	6516	92.9525138108
1864	91	6518	92.9347428775
1865	95	6525	92.9817063523
1866	92	6530	92.9182483488
1867	95	6530	92.956381794
1868	93	6537	93.0179918646
1869	89	6543	93.0396618839
1870	85	6549	93.0140955044
1871	87	6553	93.0476761697
1872	88	6560	92.9487781965
1873	91	6564	92.9957392414
1874	94	6566	92.9068956269
1875	90	6568	92.8683455
1876	94	6569	92.8152058747
1877	97	6571	92.8103416239
1878	95	6577	92.8385764868
1879	98	6580	92.929125241
1880	103	6587	92.9420612073
1881	106	6591	93.0185743357
1882	111	6593	92.9625819802
1883	108	6595	92.950275009
1884	108	6602	92.9008981109
1885	111	6603	92.8765915415
1886	107	6604	92.9574975036
1887	107	6607	93.0131991763
1888	104	6611	92.9784043213
1889	100	6613	93.0596599495
1890	95	6616	93.1370114534
1891	93	6619	93.1728001917
1892	98	6624	93.1622912532
1893	102	6628	93.088576178
1894	100	6634	93.15310965
1895	103	6634	93.2035024441
1896	98	6641	93.2682636283
1897	103	6648	93.1718537515
1898	103	6649	93.1853017276
1899	103	6652	93.2374678804
1900	103	6657	93.283305261
1901	99	6659	93.2105856954
1902	100	6660	93.2625368576
1903	102	6661	93.1919756436
1904	107	6661	93.1280410568
1905	110	6661	93.1061190303
1906	107	6662	93.0823724722
1907	102	6666	93.1098941078
1908	101	6670	93.1784799636
1909	102	6677	93.1261352561
1910	102	6682	93.2253308286
1911	99	6686	93.2567130083
1912	97	6692	93.2925148969
1913	96	6698	93.3878534937
1914	96	6705	93.3198635727
1915	98	6709	93.3588371228
1916	95	6712	93.3138050614
1917	91	6719	93.3035732837
1918	94	6720	93.2235049016
1919	90	6726	93.1705944547
1920	89	6733	93.1763966051
1921	92	6738	93.1350286192
1922	91	6740	93.1087356568
1923	95	6746	93.1766443984
1924	100	6753	93.1796154871
1925	98	6756	93.149962136
1926	94	6760	93.1100047422
1927	98	6762	93.1317658478
1928	98	6767	93.1309922797
1929	98	6770	93.0332508111
1930	94	6776	93.043286441
1931	94	6779	93.0323157386
1932	97	6784	93.0490974596
1933	95	6784	93.0974225601
1934	98	6787	93.1596905427
1935	100	6791	93.101237243
1936	102	6798	93.1122179086
1937	98	6802	93.0229621189
1938	93	6802	92.9264720799
1939	91	6802	92.9725076828
1940	94	6802	92.9859240862
1941	91	6806	92.9468697097
1942	91	6807	92.9360473861
1943	96	6811	92.9052872541
1944	100	6811	92.8175046886
1945	100	6813	92.7793072745
1946	100	6820	92.823248987
1947	101	6821	92.8732709132
1948	96	6821	92.8224688975
1949	92	6828	92.8015892719
1950	95	6832	92.8288506868
1951	100	6833	92.85966504
1952	98	6837	92.8242438566
1953	99	6841	92.8842219253
1954	95	6847	92.9625154842
1955	99	6853	92.9190020732
1956	97	6853	92.9750701477
1957	96	6856	93.0146530811
1958	94	6862	92.9712950416
1959	93	6865	92.9234401474
1960	90	6872	92.9533056567
1961	93	6877	92.959611646
1962	95	6881	93.0369930864
1963	90	6888	92.9560291127
1964	89	6893	93.0170599441
1965	87	6899	93.1016206582
1966	83	6902	93.0259349333
1967	79	6903	93.0690603436
1968	78	6906	93.0997008672
1969	76	6909	93.1671063196
1970	80	6912	93.2260260605
1971	75	6915	93.2270241647
1972	78	6918	93.1608645992
1973	73	6921	93.2408948087
1974	76	6926	93.1424939018
1975	71	6927	93.134109514
1976	76	6927	93.1544191101
1977	78	6932	93.1377552453
1978	76	6935	93.0937603051
1979	78	6940	93.0440026095
1980	79	6940	93.1344654088
1981	76	6946	93.1191818636
1982	78	6947	93.0525492694
1983	81	6949	93.1117755729
1984	78	6953	93.1350901664
1985	82	6954	93.1057867408
1986	81	6959	93.1397064118
1987	80	6959	93.1830258761
1988	81	6963	93.1002416917
1989	80	6967	93.1292258904
1990	83	6968	93.1272137073
1991	84	6973	93.2152279765
1992	88	6976	93.1621315013
1993	89	6983	93.0989109366
1994	84	6986	93.1316192236
1995	80	6988	93.2123297587
1996	77	6991	93.1741406899
1997	75	6992	93.2684941456
1998	73	6996	93.1789484576
1999	76	7003	93.1765127649
2000	71	7004	93.2055880255
2001	69	7011	93.1893474969
2002	66	7015	93.2353408031
2003	63	7016	93.1859935362
2004	62	7020	93.0981598293
2005	67	7021	93.1530964778
2006	71	7023	93.0744015823
2007	73	7028	93.0465838894
2008	77	7029	93.131350653
2009	73	7030	93.1129794902
2010	71	7035	93.0169349156
2011	73	7038	93.0093168428
2012	72	7044	93.1032780168
2013	68	7051	93.1188434469
2014	69	7052	93.0540268496
2015	66	7057	93.1140862341
2016	67	7060	93.0389667104
2017	66	7066	92.9863086944
2018	65	7069	93.0805249022
2019	67	7071	93.1606760723
2020	65	7075	93.067392473
2021	70	7082	93.0838807439
2022	70	7088	93.053487578
2023	75	7094	93.002365425
2024	80	7094	92.9923941619
2025	75	7101	92.9265810808
2026	74	7104	92.9799428604
2027	74	7105	92.8985554012
2028	72	7111	92.9015634211
2029	69	7115	92.8158028176
2030	69	7117	92.7594994992
2031	68	7123	92.8355806221
2032	72	7129	92.888695237
2033	70	7134	92.8741883501
2034	69	7140	92.9345572723
2035	64	7145	92.9966290039
2036	65	7149	93.0370749115
2037	60	7152	93.0021006051
2038	57	7153	92.9162807047
2039	53	7160	92.8715404098
2040	55	7164	92.8174854211
2041	52	7165	92.7942007878
2042	54	7169	92.8025908663
2043	53	7173	92.7358069792
2044	52	7176	92.7079438447
2045	56	7181	92.7771041268
2046	58	7184	92.7050805936
2047	56	7188	92.662984552
2048	55	7188	92.6968631648
2049	57	7195	92.7709862116
2050	62	7198	92.8673856834
2051	63	7201	92.9518623286
2052	68	7206	93.0204055055
2053	68	7213	92.928003896
2054	66	7216	92.9679347341
2055	70	7218	92.9798255566
2056	68	7220	93.044745861
2057	67	7220	93.077727973
2058	72	7221	92.9821475013
2059	72	7223	92.900320867
2060	67	7230	92.9531503194
2061	64	7237	92.8883045098
2062	64	7243	92.9676332024
2063	66	7250	93.0367764619
2064	63	7252	93.1360681216
2065	67	7255	93.1442343667
2066	68	7256	93.1815096272
2067	73	7263	93.1178932191
2068	69	7264	93.1031298914
2069	64	7265	93.1334953188
2070	68	7271	93.0722491582
2071	71	7277	93.0294482764
2072	67	7284	93.1238476978
2073	67	7284	93.1552782721
2074	65	7290	93.1793818965
2075	65	7290	93.1302964282
2076	65	7297	93.1520523084
2077	60	7298	93.0718256057
2078	64	7300	92.9816174424
2079	64	7303	93.0291207763
2080	69	7306	92.95197077
2081	66	7309	92.9928772159
2082	67	7313	92.9854142559
2083	72	7315	92.9913911904
2084	73	7322	92.9473684293
2085	71	7323	92.8939308799
2086	73	7325	92.9158901699
2087	77	7325	92.8709803308
2088	74	7325	92.8365452629
2089	71	7330	92.7580347832
2090	75	7330	92.8080596061
2091	80	7337	92.9061438097
2092	76	7342	92.8584325953
2093	81	7343	92.917934785
2094	78	7348	92.8545571228
2095	79	7349	92.8151162988
2096	74	7352	92.8170885325
2097	75	7353	92.8571725299
2098	73	7359	92.9441134055
2099	76	7361	92.8802352826
2100	75	7367	92.8485448718
2101	80	7371	92.7597118356
2102	80	7376	92.7399522295
2103	81	7378	92.7848703653
2104	77	7385	92.8032480583
2105	77	7391	92.840611238
2106	77	7393	92.8555800701
2107	79	7395	92.926388817
2108	82	7397	92.9093791766
2109	81	7403	92.9254143454
2110	82	7410	92.9704191959
2111	86	7413	92.9654176625
2112	83	7413	92.9322205368
2113	80	7414	92.9612822174
2114	76	7417	93.0322884442
2115	79	7420	92.9479226724
2116	74	7426	92.9938761645
2117	71	7433	92.9749429952
2118	68	7438	92.9617900029
2119	67	7438	93.0581569915
2120	67	7445	93.054308194
2121	63	7450	93.0376270955
2122	58	7455	92.9430788701
2123	61	7462	93.0308029101
2124	56	7462	92.958105878
2125	61	7465	93.0099938187
2126	62	7472	93.1098855197
2127	65	7476	93.1024639392
2128	60	7477	93.0363271446
2129	57	7479	93.0453102076
2130	53	7483	93.045527575
2131	56	7490	92.9788538182
2132	58	7493	92.9595676205
2133	55	7498	92.9964030031
2134	56	7505	92.9540818145
2135	55	7512	92.8975443285
2136	54	7516	92.9044845354
2137	51	7517	92.9599046751
2138	52	7518	92.9477050873
2139	56	7518	92.9345148134
2140	60	7521	92.8709831241
2141	59	7523	92.9181673864
2142	57	7525	92.984444319
2143	58	7531	93.0675078361
2144	58	7531	93.1667496449
2145	59	7531	93.1221595503
2146	59	7532	93.0433973963
2147	61	7535	93.0083144421
2148	56	7540	92.9467925411
2149	57	7543	93.044700011
2150	62	7550	93.0123152909
2151	58	7553	93.025489719
2152	53	7555	93.0321094179
2153	58	7561	93.1187716145
2154	57	7566	93.0655051046
2155	56	7572	93.129511597
2156	60	7573	93.0865776802
2157	61	7573	93.074440207
2158	65	7580	93.0649912932
2159	69	7580	92.9920657071
2160	72	7581	93.000918205
2161	75	7588	92.9355950207
2162	70	7592	93.0070892799
2163	70	7594	92.9361094787
2164	72	7598	92.9515231391
2165	68	7604	93.0102924971
2166	71	7606	92.9718808168
2167	68	7610	92.9267555668
2168	70	7615	92.9178531959
2169	66	7618	92.9005273839
2170	65	7625	92.8414897635
2171	67	7628	92.830399926
2172	67	7629	92.8109999892
2173	68	7636	92.7702005711
2174	68	7639	92.7747137202
2175	67	7644	92.7512211187
2176	63	7646	92.790003861
2177	62	7646	92.8805355999
2178	61	7646	92.9423045688
2179	59	7650	92.9209382949
2180	56	7652	92.9475024354
2181	57	7659	92.8661464851
2182	57	7660	92.9225349307
2183	57	7661	92.9123542228
2184	53	7664	92.8919823467
2185	50	7667	92.8665404859
2186	50	7671	92.9617386731
2187	52	7671	92.8751470983
2188	51	7672	92.891485337
2189	56	7676	92.8925763759
2190	56	7679	92.8152118363
2191	59	7680	92.7873368573
2192	63	7680	92.7354117168
2193	62	7683	92.6408449052
2194	62	7690	92.6326878285
2195	63	7695	92.6582171705
2196	66	7697	92.7360219914
2197	62	7698	92.6968338386
2198	65	7699	92.6931985356
2199	60	7700	92.6891487036
2200	63	7705	92.7226488596
2201	64	7710	92.7651041118
2202	65	7714	92.779972927
2203	66	7716	92.687867354
2204	61	7719	92.7536773082
2205	64	7721	92.6750593269
2206	63	7721	92.6340625661
2207	59	7724	92.6188425609
2208	54	7727	92.5906735379
2209	50	7728	92.543145813
2210	50	7729	92.4502459843
2211	50	7734	92.4459219947
2212	50	7737	92.369994602
2213	50	7741	92.2756683457
2214	50	7747	92.1786136129
2215	51	7748	92.0824281291
2216	54	7753	92.1044628255
2217	58	7760	92.1812506034
2218	55	7762	92.1751176952
2219	56	7769	92.1786019812
2220	54	7776	92.2423968257
2221	59	7781	92.3216026947
2222	55	7786	92.2797199532
2223	56	7792	92.3258184292
2224	56	7794	92.3640645408
2225	56	7800	92.3029485319
2226	61	7800	92.2851084656
2227	61	7800	92.338905756
2228	60	7803	92.2821197186
2229	63	7807	92.2098861627
2230	62	7814	92.1763010377
2231	66	7814	92.2755685551
2232	71	7814	92.2912787019
2233	70	7814	92.2837950432
2234	73	7815	92.3197934379
2235	76	7822	92.2459796316
2236	79	7828	92.2228930312
2237	76	7832	92.3196159842
2238	78	7832	92.2509082224
2239	82	7836	92.2107006338
2240	87	7841	92.2699608113
2241	85	7843	92.2235463243
2242	88	7843	92.1655990704
2243	86	7846	92.1293246575
2244	83	7847	92.1404097234
2245	85	7850	92.0961896466
2246	86	7852	92.1580973077
2247	88	7853	92.0752233012
2248	90	7857	92.0261070988
2249	87	7861	92.0905135364
2250	86	7867	92.059959715
2251	87	7870	92.0556084708
2252	83	7871	92.0417395745
2253	85	7875	92.1002243552
2254	87	7877	92.1058946799
2255	83	7883	92.0360470408
2256	86	7890	92.1079240294
2257	82	7896	92.1953175299
2258	85	7899	92.2892750454
2259	86	7904	92.258449383
2260	86	7906	92.1806062522
2261	89	7911	92.2684062663
2262	85	7915	92.26316584
2263	80	7920	92.2836021259
2264	85	7925	92.2106105827
2265	89	7925	92.1359620077
2266	87	7926	92.1864870704
2267	86	7930	92.0944173846
2268	83	7937	92.0132446312
2269	81	7938	92.0518280287
2270	86	7939	92.0424145046
2271	89	7945	92.0905284473
2272	91	7951	92.071340542
2273	92	7954	92.0518439179
2274	95	7958	92.0741097115
2275	90	7962	92.1129026612
2276	92	7968	92.020141061
2277	95	7975	92.0622314269
2278	94	7978	92.0011677904
2279	89	7978	91.9842726253
2280	93	7985	92.0033970509
2281	88	7991	92.0842267782
2282	85	7992	92.1043584899
2283	80	7996	92.0952069577
2284	85	8002	92.0565598948
2285	88	8002	92.0009332073
2286	89	8008	91.9483851406
2287	90	8012	91.9180548016
2288	89	8012	91.9888176914
2289	91	8015	92.011817442
2290	96	8019	91.9808347712
2291	97	8024	91.9119544399
2292	96	8024	91.8791775369
2293	94	8029	91.8139365815
2294	91	8034	91.8527290249
2295	96	8038	91.8084874501
2296	93	8040	91.7669600081
2297	94	8045	91.8511788668
2298	99	8050	91.863531544
2299	98	8054	91.8887064816
2300	101	8055	91.9186478066
2301	102	8060	91.9085762696
2302	102	8065	91.8499895164
2303	104	8072	91.8670081054
2304	103	8077	91.8489028169
2305	103	8079	91.8228939653
2306	104	8081	91.9001213494
2307	102	8088	91.97452093
2308	102	8095	91.9482218214
2309	98	8097	92.0217809812
2310	102	8100	92.0431588618
2311	105	8103	91.9582562996
2312	103	8105	91.9939961812
2313	107	8111	91.9349154254
2314	102	8113	91.9611558401
2315	100	8119	91.9209361825
2316	97	8125	92.0069482791
2317	99	8125	91.9941663261
2318	100	8130	91.9648799848
2319	95	8135	91.8684678632
2320	95	8139	91.7928233135
2321	93	8139	91.7538134683
2322	92	8145	91.7179116919
2323	90	8151	91.7122348554
2324	86	8151	91.6775771938
2325	86	8155	91.7766161023
2326	88	8157	91.7921587629
2327	85	8157	91.7840369625
2328	87	8160	91.8575026808
2329	84	8162	91.9006094208
2330	82	8168	91.9720082928
2331	79	8169	92.0517866122
2332	82	8171	92.050462981
2333	77	8174	91.9852291419
2334	73	8178	92.0571160902
2335	68	8179	92.0415954911
2336	70	8182	92.137205059
2337	73	8189	92.077601228
2338	72	8192	92.0572079145
2339	72	8193	92.0599757029
2340	70	8195	91.9722244343
2341	68	8200	91.910661243
2342	73	8204	91.9180257841
2343	70	8205	91.9287566376
2344	68	8209	91.8580491649
2345	73	8216	91.8948597205
2346	71	8217	91.9680621334
2347	66	8218	91.9743735099
2348	65	8218	91.9177004441
2349	64	8218	92.0008134623
2350	60	8225	91.9438187276
2351	65	8227	91.9420818908
2352	66	8227	91.8705461597
2353	67	8229	91.8187253779
2354	72	8232	91.8820108751
2355	74	8239	91.8798634117
2356	71	8241	91.8762911039
2357	75	8243	91.9553589245
2358	75	8243	91.9010322516
2359	71	8249	91.9121890798
2360	72	8253	91.9325536991
2361	68	8253	91.8930736584
2362	72	8254	91.8147501962
2363	76	8255	91.8384218858
2364	75	8256	91.7521141964
2365	73	8262	91.6524310337
2366	69	8265	91.7036333475
2367	64	8267	91.7992737482
2368	63	8267	91.8950938085
2369	64	8273	91.8212207864
2370	69	8278	91.8464949937
2371	70	8282	91.7781810838
2372	74	8284	91.6886863432
2373	69	8289	91.6924073373
2374	70	8290	91.6541867547
2375	68	8295	91.6665673301
2376	64	8297	91.6046536278
2377	66	8299	91.5955005754
2378	71	8306	91.6468054021
2379	71	8313	91.6298269079
2380	68	8319	91.5571703588
2381	72	8324	91.6158863514
2382	67	8329	91.6867651605
2383	70	8332	91.5901403986
2384	75	8336	91.5051471053
2385	72	8336	91.5575187018
2386	76	8339	91.5148301753
2387	77	8342	91.6018824647
2388	74	8349	91.5195247416
2389	74	8352	91.4982645899
2390	70	8353	91.4803612872
2391	72	8358	91.4251730213
2392	76	8365	91.4458512396
2393	78	8368	91.5213928323
2394	83	8375	91.6050151743
2395	87	8377	91.5431978407
2396	88	8383	91.6220211952
2397	86	8386	91.6963760704
2398	85	8389	91.6770369501
2399	89	8392	91.6405080478
2400	86	8398	91.5430811507
2401	83	8402	91.560540689
2402	79	8404	91.4748815738
2403	79	8409	91.3951439082
2404	80	8413	91.4400851362
2405	76	8416	91.5306134832
2406	72	8416	91.4548636399
2407	75	8420	91.4872934458
2408	78	8426	91.4931976224
2409	75	8430	91.5570376619
2410	80	8433	91.60713771
2411	80	8437	91.6568708523
2412	79	8441	91.7215012915
2413	83	8443	91.7538791149
2414	79	8447	91.6910021336
2415	79	8452	91.6246365677
2416	78	8454	91.6373693145
2417	83	8459	91.6920199903
2418	87	8462	91.7025173508
2419	86	8469	91.7872675108
2420	88	8471	91.8439138536
2421	90	8472	91.7509009862
2422	94	8475	91.6925457605
2423	96	8478	91.6749778305
2424	97	8480	91.7305479723
2425	93	8482	91.6451032076
2426	98	8482	91.6554887397
2427	94	8486	91.7317092359
2428	94	8493	91.6717413692
2429	93	8499	91.578222132
2430	95	8499	91.5196818227
2431	98	8506	91.5533519985
2432	103	8512	91.5954187167
2433	108	8518	91.6103181068
2434	105	8518	91.542427645
2435	105	8518	91.4728813413
2436	100	8519	91.4305301756
2437	97	8525	91.4377527343
2438	95	8530	91.5180097973
2439	93	8536	91.6022723371
2440	91	8541	91.5052362187
2441	94	8543	91.5931377012
2442	99	8546	91.6467739178
2443	102	8547	91.6219399153
2444	103	8553	91.6192399953
2445	101	8559	91.6177264237
2446	97	8559	91.6115113919
2447	95	8559	91.6363369024
2448	90	8562	91.6077788432
2449	87	8564	91.6782415583
2450	90	8564	91.6318047894
2451	86	8569	91.7106749141
2452	88	8570	91.7870599886
2453	89	8572	91.7205906035
2454	87	8577	91.7373713421
2455	84	8578	91.6610457837
2456	86	8579	91.6567609556
2457	88	8584	91.5857367868
2458	92	8584	91.6034780276
2459	93	8585	91.5226097449
2460	91	8589	91.6132048275
2461	89	8594	91.532323213
2462	84	8598	91.5278805576
2463	85	8603	91.4949123024
2464	88	8607	91.4105191704
2465	87	8612	91.4595260204
2466	89	8618	91.5552321844
2467	84	8622	91.5925146587
2468	79	8627	91.6036329848
2469	84	8631	91.578823509
2470	88	8631	91.5247880212
2471	88	8638	91.455689699
2472	91	8639	91.5260752047
2473	91	8644	91.4839930861
2474	94	8651	91.4042586446
2475	91	8657	91.4647836204
2476	88	8660	91.5092456016
2477	90	8660	91.5056929048
2478	93	8662	91.5077542274
2479	94	8666	91.4555071382
2480	91	8673	91.4638808586
2481	92	8680	91.399295057
2482	88	8684	91.4483285476
2483	85	8691	91.4855002785
2484	82	8695	91.5291776314
2485	79	8702	91.4628638503
2486	74	8706	91.3885736125
2487	74	8712	91.4594325711
2488	77	8715	91.5555124651
2489	81	8716	91.5180216436
2490	76	8716	91.4875777324
2491	81	8720	91.4058536722
2492	76	8722	91.401251482
2493	77	8723	91.3933051907
2494	81	8724	91.4757428886
2495	86	8729	91.4050494214
2496	88	8736	91.308226847
2497	85	8738	91.3156629311
2498	88	8744	91.2236780194
2499	84	8751	91.275846765
2500	82	8758	91.3454316935
2501	77	8764	91.2547957683
2502	78	8768	91.1827245153
2503	82	8775	91.2540183911
2504	86	8777	91.2088625883
2505	84	8780	91.2834884074
2506	83	8785	91.23089704
2507	78	8787	91.2516115987
2508	79	8789	91.2027226755
2509	80	8795	91.1352850385
2510	76	8797	91.2015789368
2511	75	8801	91.2206704325
2512	80	8805	91.192036296
2513	83	8811	91.2373131989
2514	82	8811	91.1433675056
2515	85	8815	91.0568408796
2516	87	8818	91.0113194298
2517	89	8819	91.0894719627
2518	91	8821	90.9977857265
2519	92	8821	91.0405948833
2520	89	8827	90.9677884301
2521	84	8832	91.00660074
2522	80	8834	90.9925941989
2523	85	8841	91.0437106405
2524	89	8846	90.9612032767
2525	88	8847	90.9587940995
2526	85	8852	91.0015877439
2527	80	8859	91.0311673712
2528	76	8861	91.1019084356
2529	75	8863	91.1271437036
2530	80	8868	91.0795319067
2531	79	8870	91.0264736071
2532	78	8871	91.0047219631
2533	74	8872	91.0675341293
2534	72	8873	91.0803607552
2535	74	8876	91.1763974641
2536	74	8879	91.0955816049
2537	74	8880	91.1150667801
2538	70	8887	91.0274915717
2539	66	8892	91.0116530573
2540	71	8898	90.9713825564
2541	73	8904	90.9517386063
2542	68	8908	90.9896244983
2543	70	8910	90.9611883044
2544	69	8917	90.9611300809
2545	72	8918	90.9251748462
2546	77	8920	91.0132698343
2547	77	8923	90.9470518098
2548	78	8928	91.0450579285
2549	80	8930	91.1443321503
2550	79	8935	91.0851339535
2551	81	8937	91.1132597024
2552	81	8940	91.1496186025
2553	80	8947	91.1862049526
2554	85	8952	91.2180105438
2555	81	8954	91.2537928533
2556	83	8956	91.2880538087
2557	87	8961	91.2953384665
2558	90	8967	91.2578873735
2559	90	8973	91.2117349849
2560	89	8974	91.1603517419
2561	90	8977	91.0715134958
2562	88	8977	91.1289880245
2563	90	8980	91.0586653638
2564	86	8980	91.1272773975
2565	85	8981	91.0513980512
2566	88	8984	91.1102067714
2567	86	8985	91.1335708969
2568	87	8991	91.0591625958
2569	84	8998	91.0813715762
2570	82	9004	91.0657437707
2571	85	9007	90.9689128249
2572	88	9011	90.9326662841
2573	93	9015	90.9300350714
2574	91	9016	90.8610827737
2575	95	9022	90.8201588441
2576	94	9024	90.8388932238
2577	99	9027	90.760503607
2578	97	9033	90.8301617358
2579	94	9040	90.8256829712
2580	97	9046	90.7711343353
2581	98	9053	90.812606033
2582	96	9057	90.7555909724
2583	97	9059	90.7195918869
2584	97	9063	90.6953825224
2585	97	9065	90.7332481078
2586	93	9068	90.7748647471
2587	95	9074	90.7616979265
2588	91	9075	90.6730711194
2589	93	9077	90.7101762949
2590	98	9081	90.7360135988
2591	99	9086	90.8080585388
2592	98	9092	90.8656511842
2593	97	9099	90.8773611712
2594	102	9104	90.864291199
2595	106	9105	90.770618457
2596	105	9112	90.6934866259
2597	109	9116	90.7619328337
2598	107	9122	90.7493306936
2599	105	9128	90.6881997298
2600	107	9131	90.6857992834
2601	105	9131	90.6158649012
2602	107	9132	90.5158903509
2603	111	9136	90.4461894828
2604	115	9143	90.4327897722
2605	115	9143	90.362758616
2606	116	9144	90.330760036
2607	120	9151	90.3773542174
2608	124	9152	90.2998774926
2609	124	9157	90.3455980914
2610	119	9162	90.2892877494
2611	118	9162	90.319292645
2612	117	9169	90.3350573022
2613	113	9169	90.261535204
2614	113	9175	90.2014717124
2615	113	9181	90.2342117261
2616	110	9187	90.157292935
2617	115	9192	90.0971789083
2618	110	9196	90.1829438811
2619	107	9196	90.220980616
2620	110	9200	90.2015539669
2621	113	9203	90.1656521175
2622	112	9204	90.2408204634
2623	110	9210	90.2028843784
2624	111	9217	90.2788026083
2625	109	9224	90.3685722161
2626	113	9230	90.3013748036
2627	113	9237	90.3710050403
2628	110	9244	90.3028050171
2629	111	9247	90.3769335518
2630	106	9251	90.4012019793
2631	102	9256	90.334283619
2632	101	9257	90.4187108882
2633	97	9257	90.3545964879
2634	96	9264	90.3833816335
2635	94	9268	90.3088582736
2636	89	9268	90.220100617
2637	90	9270	90.2884252781
2638	93	9270	90.3120657277
2639	97	9275	90.271020613
2640	98	9277	90.2021093353
2641	102	9279	90.118236716
2642	106	9283	90.1205134287
2643	106	9283	90.1072822031
2644	108	9286	90.1161113031
2645	113	9292	90.1776690504
2646	112	9297	90.2084109193
2647	115	9301	90.1626515642
2648	110	9301	90.2297340883
2649	108	9306	90.260713468
2650	109	9306	90.16773267
2651	106	9308	90.203861367
2652	109	9308	90.1105462669
2653	112	9308	90.0726101496
2654	113	9308	90.1712146827
2655	112	9311	90.2381077539
2656	113	9316	90.2775842364
2657	110	9321	90.2369164438
2658	109	9328	90.2047371628
2659	112	9333	90.2248975463
2660	109	9336	90.1519877956
2661	108	9342	90.2049282499
2662	104	9346	90.1199601736
2663	101	9353	90.079283346
2664	100	9359	90.0242810381
2665	105	9361	90.0990333565
2666	106	9365	90.0187835774
2667	109	9370	90.0412261097
2668	111	9375	90.0947723169
2669	111	9381	90.0737325784
2670	110	9388	90.0572829944
2671	106	9393	89.9695925363
2672	103	9399	90.0683599553
2673	98	9406	90.0867370204
2674	100	9413	90.1411592358
2675	98	9419	90.0858642823
2676	95	9421	90.1229847337
2677	94	9423	90.0634286835
2678	93	9424	90.1592734639
2679	89	9424	90.1334487652
2680	90	9424	90.2003252179
2681	92	9424	90.1678682726
2682	92	9428	90.1907861039
2683	97	9430	90.1501580688
2684	102	9434	90.1340497729
2685	97	9440	90.2335593084
2686	101	9443	90.2788603257
2687	98	9447	90.3732503778
2688	98	9448	90.3061143917
2689	95	9448	90.3933908905
2690	99	9448	90.3187169113
2691	95	9453	90.3054724263
2692	90	9458	90.2845794197
2693	95	9465	90.2842501701
2694	97	9469	90.2976994791
2695	93	9476	90.377151327
2696	88	9482	90.4600226757
2697	85	9489	90.5393094145
2698	80	9494	90.4706141621
2699	78	9497	90.4820257716
2700	78	9498	90.5744028089
2701	78	9499	90.4809753669
2702	77	9501	90.402838405
2703	73	9503	90.4118261466
2704	77	9503	90.4277105836
2705	80	9503	90.3711551592
2706	76	9507	90.4211922758
2707	76	9514	90.3798906299
2708	71	9519	90.3964695022
2709	76	9519	90.3242051149
2710	80	9524	90.4232672087
2711	83	9529	90.4283678681
2712	87	9536	90.4375870879
2713	83	9537	90.5158510792
2714	81	9540	90.54051153
2715	79	9542	90.574831738
2716	81	9548	90.5644693547
2717	83	9553	90.596713317
2718	85	9559	90.6170719574
2719	86	9562	90.5371417299
2720	87	9568	90.504317774
2721	83	9573	90.408117855
2722	87	9580	90.489206283
2723	88	9584	90.4237203652
2724	88	9589	90.3647361223
2725	89	9594	90.3451048352
2726	90	9596	90.3952441354
2727	91	9600	90.3761319469
2728	87	9602	90.293407395
2729	84	9605	90.2014800677
2730	88	9611	90.2038920658
2731	84	9613	90.1390295323
2732	79	9616	90.08861038
2733	78	9622	90.0949154824
2734	77	9623	90.1936265477
2735	79	9625	90.0972077937
2736	80	9630	90.0839676519
2737	80	9636	90.0143064875
2738	85	9642	90.0595819858
2739	90	9648	90.0864876117
2740	88	9650	90.0747291288
2741	90	9651	89.9995426643
2742	91	9654	89.9613015509
2743	93	9655	89.9718487434
2744	88	9662	89.9768738367
2745	83	9665	90.0197121131
2746	82	9672	89.9199927846
2747	78	9679	89.9928562029
2748	78	9685	89.9382023138
2749	79	9687	89.9247511986
2750	83	9690	89.8791505435
2751	78	9692	89.8077106432
2752	76	9693	89.903855586
2753	80	9700	89.9753320555
2754	76	9702	89.9702313532
2755	73	9709	89.942605194
2756	77	9709	89.913785567
2757	75	9716	89.9290746197
2758	73	9723	89.8957456688
2759	68	9728	89.8127347747
2760	70	9730	89.8436691539
2761	74	9734	89.7824970795
2762	75	9734	89.6894172369
2763	75	9736	89.7486631326
2764	75	9741	89.6759877552
2765	70	9747	89.6591301283
2766	70	9748	89.661587599
2767	70	9749	89.6464988541
2768	66	9755	89.6793054505
2769	68	9757	89.6793954568
2770	66	9761	89.6660803576
2771	65	9765	89.7249127419
2772	63	9768	89.787304981
2773	61	9772	89.7750829096
2774	57	9779	89.8607718709
2775	60	9781	89.882365008
2776	55	9782	89.8845365944
2777	60	9785	89.926951477
2778	63	9790	89.9890898486
2779	64	9791	90.0185024967
2780	65	9794	90.0320442123
2781	60	9794	89.9714672122
2782	59	9798	90.0083289034
2783	61	9802	89.9624372802
2784	64	9805	89.8914929187
2785	60	9810	89.9727435912
2786	63	9816	90.0126713447
2787	65	9820	90.0858401218
2788	68	9826	90.1645642542
2789	65	9826	90.1098513269
2790	65	9832	90.1808055237
2791	68	9836	90.2327839079
2792	67	9841	90.1419635107
2793	64	9846	90.0850560842
2794	64	9850	90.1089054552
2795	69	9855	90.0663230322
2796	73	9861	90.1033121667
2797	78	9865	90.0561543465
2798	79	9866	90.1369987303
2799	78	9869	90.1473922534
2800	76	9876	90.2110753739
2801	71	9879	90.1677952769
2802	66	9883	90.2114181453
2803	71	9887	90.1195808924
2804	76	9887	90.1203039696
2805	80	9888	90.0500116891
2806	85	9888	90.0944206424
2807	82	9892	90.093270388
2808	79	9898	90.1796760415
2809	77	9902	90.1026860702
2810	75	9904	90.1755892646
2811	74	9905	90.1746408774
2812	69	9909	90.1504971188
2813	66	9911	90.0593939368
2814	68	9913	90.0528157085
2815	72	9920	90.1498486622
2816	67	9921	90.0681235635
2817	71	9922	90.1444071958
2818	70	9924	90.1007365165
2819	70	9928	90.1101601377
2820	69	9930	90.0867486712
2821	68	9933	90.1338750849
2822	73	9935	90.0758048975
2823	68	9935	90.1019199267
2824	63	9940	90.1671282106
2825	60	9947	90.2368980245
2826	55	9950	90.148224405
2827	55	9950	90.1592624863
2828	53	9954	90.249468835
2829	57	9961	90.2836381258
2830	59	9965	90.3511247657
2831	60	9969	90.3222283754
2832	58	9970	90.3020637361
2833	54	9973	90.240298395
2834	52	9976	90.2546093695
2835	57	9982	90.1906901218
2836	57	9989	90.2016285335
2837	60	9995	90.2419560803
2838	58	9998	90.2274685394
2839	53	10001	90.1862007867
2840	54	10006	90.1738027982
2841	51	10008	90.1858533839
2842	53	10009	90.1408490061
2843	51	10014	90.1415083691
2844	51	10020	90.0868928173
2845	50	10022	90.1170244703
2846	50	10025	90.0830052298
2847	51	10025	90.0853119762
2848	51	10027	90.1133041711
2849	50	10027	90.0476413483
2850	55	10033	90.06425465
2851	52	10035	90.1206559181
2852	50	10041	90.2134292521
2853	55	10045	90.2872244698
2854	58	10052	90.2320667951
2855	59	10052	90.2553671569
2856	61	10052	90.3412289545
2857	59	10057	90.3313241071
2858	56	10059	90.2710385981
2859	51	10065	90.2876681524
2860	50	10071	90.2150160685
2861	50	10078	90.2231006548
2862	50	10081	90.2684169755
2863	55	10083	90.1932785526
2864	57	10084	90.2714643812
2865	60	10091	90.362927591
2866	57	10095	90.3213126303
2867	55	10098	90.2659221509
2868	54	10104	90.3051909539
2869	50	10110	90.2779833299
2870	50	10116	90.1956323693
2871	55	10121	90.2118947528
2872	58	10124	90.236440685
2873	57	10128	90.1745366901
2874	59	10135	90.1174683815
2875	58	10138	90.1902151752
2876	56	10139	90.0936256511
2877	55	10140	90.1127548742
2878	52	10141	90.1561106558
2879	55	10141	90.1265029788
2880	50	10146	90.0755703753
2881	50	10147	90.0656497304
2882	51	10150	90.0010449331
2883	50	10152	90.0593236977
2884	50	10156	89.9682610619
2885	55	10160	89.9410219323
2886	56	10161	89.9534236114
2887	51	10167	89.9129232114
2888	51	10168	89.9239208979
2889	52	10168	89.8377979699
2890	57	10175	89.8007289553
2891	54	10179	89.8025590426
2892	50	10185	89.7557028399
2893	55	10188	89.7816027955
2894	54	10190	89.7595552323
2895	57	10193	89.8299875185
2896	59	10200	89.8100909944
2897	60	10200	89.8359051488
2898	62	10205	89.890380823
2899	64	10208	89.8480178647
2900	59	10212	89.86291706
2901	61	10212	89.9605324672
2902	60	10212	90.0270208981
2903	55	10217	89.9783286355
2904	54	10218	89.925272888
2905	50	10225	89.9349772298
2906	50	10232	89.9501828881
2907	50	10238	89.991795159
2908	50	10241	90.0260950636
2909	50	10248	89.9834708805
2910	50	10252	89.9380982047
2911	52	10258	89.906419559
2912	50	10264	89.8289043013
2913	51	10268	89.7861454717
2914	53	10275	89.8619802669
2915	58	10277	89.8869534325
2916	53	10279	89.9350145533
2917	55	10284	90.0063809302
2918	57	10286	89.9333849562
2919	57	10290	89.9972426756
2920	55	10291	90.0353369384
2921	60	10292	89.9734964425
2922	62	10299	89.9041187644
2923	66	10303	89.8270072734
2924	70	10308	89.8192011727
2925	65	10312	89.8956519421
2926	69	10316	89.8172046383
2927	71	10323	89.8881516695
2928	67	10323	89.8554777933
2929	64	10325	89.9393158459
2930	68	10329	89.9724482588
2931	65	10332	89.9998034694
2932	67	10338	90.0425653029
2933	71	10338	90.004199586
2934	72	10344	89.9256247865
2935	74	10348	89.9534771585
2936	69	10355	89.8555884874
2937	64	10358	89.7937995858
2938	59	10360	89.7214142395
2939	58	10364	89.6215705554
2940	62	10370	89.5571597224
2941	67	10374	89.4785542518
2942	72	10376	89.4757222611
2943	70	10383	89.4117779956
2944	70	10388	89.4240759212
2945	71	10388	89.4192180214
2946	66	10391	89.4658193903
2947	63	10394	89.4861507207
2948	68	10396	89.5757650996
2949	65	10401	89.6310350392
2950	69	10402	89.7265742585
2951	65	10406	89.8210259802
2952	60	10411	89.7729433879
2953	61	10416	89.6937725771
2954	56	10420	89.7030417403
2955	56	10426	89.7481619113
2956	56	10426	89.827476767
2957	58	10432	89.8664077787
2958	57	10439	89.7815200883
2959	60	10441	89.7671793801
2960	57	10447	89.7413402761
2961	53	10449	89.7367211126
2962	50	10456	89.6484898203
2963	50	10458	89.7270104392
2964	52	10463	89.7392681217
2965	50	10470	89.7350579286
2966	52	10477	89.6502188117
2967	57	10480	89.5836064896
2968	54	10481	89.6613001744
2969	56	10488	89.580986619
2970	61	10494	89.5175021225
2971	62	10499	89.6113074224
2972	65	10503	89.70343755
2973	65	10508	89.6361940096
2974	68	10510	89.6081719192
2975	63	10517	89.5657016141
2976	65	10521	89.61159511
2977	70	10522	89.5897194007
2978	65	10524	89.5308174422
2979	63	10527	89.436762829
2980	66	10529	89.477835466
2981	68	10536	89.5139665959
2982	65	10536	89.5713528369
2983	67	10541	89.5570705272
2984	62	10547	89.5611111527
2985	59	10547	89.6327189017
2986	56	10550	89.7243199535
2987	54	10551	89.7182284674
2988	55	10552	89.743902917
2989	58	10558	89.7394148849
2990	60	10558	89.8138302051
2991	58	10560	89.77133704
2992	55	10561	89.7522819604
2993	54	10562	89.8209274815
2994	54	10566	89.7329912103
2995	50	10569	89.8296038527
2996	50	10575	89.8069292588
2997	53	10579	89.7423118477
2998	58	10582	89.6874689878
2999	55	10588	89.6753075489
3000	57	10594	89.7041890784
3001	52	10595	89.6456873276
3002	50	10596	89.6294399267
3003	52	10603	89.6033532552
3004	57	10606	89.5748924168
3005	52	10613	89.5663938021
3006	50	10620	89.5729489659
3007	52	10624	89.5899617435
3008	50	10625	89.5529237107
3009	55	10626	89.5887821984
3010	54	10630	89.6613932041
3011	53	10637	89.6563654208
3012	58	10642	89.5959563928
3013	60	10646	89.6806450349
3014	64	10653	89.6584687281
3015	64	10659	89.6198385404
3016	68	10663	89.5897399124
3017	70	10668	89.4919717449
3018	69	10673	89.4319320194
3019	65	10677	89.4265502268
3020	60	10679	89.4988811337
3021	60	10682	89.5062981407
3022	57	10683	89.5399167764
3023	56	10687	89.5890440967
3024	52	10692	89.6764468354
3025	50	10694	89.6354568714
3026	55	10696	89.6884230258
3027	55	10698	89.7236180702
3028	59	10701	89.7573527896
3029	61	10708	89.7006193255
3030	65	10708	89.6007955904
3031	67	10708	89.6037140064
3032	71	10715	89.682025407
3033	69	10722	89.6995794013
3034	64	10722	89.6732080711
3035	60	10722	89.6351187818
3036	56	10729	89.6619035762
3037	61	10734	89.5628196991
3038	61	10735	89.5105358935
3039	58	10739	89.4487077512
3040	53	10741	89.4843823613
3041	50	10748	89.4208671309
3042	50	10752	89.4423395542
3043	50	10755	89.4564373978
3044	54	10756	89.5406034898
3045	56	10761	89.4507003639
3046	55	10768	89.356274342
3047	58	10769	89.3502979412
3048	63	10772	89.2785414645
3049	64	10775	89.1937624007
3050	66	10778	89.209019357
3051	65	10783	89.2239635896
3052	69	10785	89.135003098
3053	69	10785	89.1049095062
3054	72	10789	89.1409069434
3055	71	10794	89.2146049196
3056	72	10800	89.2173138764
3057	72	10801	89.1595949786
3058	77	10804	89.0705152884
3059	75	10806	89.1354336152
3060	70	10812	89.206341059
3061	66	10812	89.23283875
3062	70	10817	89.1711304846
3063	68	10824	89.2255102057
3064	73	10829	89.164020862
3065	69	10834	89.1583423084
3066	69	10837	89.1138068311
3067	71	10840	89.1774924704
3068	69	10842	89.2400410274
3069	74	10848	89.1809690056
3070	72	10849	89.0964467839
3071	77	10856	89.0225831641
3072	80	10859	89.029091038
3073	82	10863	89.0169287393
3074	84	10868	89.1044593049
3075	86	10874	89.2017831225
3076	84	10875	89.2471542474
3077	85	10879	89.3339207887
3078	87	10881	89.3543896309
3079	85	10885	89.3072705427
3080	88	10889	89.2677684698
3081	86	10891	89.2363494802
3082	87	10894	89.1756688782
3083	89	10901	89.2342049902
3084	84	10907	89.2671728612
3085	82	10912	89.3123573156
3086	80	10916	89.4011038133
3087	84	10920	89.4120390248
3088	80	10920	89.4655864804
3089	79	10922	89.4098401942
3090	84	10928	89.3336845171
3091	79	10928	89.3914174022
3092	78	10935	89.329155196
3093	73	10942	89.3008741616
3094	76	10945	89.314995998
3095	78	10952	89.3409995546
3096	73	10955	89.27367967
3097	71	10958	89.3604267749
3098	67	10964	89.3420390865
3099	66	10966	89.4399930582
3100	67	10969	89.4736424488
3101	66	10975	89.4257941807
3102	65	10977	89.4371882539
3103	64	10979	89.502851123
3104	63	10986	89.5357739215
3105	66	10986	89.4611812654
3106	65	10986	89.5138127233
3107	70	10986	89.4839590467
3108	74	10986	89.566088492
3109	77	10986	89.5164510968
3110	79	10987	89.4252555462
3111	81	10993	89.374660973
3112	82	10993	89.4710897351
3113	83	10996	89.5560833974
3114	83	10997	89.5261161841
3115	79	11000	89.4809324853
3116	82	11002	89.4477642509
3117	79	11003	89.4588506281
3118	79	11004	89.3785364766
3119	82	11008	89.2796594287
3120	80	11012	89.3014476092
3121	76	11016	89.2188782586
3122	79	11023	89.1784681325
3123	75	11026	89.1599928471
3124	72	11030	89.0711151954
3125	68	11036	89.0435063376
3126	65	11036	89.1010968213
3127	68	11037	89.1599742982
3128	63	11041	89.1496931018
3129	63	11045	89.0859994512
3130	61	11052	89.1415980108
3131	65	11054	89.0858522613
3132	60	11059	88.9940346823
3133	59	11061	89.0848887103
3134	63	11065	89.0898285973
3135	64	11071	89.1645174758
3136	67	11071	89.1888813869
3137	72	11074	89.2100754047
3138	71	11076	89.1724271087
3139	75	11079	89.2604338632
3140	75	11082	89.3401163456
3141	79	11089	89.396478488
3142	76	11096	89.3406367844
3143	72	11103	89.2576634659
3144	72	11105	89.2437936557
3145	72	11110	89.234590402
3146	71	11110	89.30812356
3147	70	11110	89.2886892596
3148	70	11110	89.2156654341
3149	66	11113	89.1776475013
3150	62	11118	89.1378932543
3151	58	11119	89.0543590086
3152	55	11122	89.0240489843
3153	50	11127	89.0842995164
3154	55	11130	89.005783579
3155	60	11136	88.985337046
3156	61	11141	89.0828217122
3157	56	11146	89.059575681
3158	59	11146	89.0290457208
3159	55	11149	88.9681384364
3160	60	11152	88.9449239813
3161	58	11158	88.8770822081
3162	60	11162	88.8867895928
3163	65	11168	88.9134133754
3164	67	11171	88.9587443977
3165	71	11173	88.8876661592
3166	74	11177	88.8080592307
3167	77	11180	88.8514668091
3168	79	11183	88.9231007994
3169	79	11185	88.8556825107
3170	76	11188	88.9382558425
3171	76	11195	89.015989447
3172	77	11195	89.0901349617
3173	80	11195	89.1858379122
3174	81	11196	89.0902083092
3175	78	11199	89.153005227
3176	80	11203	89.2432678598
3177	79	11208	89.2750027035
3178	83	11213	89.2649889043
3179	84	11213	89.2975456901
3180	82	11219	89.333501053
3181	77	11225	89.3764501156
3182	74	11228	89.4591918752
3183	71	11231	89.5085294701
3184	74	11231	89.5171943865
3185	73	11235	89.5658735156
3186	75	11238	89.4818979562
3187	72	11244	89.4712388924
3188	67	11251	89.3838924345
3189	69	11258	89.4109075579
3190	66	11263	89.4744371436
3191	65	11269	89.5416482271
3192	70	11274	89.515204147
3193	75	11277	89.516819724
3194	70	11281	89.4905539589
3195	73	11284	89.3972307224
3196	78	11285	89.4456276297
3197	73	11289	89.4249981335
3198	76	11295	89.3751165195
3199	78	11299	89.3945260272
3200	74	11306	89.3722170296
3201	72	11308	89.3730522969
3202	74	11311	89.3227935373
3203	79	11314	89.2976999389
3204	76	11316	89.3871958579
3205	72	11319	89.4594064309
3206	70	11324	89.445207319
3207	68	11330	89.5164912182
3208	65	11334	89.5624354211
3209	66	11341	89.6251220042
3210	61	11343	89.5448441046
3211	61	11348	89.5033192242
3212	57	11349	89.415276478
3213	60	11356	89.4677243752
3214	57	11362	89.5647841025
3215	54	11362	89.5693947447
3216	51	11364	89.6462082022
3217	50	11369	89.68797133
3218	50	11371	89.7666911341
3219	54	11377	89.7398071513
3220	52	11383	89.6590751358
3221	54	11390	89.6608347572
3222	57	11397	89.7359022055
3223	61	11403	89.6506824569
3224	60	11409	89.7262536567
3225	65	11413	89.7730108804
3226	70	11419	89.8475372776
3227	66	11423	89.878278115
3228	69	11424	89.8078386423
3229	68	11424	89.7490906597
3230	71	11430	89.7997415922
3231	75	11434	89.756274984
3232	73	11434	89.7869944844
3233	75	11439	89.8828867268
3234	77	11443	89.8208625038
3235	81	11446	89.9185491317
3236	77	11453	89.9181808019
3237	73	11453	90.0062046839
3238	74	11456	89.9159163055
3239	70	11457	89.8840572774
3240	65	11463	89.8800057323
3241	64	11469	89.8057844303
3242	61	11475	89.8479132914
3243	64	11475	89.9189758765
3244	65	11482	89.8372827613
3245	70	11489	89.9048268285
3246	68	11495	89.9904532823
3247	64	11496	90.0244461543
3248	65	11503	89.953658079
3249	68	11510	89.8794698506
3250	65	11513	89.8956033055
3251	60	11515	89.9351780823
3252	59	11516	89.8662478996
3253	56	11521	89.8859707867
3254	53	11526	89.8104583578
3255	57	11526	89.8227786621
3256	55	11531	89.8639326784
3257	52	11533	89.8954575025
3258	50	11536	89.8861463098
3259	52	11543	89.8768969288
3260	50	11550	89.8908513209
3261	52	11557	89.9093252759
3262	51	11560	89.9348510726
3263	54	11563	89.9998713011
3264	51	11565	90.0330001297
3265	51	11572	90.0062478357
3266	50	11572	89.9773727493
3267	50	11577	90.0202761079
3268	54	11578	90.0180516369
3269	50	11578	89.9235811356
3270	50	11582	89.98485529
3271	50	11585	90.0844189411
3272	50	11592	90.0679683949
3273	50	11594	90.0690092714
3274	52	11595	90.0753019277
3275	55	11595	90.0723371239
3276	52	11599	90.1178596646
3277	54	11605	90.0209497455
3278	53	11612	90.0241182
3279	56	11612	90.0541373281
3280	51	11612	89.9681182238
3281	52	11617	90.0230541845
3282	52	11619	90.0578609201
3283	52	11621	90.09424345
3284	55	11628	90.169949578
3285	60	11630	90.1770657366
3286	56	11634	90.2529928179
3287	59	11641	90.1834612051
3288	60	11644	90.196865196
3289	55	11648	90.1456624123
3290	55	11651	90.1196883942
3291	57	11654	90.0948875518
3292	56	11659	90.0128244312
3293	61	11666	90.0811567939
3294	64	11671	90.0560333887
3295	60	11673	90.0621930931
3296	56	11678	90.1415933262
3297	55	11678	90.2263991427
3298	51	11679	90.2273504975
3299	50	11684	90.2354154769
3300	50	11684	90.2103372743
3301	50	11686	90.1282070167
3302	54	11688	90.1696172792
3303	55	11694	90.2382172596
3304	55	11701	90.214747185
3305	50	11703	90.2082191153
3306	50	11708	90.253587107
3307	50	11709	90.3092258242
3308	50	11716	90.2124331728
3309	53	11722	90.160986763
3310	53	11727	90.1338759632
3311	53	11733	90.0510011263
3312	57	11740	90.0871547974
3313	57	11740	90.1496791747
3314	62	11742	90.1087498177
3315	59	11748	90.0184055987
3316	58	11753	90.0064545731
3317	58	11756	89.9983538686
3318	61	11761	90.0010635282
3319	64	11767	90.0160438814
3320	61	11773	90.033318141
3321	63	11776	89.9894683324
3322	65	11777	90.0512018024
3323	66	11782	90.140242366
3324	70	11787	90.0843654917
3325	68	11792	90.0322189174
3326	63	11795	90.0419011273
3327	60	11802	90.141368809
3328	60	11806	90.1441240744
3329	60	11811	90.2296326073
3330	61	11811	90.1685378054
3331	64	11812	90.135468773
3332	62	11817	90.1653068512
3333	57	11817	90.1880247477
3334	62	11822	90.1740847805
3335	58	11826	90.2005955925
3336	60	11826	90.1370276096
3337	63	11827	90.0885983112
3338	63	11830	90.0037235531
3339	68	11834	89.9577526193
3340	73	11839	89.929312282
3341	76	11845	90.023601902
3342	77	11849	90.024279582
3343	82	11854	90.0484537953
3344	81	11861	90.1111317237
3345	82	11865	90.1746391009
3346	79	11870	90.2515399851
3347	78	11876	90.3443668302
3348	79	11881	90.3487155136
3349	78	11882	90.353295592
3350	75	11885	90.4090580468
3351	77	11889	90.4040504573
3352	72	11894	90.3646973945
3353	67	11894	90.266845864
3354	69	11898	90.2951498405
3355	64	11904	90.2829293649
3356	60	11906	90.2470176918
3357	58	11907	90.3120250922
3358	55	11912	90.3314854358
3359	54	11913	90.3975107378
3360	58	11913	90.3061243634
3361	60	11914	90.3249812709
3362	56	11920	90.3182163453
3363	52	11927	90.3072782064
3364	54	11932	90.2570711261
3365	51	11939	90.1633809418
3366	56	11942	90.178034962
3367	54	11946	90.1127786811
3368	50	11951	90.0193303017
3369	53	11951	90.095813797
3370	52	11952	90.0845982859
3371	50	11955	89.995199661
3372	52	11959	90.0364757154
3373	57	11964	90.1185156074
3374	58	11964	90.211819308
3375	60	11969	90.1237047004
3376	61	11969	90.0607916078
3377	63	11972	90.1047048647
3378	63	11976	90.1567796467
3379	67	11976	90.1993339294
3380	63	11981	90.2722994808
3381	59	11987	90.3362334027
3382	59	11990	90.3653856933
3383	58	11991	90.3873355266
3384	54	11993	90.4845574406
3385	55	11999	90.5714734714
3386	54	12006	90.5969188467
3387	54	12009	90.5375469909
3388	56	12013	90.602886593
3389	53	12018	90.5753118227
3390	50	12023	90.5993122239
3391	50	12027	90.660506048
3392	50	12033	90.6686256228
3393	54	12034	90.7629517906
3394	57	12034	90.7997749233
3395	56	12038	90.8524007798
3396	57	12042	90.9091055668
3397	57	12047	90.9984405461
3398	60	12051	90.901201834
3399	62	12052	90.8915105658
3400	63	12056	90.9774890913
3401	61	12062	90.9246299292
3402	64	12062	90.8855073522
3403	69	12062	90.8011757526
3404	67	12062	90.8326737022
3405	66	12069	90.7877804474
3406	64	12072	90.879813894
3407	63	12072	90.9563081313
3408	68	12079	91.0318488552
3409	73	12086	90.9974077458
3410	69	12090	91.0608696973
3411	67	12096	91.080510014
3412	70	12101	91.1384727541
3413	71	12102	91.1844214443
3414	76	12104	91.2575071778
3415	71	12104	91.2918953005
3416	69	12108	91.2661489593
3417	68	12112	91.3357263784
3418	65	12117	91.3006531322
3419	69	12120	91.264693321
3420	74	12120	91.288570364
3421	70	12120	91.3369714662
3422	66	12124	91.4004475544
3423	71	12130	91.3924804172
3424	75	12131	91.4023346079
3425	71	12138	91.4362326885
3426	73	12142	91.5012501264
3427	72	12147	91.41685339
3428	67	12148	91.3428313426
3429	65	12148	91.3051740465
3430	61	12155	91.3525308298
3431	59	12160	91.2761016918
3432	64	12161	91.2658778432
3433	64	12163	91.3392413976
3434	69	12170	91.2543426395
3435	67	12171	91.2417276107
3436	67	12175	91.2877895208
3437	64	12179	91.3087148277
3438	65	12183	91.3038168788
3439	65	12189	91.2802866535
3440	60	12196	91.3484692316
3441	63	12203	91.4000717008
3442	58	12209	91.4294888017
3443	61	12215	91.4005550104
3444	56	12221	91.4911904833
3445	52	12225	91.469992363
3446	52	12228	91.3784590605
3447	50	12234	91.3251037784
3448	50	12236	91.3348652804
3449	54	12241	91.3491675887
3450	59	12242	91.3917266826
3451	62	12243	91.339391414
3452	63	12243	91.3355322275
3453	60	12249	91.2882892058
3454	64	12250	91.214941749
3455	63	12257	91.1590429589
3456	65	12263	91.1141129233
3457	63	12270	91.2101871216
3458	63	12274	91.2081960913
3459	66	12279	91.1633924868
3460	67	12279	91.2509045901
3461	65	12281	91.3197582505
3462	63	12283	91.3708407645
3463	58	12285	91.3027474926
3464	62	12290	91.3547072822
3465	66	12294	91.3863022999
3466	61	12296	91.4503209209
3467	64	12299	91.4689757899
3468	63	12299	91.3827898737
3469	67	12302	91.3128524202
3470	62	12308	91.267270981
3471	62	12311	91.2738607698
3472	62	12318	91.2548613579
3473	58	12318	91.2110868554
3474	54	12325	91.2710345931
3475	55	12329	91.1994103987
3476	56	12335	91.1420933244
3477	58	12341	91.2271689831
3478	58	12342	91.1946781742
3479	56	12348	91.0951365033
3480	61	12350	91.0100538657
3481	57	12354	90.9104346814
3482	54	12360	90.8324631279
3483	50	12361	90.8360790662
3484	50	12367	90.8579609232
3485	52	12373	90.8459057456
3486	52	12373	90.8749934778
3487	50	12377	90.8170234719
3488	50	12380	90.8467112435
3489	50	12385	90.8106128798
3490	50	12392	90.7681388261
3491	50	12394	90.7318342941
3492	50	12397	90.7593145635
3493	50	12403	90.7415192922
3494	50	12405	90.8324010862
3495	50	12411	90.8781885995
3496	50	12416	90.7795719011
3497	50	12417	90.7868841363
3498	53	12418	90.846213595
3499	55	12418	90.9110826533
3500	50	12420	91.00424221
3501	50	12422	90.9313781467
3502	51	12422	90.9084238081
3503	50	12429	90.9009773054
3504	55	12436	90.9609356141
3505	59	12439	91.0340635458
3506	57	12441	91.0588159867
3507	62	12445	90.9754840164
3508	61	12447	90.9522999775
3509	63	12448	91.0305425739
3510	65	12454	90.9689880484
3511	68	12455	90.9000695877
3512	63	12457	90.8297772905
3513	59	12460	90.8213762071
