1	131	2.04	5.183
2	130	2.37	5.141
3	130	2.21	4.956
4	128	2.33	4.498
5	129	2.79	5.458
6	130	2.09	4.857
7	132	2.45	5.699
8	135	2.18	6.124
9	136	2.25	6.532
10	133	2.81	5.333
11	132	2.73	5.857
12	131	2.97	5.554
13	134	2.48	5.519
14	136	3.08	6.263
15	139	3.17	6.592
16	138	2.49	6.195
17	141	3.29	7.163
18	138	3.13	6.962
19	140	3.24	7.297
20	142	3.10	7.343
21	141	2.92	7.194
22	141	2.73	7.105
23	143	3.14	7.856
24	146	2.64	7.901
25	149	3.68	8.789
26	151	3.60	8.932
27	153	3.70	10.445
28	155	3.07	11.068
29	154	3.46	10.092
30	155	3.30	10.103
31	154	3.62	10.673
32	156	3.97	11.263
33	153	3.10	10.102
34	156	3.58	10.898
35	157	3.57	11.265
36	154	3.46	10.339
37	153	3.15	9.819
38	150	2.77	8.795
39	150	3.13	9.186
40	153	2.89	10.303
41	155	3.90	10.511
42	157	3.86	11.083
43	160	3.73	12.583
44	162	4.25	13.368
45	165	4.09	13.945
46	167	4.57	15.237
47	164	4.03	13.985
48	163	4.31	13.214
49	165	4.49	14.295
50	167	3.71	14.992
51	165	3.87	13.803
52	164	3.76	13.509
53	167	4.38	15.036
54	167	4.22	15.180
55	169	4.73	16.470
56	170	4.13	17.113
57	169	4.51	16.211
58	170	4.79	16.554
59	169	4.28	16.250
60	167	4.59	15.133
61	169	4.20	16.482
62	172	4.57	18.066
63	170	4.00	16.492
64	167	3.64	15.557
65	166	3.59	14.595
66	165	3.50	14.756
67	168	4.11	15.294
68	165	3.87	13.878
69	162	3.99	13.547
70	161	3.36	13.120
71	158	3.21	11.684
72	158	3.82	11.836
73	160	3.79	12.577
74	159	3.41	12.289
75	159	3.91	11.676
76	161	3.54	12.353
77	160	3.77	12.073
78	160	4.18	12.363
79	161	3.94	12.885
80	159	3.86	11.751
81	159	4.09	11.678
82	162	3.80	12.601
83	162	3.67	13.134
84	162	3.37	13.429
85	160	4.22	12.397
86	161	4.16	12.404
87	161	3.44	12.735
88	164	4.10	13.434
89	167	4.08	15.607
90	169	4.46	16.428
91	166	4.10	14.310
92	166	4.35	15.158
93	164	4.42	13.494
94	161	3.46	12.931
95	162	3.84	13.226
96	162	4.05	12.955
97	165	3.72	13.937
98	166	3.89	14.411
99	163	4.00	13.631
100	165	4.06	14.362
101	163	3.69	13.583
102	161	3.50	12.576
103	161	3.30	12.980
104	164	4.24	13.758
105	161	3.56	13.026
106	164	4.25	13.516
107	167	4.39	14.718
108	167	4.18	14.886
109	167	4.45	14.819
110	167	4.45	15.175
111	166	4.31	14.958
112	167	3.82	15.631
113	168	4.46	16.107
114	171	3.93	16.876
115	169	4.42	16.207
116	170	4.52	17.119
117	169	4.46	16.060
118	171	4.61	17.656
119	172	3.96	18.027
120	171	4.53	17.432
121	172	4.63	17.834
122	175	5.11	19.331
123	174	4.57	19.207
124	172	4.40	17.674
125	173	4.01	18.111
126	170	4.61	17.130
127	170	4.38	16.557
128	173	4.98	18.166
129	171	3.87	16.997
130	173	4.54	17.802
131	171	3.91	17.418
132	169	4.29	15.809
133	167	4.25	15.256
134	166	4.19	14.552
135	169	4.51	16.517
136	172	4.80	17.963
137	174	4.86	19.083
138	176	4.81	19.622
139	179	5.42	21.791
140	177	4.75	20.481
141	180	4.52	22.999
142	178	4.72	20.807
143	176	4.81	20.200
144	178	5.29	21.396
145	177	4.96	20.990
146	176	4.60	19.615
147	175	4.63	19.844
148	172	4.47	17.969
149	170	4.63	16.432
150	167	4.24	14.745
151	169	4.52	16.448
152	167	4.53	15.472
153	167	3.85	14.828
154	169	4.02	16.434
155	172	4.33	17.994
156	169	3.97	16.097
157	167	3.75	15.557
158	166	4.00	15.183
159	164	4.00	13.843
160	163	4.18	13.108
161	165	4.10	13.855
162	164	3.62	13.697
163	161	4.07	12.518
164	161	3.32	13.086
165	162	3.76	13.462
166	164	3.60	13.979
167	165	3.91	14.033
168	165	3.53	13.838
169	162	4.07	13.383
170	164	3.44	13.672
171	164	4.32	14.342
172	164	3.97	13.822
173	162	3.39	12.914
174	165	4.38	14.283
175	168	4.45	15.293
176	166	3.61	14.886
177	164	3.72	13.399
178	161	4.14	12.466
179	163	3.96	13.073
180	161	3.67	12.295
181	158	4.02	11.424
182	155	3.25	10.981
183	154	3.74	10.118
184	153	2.94	10.190
185	154	3.19	10.104
186	157	3.94	11.377
187	156	3.95	10.765
188	157	3.41	10.864
189	160	3.82	12.609
190	161	4.08	12.714
191	160	3.35	12.271
192	161	3.34	13.048
193	160	3.75	11.918
194	161	3.71	12.402
195	162	4.22	13.417
196	159	4.11	12.033
197	162	4.30	13.265
198	162	3.84	13.084
199	163	3.63	13.089
200	162	4.03	12.671
201	160	3.33	12.397
202	159	3.17	11.767
203	158	4.06	11.130
204	157	3.50	11.040
205	159	3.29	11.494
206	158	3.58	11.915
207	156	3.41	10.392
208	153	2.86	9.603
209	151	2.78	9.857
210	151	3.56	9.010
211	152	3.59	9.293
212	150	2.92	8.684
213	153	3.37	10.047
214	154	3.19	10.573
215	155	3.76	10.867
216	156	3.89	10.641
217	154	2.93	9.786
218	156	3.58	11.000
219	154	3.41	10.055
220	156	3.99	11.307
221	159	4.08	11.652
222	162	3.35	13.012
223	163	4.19	13.496
224	165	4.05	14.404
225	164	4.05	14.075
226	165	4.23	14.058
227	164	3.88	14.302
228	164	4.01	13.962
229	164	3.81	13.528
230	165	3.53	14.680
231	165	3.51	14.320
232	166	4.00	15.035
233	169	4.27	15.973
234	168	4.40	15.542
235	171	4.47	16.687
236	173	4.20	18.020
237	173	4.72	17.890
238	172	4.40	17.711
239	169	4.22	15.688
240	166	3.60	14.853
241	166	4.36	14.442
242	169	3.94	16.292
243	170	3.85	16.382
244	171	4.68	16.942
245	168	4.25	15.345
246	170	4.08	16.206
247	171	4.30	16.989
248	169	3.89	16.228
249	170	4.61	16.913
250	169	4.14	16.350
251	168	3.86	16.110
252	167	4.01	15.664
253	164	3.95	13.909
254	167	4.61	14.835
255	164	4.17	14.208
256	161	3.68	12.890
257	164	4.18	13.547
258	167	3.89	14.861
259	166	4.46	14.798
260	163	3.87	13.290
261	160	4.09	12.063
262	163	4.23	13.144
263	166	4.23	14.296
264	168	4.50	15.520
265	169	4.24	16.616
266	171	4.40	17.441
267	172	4.91	17.848
268	175	4.96	19.825
269	173	4.51	18.446
270	173	4.87	17.808
271	170	4.71	16.588
272	172	4.38	17.658
273	174	4.39	19.040
274	176	5.09	19.895
275	179	5.32	22.081
276	176	4.92	20.184
277	175	4.68	19.767
278	173	4.08	17.882
279	176	4.93	19.925
280	173	4.21	18.476
281	173	4.22	18.250
282	174	4.69	18.977
283	176	4.49	19.964
284	174	4.62	18.781
285	171	4.70	17.430
286	169	4.53	15.936
287	169	3.94	16.061
288	166	3.67	15.152
289	164	4.13	13.816
290	164	3.69	13.677
291	166	4.32	14.580
292	164	4.22	13.598
293	164	4.33	13.847
294	164	4.37	13.515
295	164	3.53	13.771
296	166	4.22	14.304
297	167	3.98	15.442
298	167	3.73	15.084
299	169	4.06	16.618
300	170	4.45	16.768
301	172	4.66	17.261
302	170	4.62	17.104
303	168	4.13	15.652
304	169	4.20	16.441
305	172	4.46	18.115
306	173	4.47	17.765
307	174	4.19	18.385
308	175	4.50	19.837
309	176	5.08	20.077
310	175	4.15	19.668
311	178	4.89	21.386
312	175	4.99	19.109
313	172	4.51	17.571
314	172	4.40	17.415
315	170	4.50	16.285
316	173	4.39	18.132
317	176	4.22	19.576
318	175	4.80	19.198
319	174	4.65	18.849
320	173	4.38	17.851
321	175	4.79	19.098
322	173	4.96	18.382
323	175	4.89	19.871
324	177	4.61	20.606
325	175	4.82	19.794
326	175	4.59	18.949
327	172	4.88	17.358
328	172	4.68	18.003
329	170	4.20	16.485
330	168	4.64	15.750
331	170	3.93	16.411
332	173	4.03	18.008
333	175	4.56	19.162
334	174	4.49	18.524
335	176	5.19	19.799
336	176	4.40	19.584
337	178	4.77	21.306
338	181	4.70	23.193
339	180	4.76	22.621
340	177	5.25	20.380
341	176	4.39	19.690
342	177	4.35	20.452
343	178	5.14	21.390
344	178	4.60	21.273
345	175	4.99	19.816
346	173	4.38	17.985
347	170	4.69	16.504
348	167	4.36	14.697
349	166	3.90	14.853
350	166	3.72	14.625
351	166	4.00	14.457
352	169	4.02	15.681
353	170	4.47	16.731
354	172	4.86	17.557
355	171	4.28	17.182
356	168	4.64	15.714
357	165	3.84	14.366
358	162	3.99	12.773
359	165	4.23	14.350
360	168	3.73	15.349
361	166	3.64	14.800
362	167	4.32	15.544
363	168	3.80	15.215
364	170	4.79	16.517
365	169	4.36	16.387
366	170	4.35	16.363
367	171	4.62	17.183
368	171	3.98	17.237
369	173	4.94	18.058
370	174	4.95	19.074
371	174	4.43	18.317
372	172	4.75	17.567
373	172	4.01	17.987
374	175	4.68	19.349
375	178	4.99	21.235
376	177	4.78	20.254
377	179	4.70	21.747
378	182	4.76	24.120
379	180	4.50	22.268
380	180	5.27	22.276
381	183	4.93	24.754
382	181	5.24	23.434
383	181	5.15	23.071
384	183	5.65	24.960
385	183	5.28	24.569
386	185	5.29	26.382
387	182	4.76	24.241
388	185	5.83	26.604
389	182	5.15	23.652
390	185	4.99	26.560
391	183	5.53	24.800
392	181	4.68	23.263
393	178	5.04	21.573
394	175	4.60	19.413
395	176	4.69	20.260
396	175	4.88	19.732
397	175	4.91	19.873
398	178	4.43	21.143
399	179	4.86	21.870
400	179	4.70	21.691
401	179	4.43	21.517
402	178	5.03	21.721
403	178	4.75	21.573
404	175	4.22	18.998
405	174	5.01	18.864
406	176	4.80	20.003
407	177	4.86	20.764
408	175	4.69	19.244
409	178	4.38	21.160
410	175	4.99	18.914
411	174	4.78	18.736
412	176	5.00	20.221
413	175	4.56	19.548
414	177	4.78	20.329
415	176	5.16	19.591
416	177	4.92	20.518
417	180	4.53	22.998
418	181	5.43	23.813
419	181	5.47	23.318
420	178	4.95	21.417
421	180	5.48	22.676
422	180	4.72	22.231
423	183	4.98	24.781
424	182	5.22	24.380
425	180	4.80	22.596
426	180	5.43	23.121
427	183	5.67	25.335
428	181	5.13	22.924
429	178	4.61	21.239
430	179	4.49	22.297
431	182	5.38	23.810
432	182	4.69	23.711
433	185	5.79	26.512
434	186	5.07	26.851
435	187	5.66	28.655
436	188	5.69	28.674
437	191	6.07	31.491
438	190	5.83	30.673
439	193	5.88	34.264
440	191	5.50	32.015
441	194	5.86	34.833
442	193	5.59	33.907
443	195	6.76	35.860
444	192	5.60	33.349
445	189	5.58	29.646
446	188	5.73	28.603
447	191	6.33	31.578
448	188	5.38	29.476
449	191	5.65	32.236
450	189	5.81	29.562
451	189	5.44	29.736
452	186	5.22	27.499
453	187	5.83	28.373
454	188	5.91	29.362
455	189	5.98	30.036
456	191	5.41	31.724
457	190	6.20	30.878
458	193	6.25	34.167
459	193	6.45	33.834
460	191	6.28	31.809
461	193	6.18	34.310
462	196	5.88	37.044
463	197	6.51	38.733
464	198	6.93	39.807
465	195	6.33	36.708
466	194	6.12	35.480
467	194	6.26	34.906
468	196	6.29	37.667
469	195	6.58	36.062
470	192	6.21	33.184
471	193	6.11	34.458
472	194	5.94	35.614
473	194	6.06	35.238
474	196	6.54	37.400
475	197	6.32	39.138
476	198	6.29	39.973
477	197	6.62	38.946
478	195	6.46	36.621
479	194	5.95	35.432
480	194	6.02	35.447
481	192	5.82	33.052
482	190	5.97	30.829
483	187	5.28	28.274
484	186	5.35	26.976
485	187	5.39	28.145
486	190	5.70	31.412
487	191	5.91	31.743
488	192	6.06	32.691
489	190	5.40	30.842
490	191	5.44	32.381
491	193	6.12	34.196
492	194	6.24	35.009
493	197	6.36	38.419
494	195	6.18	36.319
495	193	6.28	34.330
496	192	6.13	33.123
497	194	6.56	35.553
498	196	5.95	36.971
499	195	6.17	35.842
500	196	6.35	37.829
501	197	6.01	38.778
502	195	6.35	36.642
503	197	6.12	38.860
504	199	7.10	40.815
505	196	6.53	37.765
506	197	6.28	38.696
507	197	6.46	38.345
508	200	6.27	42.541
509	197	6.29	39.145
510	195	6.40	35.911
511	193	6.35	33.574
512	192	6.36	33.412
513	194	6.27	34.711
514	193	6.54	34.367
515	191	6.04	31.531
516	190	5.32	31.075
517	191	6.03	32.462
518	189	5.86	30.026
519	190	5.90	30.562
520	191	5.43	32.463
521	190	6.19	30.537
522	190	5.54	30.876
523	193	6.35	34.522
524	190	5.70	31.088
525	192	5.75	32.690
526	195	6.61	35.912
527	196	6.30	37.744
528	198	6.95	39.681
529	200	6.83	42.417
530	197	6.44	38.975
531	196	6.21	37.784
532	197	6.01	38.381
533	200	6.42	42.837
534	197	6.02	38.985
535	200	6.50	42.735
536	198	6.66	40.299
537	200	6.62	42.605
538	200	6.98	42.699
539	197	6.87	39.161
540	195	6.57	36.032
541	195	6.66	36.565
542	193	6.27	33.886
543	195	6.43	36.421
544	197	6.11	38.198
545	200	7.18	42.622
546	199	6.35	40.776
547	199	6.75	40.827
548	198	6.25	40.208
549	200	6.97	42.655
550	200	6.39	42.661
551	200	7.12	42.110
552	200	6.82	42.720
553	200	7.25	42.523
554	200	6.46	42.503
555	200	6.49	42.097
556	200	7.20	42.239
557	199	6.74	40.808
558	200	7.03	42.464
559	200	6.70	42.416
560	200	6.90	42.523
561	198	6.50	40.225
562	200	6.36	42.606
563	198	6.79	39.498
564	198	6.12	40.211
565	197	6.34	38.661
566	194	6.47	34.974
567	191	5.92	31.583
568	189	5.90	30.379
569	191	6.33	31.962
570	191	5.99	31.759
571	194	6.61	35.557
572	195	6.14	35.884
573	197	6.71	39.130
574	198	6.48	40.277
575	200	7.14	42.292
576	200	6.57	42.674
577	200	7.08	42.410
578	199	6.83	41.474
579	199	6.46	41.584
580	200	6.99	42.431
581	200	6.76	42.752
582	200	6.47	42.289
583	200	7.12	42.713
584	200	6.99	42.765
585	200	6.83	42.528
586	199	7.05	41.616
587	200	6.33	42.796
588	200	7.15	42.375
589	199	6.86	40.923
590	196	6.11	37.242
591	198	6.43	40.225
592	198	6.95	39.551
593	198	6.71	39.463
594	195	5.93	36.253
595	196	6.34	37.653
596	198	6.96	39.672
597	197	6.46	38.893
598	198	6.25	40.246
599	196	6.05	37.790
600	194	6.45	35.347
601	195	5.82	36.606
602	193	6.17	34.020
603	191	5.43	31.635
604	191	6.26	32.279
605	189	6.16	29.592
606	189	5.93	29.874
607	190	6.02	31.098
608	191	5.54	31.770
609	189	5.72	29.727
610	188	5.47	29.363
611	188	5.84	28.608
612	186	5.43	27.429
613	185	4.93	26.237
614	184	5.32	25.584
615	185	5.30	26.238
616	182	5.33	24.525
617	179	4.55	22.075
618	176	4.95	20.342
619	173	4.01	18.330
620	175	4.43	19.139
621	175	4.23	19.137
622	173	4.69	17.851
623	171	4.54	17.339
624	169	4.64	16.372
625	167	4.45	15.134
626	167	4.11	15.584
627	166	4.27	14.199
628	168	3.87	15.444
629	165	3.95	14.030
630	166	3.88	14.720
631	166	3.96	15.043
632	169	3.98	16.518
633	166	3.70	15.022
634	166	4.42	14.191
635	167	3.62	15.192
636	166	3.98	14.446
637	167	3.81	15.166
638	169	3.78	15.946
639	171	4.34	17.098
640	172	4.52	17.955
641	172	4.66	17.173
642	170	4.30	16.707
643	170	4.37	16.753
644	167	3.65	14.644
645	165	3.63	14.593
646	167	3.79	15.121
647	169	3.94	16.089
648	168	4.63	15.742
649	169	4.27	16.283
650	168	3.99	15.352
651	171	4.74	17.192
652	168	3.80	15.398
653	167	3.65	15.542
654	164	3.93	13.723
655	162	3.48	13.075
656	162	4.09	12.544
657	163	4.33	13.370
658	163	3.43	13.392
659	163	3.61	13.780
660	166	4.05	14.937
661	164	3.67	13.763
662	165	3.52	14.557
663	163	4.19	13.179
664	165	4.30	14.064
665	162	3.64	12.678
666	164	3.53	14.223
667	167	3.71	15.333
668	167	4.57	14.953
669	170	4.38	17.059
670	167	4.02	15.577
671	164	4.40	14.243
672	162	4.09	12.901
673	160	3.92	11.931
674	161	4.11	12.491
675	160	3.46	12.145
676	157	3.19	11.131
677	160	4.19	12.373
678	157	3.34	10.995
679	159	3.90	11.645
680	159	4.07	11.929
681	156	3.06	11.335
682	159	3.41	11.962
683	161	3.89	12.895
684	162	4.13	13.484
685	160	3.54	12.399
686	157	3.14	10.747
687	160	3.97	12.315
688	163	3.45	12.928
689	165	4.15	14.679
690	163	4.26	13.565
691	160	3.92	12.502
692	158	3.12	11.874
693	155	3.25	11.006
694	156	3.07	10.762
695	159	3.94	11.394
696	156	3.71	10.865
697	153	3.54	10.277
698	153	3.21	10.283
699	151	3.32	9.392
700	152	3.07	10.018
701	150	3.17	9.013
702	149	3.56	8.456
703	148	3.25	8.125
704	149	2.95	9.124
705	146	3.43	7.652
706	147	2.97	8.779
707	149	3.11	8.606
708	149	2.87	9.200
709	150	2.75	8.977
710	147	2.79	7.930
711	145	2.90	8.251
712	143	3.17	7.697
713	142	2.75	6.971
714	144	2.82	7.672
715	145	3.11	7.846
716	144	2.80	7.920
717	143	3.00	7.635
718	140	3.18	6.463
719	142	2.69	7.624
720	144	3.22	7.195
721	143	3.13	7.871
722	144	3.09	7.483
723	147	3.47	8.487
724	148	3.55	8.420
725	146	3.25	8.390
726	149	3.57	8.798
727	148	3.63	8.086
728	148	3.62	8.629
729	147	3.57	8.212
730	149	3.16	8.421
731	148	3.34	8.100
732	146	3.52	8.488
733	145	3.07	8.287
734	148	2.73	8.173
735	149	2.86	8.599
736	147	2.96	8.216
737	144	3.43	7.264
738	146	3.20	8.408
739	148	2.78	8.492
740	149	3.46	8.880
741	147	3.07	7.950
742	149	2.81	8.326
743	146	3.06	7.811
744	149	3.34	8.683
745	148	3.48	8.412
746	151	3.60	9.002
747	153	3.74	9.936
748	156	3.57	10.717
749	158	4.05	11.815
750	155	3.11	10.891
751	152	3.59	9.954
752	149	3.25	8.317
753	149	3.20	8.754
754	146	3.41	8.397
755	145	2.91	7.400
756	148	3.42	8.571
757	151	3.73	9.093
758	149	3.36	8.562
759	152	2.94	9.131
760	153	3.86	9.905
761	156	3.02	10.843
762	157	3.56	11.371
763	155	2.98	10.758
764	158	3.87	11.219
765	157	3.51	10.851
766	157	3.51	11.529
767	160	3.88	11.866
768	157	3.86	11.413
769	158	3.21	11.302
770	157	3.70	10.998
771	154	3.16	10.059
772	153	3.06	10.320
773	156	3.81	11.250
774	153	3.65	9.497
775	155	3.02	10.965
776	153	3.26	9.852
777	151	3.16	9.326
778	153	3.11	9.436
779	153	3.73	9.507
780	152	3.18	9.752
781	153	3.42	10.360
782	152	2.96	9.524
783	152	3.26	9.579
784	152	3.11	9.648
785	149	3.55	9.183
786	150	3.15	9.505
787	150	3.47	8.882
788	151	3.08	9.213
789	150	3.20	9.172
790	152	2.88	9.515
791	150	2.87	8.992
792	150	2.93	9.501
793	148	3.33	8.982
794	150	2.77	8.760
795	149	2.97	9.170
796	151	3.34	9.818
797	150	3.12	9.204
798	150	2.75	8.968
799	152	3.30	9.872
800	154	3.48	10.682
801	152	3.63	10.104
802	153	3.19	9.884
803	150	3.42	8.938
804	152	3.46	9.734
805	154	3.62	10.611
806	154	3.14	9.956
807	153	3.26	9.828
808	151	2.96	9.664
809	152	2.92	9.384
810	153	3.05	10.395
811	155	3.95	10.947
812	157	3.78	11.348
813	157	3.57	11.288
814	154	3.70	10.323
815	151	2.97	8.935
816	153	3.46	9.769
817	154	3.82	9.837
818	154	3.79	10.090
819	153	3.50	9.641
820	154	3.84	10.157
821	153	2.89	10.159
822	151	3.32	9.443
823	152	3.73	9.705
824	155	3.71	10.352
825	152	3.46	10.088
826	152	3.08	9.884
827	149	2.94	8.651
828	152	3.73	9.930
829	151	2.84	9.467
830	150	2.77	8.564
831	149	2.84	9.107
832	147	3.14	8.046
833	148	2.88	8.742
834	151	3.20	9.295
835	151	3.39	9.087
836	151	2.96	9.040
837	154	3.01	10.663
838	155	3.73	10.979
839	154	3.78	10.412
840	156	3.80	10.483
841	159	3.21	11.538
842	158	4.06	11.113
843	158	3.31	11.183
844	157	3.72	10.675
845	158	3.85	11.244
846	160	3.62	12.110
847	157	3.13	11.346
848	154	3.11	9.980
849	151	3.56	9.777
850	152	2.85	9.400
851	149	3.14	8.767
852	147	2.71	8.308
853	150	3.17	9.113
854	150	3.45	8.685
855	151	3.03	9.771
856	151	3.74	8.906
857	148	3.62	8.636
858	150	2.98	9.404
859	151	3.13	9.388
860	148	3.61	8.067
861	147	3.18	8.635
862	144	3.03	7.805
863	142	2.94	6.684
864	145	2.82	8.147
865	147	2.91	8.449
866	146	2.76	8.254
867	143	3.41	7.710
868	140	2.43	6.403
869	141	3.28	7.283
870	141	2.46	6.725
871	138	2.36	6.725
872	141	3.18	6.801
873	144	3.09	7.445
874	141	3.29	7.161
875	140	2.46	6.886
876	143	2.63	7.574
877	146	3.23	7.863
878	147	3.01	8.711
879	147	2.95	7.826
880	149	3.65	8.911
881	146	2.79	8.039
882	145	3.43	7.613
883	142	2.88	7.450
884	141	2.47	7.395
885	143	2.60	6.977
886	143	2.81	7.371
887	141	2.84	7.320
888	144	2.64	7.807
889	144	3.36	7.127
890	145	3.30	8.157
891	146	3.36	8.319
892	143	2.92	7.304
893	141	3.13	6.633
894	138	2.84	6.594
895	135	2.42	5.603
896	133	2.90	5.612
897	131	2.11	5.114
898	128	2.22	4.832
899	130	2.94	4.614
900	128	2.83	4.978
901	128	1.96	4.428
902	125	2.25	4.764
903	122	1.83	3.601
904	123	2.58	4.188
905	120	2.37	3.494
906	118	1.64	3.482
907	117	2.29	3.274
908	114	2.00	3.331
909	113	1.60	3.373
910	114	1.84	3.267
911	115	1.95	3.849
912	115	2.05	3.463
913	115	1.62	3.053
914	112	1.45	2.790
915	110	1.53	3.291
916	108	2.26	2.616
917	107	2.21	2.907
918	108	1.55	2.877
919	110	1.64	2.934
920	112	2.39	2.908
921	113	2.20	2.811
922	116	2.43	3.907
923	115	2.12	3.606
924	118	2.11	3.414
925	118	2.44	3.462
926	121	2.39	3.594
927	123	1.87	4.335
928	124	2.70	4.184
929	123	2.23	4.319
930	124	2.14	4.573
931	125	2.16	4.484
932	128	2.18	4.666
933	129	2.47	5.241
934	129	2.88	5.303
935	128	2.29	4.484
936	126	1.84	4.343
937	125	2.67	4.512
938	122	1.89	4.337
939	124	2.08	3.876
940	122	2.50	3.687
941	122	2.19	4.051
942	122	2.42	3.957
943	124	2.70	4.729
944	126	2.60	4.473
945	129	2.07	4.585
946	128	2.78	4.765
947	125	2.71	4.061
948	127	2.05	5.076
949	127	2.66	4.934
950	126	2.43	4.423
951	125	2.49	4.561
952	125	2.76	4.037
953	128	2.86	5.014
954	125	2.10	4.877
955	127	2.21	4.204
956	127	2.23	4.209
957	126	2.09	4.527
958	125	2.00	4.904
959	122	2.50	4.033
960	120	2.62	3.692
961	121	1.97	3.910
962	123	2.16	4.607
963	126	2.16	4.899
964	129	1.99	4.574
965	132	2.17	5.210
966	133	2.80	5.392
967	135	2.97	6.184
968	138	3.21	6.620
969	140	2.60	6.899
970	138	2.80	6.246
971	140	2.81	7.112
972	141	2.74	6.644
973	143	3.20	7.094
974	142	2.54	7.091
975	139	3.15	6.419
976	142	3.19	7.616
977	144	2.61	7.588
978	146	2.59	8.033
979	147	3.56	8.395
980	144	3.28	7.488
981	143	2.53	7.514
982	145	3.31	8.261
983	146	2.78	8.245
984	148	2.94	8.711
985	150	3.48	8.970
986	152	3.58	9.592
987	152	3.40	9.524
988	153	3.49	9.510
989	152	3.60	9.840
990	154	3.41	9.735
991	151	3.75	9.230
992	153	3.61	10.115
993	150	3.70	9.365
994	151	3.02	9.779
995	153	2.94	9.512
996	152	3.28	9.219
997	155	3.75	10.127
998	152	3.40	9.929
999	150	2.92	9.180
1000	151	3.52	9.286
1001	151	2.79	9.508
1002	150	3.21	9.406
1003	152	2.99	9.289
1004	153	2.89	10.141
1005	154	3.16	9.899
1006	157	3.68	11.103
1007	155	3.93	10.152
1008	152	3.36	9.317
1009	151	2.88	9.648
1010	153	3.77	10.054
1011	153	3.71	10.255
1012	151	3.05	9.723
1013	149	3.53	8.978
1014	151	3.07	9.011
1015	152	3.38	10.016
1016	154	3.33	10.102
1017	155	3.89	10.638
1018	153	3.23	9.506
1019	156	3.83	10.560
1020	159	3.46	11.336
1021	157	4.02	10.744
1022	157	4.02	10.811
1023	154	3.04	10.210
1024	151	3.18	8.844
1025	150	2.86	8.643
1026	153	3.66	10.060
1027	156	3.23	11.054
1028	153	3.51	9.933
1029	156	3.39	11.280
1030	155	3.90	10.608
1031	153	3.38	9.547
1032	156	3.71	10.357
1033	156	3.16	11.294
1034	153	3.86	10.182
1035	155	3.89	10.848
1036	155	3.56	10.258
1037	155	3.20	10.060
1038	158	3.23	11.786
1039	158	3.73	11.163
1040	159	3.71	11.373
1041	161	3.60	12.137
1042	158	3.90	11.158
1043	156	3.51	11.159
1044	155	3.03	10.510
1045	155	3.91	10.290
1046	158	3.32	11.258
1047	160	4.19	11.784
1048	163	3.64	13.810
1049	160	4.10	12.283
1050	162	3.54	12.669
1051	159	3.49	11.870
1052	158	3.66	11.764
1053	161	4.04	12.597
1054	161	3.87	12.568
1055	158	3.99	11.293
1056	161	4.21	12.456
1057	160	3.96	12.182
1058	163	3.65	13.433
1059	161	3.91	12.450
1060	162	4.17	12.685
1061	159	3.57	11.447
1062	158	3.87	11.511
1063	159	3.93	11.800
1064	160	3.97	12.557
1065	157	3.21	11.357
1066	154	3.24	9.910
1067	157	3.88	11.409
1068	160	4.05	12.507
1069	160	3.65	12.212
1070	158	4.07	11.539
1071	159	4.05	12.305
1072	161	3.41	12.355
1073	160	3.40	12.672
1074	161	4.26	12.784
1075	164	4.19	14.100
1076	164	4.11	14.176
1077	162	4.30	12.689
1078	159	3.20	11.825
1079	161	3.56	12.167
1080	162	3.35	12.779
1081	160	4.20	11.716
1082	161	3.45	12.261
1083	159	3.52	12.279
1084	156	3.98	10.573
1085	159	4.11	11.873
1086	157	3.24	11.054
1087	157	3.90	11.132
1088	155	3.86	10.750
1089	155	3.21	10.690
1090	157	3.46	11.325
1091	155	3.15	10.003
1092	152	3.31	9.592
1093	149	2.88	9.003
1094	151	3.01	9.399
1095	149	3.59	9.265
1096	150	3.72	9.416
1097	150	3.07	8.577
1098	151	3.27	9.474
1099	151	3.19	9.146
1100	153	3.33	10.076
1101	155	3.80	10.763
1102	156	3.39	11.009
1103	158	3.88	11.283
1104	161	3.36	12.515
1105	161	4.21	12.997
1106	162	4.02	13.175
1107	162	3.39	12.579
1108	159	3.79	11.485
1109	160	3.89	12.563
1110	162	3.92	12.748
1111	160	3.78	12.587
1112	158	3.57	11.000
1113	156	3.42	11.097
1114	156	3.59	10.524
1115	159	4.01	12.283
1116	156	3.03	11.138
1117	155	3.00	10.135
1118	153	3.10	9.536
1119	154	3.79	10.527
1120	157	3.93	11.223
1121	157	3.26	11.552
1122	155	3.73	9.982
1123	157	4.04	11.357
1124	158	3.51	11.595
1125	156	3.13	10.588
1126	155	3.06	10.057
1127	153	3.04	10.158
1128	156	3.27	10.773
1129	153	3.70	9.993
1130	154	3.77	10.119
1131	151	3.72	9.133
1132	153	3.73	9.913
1133	154	3.22	10.483
1134	152	3.35	9.079
1135	150	3.52	8.742
1136	150	3.34	8.895
1137	147	3.12	8.054
1138	150	2.81	8.636
1139	150	3.11	9.152
1140	148	3.41	8.215
1141	149	3.38	8.410
1142	151	3.10	8.929
1143	154	3.78	10.520
1144	154	3.09	10.627
1145	155	3.18	10.629
1146	158	3.77	11.590
1147	156	3.67	10.561
1148	154	3.05	9.941
1149	157	3.56	10.638
1150	160	3.78	12.007
1151	157	4.05	10.782
1152	159	3.31	11.933
1153	161	4.01	12.218
1154	160	3.97	12.280
1155	157	3.54	10.851
1156	157	3.87	10.789
1157	156	3.92	11.155
1158	155	3.96	10.324
1159	153	3.51	10.314
1160	153	3.15	9.815
1161	150	3.24	9.332
1162	147	2.67	8.646
1163	144	3.05	7.225
1164	141	3.02	7.126
1165	141	2.45	6.474
1166	140	2.38	6.795
1167	138	2.58	6.283
1168	137	2.39	6.557
1169	138	2.54	6.836
1170	135	2.93	6.242
1171	133	2.29	5.260
1172	135	2.44	6.162
1173	133	2.24	5.433
1174	130	2.02	5.333
1175	129	2.68	4.865
1176	128	2.85	5.155
1177	127	1.89	4.529
1178	127	2.31	4.388
1179	124	2.17	4.285
1180	124	2.64	4.561
1181	122	2.37	3.621
1182	120	2.52	4.117
1183	122	2.63	4.159
1184	124	1.93	4.738
1185	126	2.20	4.408
1186	126	2.67	4.702
1187	126	2.80	4.705
1188	127	1.87	4.196
1189	126	2.05	4.845
1190	126	2.37	4.773
1191	128	2.67	4.689
1192	127	2.34	4.331
1193	130	2.19	5.182
1194	128	2.06	4.753
1195	127	2.62	4.297
1196	124	2.05	4.212
1197	126	1.98	4.147
1198	128	2.82	4.818
1199	128	2.12	5.017
1200	126	2.41	4.468
1201	129	2.76	4.908
1202	128	2.17	4.629
1203	125	2.13	4.552
1204	124	2.37	4.146
1205	127	2.15	4.992
1206	124	2.56	4.066
1207	123	2.32	4.189
1208	120	1.76	3.456
1209	122	2.24	3.586
1210	124	2.40	4.285
1211	124	1.93	4.565
1212	124	1.87	4.571
1213	124	2.62	4.365
1214	125	2.41	4.584
1215	123	2.45	4.565
1216	126	2.37	4.145
1217	125	2.26	4.520
1218	127	2.14	4.386
1219	124	2.60	3.984
1220	123	1.88	4.230
1221	121	2.34	4.165
1222	119	2.29	3.271
1223	119	2.28	3.261
1224	121	1.87	4.218
1225	120	1.89	3.848
1226	121	1.80	4.000
1227	118	2.12	3.762
1228	121	1.73	3.797
1229	120	2.41	4.240
1230	122	2.41	3.795
1231	119	2.26	3.453
1232	120	1.66	3.459
1233	119	1.78	3.923
1234	121	2.66	4.252
1235	120	2.27	4.013
1236	122	2.31	4.306
1237	122	2.25	3.690
1238	121	2.05	4.294
1239	119	2.11	3.489
1240	120	2.62	3.836
1241	122	2.43	4.474
1242	125	2.13	4.253
1243	128	2.64	4.441
1244	128	2.75	4.663
1245	130	2.55	5.375
1246	133	2.62	5.275
1247	135	2.57	5.796
1248	132	2.47	5.121
1249	129	2.87	4.547
1250	129	1.97	5.328
1251	129	2.30	4.612
1252	129	1.93	5.312
1253	126	1.90	4.678
1254	123	2.17	3.865
1255	126	2.25	4.101
1256	129	2.30	5.384
1257	128	2.74	5.274
1258	131	1.99	5.238
1259	131	2.88	4.878
1260	134	2.21	5.739
1261	136	2.19	5.646
1262	138	2.99	5.853
1263	137	2.76	5.709
1264	135	2.56	5.564
1265	136	3.05	6.065
1266	134	2.82	6.063
1267	134	2.15	5.370
1268	134	2.96	5.307
1269	134	3.06	5.337
1270	133	2.79	5.100
1271	133	2.58	5.410
1272	133	2.37	5.458
1273	134	2.73	5.371
1274	132	2.49	5.348
1275	131	2.49	4.752
1276	129	2.88	5.368
1277	127	2.03	4.197
1278	127	1.96	4.569
1279	128	2.77	4.802
1280	125	2.75	4.510
1281	128	2.02	4.515
1282	129	2.89	4.425
1283	128	1.98	4.844
1284	126	2.42	4.769
1285	128	2.66	4.790
1286	128	2.15	4.348
1287	129	2.43	4.688
1288	129	2.85	4.808
1289	126	2.10	4.807
1290	126	2.25	4.692
1291	127	2.64	5.120
1292	124	2.25	4.372
1293	123	2.50	4.025
1294	123	2.44	4.152
1295	124	2.18	4.113
1296	125	1.88	4.175
1297	125	1.88	4.306
1298	123	2.69	4.390
1299	125	2.62	4.770
1300	127	2.30	4.930
1301	130	2.55	5.004
1302	128	1.95	5.158
1303	125	2.65	4.665
1304	127	2.33	4.859
1305	127	2.24	4.560
1306	124	2.49	4.096
1307	121	1.81	3.571
1308	123	2.53	4.476
1309	121	2.64	3.817
1310	121	2.41	4.134
1311	124	2.18	3.803
1312	123	2.38	4.513
1313	121	2.66	3.477
1314	119	1.75	3.781
1315	122	2.11	4.320
1316	120	2.23	4.194
1317	117	2.45	3.699
1318	119	2.15	4.037
1319	116	2.49	3.595
1320	114	1.51	3.588
1321	113	1.91	3.298
1322	113	1.98	2.999
1323	114	2.10	3.591
1324	115	1.66	3.447
1325	118	2.59	3.170
1326	120	1.85	3.405
1327	121	1.81	4.403
1328	121	2.36	4.334
1329	123	2.49	3.687
1330	121	2.22	4.244
1331	119	2.36	3.403
1332	117	2.22	3.543
1333	120	2.40	3.491
1334	117	2.19	3.351
1335	117	2.55	3.907
1336	115	2.14	3.087
1337	116	2.49	3.675
1338	118	2.54	3.873
1339	121	1.83	4.168
1340	122	1.87	4.140
1341	124	2.72	4.231
1342	125	2.21	4.855
1343	127	2.18	4.794
1344	126	2.20	4.562
1345	126	2.19	4.901
1346	123	2.65	3.908
1347	122	2.34	3.961
1348	123	2.36	4.052
1349	122	2.63	4.030
1350	121	2.21	4.162
1351	124	2.47	3.788
1352	123	2.57	4.423
1353	120	2.60	4.236
1354	119	2.40	3.377
1355	122	2.07	4.290
1356	125	2.41	4.890
1357	123	2.03	4.065
1358	123	2.09	3.923
1359	121	2.02	3.816
1360	120	2.03	3.783
1361	118	2.11	3.203
1362	120	2.49	3.680
1363	122	1.75	4.327
1364	125	2.28	4.153
1365	125	1.99	4.810
1366	123	2.54	3.854
1367	122	2.58	4.429
1368	125	2.44	4.665
1369	123	2.67	3.953
1370	121	2.41	4.347
1371	121	2.02	3.794
1372	122	2.27	4.523
1373	123	1.87	4.639
1374	125	2.57	4.181
1375	125	2.36	4.256
1376	123	2.32	4.527
1377	125	1.85	4.785
1378	122	2.43	3.973
1379	122	2.31	3.803
1380	119	2.04	4.187
1381	121	1.75	4.042
1382	121	2.16	4.000
1383	122	2.08	4.515
1384	121	1.84	3.482
1385	124	1.99	4.401
1386	126	2.17	4.845
1387	125	2.69	4.849
1388	124	1.93	3.948
1389	121	1.73	3.950
1390	122	1.87	3.796
1391	121	2.52	4.419
1392	120	2.20	3.969
1393	118	2.53	4.089
1394	120	2.36	3.623
1395	121	1.82	3.820
1396	119	1.77	3.760
1397	120	1.75	4.269
1398	120	1.91	3.825
1399	121	2.37	3.694
1400	123	1.96	3.670
1401	120	1.68	4.136
1402	122	1.86	4.055
1403	122	2.53	4.066
1404	120	2.24	3.690
1405	120	1.80	3.348
1406	122	2.35	4.493
1407	123	2.30	4.242
1408	122	2.52	4.210
1409	120	2.05	3.713
1410	119	2.28	3.305
1411	116	1.55	2.940
1412	115	1.68	3.124
1413	113	2.22	3.352
1414	116	2.44	3.706
1415	117	2.10	3.973
1416	119	1.95	3.568
1417	120	1.75	4.027
1418	119	2.32	3.517
1419	122	2.50	3.877
1420	120	2.58	3.888
1421	121	2.32	4.237
1422	122	2.69	4.514
1423	125	1.89	4.478
1424	122	2.36	3.566
1425	119	1.65	3.805
1426	120	2.38	3.879
1427	118	1.60	3.686
1428	116	1.61	3.283
1429	118	2.02	3.754
1430	120	2.61	3.610
1431	118	1.76	3.767
1432	119	2.37	3.309
1433	119	2.03	3.471
1434	116	2.04	3.800
1435	116	2.48	3.006
1436	118	1.87	3.727
1437	117	2.45	3.578
1438	117	2.30	3.198
1439	115	1.93	3.656
1440	113	2.34	2.793
1441	115	1.70	3.305
1442	117	1.95	3.597
1443	119	1.67	4.158
1444	122	2.41	3.947
1445	122	2.00	4.111
1446	119	2.36	3.250
1447	120	2.04	4.115
1448	117	2.35	4.025
1449	115	2.10	3.566
1450	116	2.07	2.997
1451	115	1.65	2.858
1452	115	1.86	3.575
1453	115	2.34	3.576
1454	112	1.52	3.384
1455	111	1.51	3.014
1456	113	2.41	3.497
1457	110	2.30	2.750
1458	109	1.55	2.635
1459	108	1.60	2.980
1460	106	2.08	3.148
1461	104	1.80	2.267
1462	105	2.28	2.352
1463	106	2.00	2.264
1464	104	1.41	2.312
1465	107	1.73	2.258
1466	104	1.78	2.441
1467	103	2.13	1.989
1468	102	2.09	2.477
1469	105	1.56	2.282
1470	104	1.82	2.137
1471	105	1.62	2.858
1472	104	2.25	2.867
1473	102	1.67	2.608
1474	104	1.38	2.736
1475	106	2.18	2.352
1476	103	1.45	2.785
1477	103	2.12	2.825
1478	102	1.81	2.451
1479	99	1.83	2.450
1480	97	2.10	2.494
1481	95	1.62	1.948
1482	95	1.71	2.190
1483	92	1.95	1.969
1484	93	1.70	1.617
1485	95	1.63	1.980
1486	94	1.08	1.733
1487	97	1.72	2.073
1488	94	1.64	1.918
1489	97	1.81	1.990
1490	100	1.43	2.378
1491	102	1.71	2.408
1492	100	2.01	2.542
1493	100	1.27	2.291
1494	101	1.70	2.582
1495	103	1.87	2.332
1496	102	1.40	2.838
1497	105	1.45	2.519
1498	104	1.89	2.961
1499	104	1.71	2.937
1500	104	2.00	2.756
1501	106	2.14	2.322
1502	109	2.36	3.064
1503	107	2.27	2.265
1504	109	2.01	3.091
1505	110	2.21	3.023
1506	107	2.06	3.095
1507	105	2.21	2.382
1508	104	1.31	2.035
1509	107	1.41	2.240
1510	107	1.51	3.206
1511	105	1.72	2.084
1512	103	2.07	2.922
1513	100	2.18	1.962
1514	99	1.66	1.947
1515	102	2.19	2.156
1516	105	1.63	2.946
1517	106	1.51	3.112
1518	109	1.40	2.915
1519	107	2.29	3.166
1520	105	2.27	2.913
1521	107	2.08	2.915
1522	110	1.43	3.155
1523	107	1.80	3.029
1524	104	1.38	2.599
1525	102	1.23	1.996
1526	102	2.16	2.256
1527	105	1.77	2.350
1528	104	1.29	2.513
1529	106	2.04	2.540
1530	106	1.67	2.295
1531	103	1.34	2.303
1532	106	2.11	2.575
1533	104	1.89	2.521
1534	106	1.98	2.631
1535	105	1.44	2.478
1536	102	2.11	2.271
1537	101	1.93	2.024
1538	103	1.27	2.863
1539	100	1.86	2.511
1540	103	1.80	2.645
1541	100	1.82	2.166
1542	100	1.79	2.313
1543	101	1.34	1.880
1544	99	1.74	2.452
1545	100	2.18	2.655
1546	100	1.47	2.368
1547	103	1.82	2.631
1548	103	1.57	2.667
1549	100	1.97	2.170
1550	98	1.88	1.988
1551	96	1.47	2.340
1552	95	1.63	1.679
1553	97	1.77	1.943
1554	98	1.65	1.987
1555	99	2.01	2.714
1556	102	1.61	2.680
1557	100	1.64	1.852
1558	99	2.10	1.832
1559	98	1.65	1.823
1560	98	2.08	1.681
1561	95	1.17	1.690
1562	96	1.83	2.504
1563	96	1.52	1.855
1564	93	1.69	2.031
1565	90	1.79	1.409
1566	91	1.27	1.877
1567	92	1.81	1.748
1568	95	1.43	2.445
1569	94	1.66	1.727
1570	96	2.10	2.349
1571	94	1.42	2.073
1572	91	1.05	2.260
1573	91	1.62	1.391
1574	89	1.93	1.401
1575	87	1.37	1.380
1576	84	1.19	1.581
1577	85	1.90	1.721
1578	82	1.39	1.008
1579	81	1.30	1.162
1580	84	1.79	1.320
1581	81	1.82	1.006
1582	83	1.73	1.772
1583	83	1.14	1.677
1584	86	1.48	1.905
1585	84	1.16	1.902
1586	87	1.70	1.341
1587	87	1.53	1.963
1588	88	1.93	1.925
1589	89	1.97	1.420
1590	91	1.30	1.643
1591	94	1.57	2.087
1592	94	1.07	2.124
1593	91	1.82	1.978
1594	90	1.10	1.992
1595	89	1.35	1.738
1596	90	1.93	1.512
1597	92	1.32	1.924
1598	90	1.24	1.456
1599	87	1.42	1.888
1600	86	1.05	1.873
1601	85	0.96	1.225
1602	84	1.64	1.522
1603	82	0.99	1.620
1604	85	1.50	1.467
1605	87	1.49	1.285
1606	89	1.72	2.220
1607	92	1.40	1.596
1608	90	1.60	1.443
1609	88	1.76	1.426
1610	86	1.91	1.525
1611	85	1.64	1.964
1612	86	1.74	1.191
1613	83	1.18	1.682
1614	85	0.94	1.154
1615	88	1.11	1.940
1616	89	1.19	1.798
1617	89	1.11	2.210
1618	92	1.37	2.235
1619	94	1.51	2.035
1620	92	1.35	2.094
1621	91	1.24	2.167
1622	90	1.64	2.202
1623	91	1.49	1.526
1624	89	1.70	1.866
1625	90	1.21	1.380
1626	87	1.79	1.291
1627	84	1.06	1.546
1628	81	1.02	1.254
1629	82	1.36	1.332
1630	79	1.21	1.257
1631	78	1.48	1.205
1632	78	1.39	0.919
1633	78	1.22	1.582
1634	78	1.16	1.808
1635	79	1.11	1.342
1636	77	1.35	1.667
1637	75	1.23	1.346
1638	73	1.62	0.759
1639	72	1.56	1.312
1640	75	1.28	1.483
1641	72	0.78	1.517
1642	71	1.35	0.744
1643	70	0.73	1.246
1644	72	1.54	0.845
1645	73	1.16	1.692
1646	74	1.40	1.327
1647	73	1.56	1.684
1648	76	1.17	1.094
1649	79	1.32	1.045
1650	82	1.69	1.693
1651	83	1.68	1.114
1652	84	1.53	1.677
1653	83	1.24	1.149
1654	82	1.24	1.481
1655	80	1.68	1.175
1656	83	1.13	1.353
1657	86	1.58	2.075
1658	84	1.14	1.400
1659	84	1.28	1.317
1660	81	1.48	1.646
1661	78	1.50	1.144
1662	79	1.36	0.928
1663	81	1.71	1.845
1664	78	0.96	1.816
1665	77	0.86	1.279
1666	79	1.52	1.391
1667	76	0.82	1.439
1668	79	1.35	1.555
1669	79	1.67	1.586
1670	81	1.26	1.599
1671	83	1.61	1.169
1672	83	1.36	1.901
1673	84	1.51	1.689
1674	87	1.57	1.777
1675	90	1.51	1.380
1676	90	1.60	1.574
1677	93	1.52	2.027
1678	93	1.60	2.412
1679	94	2.04	2.151
1680	91	1.47	1.491
1681	88	1.40	1.207
1682	89	1.74	1.926
1683	86	1.57	2.093
1684	89	1.22	1.369
1685	92	1.21	1.373
1686	89	1.97	2.116
1687	89	1.44	1.892
1688	87	1.35	1.534
1689	88	1.43	1.246
1690	87	1.56	1.394
1691	88	1.64	2.027
1692	87	1.76	1.260
1693	87	1.46	2.126
1694	88	1.15	2.162
1695	91	1.49	2.010
1696	90	1.45	2.194
1697	91	2.00	1.604
1698	89	1.87	1.887
1699	86	1.91	1.262
1700	85	1.70	1.181
1701	86	1.48	1.958
1702	85	1.48	1.958
1703	82	1.40	1.467
1704	83	1.65	1.297
1705	84	1.39	1.573
1706	85	1.69	1.686
1707	85	0.98	1.340
1708	84	1.19	1.697
1709	81	0.89	1.495
1710	80	1.03	1.506
1711	77	1.33	0.936
1712	79	1.29	1.189
1713	79	1.37	1.130
1714	78	1.76	1.474
1715	77	1.00	0.856
1716	80	1.03	1.108
1717	82	1.17	1.504
1718	80	1.73	1.804
1719	81	1.86	1.006
1720	78	1.73	1.834
1721	78	1.18	0.996
1722	75	1.15	1.601
1723	74	0.83	1.117
1724	77	1.56	0.877
1725	74	0.83	1.153
1726	73	1.07	0.851
1727	71	1.61	1.100
1728	68	1.69	0.914
1729	66	1.57	0.927
1730	69	0.98	1.477
1731	69	1.13	0.645
1732	67	0.81	1.458
1733	66	0.91	0.734
1734	68	1.65	1.525
1735	69	1.61	1.593
1736	67	1.07	1.336
1737	64	1.07	0.686
1738	65	0.79	0.974
1739	64	0.83	0.932
1740	61	1.21	1.267
1741	61	0.81	1.425
1742	59	0.98	1.127
1743	60	1.07	0.681
1744	58	1.46	0.576
1745	55	1.21	0.680
1746	53	1.13	0.975
1747	50	0.68	0.497
1748	50	1.35	0.820
1749	52	1.53	0.812
1750	50	0.64	1.051
1751	52	0.66	0.882
1752	51	0.57	0.834
1753	50	0.84	0.955
1754	50	0.61	0.487
1755	52	0.99	1.101
1756	54	1.04	0.663
1757	51	0.73	0.939
1758	50	0.89	0.638
1759	51	0.70	1.196
1760	50	1.24	0.755
1761	51	1.20	0.424
1762	52	0.66	0.855
1763	51	0.75	1.087
1764	50	1.07	0.323
1765	52	0.57	0.731
1766	55	1.29	0.776
1767	55	0.91	0.660
1768	54	0.58	0.399
1769	55	0.74	0.666
1770	58	1.13	0.609
1771	59	0.88	1.201
1772	56	0.99	1.167
1773	56	1.19	1.140
1774	57	0.92	0.781
1775	59	0.98	1.181
1776	59	1.28	0.745
1777	62	1.43	0.823
1778	59	0.85	0.570
1779	61	1.44	1.429
1780	63	1.42	0.984
1781	61	1.52	0.855
1782	61	0.89	1.115
1783	64	1.56	1.472
1784	63	1.18	0.804
1785	63	1.04	0.690
1786	66	1.29	1.421
1787	68	0.80	0.743
1788	71	1.41	0.696
1789	74	1.54	1.325
1790	74	0.98	0.836
1791	77	1.07	1.478
1792	78	1.65	1.294
1793	77	1.42	1.306
1794	80	1.82	1.631
1795	81	0.91	1.405
1796	81	1.52	1.503
1797	83	1.49	1.231
1798	83	1.33	1.776
1799	83	1.17	1.292
1800	80	1.67	1.487
1801	77	1.67	1.695
1802	75	1.53	1.258
1803	76	1.62	1.060
1804	77	1.60	1.663
1805	77	1.64	1.147
1806	80	0.98	1.220
1807	77	1.27	0.992
1808	78	1.13	1.666
1809	81	1.22	1.047
1810	79	1.21	1.134
1811	80	1.77	1.808
1812	78	1.33	1.367
1813	81	0.93	1.559
1814	79	1.71	1.605
1815	78	1.60	1.091
1816	79	1.38	0.941
1817	79	1.72	1.625
1818	82	1.14	1.215
1819	82	1.46	1.168
1820	81	1.69	1.408
1821	83	1.88	1.286
1822	84	1.40	1.692
1823	82	1.01	1.736
1824	80	1.61	1.710
1825	82	1.32	1.737
1826	84	1.20	1.651
1827	87	1.92	1.175
1828	90	1.81	1.835
1829	90	1.64	2.043
1830	93	2.02	1.802
1831	91	1.77	2.100
1832	89	1.32	1.972
1833	88	1.03	1.828
1834	86	1.91	1.662
1835	84	1.38	1.493
1836	84	1.86	1.343
1837	86	0.98	1.695
1838	87	1.15	2.052
1839	84	1.76	1.127
1840	86	1.92	1.585
1841	83	1.01	1.189
1842	84	1.54	1.547
1843	85	1.78	1.717
1844	83	1.40	1.448
1845	84	1.18	1.965
1846	84	1.86	1.296
1847	82	1.73	1.337
1848	83	1.47	1.500
1849	84	1.87	1.772
1850	87	1.40	1.692
1851	89	1.04	1.453
1852	88	1.26	1.993
1853	87	1.06	2.086
1854	84	1.88	1.162
1855	86	1.51	1.807
1856	83	1.80	1.658
1857	80	1.35	1.867
1858	81	1.02	1.661
1859	79	1.80	0.928
1860	79	1.09	1.834
1861	79	1.25	1.656
1862	82	1.57	1.717
1863	85	1.43	2.051
1864	82	1.22	1.147
1865	82	1.29	1.583
1866	79	1.61	1.764
1867	81	1.51	1.792
1868	79	1.07	1.172
1869	82	1.02	1.105
1870	80	1.12	1.728
1871	83	1.34	1.141
1872	82	1.24	1.155
1873	84	1.55	1.581
1874	86	1.72	2.109
1875	88	1.12	2.063
1876	90	1.66	2.115
1877	90	1.64	2.186
1878	91	1.87	2.224
1879	92	1.14	1.463
1880	95	1.18	2.027
1881	94	1.29	1.516
1882	93	1.45	2.091
1883	92	1.60	1.675
1884	90	1.35	1.937
1885	92	1.68	2.293
1886	93	1.83	2.084
1887	96	1.29	2.401
1888	98	1.81	2.433
1889	99	1.82	2.277
1890	101	1.58	2.257
1891	99	1.79	2.099
1892	96	1.32	1.585
1893	99	1.81	2.329
1894	97	1.89	2.073
1895	98	1.96	2.504
1896	101	1.95	1.859
1897	98	1.21	2.116
1898	96	1.35	2.401
1899	96	1.63	1.552
1900	97	1.26	2.409
1901	98	1.70	2.302
1902	96	1.68	2.137
1903	93	2.04	1.676
1904	92	1.99	1.492
1905	91	1.19	1.772
1906	93	1.87	1.932
1907	93	2.05	1.483
1908	90	1.02	2.124
1909	88	1.89	2.065
1910	89	1.15	1.895
1911	87	1.42	1.332
1912	84	1.24	1.286
1913	82	1.80	1.250
1914	85	1.56	1.153
1915	86	1.42	2.048
1916	88	1.79	2.176
1917	87	1.51	1.674
1918	86	1.46	1.740
1919	89	1.78	1.803
1920	91	1.14	1.864
1921	91	1.38	1.525
1922	88	1.52	2.126
1923	88	1.14	1.513
1924	88	1.55	1.991
1925	85	1.04	1.072
1926	87	1.63	1.948
1927	87	1.29	1.927
1928	85	1.38	1.293
1929	84	1.88	1.531
1930	82	1.19	1.693
1931	83	1.17	1.090
1932	86	1.88	1.655
1933	87	1.06	1.826
1934	90	1.92	1.741
1935	90	1.28	1.599
1936	93	1.81	1.497
1937	96	1.40	2.420
1938	94	1.38	1.981
1939	96	1.95	1.650
1940	97	1.14	2.064
1941	99	1.61	2.433
1942	101	1.73	2.244
1943	104	1.92	2.359
1944	105	1.95	2.331
1945	108	1.39	2.754
1946	105	1.29	2.748
1947	106	1.87	3.034
1948	103	1.99	2.063
1949	106	2.16	2.615
1950	107	1.44	2.225
1951	104	1.71	2.468
1952	103	2.17	2.635
1953	106	1.53	2.356
1954	108	2.05	3.019
1955	108	1.64	2.416
1956	107	1.86	2.846
1957	107	2.17	2.380
1958	104	1.88	2.120
1959	103	1.74	2.503
1960	101	1.30	2.043
1961	99	1.42	2.333
1962	99	1.40	2.550
1963	100	1.29	1.741
1964	100	1.34	2.362
1965	102	1.58	2.606
1966	102	1.84	2.266
1967	102	1.88	1.959
1968	100	1.95	2.443
1969	99	1.33	2.332
1970	101	1.53	2.398
1971	104	1.37	2.256
1972	106	1.63	2.628
1973	108	1.62	3.070
1974	111	1.57	2.517
1975	114	1.53	3.144
1976	115	1.75	3.267
1977	112	2.29	2.725
1978	109	1.45	3.007
1979	107	2.00	2.954
1980	108	2.28	2.761
1981	105	1.53	2.480
1982	102	2.04	2.277
1983	99	2.04	2.593
1984	98	1.50	2.036
1985	100	1.87	2.045
1986	101	1.29	1.985
1987	98	1.54	2.483
1988	97	1.71	2.391
1989	100	1.84	1.787
1990	102	1.66	2.312
1991	105	2.01	2.813
1992	102	1.50	2.476
1993	102	1.88	1.891
1994	104	1.77	2.079
1995	104	1.33	2.161
1996	106	2.06	2.591
1997	107	1.88	2.733
1998	108	2.02	2.284
1999	107	2.24	3.151
2000	106	2.02	2.469
2001	103	1.64	2.399
2002	103	1.65	2.608
2003	101	1.21	1.893
2004	100	1.91	2.352
2005	97	1.74	2.193
2006	96	1.15	1.700
2007	99	1.33	1.994
2008	100	1.66	2.006
2009	103	1.73	2.859
2010	105	1.91	2.319
2011	102	1.48	2.007
2012	104	1.52	2.330
2013	102	1.53	2.815
2014	103	1.41	2.286
2015	100	1.73	1.739
2016	102	1.95	2.168
2017	99	1.81	1.823
2018	98	1.94	2.246
2019	95	1.81	1.860
2020	95	1.60	1.755
2021	93	1.70	1.600
2022	92	1.08	1.982
2023	90	1.55	1.662
2024	90	1.22	1.844
2025	92	1.62	1.523
2026	91	1.79	1.472
2027	88	1.41	1.616
2028	88	1.45	1.917
2029	87	1.25	1.648
2030	84	1.15	1.046
2031	82	1.49	1.414
2032	79	1.72	1.639
2033	82	1.07	1.759
2034	82	1.66	0.970
2035	82	1.86	1.122
2036	82	1.39	1.690
2037	82	1.51	1.259
2038	80	0.98	1.719
2039	83	1.69	1.170
2040	81	0.99	1.709
2041	83	1.48	1.168
2042	80	1.38	1.670
2043	82	1.66	1.426
2044	82	1.31	1.818
2045	80	1.83	1.382
2046	78	0.88	1.404
2047	75	0.96	1.531
2048	75	1.16	1.400
2049	73	1.38	0.888
2050	76	1.35	0.838
2051	79	1.63	1.442
2052	78	1.31	1.012
2053	75	1.28	0.957
2054	77	1.36	1.399
2055	76	1.45	1.324
2056	76	1.46	1.411
2057	74	0.97	0.933
2058	73	0.77	1.211
2059	71	1.34	1.459
2060	68	1.10	1.111
2061	70	0.80	0.790
2062	73	0.88	1.162
2063	71	1.49	1.527
2064	74	1.17	1.498
2065	75	0.87	1.235
2066	72	1.50	1.239
2067	75	0.99	1.253
2068	78	1.59	0.911
2069	77	0.89	0.954
2070	79	1.51	1.433
2071	78	1.23	1.539
2072	79	1.60	1.465
2073	79	1.03	0.977
2074	79	1.64	1.091
2075	80	0.89	1.653
2076	78	1.70	1.077
2077	75	0.88	1.424
2078	76	1.74	1.557
2079	74	1.45	1.371
2080	77	1.20	1.612
2081	80	1.05	1.295
2082	79	1.56	1.097
2083	80	1.12	1.862
2084	78	1.51	1.187
2085	76	1.50	1.773
2086	77	1.47	1.192
2087	78	1.01	0.971
2088	75	1.46	1.159
2089	75	1.28	0.998
2090	74	1.14	1.316
2091	72	1.09	1.247
2092	69	1.41	1.447
2093	72	1.44	0.802
2094	69	1.40	1.347
2095	66	1.03	0.912
2096	69	1.10	0.856
2097	68	1.45	0.609
2098	65	1.21	1.159
2099	62	1.18	0.777
2100	61	0.74	0.736
2101	58	0.97	0.657
2102	61	0.63	0.928
2103	58	1.29	0.454
2104	60	0.79	0.899
2105	58	1.00	0.486
2106	57	0.59	0.640
2107	55	0.77	1.221
2108	54	0.76	0.578
2109	52	1.08	0.780
2110	52	0.60	0.665
2111	53	1.34	0.997
2112	54	0.63	0.835
2113	52	1.36	0.336
2114	52	0.91	1.174
2115	52	0.90	1.303
2116	50	0.53	0.726
2117	53	0.63	1.060
2118	54	0.60	0.586
2119	56	1.14	0.758
2120	54	0.97	0.715
2121	57	0.97	0.790
2122	60	0.88	0.917
2123	61	1.40	1.368
2124	58	0.72	1.312
2125	57	0.64	1.058
2126	60	1.03	1.184
2127	58	0.84	1.351
2128	57	0.99	0.677
2129	56	0.87	1.126
2130	53	1.09	0.733
2131	50	1.13	1.151
2132	51	0.54	1.089
2133	51	1.24	1.265
2134	52	0.78	1.293
2135	52	0.89	1.307
2136	54	1.03	1.138
2137	52	1.11	0.521
2138	50	0.60	0.883
2139	50	0.54	1.278
2140	50	0.76	0.829
2141	50	1.49	0.449
2142	50	1.25	0.614
2143	50	0.96	0.723
2144	50	0.94	0.475
2145	50	1.48	0.792
2146	53	0.78	0.507
2147	55	0.85	0.819
2148	56	0.75	0.660
2149	56	1.20	0.786
2150	57	0.79	1.299
2151	56	1.24	0.473
2152	53	1.01	1.220
2153	53	1.37	0.691
2154	52	0.92	0.905
2155	50	0.95	0.592
2156	50	1.07	1.116
2157	50	0.97	0.938
2158	52	1.12	1.296
2159	54	0.92	0.808
2160	52	0.98	0.743
2161	50	0.66	0.313
2162	52	1.12	0.446
2163	50	0.95	0.909
2164	52	0.77	0.872
2165	50	0.81	0.685
2166	50	0.61	0.921
2167	53	0.86	0.920
2168	56	1.41	0.414
2169	59	0.84	0.768
2170	62	1.15	0.807
2171	60	1.54	0.600
2172	63	1.44	1.147
2173	61	1.19	1.221
2174	60	0.96	0.468
2175	61	1.49	0.659
2176	60	1.29	1.148
2177	60	1.01	1.172
2178	59	1.28	0.588
2179	57	0.69	0.848
2180	54	1.25	1.095
2181	57	1.42	0.575
2182	54	1.04	1.239
2183	52	1.36	1.045
2184	55	1.48	1.257
2185	52	1.17	0.799
2186	53	0.72	0.560
2187	54	0.57	0.405
2188	57	1.16	1.017
2189	58	1.35	1.310
2190	56	0.81	0.922
2191	58	1.25	1.208
2192	56	0.58	1.302
2193	54	0.83	0.773
2194	55	0.66	0.690
2195	54	0.73	0.879
2196	53	1.09	1.097
2197	51	1.22	0.823
2198	50	1.28	0.847
2199	53	1.24	1.149
2200	51	1.31	0.616
2201	50	0.85	0.660
2202	53	1.38	1.015
2203	53	1.46	0.500
2204	55	1.41	0.922
2205	55	1.15	1.337
2206	54	1.11	1.265
2207	51	1.11	0.392
2208	52	1.35	0.910
2209	54	0.99	0.642
2210	55	1.51	1.341
2211	53	1.07	0.734
2212	55	0.67	0.431
2213	52	1.29	1.224
2214	53	0.62	0.459
2215	54	1.45	1.208
2216	56	0.63	0.937
2217	56	0.99	0.825
2218	54	1.20	1.080
2219	57	1.18	0.572
2220	59	1.34	0.616
2221	61	1.01	1.400
2222	63	1.46	1.157
2223	61	1.46	1.087
2224	62	0.97	1.207
2225	65	1.32	0.777
2226	68	1.50	1.079
2227	65	1.16	0.769
2228	67	1.43	0.844
2229	65	0.78	0.789
2230	64	0.78	1.303
2231	67	0.92	1.230
2232	67	0.99	1.445
2233	64	0.65	0.659
2234	62	1.47	1.433
2235	59	1.39	1.034
2236	57	1.35	0.799
2237	58	0.95	1.384
2238	60	1.00	0.501
2239	62	0.76	0.679
2240	62	1.58	0.657
2241	64	1.40	0.836
2242	63	0.80	0.891
2243	64	1.29	0.672
2244	67	0.73	0.730
2245	66	1.13	1.112
2246	67	0.99	0.768
2247	64	1.62	1.198
2248	63	1.13	1.001
2249	66	0.78	1.232
2250	69	1.30	1.446
2251	71	1.14	0.993
2252	74	0.87	0.773
2253	77	1.23	1.503
2254	76	1.46	1.352
2255	76	1.27	1.543
2256	77	1.56	1.623
2257	74	0.78	1.245
2258	75	1.53	1.286
2259	74	1.51	0.742
2260	74	0.97	1.398
2261	75	1.65	1.085
2262	74	1.62	1.222
2263	73	1.15	1.130
2264	73	0.93	1.158
2265	74	0.84	1.107
2266	72	1.73	1.012
2267	74	0.96	1.613
2268	77	0.92	1.015
2269	77	1.35	1.255
2270	78	1.07	1.248
2271	75	1.77	1.413
2272	73	0.81	1.368
2273	75	1.77	0.888
2274	78	1.18	1.762
2275	80	1.39	1.231
2276	82	1.81	1.924
2277	81	1.51	1.003
2278	79	1.57	1.792
2279	77	1.81	1.314
2280	75	0.81	1.349
2281	73	0.77	1.129
2282	76	1.73	1.413
2283	79	1.60	1.480
2284	76	1.58	1.173
2285	78	0.99	0.895
2286	79	1.79	1.345
2287	77	0.92	1.336
2288	77	1.69	1.095
2289	79	1.14	1.577
2290	76	1.05	1.503
2291	73	0.78	1.087
2292	72	1.21	0.891
2293	73	1.31	0.754
2294	74	1.08	1.160
2295	75	1.42	0.987
2296	78	0.95	1.039
2297	75	1.64	1.143
2298	75	1.07	1.574
2299	74	1.26	0.903
2300	76	1.59	1.488
2301	75	1.32	0.785
2302	78	1.51	0.918
2303	76	0.91	1.255
2304	74	0.86	1.166
2305	77	1.54	0.831
2306	75	1.50	0.759
2307	75	0.84	0.868
2308	75	0.85	1.638
2309	77	1.60	1.331
2310	76	1.28	0.777
2311	75	1.08	1.067
2312	73	0.90	0.815
2313	70	0.74	1.455
2314	69	1.42	1.429
2315	71	0.84	1.229
2316	71	0.79	1.318
2317	68	0.82	1.127
2318	70	1.07	0.808
2319	68	1.02	1.505
2320	71	0.84	1.244
2321	72	1.69	0.936
2322	74	0.86	0.742
2323	72	1.28	0.889
2324	75	0.88	1.393
2325	76	1.23	1.341
2326	79	1.29	1.089
2327	81	1.05	1.646
2328	79	0.85	1.252
2329	78	1.19	1.635
2330	76	0.91	1.524
2331	79	0.93	1.094
2332	81	1.60	1.044
2333	79	1.01	1.588
2334	81	1.27	1.260
2335	83	1.07	1.501
2336	80	1.21	1.112
2337	83	1.19	1.195
2338	86	1.11	1.072
2339	87	1.29	2.082
2340	87	1.73	1.785
2341	89	1.70	1.848
2342	92	1.16	1.644
2343	89	1.41	2.002
2344	88	1.17	2.075
2345	87	1.73	1.753
2346	90	1.26	1.597
2347	93	1.74	2.108
2348	94	1.84	1.944
2349	97	1.47	1.746
2350	99	2.13	2.102
2351	96	1.58	1.911
2352	93	1.90	2.263
2353	96	1.84	1.910
2354	95	1.77	1.607
2355	93	1.91	1.378
2356	96	1.42	1.572
2357	94	1.28	2.087
2358	96	1.77	2.364
2359	99	2.05	2.339
2360	99	1.69	1.696
2361	97	2.03	2.370
2362	97	1.87	1.606
2363	99	1.35	2.203
2364	99	1.90	1.656
2365	96	1.21	2.472
2366	98	1.99	2.109
2367	100	1.78	1.882
2368	100	1.77	2.496
2369	101	2.11	1.885
2370	102	1.81	1.933
2371	104	1.37	2.919
2372	101	1.34	1.970
2373	102	1.67	2.254
2374	105	2.27	2.848
2375	105	1.80	2.895
2376	108	2.31	2.874
2377	105	1.76	2.753
2378	105	1.92	2.115
2379	103	1.75	2.010
2380	101	1.51	2.012
2381	98	2.14	2.350
2382	100	1.20	2.413
2383	100	1.49	2.004
2384	99	1.24	2.094
2385	97	1.75	1.907
2386	94	1.47	2.170
2387	91	1.34	1.325
2388	92	1.30	1.964
2389	89	1.15	1.492
2390	88	1.83	1.138
2391	89	1.50	1.239
2392	92	1.45	2.190
2393	91	1.86	1.326
2394	89	0.99	1.225
2395	88	1.65	1.503
2396	86	1.88	1.323
2397	88	1.55	1.991
2398	87	1.08	1.263
2399	89	1.76	1.302
2400	88	1.82	2.040
2401	85	1.23	1.407
2402	86	1.17	1.122
2403	85	1.74	1.902
2404	86	1.83	1.644
2405	88	1.19	1.763
2406	89	1.25	1.672
2407	91	1.36	1.452
2408	89	1.06	1.817
2409	89	1.84	1.766
2410	90	1.20	1.944
2411	87	1.49	1.218
2412	89	1.80	1.440
2413	91	1.06	1.998
2414	93	1.91	1.512
2415	92	1.70	2.258
2416	90	1.14	1.311
2417	89	1.74	1.869
2418	89	1.10	1.627
2419	87	1.36	1.770
2420	86	1.65	1.095
2421	83	1.35	0.980
2422	84	1.49	1.362
2423	82	0.99	1.068
2424	85	1.68	1.908
2425	88	1.41	1.236
2426	87	1.46	1.580
2427	86	1.60	1.795
2428	85	1.91	1.463
2429	84	1.04	1.225
2430	86	1.11	1.541
2431	84	1.70	1.114
2432	85	1.65	1.354
2433	88	1.39	1.402
2434	85	1.03	1.958
2435	82	1.65	1.192
2436	80	1.42	1.101
2437	79	1.41	1.428
2438	80	0.89	1.007
2439	77	1.50	1.504
2440	77	1.48	1.361
2441	79	1.14	1.014
2442	76	1.72	1.154
2443	77	1.27	0.945
2444	75	1.12	1.559
2445	74	1.71	1.674
2446	74	1.36	1.278
2447	75	1.64	1.156
2448	72	1.35	1.220
2449	74	1.62	1.152
2450	74	1.02	0.980
2451	75	1.76	0.847
2452	74	0.80	1.118
2453	72	1.52	1.559
2454	75	1.22	1.544
2455	73	1.65	0.898
2456	72	1.26	0.718
2457	73	1.10	0.948
2458	74	1.57	1.575
2459	75	1.38	1.136
2460	73	1.57	1.424
2461	70	1.61	0.965
2462	72	1.50	1.630
2463	73	1.01	1.638
2464	75	1.23	1.707
2465	73	1.64	0.924
2466	75	1.25	0.734
2467	77	1.27	1.420
2468	74	1.42	0.787
2469	73	0.88	1.170
2470	71	1.18	0.924
2471	72	0.84	1.289
2472	72	1.45	1.113
2473	75	1.68	1.132
2474	76	1.02	0.776
2475	73	1.58	1.415
2476	72	1.37	1.542
2477	71	1.11	1.495
2478	68	0.84	1.096
2479	67	0.89	1.180
2480	66	1.26	1.314
2481	64	0.78	0.729
2482	67	1.39	1.401
2483	70	1.60	1.489
2484	69	1.64	0.857
2485	67	1.55	1.017
2486	70	0.74	1.171
2487	68	1.16	1.123
2488	68	0.73	1.030
2489	69	1.44	1.525
2490	67	1.13	0.896
2491	65	0.82	1.436
2492	66	1.34	0.666
2493	66	1.12	0.650
2494	68	1.53	0.990
2495	71	1.67	1.284
2496	72	0.79	0.677
2497	71	1.05	0.703
2498	68	1.54	1.192
2499	70	1.51	1.171
2500	69	1.43	1.025
2501	70	1.67	1.189
2502	67	1.37	1.241
2503	67	1.68	1.512
2504	68	0.76	1.333
2505	71	1.58	0.906
2506	69	1.48	1.368
2507	71	1.69	0.619
2508	70	1.46	1.561
2509	67	1.13	1.017
2510	66	0.71	0.505
2511	69	0.72	0.909
2512	68	0.78	0.954
2513	71	1.57	1.443
2514	72	0.96	1.540
2515	71	1.53	0.634
2516	72	0.84	1.000
2517	72	1.55	1.184
2518	73	0.78	1.547
2519	72	1.59	1.190
2520	72	1.30	1.190
2521	74	0.90	0.721
2522	76	1.38	1.348
2523	78	1.12	0.870
2524	80	0.98	0.978
2525	78	0.85	1.301
2526	80	1.82	1.425
2527	79	1.10	1.453
2528	76	1.74	1.419
2529	79	1.81	0.821
2530	81	1.22	1.659
2531	78	1.62	1.002
2532	81	1.40	1.270
2533	84	1.44	1.338
2534	87	1.10	1.804
2535	85	1.19	1.299
2536	87	1.36	1.388
2537	87	0.99	1.801
2538	85	1.61	1.618
2539	85	1.60	1.686
2540	86	1.50	1.597
2541	85	1.74	1.404
2542	83	1.47	1.156
2543	82	1.47	1.406
2544	80	1.67	1.371
2545	79	1.68	1.689
2546	80	1.14	1.761
2547	78	1.76	1.206
2548	77	1.17	1.651
2549	74	1.42	1.364
2550	77	1.28	1.516
2551	78	1.41	1.557
2552	81	1.59	0.943
2553	84	0.97	1.652
2554	86	1.23	1.426
2555	86	1.72	1.630
2556	84	1.03	1.568
2557	81	1.46	1.842
2558	81	1.63	1.463
2559	81	1.37	1.034
2560	79	1.19	1.089
2561	78	1.00	1.073
2562	78	1.19	1.294
2563	76	1.47	1.592
2564	74	0.80	1.392
2565	74	1.27	1.015
2566	72	1.07	0.706
2567	70	1.66	1.211
2568	68	0.86	0.635
2569	67	0.89	1.308
2570	65	1.35	1.152
2571	67	1.31	0.753
2572	70	1.55	0.714
2573	73	1.17	1.107
2574	72	1.01	1.193
2575	73	1.51	1.325
2576	73	1.36	0.860
2577	74	0.92	1.087
2578	71	1.06	0.969
2579	70	1.38	0.852
2580	71	0.81	0.989
2581	74	1.25	1.084
2582	77	1.76	1.538
2583	79	1.41	1.744
2584	79	1.25	1.691
2585	76	1.03	0.944
2586	76	1.22	1.009
2587	74	1.09	1.511
2588	76	1.46	1.621
2589	74	1.12	1.542
2590	76	1.62	1.474
2591	79	1.24	1.581
2592	78	0.97	1.698
2593	75	1.07	1.616
2594	73	1.75	1.246
2595	70	1.57	0.655
2596	71	1.16	1.452
2597	73	1.34	1.400
2598	70	1.67	0.993
2599	72	1.33	1.423
2600	72	0.91	1.531
2601	69	0.98	0.732
2602	72	0.83	0.790
2603	73	1.01	1.105
2604	75	0.94	1.064
2605	74	1.44	1.587
2606	71	1.65	1.542
2607	71	0.84	1.254
2608	69	1.33	1.517
2609	66	1.17	1.005
2610	67	0.85	1.465
2611	70	1.37	0.892
2612	70	1.49	0.954
2613	67	1.01	0.518
2614	65	0.98	1.467
2615	68	0.95	0.810
2616	67	0.77	0.927
2617	68	1.39	1.175
2618	66	1.37	1.041
2619	67	0.91	1.106
2620	70	0.80	1.314
2621	67	1.07	1.259
2622	65	1.64	1.375
2623	66	1.11	0.696
2624	66	1.47	1.045
2625	64	0.80	0.886
2626	61	0.90	0.487
2627	59	1.09	0.710
2628	61	1.45	1.370
2629	62	1.09	1.322
2630	65	1.37	1.379
2631	66	1.44	1.360
2632	65	0.99	1.061
2633	68	1.50	1.406
2634	66	0.79	0.957
2635	64	1.22	1.053
2636	65	1.08	0.647
2637	62	1.43	1.122
2638	61	1.38	1.343
2639	60	0.87	0.695
2640	58	1.07	0.659
2641	57	1.25	0.578
2642	55	0.73	0.543
2643	58	1.25	0.929
2644	57	0.78	0.814
2645	57	0.84	1.261
2646	55	0.75	1.079
2647	57	1.06	0.807
2648	56	0.62	0.984
2649	56	1.40	0.425
2650	59	1.02	0.483
2651	57	0.89	1.246
2652	60	0.86	1.224
2653	59	1.39	1.052
2654	57	1.48	1.139
2655	54	1.41	1.097
2656	54	1.54	0.772
2657	55	1.29	0.347
2658	52	1.49	0.773
2659	54	0.85	1.017
2660	55	1.45	0.311
2661	52	1.44	0.976
2662	52	1.20	0.895
2663	55	1.43	0.908
2664	55	0.93	0.725
2665	55	0.92	1.280
2666	53	1.03	0.576
2667	50	1.43	1.177
2668	51	0.57	0.792
2669	52	0.82	1.189
2670	52	1.38	0.344
2671	53	0.78	1.165
2672	56	0.74	1.048
2673	57	0.91	0.364
2674	58	1.13	1.083
2675	59	0.85	1.160
2676	56	1.55	0.834
2677	53	0.83	0.577
2678	50	0.55	0.900
2679	50	0.86	0.752
2680	52	0.83	0.734
2681	50	0.83	0.294
2682	50	1.03	1.089
2683	50	1.44	0.440
2684	50	1.39	1.056
2685	50	1.17	0.974
2686	51	1.01	0.885
2687	50	0.89	0.437
2688	53	0.99	1.183
2689	55	0.86	1.187
2690	54	1.51	0.495
2691	57	0.70	1.028
2692	60	1.26	1.236
2693	60	1.21	0.612
2694	57	1.46	1.109
2695	58	0.94	1.176
2696	61	1.54	1.269
2697	64	1.01	0.990
2698	63	1.09	1.310
2699	62	1.43	0.566
2700	61	0.68	0.516
2701	62	1.08	1.177
2702	61	1.53	0.501
2703	58	1.51	0.581
2704	59	1.12	0.569
2705	60	1.25	1.202
2706	63	1.50	1.026
2707	62	1.19	1.327
2708	60	0.84	1.019
2709	59	1.27	0.380
2710	62	0.92	0.662
2711	60	1.41	0.944
2712	61	0.86	1.300
2713	59	1.37	0.422
2714	56	1.07	1.049
2715	57	1.04	1.279
2716	60	1.01	1.045
2717	57	1.42	1.262
2718	59	1.17	0.996
2719	62	0.75	0.680
2720	65	1.08	0.542
2721	66	1.67	1.321
2722	69	1.40	0.802
2723	67	1.44	0.656
2724	66	0.88	1.351
2725	64	0.97	1.280
2726	67	1.41	1.047
2727	67	1.05	1.259
2728	70	0.84	1.054
2729	72	0.98	1.387
2730	74	1.43	0.846
2731	76	1.34	1.187
2732	74	0.92	1.261
2733	76	1.19	1.177
2734	79	0.94	1.025
2735	76	1.34	0.956
2736	77	1.25	1.278
2737	76	0.89	1.697
2738	74	1.29	1.435
2739	75	1.38	0.822
2740	73	0.83	1.048
2741	71	1.35	0.593
2742	71	1.47	0.625
2743	72	1.71	1.501
2744	73	0.86	1.226
2745	71	1.58	0.881
2746	73	1.04	0.977
2747	74	1.76	1.528
2748	77	0.85	1.108
2749	79	1.29	1.078
2750	77	0.88	1.250
2751	78	1.48	1.118
2752	80	0.95	0.961
2753	78	1.29	1.037
2754	80	1.60	1.750
2755	81	0.88	1.567
2756	79	1.57	1.653
2757	78	1.49	1.049
2758	76	1.62	1.206
2759	79	1.16	1.465
2760	77	1.71	0.991
2761	80	1.19	1.136
2762	82	1.42	1.289
2763	81	1.75	1.504
2764	79	1.63	1.080
2765	80	1.64	1.509
2766	80	1.83	1.356
2767	77	1.62	1.568
2768	79	1.50	0.992
2769	76	1.14	1.322
2770	78	0.96	1.463
2771	76	1.14	1.328
2772	76	1.21	1.172
2773	79	1.56	1.643
2774	79	1.76	0.937
2775	77	1.31	0.740
2776	75	1.64	1.361
2777	78	1.37	1.411
2778	80	1.13	1.532
2779	79	0.84	0.925
2780	80	1.58	1.562
2781	82	1.82	1.346
2782	79	1.68	1.705
2783	79	1.18	1.522
2784	79	1.39	1.057
2785	77	1.22	1.321
2786	74	1.38	0.741
2787	77	0.99	1.373
2788	76	1.49	1.089
2789	79	1.29	1.552
2790	80	1.81	1.764
2791	79	1.75	1.121
2792	82	1.30	1.249
2793	84	1.37	1.322
2794	86	1.38	1.798
2795	88	1.53	1.905
2796	87	1.67	2.026
2797	88	1.67	1.434
2798	85	1.24	1.106
2799	88	1.21	1.627
2800	87	1.65	1.856
2801	89	1.86	1.220
2802	89	1.07	2.055
2803	87	1.69	1.843
2804	89	1.32	1.193
2805	89	1.66	1.490
2806	90	1.30	1.501
2807	93	1.36	1.406
2808	94	1.38	1.666
2809	96	1.79	2.243
2810	96	1.30	1.708
2811	99	1.87	1.726
2812	97	2.10	2.374
2813	94	1.45	2.243
2814	94	1.23	1.549
2815	95	1.11	2.377
2816	98	1.94	2.007
2817	100	1.93	2.442
2818	98	1.71	2.115
2819	97	1.15	2.462
2820	94	1.89	1.909
2821	97	1.53	2.052
2822	97	1.23	2.244
2823	94	1.28	2.057
2824	97	1.32	1.954
2825	98	2.05	1.686
2826	95	1.32	1.745
2827	96	1.19	1.546
2828	97	1.66	1.753
2829	97	2.01	1.740
2830	100	1.45	2.397
2831	99	1.74	2.119
2832	98	1.63	2.507
2833	97	2.05	2.445
2834	95	1.24	2.069
2835	93	1.54	1.787
2836	92	1.44	1.995
2837	91	1.28	1.356
2838	92	1.29	1.862
2839	90	1.92	2.140
2840	89	1.51	1.342
2841	90	1.40	1.197
2842	87	1.92	1.614
2843	89	1.31	1.280
2844	87	1.86	1.107
2845	86	1.29	1.259
2846	84	1.39	1.287
2847	87	1.90	1.172
2848	90	1.46	1.402
2849	88	1.93	1.187
2850	88	1.96	1.500
2851	85	1.46	1.634
2852	86	1.69	1.817
2853	86	1.91	1.400
2854	85	1.10	1.208
2855	87	1.73	1.650
2856	90	1.76	1.570
2857	89	1.92	2.119
2858	90	1.24	1.601
2859	93	1.27	1.469
2860	94	1.53	1.875
2861	91	1.93	1.351
2862	94	1.91	1.454
2863	94	1.59	1.625
2864	92	1.94	2.026
2865	92	1.50	2.042
2866	89	1.72	1.912
2867	89	1.30	1.690
2868	91	1.61	1.602
2869	89	1.47	2.114
2870	91	1.20	1.562
2871	93	1.21	2.269
2872	96	1.41	1.848
2873	96	1.87	1.806
2874	99	1.67	1.872
2875	102	1.30	1.948
2876	102	2.12	1.894
2877	102	1.70	1.835
2878	100	1.34	1.923
2879	103	2.00	2.505
2880	104	1.27	1.964
2881	105	1.69	2.560
2882	103	1.45	2.113
2883	104	1.62	2.072
2884	103	2.18	2.598
2885	104	2.14	1.881
2886	103	1.44	1.818
2887	102	1.96	2.588
2888	101	1.82	2.466
2889	99	1.47	1.786
2890	96	1.32	1.625
2891	94	1.86	2.047
2892	92	1.40	1.250
2893	91	1.75	1.993
2894	92	1.23	1.337
2895	95	1.87	2.040
2896	93	1.90	1.767
2897	90	1.05	1.218
2898	87	1.06	1.723
2899	89	1.24	1.790
2900	91	1.33	1.677
2901	91	1.52	1.808
2902	89	1.83	1.535
2903	88	1.33	1.538
2904	86	1.92	1.799
2905	85	0.99	1.807
2906	82	1.83	1.754
2907	81	1.85	1.214
2908	78	0.93	1.073
2909	77	0.94	1.620
2910	77	1.06	1.563
2911	79	1.29	1.323
2912	81	1.58	1.725
2913	79	1.35	1.731
2914	77	1.25	1.684
2915	77	1.69	1.088
2916	79	1.54	1.576
2917	77	1.46	1.478
2918	78	1.00	1.585
2919	81	1.36	1.527
2920	79	1.51	0.911
2921	76	1.52	1.639
2922	73	1.03	1.092
2923	71	1.64	1.312
2924	73	1.71	1.018
2925	76	1.10	1.246
2926	79	1.75	0.950
2927	79	1.02	1.572
2928	81	1.69	1.331
2929	79	1.05	0.804
2930	79	1.27	1.439
2931	80	1.11	1.501
2932	80	1.44	1.405
2933	83	1.78	1.424
2934	82	1.68	1.007
2935	82	1.62	0.914
2936	84	1.40	1.079
2937	86	1.11	1.616
2938	88	1.48	1.673
2939	90	1.39	2.027
2940	87	1.84	1.558
2941	87	1.93	1.046
2942	85	1.70	1.228
2943	85	1.35	1.843
2944	85	1.68	1.293
2945	86	1.69	1.495
2946	85	1.31	1.645
2947	85	1.15	1.950
2948	88	1.92	2.014
2949	91	1.06	1.548
2950	94	1.34	2.022
2951	92	1.56	1.605
2952	93	1.81	1.939
2953	95	1.20	1.690
2954	97	2.12	2.058
2955	94	1.39	1.357
2956	91	1.47	1.548
2957	94	1.39	1.647
2958	94	1.81	2.273
2959	93	1.65	1.627
2960	93	1.80	2.102
2961	93	1.97	1.944
2962	90	1.34	1.768
2963	90	1.18	1.794
2964	91	1.36	1.745
2965	88	1.71	1.390
2966	87	1.07	1.054
2967	87	1.02	1.709
2968	87	1.59	1.458
2969	84	0.99	1.156
2970	87	0.96	1.758
2971	85	1.18	1.783
2972	85	1.43	1.062
2973	82	1.27	1.762
2974	83	1.65	1.654
2975	82	1.57	1.203
2976	80	1.54	1.355
2977	77	0.97	0.815
2978	77	1.52	1.327
2979	77	1.68	0.896
2980	77	1.18	1.004
2981	77	0.98	1.227
2982	78	1.36	1.362
2983	75	0.98	0.882
2984	77	1.62	1.524
2985	75	1.38	1.170
2986	74	0.80	1.430
2987	77	0.99	1.256
2988	78	1.43	0.857
2989	75	1.69	1.096
2990	76	1.51	1.030
2991	79	1.49	1.506
2992	80	1.17	0.947
2993	83	1.63	1.435
2994	81	1.04	1.638
2995	80	0.98	1.617
2996	80	1.43	1.548
2997	83	1.00	1.711
2998	82	1.47	1.442
2999	83	1.69	1.671
3000	86	1.05	1.182
3001	87	1.62	1.985
3002	89	1.17	1.331
3003	87	1.34	1.415
3004	84	1.88	1.197
3005	86	1.26	1.393
3006	83	1.84	1.175
3007	80	1.70	0.910
3008	79	1.24	1.040
3009	78	0.84	1.500
3010	79	1.17	1.592
3011	81	1.46	1.207
3012	79	1.22	1.399
3013	82	1.85	1.278
3014	79	1.78	0.949
3015	82	1.47	1.527
3016	81	1.45	1.101
3017	81	1.40	0.896
3018	84	1.29	1.330
3019	83	1.10	1.229
3020	86	1.78	1.676
3021	84	1.26	1.862
3022	81	1.43	1.755
3023	80	1.34	1.790
3024	82	1.24	0.969
3025	85	1.24	1.203
3026	86	0.98	1.636
3027	83	1.76	1.002
3028	85	1.82	1.150
3029	88	1.76	1.191
3030	85	1.74	1.361
3031	82	1.86	0.861
3032	80	1.71	0.903
3033	79	1.53	1.643
3034	76	1.36	1.258
3035	77	0.81	1.456
3036	79	1.24	1.406
3037	77	1.70	1.418
3038	75	1.14	1.243
3039	73	1.31	0.972
3040	72	1.46	1.510
3041	70	1.63	1.360
3042	68	0.81	1.426
3043	70	0.81	1.109
3044	72	1.15	0.684
3045	71	1.22	1.023
3046	69	0.86	1.239
3047	70	1.02	0.685
3048	67	1.12	0.685
3049	64	1.06	0.557
3050	64	1.42	1.331
3051	64	1.64	0.997
3052	65	0.89	0.808
3053	62	1.43	1.337
3054	59	1.41	1.009
3055	56	1.15	1.271
3056	58	1.29	0.700
3057	58	1.47	0.388
3058	60	1.37	0.587
3059	59	1.18	1.095
3060	58	1.21	0.628
3061	55	0.71	0.361
3062	55	1.03	1.254
3063	54	1.51	1.015
3064	54	0.56	0.668
3065	52	1.50	0.225
3066	54	1.47	1.052
3067	57	0.98	0.797
3068	57	1.40	1.246
3069	55	0.77	1.188
3070	57	0.95	0.611
3071	58	1.37	0.456
3072	55	1.51	0.675
3073	57	0.78	1.152
3074	58	1.37	0.508
3075	59	0.60	0.758
3076	62	1.50	0.562
3077	65	1.63	0.613
3078	63	1.25	1.093
3079	66	0.98	1.062
3080	66	0.87	1.255
3081	65	0.90	1.397
3082	68	1.15	1.179
3083	71	1.25	0.973
3084	73	1.11	1.539
3085	75	1.06	1.475
3086	75	1.23	1.203
3087	78	0.97	0.743
3088	77	1.35	1.646
3089	74	1.62	0.836
3090	75	0.83	1.497
3091	75	1.75	1.579
3092	76	1.14	0.696
3093	78	0.86	1.358
3094	78	1.65	1.583
3095	76	1.65	1.668
3096	76	1.42	1.350
3097	78	1.79	1.425
3098	79	1.28	1.703
3099	77	1.70	0.824
3100	75	1.75	0.744
3101	78	1.43	1.335
3102	75	1.76	1.060
3103	76	1.16	0.842
3104	78	1.45	1.183
3105	75	1.39	0.923
3106	76	1.78	0.959
3107	74	1.43	0.820
3108	71	0.79	0.912
3109	69	0.76	0.954
3110	72	0.87	1.560
3111	75	1.02	0.652
3112	75	0.99	1.393
3113	77	0.89	1.690
3114	76	0.94	0.757
3115	78	1.80	1.694
3116	79	0.84	0.983
3117	76	1.16	1.126
3118	79	0.89	1.173
3119	76	0.97	0.955
3120	79	1.03	0.932
3121	81	1.81	1.100
3122	80	1.71	0.917
3123	77	1.38	0.968
3124	74	0.84	0.725
3125	71	1.39	0.619
3126	74	0.81	0.824
3127	73	0.93	0.908
3128	76	0.83	1.522
3129	77	0.97	1.355
3130	76	1.34	0.866
3131	78	0.84	1.611
3132	81	1.46	1.511
3133	84	1.25	1.869
3134	87	1.58	1.222
3135	87	1.47	1.997
3136	85	1.00	1.138
3137	84	0.92	0.984
3138	86	0.94	1.686
3139	86	1.45	1.214
3140	89	1.84	1.761
3141	91	1.12	1.956
3142	90	1.99	1.544
3143	90	1.48	1.528
3144	88	1.21	1.926
3145	87	1.51	1.179
3146	84	0.94	1.149
3147	87	1.28	1.162
3148	89	1.64	1.200
3149	89	1.70	1.569
3150	86	1.25	1.511
3151	88	1.72	1.678
3152	90	1.10	1.734
3153	89	1.29	1.412
3154	91	1.41	1.786
3155	94	1.94	1.855
3156	96	1.51	1.503
3157	98	1.36	1.856
3158	98	1.94	1.770
3159	97	1.20	1.973
3160	94	1.51	1.968
3161	95	1.42	2.066
3162	96	2.08	1.570
3163	94	2.00	1.956
3164	93	1.62	1.667
3165	93	1.19	2.055
3166	92	1.49	2.000
3167	90	1.97	1.873
3168	91	1.06	1.659
3169	90	1.59	1.618
3170	89	1.78	2.054
3171	87	1.52	1.983
3172	84	1.70	1.678
3173	83	1.73	1.687
3174	85	1.89	1.886
3175	85	1.74	1.214
3176	82	0.90	1.760
3177	83	0.92	1.581
3178	80	0.94	0.850
3179	77	1.28	1.375
3180	74	1.62	0.960
3181	76	1.52	0.676
3182	77	0.96	1.578
3183	80	1.19	0.898
3184	77	1.66	1.541
3185	79	1.47	1.522
3186	78	1.22	1.227
3187	80	1.84	1.247
3188	81	1.42	1.787
3189	78	1.22	1.408
3190	77	1.04	1.086
3191	78	1.70	1.088
3192	76	1.31	0.758
3193	73	1.45	1.053
3194	76	1.08	0.962
3195	73	1.53	1.419
3196	74	1.32	0.717
3197	74	1.34	1.220
3198	75	1.63	1.385
3199	75	1.18	0.772
3200	73	1.59	1.282
3201	71	1.08	0.630
3202	73	1.29	0.958
3203	71	1.21	1.152
3204	74	1.48	0.690
3205	74	1.00	1.410
3206	74	1.28	1.161
3207	72	0.81	1.455
3208	73	1.54	0.658
3209	70	0.80	0.971
3210	72	0.77	0.619
3211	74	1.71	1.509
3212	72	0.81	0.828
3213	72	0.77	1.179
3214	75	1.75	1.085
3215	76	0.84	0.883
3216	73	1.42	1.152
3217	76	1.71	1.586
3218	79	1.39	0.983
3219	76	1.79	1.049
3220	74	1.32	1.236
3221	72	1.38	1.223
3222	73	0.96	0.850
3223	72	1.67	1.552
3224	69	1.48	1.352
3225	71	1.38	0.777
3226	74	0.85	0.867
3227	73	1.26	1.153
3228	70	0.80	0.825
3229	68	1.47	1.083
3230	71	0.99	1.228
3231	72	0.74	1.471
3232	71	0.92	0.804
3233	68	0.84	0.553
3234	70	0.83	0.766
3235	71	1.07	0.753
3236	72	1.17	0.923
3237	72	1.05	1.233
3238	75	0.97	0.768
3239	76	1.06	0.815
3240	79	1.15	0.768
3241	80	1.80	1.180
3242	77	1.26	0.913
3243	75	1.61	0.923
3244	76	1.33	0.983
3245	73	0.83	1.318
3246	71	1.68	0.899
3247	68	0.71	1.381
3248	66	1.39	1.315
3249	64	0.83	0.746
3250	67	0.71	1.443
3251	66	0.68	1.225
3252	63	1.21	0.639
3253	66	1.64	0.637
3254	63	0.85	0.385
3255	64	1.20	0.881
3256	66	0.70	0.999
3257	64	1.41	0.947
3258	66	1.56	0.632
3259	68	1.12	1.002
3260	69	1.28	1.100
3261	72	1.55	0.633
3262	74	0.91	1.342
3263	73	0.76	1.037
3264	76	1.16	1.626
3265	78	0.94	1.650
3266	79	1.21	1.006
3267	79	1.27	1.685
3268	82	1.05	1.760
3269	81	1.61	1.564
3270	81	1.61	1.351
3271	82	1.58	1.745
3272	82	1.26	1.181
3273	80	1.79	1.457
3274	81	1.11	1.592
3275	83	1.57	1.682
3276	84	1.26	1.292
3277	83	1.37	0.960
3278	80	0.88	1.406
3279	81	1.41	0.932
3280	84	1.12	1.245
3281	83	1.88	1.100
3282	81	1.36	1.699
3283	82	1.52	1.480
3284	79	1.44	1.036
3285	79	1.24	1.260
3286	77	0.92	0.818
3287	75	1.72	0.667
3288	72	0.75	0.794
3289	75	1.06	1.493
3290	73	0.85	0.897
3291	75	0.99	0.805
3292	73	1.04	1.431
3293	74	1.16	1.208
3294	72	1.63	1.163
3295	71	1.49	1.067
3296	73	1.19	1.157
3297	73	0.92	0.707
3298	70	0.73	0.860
3299	68	0.71	1.402
3300	65	1.10	1.087
3301	62	1.42	0.498
3302	64	0.68	0.771
3303	66	1.57	0.755
3304	67	1.10	1.300
3305	67	1.31	0.612
3306	68	0.87	1.309
3307	67	1.67	1.003
3308	70	0.76	1.453
3309	70	0.77	1.026
3310	70	1.11	1.186
3311	67	1.60	0.843
3312	70	1.19	1.450
3313	73	1.19	1.345
3314	74	1.32	0.989
3315	77	0.90	0.989
3316	79	1.77	0.916
3317	80	1.54	1.551
3318	79	1.49	0.775
3319	81	1.38	1.560
3320	78	1.44	1.319
3321	76	1.19	0.987
3322	74	0.80	0.638
3323	71	1.71	1.095
3324	71	1.23	0.667
3325	73	1.17	1.042
3326	74	1.43	0.805
3327	76	1.37	1.255
3328	73	0.81	1.190
3329	76	0.85	1.548
3330	74	1.43	1.127
3331	72	0.97	1.149
3332	70	0.84	1.323
3333	67	1.17	1.225
3334	67	1.66	0.511
3335	70	0.92	1.313
3336	67	1.34	1.227
3337	70	1.53	1.129
3338	73	1.53	1.210
3339	71	0.75	1.068
3340	70	1.48	1.332
3341	73	0.99	1.215
3342	76	1.25	1.615
3343	73	0.81	1.260
3344	73	1.62	0.796
3345	72	0.78	1.314
3346	72	1.22	1.430
3347	71	0.78	0.577
3348	68	1.45	0.485
3349	71	0.73	0.763
3350	70	1.37	0.675
3351	73	1.28	0.700
3352	73	0.86	1.320
3353	75	1.07	0.797
3354	76	1.60	1.546
3355	73	1.46	1.555
3356	71	1.55	1.505
3357	68	0.90	0.747
3358	71	1.69	1.036
3359	71	1.45	1.152
3360	69	1.48	0.558
3361	67	1.40	1.003
3362	69	0.94	0.797
3363	67	1.39	1.113
3364	69	0.78	0.521
3365	68	0.82	0.597
3366	71	1.13	0.769
3367	68	0.69	0.558
3368	67	0.79	0.912
3369	67	1.01	1.306
3370	66	0.84	0.735
3371	64	1.51	1.300
3372	65	1.14	1.237
3373	64	0.92	0.780
3374	67	1.09	0.626
3375	64	1.35	0.799
3376	61	1.21	0.559
3377	60	1.57	0.889
3378	63	0.65	0.969
3379	63	0.65	0.976
3380	60	1.41	0.809
3381	63	1.55	0.831
3382	64	1.31	1.350
3383	63	0.80	1.141
3384	64	0.96	0.528
3385	67	0.85	1.422
3386	68	0.71	0.951
3387	65	1.31	1.172
3388	68	0.95	0.931
3389	66	1.62	1.270
3390	69	0.73	0.562
3391	70	1.46	1.468
3392	67	0.97	1.104
3393	68	1.38	0.512
3394	66	1.38	0.502
3395	65	0.83	0.823
3396	63	1.47	1.066
3397	65	1.11	0.873
3398	65	1.61	0.778
3399	66	1.37	0.506
3400	65	1.28	0.519
3401	66	1.61	0.829
3402	65	0.84	0.955
3403	68	0.97	0.852
3404	66	0.86	0.624
3405	63	1.25	0.434
3406	64	1.26	0.699
3407	67	1.23	0.474
3408	70	1.33	0.561
3409	71	1.20	0.969
3410	69	1.29	0.939
3411	67	1.64	1.110
3412	69	1.09	1.426
3413	69	1.23	1.262
3414	66	0.73	1.230
3415	65	0.78	0.588
3416	62	0.94	0.356
3417	62	1.23	0.748
3418	63	1.59	0.738
3419	62	1.10	0.933
3420	65	0.80	0.562
3421	66	1.10	0.758
3422	63	1.36	1.305
3423	66	0.81	0.672
3424	64	0.85	0.967
3425	63	1.23	0.619
3426	63	1.31	0.748
3427	61	0.92	1.140
3428	64	1.31	1.217
3429	67	1.51	0.808
3430	66	0.73	0.877
3431	69	0.85	1.193
3432	68	1.01	0.798
3433	65	1.33	0.512
3434	63	1.57	0.980
3435	64	1.40	1.073
3436	65	0.69	0.888
3437	68	1.55	0.936
3438	71	1.68	0.750
3439	72	1.29	0.916
3440	75	0.81	0.932
3441	72	0.99	0.639
3442	73	1.13	0.663
3443	72	0.88	0.781
3444	75	0.93	1.247
3445	72	1.12	1.090
3446	71	1.70	0.928
3447	68	0.83	1.324
3448	69	1.00	1.345
3449	71	0.88	0.833
3450	74	1.42	1.507
3451	73	1.19	0.787
3452	71	1.67	0.799
3453	73	1.20	0.582
3454	76	1.24	1.294
3455	77	1.79	0.915
3456	77	1.66	0.679
3457	80	1.43	1.242
3458	79	1.69	1.613
3459	81	1.37	1.260
3460	80	1.09	1.542
3461	81	0.97	1.265
3462	80	0.92	0.990
3463	83	1.89	1.487
3464	85	0.99	0.942
3465	85	1.32	1.761
3466	87	1.25	1.546
3467	88	1.00	1.041
3468	88	1.30	1.085
3469	88	1.31	1.031
3470	89	1.22	1.341
3471	87	1.61	1.679
3472	90	1.12	1.715
3473	89	1.12	1.373
3474	86	1.47	1.695
3475	87	1.18	1.924
3476	85	1.61	1.514
3477	85	1.21	1.661
3478	83	1.29	1.218
3479	83	1.64	1.119
3480	80	0.94	0.810
3481	77	1.09	1.147
3482	80	1.43	1.399
3483	79	1.05	1.707
3484	80	1.09	1.375
3485	77	1.18	1.453
3486	74	1.64	1.318
3487	77	1.76	1.326
3488	78	1.25	1.623
3489	79	1.11	1.097
3490	77	1.31	1.577
3491	76	1.29	0.642
3492	74	1.20	1.341
3493	77	1.48	1.635
3494	76	1.70	0.682
3495	79	1.35	1.446
3496	76	0.96	1.074
3497	74	1.31	1.487
3498	77	1.36	1.518
3499	79	0.95	1.419
3500	80	1.62	1.271
3501	81	1.09	0.980
3502	84	1.22	1.120
3503	87	1.29	1.257
3504	86	1.32	1.928
3505	84	1.41	1.641
3506	83	1.56	1.780
3507	84	1.38	1.494
3508	84	1.64	0.923
3509	85	1.52	1.809
3510	84	1.37	1.485
3511	87	1.53	1.391
3512	87	1.39	1.232
3513	90	1.85	1.611
3514	89	1.27	1.899
3515	90	2.00	1.340
3516	91	1.36	1.528
3517	93	1.34	1.263
3518	95	1.28	1.745
3519	94	1.15	1.983
3520	92	2.04	1.274
3521	90	1.99	1.404
3522	91	1.60	1.308
3523	90	1.26	1.400
3524	92	1.35	1.569
3525	91	1.40	1.871
3526	88	1.88	1.997
3527	88	1.49	1.215
3528	87	1.55	1.173
3529	87	1.65	1.880
3530	89	1.62	1.502
3531	92	1.06	1.765
3532	93	1.86	1.906
3533	95	1.46	1.533
3534	94	1.60	1.972
3535	91	1.52	1.385
3536	91	1.52	1.596
3537	93	1.91	1.592
3538	96	1.33	1.445
3539	94	1.17	2.248
3540	92	1.84	1.183
3541	90	1.62	1.815
3542	91	1.42	1.994
3543	88	1.33	1.835
3544	87	1.33	1.476
3545	88	1.49	1.696
3546	89	1.73	2.023
3547	91	1.56	2.039
3548	91	1.27	1.937
3549	90	1.73	1.934
3550	92	1.10	1.296
3551	93	1.55	1.884
3552	91	1.69	2.114
3553	92	1.14	1.993
3554	95	2.00	1.340
3555	92	1.46	1.663
3556	90	1.46	1.153
3557	90	1.29	1.270
3558	91	1.37	1.452
3559	88	1.56	1.129
3560	87	1.19	1.264
3561	86	1.88	1.586
3562	87	1.31	1.915
3563	89	1.57	1.920
3564	92	1.86	1.884
3565	89	1.83	1.251
3566	90	1.89	1.343
3567	89	1.74	1.923
3568	89	1.91	2.012
3569	91	2.02	1.405
3570	92	1.72	1.982
3571	94	1.65	1.582
3572	91	1.49	1.285
3573	90	1.20	1.322
3574	91	1.30	1.943
3575	93	1.46	1.309
3576	90	1.76	1.881
3577	89	1.17	1.489
3578	91	1.76	1.237
3579	94	1.64	1.804
3580	95	1.97	2.135
3581	93	1.46	1.298
3582	92	1.95	2.022
3583	89	1.78	1.560
3584	87	1.71	1.146
3585	85	1.52	1.271
3586	85	1.45	1.374
3587	83	1.31	0.906
3588	80	1.38	1.541
3589	81	1.07	0.826
3590	79	0.91	1.321
3591	79	0.95	0.808
3592	76	1.46	1.079
3593	74	1.43	0.982
3594	72	1.23	1.399
3595	75	1.06	0.921
3596	77	0.91	1.330
3597	76	0.98	1.336
3598	76	1.31	1.351
3599	76	1.28	1.279
3600	75	0.81	1.328
3601	78	1.68	0.764
3602	80	1.73	1.147
3603	80	1.14	1.081
3604	78	0.99	1.364
3605	79	1.51	1.394
3606	82	1.84	0.921
3607	84	1.79	1.714
3608	83	0.90	1.710
3609	86	1.61	1.477
3610	87	1.02	1.232
3611	85	1.75	1.012
3612	84	0.94	1.055
3613	83	1.75	1.809
3614	83	1.32	1.021
3615	85	0.92	1.669
3616	82	1.82	1.421
3617	79	1.05	1.140
3618	78	1.50	0.719
3619	76	1.16	1.213
3620	74	1.03	1.410
3621	77	1.60	0.690
3622	74	1.48	1.080
3623	76	1.34	0.737
3624	77	1.07	1.058
3625	76	0.96	0.842
3626	73	1.64	1.212
3627	76	0.88	1.449
3628	73	0.79	0.854
3629	75	0.92	0.796
3630	72	0.93	1.300
3631	73	0.91	1.017
3632	70	1.69	1.035
3633	71	1.37	1.425
3634	72	0.98	1.474
3635	72	1.41	0.707
3636	69	1.01	1.024
3637	68	1.27	1.403
3638	71	1.13	1.270
3639	73	1.60	0.874
3640	74	1.36	1.555
3641	77	0.99	1.372
3642	80	1.16	1.311
3643	78	1.30	1.626
3644	81	1.41	1.000
3645	82	1.47	0.894
3646	82	1.44	1.692
3647	79	1.09	0.880
3648	79	1.23	1.570
3649	79	1.03	1.422
3650	80	1.62	1.261
3651	82	1.55	1.538
3652	82	1.87	1.503
3653	79	1.00	1.629
3654	80	0.86	0.980
3655	80	1.60	1.279
3656	80	1.02	1.583
3657	83	1.70	1.153
3658	81	1.63	1.301
3659	82	1.76	1.050
3660	79	0.87	1.131
3661	79	1.70	0.888
3662	82	1.82	1.582
3663	81	1.64	1.364
3664	84	1.84	1.657
3665	84	1.77	1.428
3666	81	1.48	1.268
3667	78	1.13	1.351
3668	78	1.63	1.163
3669	75	1.07	0.946
3670	77	1.22	1.322
3671	78	0.95	1.657
3672	78	0.85	1.548
3673	79	1.30	0.847
3674	82	1.04	1.596
3675	82	1.78	1.364
3676	80	1.10	1.397
3677	83	1.06	0.891
3678	82	1.87	0.820
3679	82	1.00	0.912
3680	85	1.14	0.943
3681	87	1.16	1.429
3682	86	1.55	1.735
3683	88	1.35	1.189
3684	89	1.96	1.240
3685	92	1.36	1.668
3686	93	1.98	1.774
3687	92	1.38	1.533
3688	95	1.16	2.122
3689	94	1.96	1.787
3690	96	2.08	1.943
3691	99	1.88	2.430
3692	98	2.12	2.032
3693	101	1.46	2.429
3694	101	1.30	1.884
3695	102	1.71	1.785
3696	99	2.11	1.869
3697	99	1.24	2.376
3698	101	1.55	2.488
3699	104	1.31	2.687
3700	102	1.59	2.171
3701	99	2.11	2.004
3702	102	2.22	2.126
3703	103	1.46	2.133
3704	102	1.92	2.550
3705	99	1.36	2.222
3706	100	1.52	2.025
3707	102	1.82	1.976
3708	105	1.49	1.963
3709	108	1.98	2.655
3710	110	1.98	2.661
3711	107	1.57	2.271
3712	104	1.99	2.335
3713	102	2.18	1.704
3714	105	1.89	2.728
3715	102	1.71	1.914
3716	101	1.47	2.363
3717	102	2.10	1.693
3718	105	2.25	2.619
3719	106	2.14	2.249
3720	104	1.42	2.572
3721	106	2.30	2.248
3722	103	1.67	2.045
3723	106	1.52	1.949
3724	104	1.96	2.504
3725	102	1.74	1.799
3726	102	2.17	1.906
3727	101	1.30	1.852
3728	102	1.57	1.950
3729	103	2.03	1.923
3730	106	1.93	2.749
3731	109	1.50	2.189
3732	107	2.17	2.577
3733	110	2.38	2.649
3734	107	1.72	2.634
3735	109	1.76	2.980
3736	110	1.46	2.957
3737	110	1.88	2.858
3738	113	1.95	3.263
3739	116	1.72	3.535
3740	117	2.25	2.999
3741	120	2.13	3.151
3742	122	1.88	3.856
3743	123	2.49	3.935
3744	123	2.23	4.250
3745	125	1.92	4.552
3746	124	2.15	4.262
3747	124	2.55	3.992
3748	125	2.58	3.854
3749	125	2.65	4.191
3750	126	1.83	4.263
3751	123	2.13	3.756
3752	123	2.21	3.881
3753	125	2.18	4.109
3754	125	2.73	4.594
3755	123	2.18	4.300
3756	124	2.16	4.450
3757	123	2.65	3.623
3758	124	2.11	4.051
3759	123	2.30	3.738
3760	123	2.39	3.560
3761	126	2.28	4.679
3762	124	2.68	4.291
3763	123	1.95	3.755
3764	123	2.09	4.257
3765	122	2.33	4.232
3766	121	2.07	3.773
3767	122	2.03	3.738
3768	119	1.84	3.988
3769	116	2.54	3.169
3770	115	1.61	2.919
3771	116	1.72	3.487
3772	119	1.94	3.925
3773	117	2.07	3.472
3774	118	2.05	3.287
3775	120	2.29	3.377
3776	118	2.50	3.369
3777	116	1.96	3.563
3778	118	1.92	2.979
3779	115	1.53	3.522
3780	113	1.74	3.175
3781	112	1.84	3.279
3782	110	1.43	2.671
3783	107	2.10	2.840
3784	106	2.22	1.926
3785	106	2.14	2.862
3786	103	1.26	1.781
3787	103	2.18	2.429
