1	125	6	95.0721043718
2	120	9	95.0099102716
3	124	9	95.0298912016
4	127	12	95.0542790149
5	131	19	95.1487379805
6	134	23	95.0645413616
7	134	27	95.0959334566
8	139	30	95.1430490253
9	142	30	95.1229274694
10	143	35	95.0914058786
11	138	35	95.1237924627
12	137	35	95.1942266139
13	136	36	95.2844117866
14	132	36	95.3834811639
15	129	40	95.4784889832
16	128	41	95.4102346818
17	123	47	95.3602351099
18	127	52	95.4024891161
19	122	52	95.3173654936
20	117	53	95.2787528621
21	112	57	95.3596428213
22	112	58	95.3153180116
23	112	64	95.3756084875
24	113	67	95.2976632113
25	109	67	95.3235747879
26	107	74	95.3217276208
27	111	74	95.3584685309
28	114	79	95.3444646147
29	113	80	95.3765625774
30	117	87	95.2786350915
31	121	87	95.2667769939
32	126	92	95.1961044783
33	123	96	95.2657844221
34	120	103	95.2496943801
35	123	105	95.2930756233
36	123	108	95.2722237612
37	122	109	95.3151070918
38	119	109	95.3950883486
39	119	109	95.412818514
40	121	113	95.332057218
41	120	113	95.2771425338
42	121	120	95.2534342165
43	116	123	95.3532834114
44	114	125	95.355033562
45	113	126	95.4072082419
46	114	129	95.4422299751
47	109	136	95.5271612014
48	104	139	95.6126379057
49	103	139	95.5772831631
50	108	145	95.5428472106
51	104	146	95.6052378032
52	108	150	95.6277009373
53	108	154	95.6458372619
54	104	159	95.6525289834
55	107	162	95.6174378459
56	103	165	95.5551707568
57	105	171	95.5365357893
58	102	175	95.493548688
59	98	176	95.4474675587
60	102	182	95.4537580275
61	106	184	95.4429127914
62	110	190	95.3927135316
63	109	191	95.2952755603
64	108	191	95.2353649201
65	104	198	95.2434642707
66	103	200	95.15270694
67	105	200	95.155894151
68	106	202	95.1751515509
69	108	204	95.1553229545
70	104	209	95.1002584901
71	109	213	95.1382541205
72	105	216	95.2164739316
73	105	221	95.2404759281
74	106	225	95.2931509922
75	108	230	95.3602626336
76	107	237	95.3759758701
77	108	242	95.3511582197
78	113	249	95.3492508588
79	111	252	95.2568480605
80	116	258	95.1951812541
81	118	261	95.0957587154
82	113	264	95.121444459
83	112	269	95.1809335736
84	114	272	95.1941041102
85	115	275	95.2365084856
86	112	277	95.2584109824
87	113	279	95.1654801039
88	117	279	95.2577289237
89	114	280	95.2803509367
90	113	287	95.3391241986
91	117	293	95.265069035
92	122	296	95.3063399193
93	122	303	95.3766106068
94	125	310	95.3863672837
95	129	311	95.4082841447
96	129	311	95.4945082758
97	129	311	95.5709458756
98	126	312	95.6434790256
99	126	312	95.7309522116
100	122	316	95.8172483742
101	125	322	95.8250299804
102	129	324	95.8924777951
103	126	326	95.7951166671
104	126	327	95.84435122
105	127	331	95.8320365557
106	131	334	95.7729727212
107	131	334	95.86211238
108	127	338	95.9530169507
109	129	338	96.0490262397
110	130	338	96.1241317093
111	125	341	96.0630770156
112	123	345	96.0286180694
113	126	351	96.0276467453
114	130	353	96.095577078
115	135	355	96.120433119
116	134	356	96.0605520378
117	129	357	96.0383398459
118	127	361	96.0365807807
119	122	364	96.0708208299
120	125	368	95.9970369666
121	120	372	96.0808677911
122	122	378	96.1000129739
123	119	384	96.0631686017
124	115	385	96.1316300418
125	120	389	96.1602926369
126	121	394	96.1701380759
127	118	395	96.1326511116
128	121	401	96.1849809051
129	124	407	96.151516914
130	125	409	96.1381400647
131	120	413	96.1427753979
132	118	416	96.0596482214
133	119	423	96.1275480383
134	124	424	96.1956802474
135	119	429	96.12383252
136	119	431	96.0653677845
137	120	433	96.1339508343
138	117	440	96.0992879983
139	118	444	96.1855806646
140	117	449	96.1393878359
141	116	456	96.0994646388
142	119	463	96.0857654816
143	121	464	96.127369097
144	121	470	96.0468628748
145	124	475	96.0184398788
146	125	475	96.0347733228
147	125	478	96.0600137243
148	121	484	96.0779561963
149	125	485	95.9849823198
150	125	491	95.9921327999
151	121	492	96.0263656999
152	119	498	96.0378474609
153	119	499	96.0920264282
154	116	500	95.9941317556
155	116	501	96.0409517549
156	121	508	96.0388799062
157	120	511	96.0258912703
158	123	513	95.9848224175
159	123	515	96.0660230441
160	122	520	96.0218622204
161	118	523	95.9372244373
162	117	524	95.8725232517
163	121	530	95.8584709621
164	119	530	95.8410771523
165	124	535	95.9408972634
166	126	541	95.8443878351
167	126	541	95.8880214866
168	129	543	95.932690308
169	134	547	95.841579616
170	137	548	95.9130385051
171	136	549	96.0046758529
172	131	551	95.9285833127
173	131	557	95.9403280115
174	135	561	95.8824145611
175	138	567	95.8425817124
176	133	568	95.7908163766
177	135	574	95.8744543748
178	139	576	95.8915925432
179	142	582	95.9361490067
180	139	583	95.9955270859
181	137	584	95.9254419071
182	142	587	95.92510025
183	143	592	95.8586470749
184	140	597	95.8851280437
185	137	601	95.8994734416
186	134	608	95.9471442446
187	129	610	96.0285883941
188	124	617	96.1148888967
189	123	624	96.1933462587
190	120	630	96.2417481891
191	116	630	96.2183458186
192	116	634	96.2310404698
193	121	636	96.1633145728
194	119	642	96.164197217
195	123	647	96.1998657775
196	125	648	96.222687737
197	128	651	96.2615150287
198	127	658	96.1801676978
199	125	662	96.2614525933
200	120	664	96.2290724912
201	123	671	96.1296701481
202	120	673	96.1822708168
203	123	679	96.0844807605
204	123	684	96.1311846122
205	122	690	96.0998628865
206	120	691	96.0065175094
207	117	695	95.9088179413
208	118	702	95.8970179667
209	120	708	95.8179887664
210	121	713	95.8363987743
211	123	719	95.87577316
212	124	722	95.8307950015
213	126	728	95.8313967319
214	126	735	95.7517789059
215	130	737	95.6805644479
216	126	740	95.6496650473
217	122	740	95.6190143067
218	122	741	95.5421542602
219	126	746	95.5338067749
220	121	746	95.4949908278
221	122	748	95.4684323612
222	118	753	95.4025406548
223	113	754	95.3638575323
224	114	756	95.4224031227
225	114	758	95.40441116
226	118	758	95.3954369148
227	115	761	95.2964076415
228	110	761	95.2566782752
229	112	764	95.2660722959
230	112	766	95.2070275852
231	116	767	95.2294538595
232	117	772	95.2300725742
233	116	776	95.1915509019
234	116	779	95.1341074259
235	117	784	95.2163115483
236	116	789	95.3156706178
237	120	794	95.3472137512
238	122	801	95.3100058561
239	121	802	95.3354184906
240	126	807	95.3521235487
241	125	810	95.3149097156
242	126	813	95.3451328732
243	122	817	95.4173935059
244	127	821	95.4891286583
245	131	823	95.4556828547
246	131	826	95.4954034626
247	136	829	95.58188521
248	135	836	95.6655116098
249	139	843	95.736667809
250	135	850	95.6964610075
251	132	856	95.6029189485
252	133	856	95.582791396
253	131	863	95.5254619812
254	136	866	95.47956452
255	134	871	95.5275740937
256	135	873	95.5900043213
257	136	877	95.5996989035
258	133	877	95.5013114568
259	128	881	95.5927970862
260	125	886	95.6273700743
261	129	892	95.6118053913
262	129	892	95.6906608443
263	124	899	95.6493647083
264	123	904	95.6958732389
265	126	907	95.70551724
266	123	908	95.7744124274
267	128	914	95.8562743702
268	128	919	95.8564218233
269	131	919	95.8735297289
270	130	923	95.8099412713
271	126	924	95.8602518925
272	122	929	95.8117804281
273	123	933	95.7472035771
274	127	937	95.7127775683
275	131	939	95.7081793978
276	130	942	95.7501179584
277	131	942	95.7093329973
278	132	945	95.6835418665
279	133	952	95.7022808372
280	134	953	95.7229152375
281	131	960	95.657575516
282	126	961	95.7323983691
283	129	966	95.7112009197
284	125	971	95.7925430007
285	127	974	95.8055397135
286	129	977	95.84386949
287	126	984	95.7938150819
288	128	985	95.7499783036
289	127	987	95.8017893279
290	122	990	95.7099499366
291	123	996	95.6717444824
292	125	1000	95.6077074174
293	123	1002	95.6037260259
294	126	1002	95.5523365893
295	121	1002	95.4579141264
296	122	1006	95.4814818835
297	127	1008	95.5221885792
298	132	1012	95.4527827124
299	134	1018	95.4948474228
300	139	1023	95.5087923794
301	142	1028	95.5282970568
302	139	1030	95.5900966733
303	144	1032	95.5757705198
304	149	1035	95.6268292619
305	148	1042	95.7250488801
306	148	1048	95.7951540554
307	153	1054	95.717247323
308	154	1056	95.6720679552
309	152	1060	95.6754415407
310	155	1066	95.678725002
311	150	1071	95.5818480564
312	155	1073	95.6503571437
313	155	1075	95.5651581134
314	158	1081	95.6468698259
315	153	1088	95.589015478
316	149	1089	95.5083874114
317	148	1089	95.4150003572
318	144	1093	95.3273460022
319	142	1095	95.336633215
320	138	1099	95.388500494
321	134	1104	95.2909172941
322	131	1104	95.3641457642
323	135	1108	95.4131374643
324	139	1110	95.4546869425
325	136	1117	95.3645313643
326	132	1124	95.35303678
327	131	1124	95.4508737467
328	131	1125	95.3657169506
329	132	1129	95.4446251277
330	127	1134	95.47153073
331	125	1136	95.4202458442
332	129	1137	95.5013823883
333	131	1144	95.5110277801
334	130	1148	95.5850562588
335	130	1152	95.5297449336
336	125	1155	95.5707544412
337	130	1158	95.5992353733
338	131	1164	95.5198287455
339	134	1164	95.4570460246
340	130	1168	95.5329857918
341	125	1169	95.5196248027
342	129	1175	95.4362271428
343	131	1176	95.3413519177
344	134	1182	95.4350479454
345	131	1187	95.3588605299
346	127	1187	95.3680006726
347	127	1188	95.3965124348
348	124	1189	95.3009644417
349	127	1194	95.2736783874
350	130	1198	95.3604470065
351	129	1198	95.425363556
352	127	1202	95.5205877143
353	132	1206	95.4460644019
354	133	1208	95.5453971114
355	128	1212	95.5529469344
356	123	1212	95.5043761972
357	119	1214	95.573908584
358	115	1214	95.5333456788
359	115	1220	95.5023451069
360	117	1221	95.5801929283
361	113	1224	95.5678716142
362	118	1224	95.6476895448
363	120	1231	95.5941786286
364	124	1231	95.6457005037
365	124	1235	95.5719317382
366	128	1240	95.6163312609
367	133	1241	95.5721374576
368	130	1243	95.5982898797
369	134	1248	95.5463688054
370	137	1251	95.510841635
371	137	1258	95.5742476875
372	139	1260	95.4938178786
373	134	1263	95.3980674586
374	139	1264	95.3232383828
375	136	1265	95.2336182996
376	131	1270	95.2491744386
377	127	1277	95.2099032863
378	125	1284	95.2933599501
379	121	1287	95.2006575131
380	120	1293	95.1376955018
381	116	1295	95.0997646897
382	118	1301	95.0285555673
383	116	1303	95.0346301616
384	119	1305	95.1156119141
385	117	1311	95.1196889579
386	119	1311	95.0278061641
387	122	1315	94.9734666177
388	121	1322	94.9106080079
389	121	1327	94.99365936
390	125	1331	94.9136522109
391	126	1334	94.8252649185
392	123	1336	94.7502219696
393	124	1336	94.7221195154
394	120	1338	94.6930560339
395	120	1343	94.7767321336
396	117	1345	94.8547377517
397	120	1348	94.9256871996
398	124	1351	95.0228388298
399	127	1355	95.049985048
400	131	1359	95.139265422
401	128	1366	95.1513641197
402	126	1372	95.0844128895
403	130	1378	95.0609303622
404	132	1385	95.093776497
405	135	1386	95.0973966324
406	138	1386	95.1298146323
407	139	1389	95.1753692669
408	137	1394	95.2753413986
409	135	1397	95.3750252608
410	133	1401	95.2868610552
411	138	1405	95.1880783318
412	138	1410	95.0954832985
413	140	1416	95.035007866
414	144	1422	95.1031291088
415	139	1425	95.1061910406
416	144	1431	95.1612431517
417	141	1438	95.1703369541
418	145	1441	95.1999624098
419	143	1442	95.1347706485
420	148	1446	95.2031243528
421	143	1453	95.2196367411
422	144	1459	95.2412416577
423	139	1465	95.1601065752
424	141	1469	95.1031415655
425	136	1476	95.192944278
426	134	1482	95.2364204185
427	134	1484	95.3070188251
428	138	1486	95.3403154653
429	134	1486	95.2978463341
430	131	1488	95.3797078159
431	128	1491	95.3954755433
432	126	1492	95.366797248
433	122	1492	95.2744481509
434	118	1492	95.3332848884
435	116	1497	95.3211891826
436	111	1503	95.3885675763
437	116	1507	95.3550313097
438	111	1507	95.4347880016
439	116	1507	95.4942504176
440	120	1514	95.5290109326
441	120	1517	95.5683611521
442	125	1524	95.5931716342
443	122	1529	95.5108676293
444	127	1535	95.5633250944
445	129	1540	95.64924573
446	128	1543	95.7075245797
447	126	1543	95.7158917937
448	129	1549	95.7577833901
449	132	1555	95.7316522563
450	127	1557	95.8008792424
451	124	1560	95.8591490267
452	127	1561	95.7741765818
453	132	1565	95.783525758
454	131	1572	95.776459383
455	136	1575	95.8336036993
456	135	1581	95.7853981773
457	130	1587	95.8718161684
458	129	1592	95.8530113515
459	128	1599	95.8332222663
460	131	1603	95.7752505467
461	126	1605	95.677739209
462	127	1609	95.6591360873
463	126	1609	95.6817109451
464	127	1614	95.608062136
465	126	1616	95.5430184694
466	126	1618	95.4854364295
467	131	1625	95.4588996845
468	129	1632	95.4390331294
469	124	1632	95.4660236391
470	126	1636	95.3912813287
471	123	1640	95.3050731692
472	118	1641	95.3967741183
473	114	1647	95.3905154101
474	114	1651	95.4467212323
475	119	1654	95.4921761015
476	119	1659	95.4662822061
477	122	1662	95.5405128022
478	126	1668	95.6039941302
479	124	1668	95.510812714
480	129	1674	95.4415592897
481	125	1680	95.516300094
482	120	1684	95.5540910219
483	115	1687	95.6003728568
484	113	1687	95.6783012219
485	114	1690	95.6055110547
486	110	1693	95.6795624715
487	115	1697	95.6909770226
488	117	1704	95.632473622
489	120	1710	95.6913279427
490	123	1714	95.7031001926
491	127	1716	95.7123342975
492	127	1721	95.7339646027
493	132	1728	95.678518045
494	135	1733	95.5835510686
495	134	1735	95.5904644656
496	133	1738	95.6207659265
497	129	1738	95.64640194
498	130	1742	95.7157623854
499	134	1745	95.7203447184
500	131	1751	95.649873189
501	133	1755	95.593066788
502	138	1756	95.6690548955
503	138	1759	95.6847394668
504	136	1761	95.5859477467
505	140	1766	95.5989607051
506	139	1767	95.5318661174
507	140	1767	95.6046822348
508	138	1770	95.5648988368
509	136	1773	95.6340332698
510	135	1779	95.5456147828
511	132	1786	95.5711862091
512	128	1788	95.6178458428
513	129	1795	95.6327859546
514	132	1797	95.6887563657
515	137	1804	95.7354167371
516	135	1808	95.6426026535
517	133	1811	95.7277764723
518	131	1811	95.6977494501
519	128	1817	95.7068721331
520	125	1819	95.7365162539
521	123	1826	95.7830967573
522	118	1827	95.7642545123
523	120	1829	95.8443286826
524	123	1836	95.7938714324
525	119	1836	95.7240650143
526	116	1840	95.7717887947
527	117	1844	95.7656790625
528	120	1849	95.7922402738
529	117	1856	95.796358749
530	119	1856	95.7824359084
531	115	1857	95.8781325694
532	116	1859	95.8193068271
533	119	1866	95.8327912161
534	123	1873	95.7569103625
535	122	1877	95.6708041735
536	125	1878	95.5946586549
537	120	1884	95.60390518
538	119	1886	95.5665763299
539	114	1891	95.619429835
540	113	1897	95.6807944677
541	111	1901	95.7725029161
542	115	1904	95.751055167
543	112	1907	95.7789407058
544	108	1909	95.8233224685
545	107	1912	95.8689021245
546	106	1914	95.9261429217
547	111	1917	95.9404088681
548	116	1920	96.0037830071
549	117	1921	96.0380202716
550	117	1927	95.93929162
551	118	1932	95.9657359582
552	116	1936	96.0302150479
553	112	1937	96.0415629948
554	108	1943	96.1059399345
555	103	1944	96.1776574925
556	98	1951	96.2346228318
557	100	1951	96.3007256261
558	98	1953	96.3026257477
559	94	1957	96.3792072084
560	95	1964	96.2876321122
561	90	1964	96.291473502
562	92	1969	96.350887016
563	96	1973	96.2947494641
564	97	1976	96.2411580111
565	95	1977	96.1871286321
566	93	1983	96.1727735223
567	95	1986	96.226026911
568	96	1987	96.1480980723
569	95	1991	96.0935867892
570	92	1998	96.051723371
571	95	2000	96.1503338744
572	92	2000	96.2411572841
573	87	2004	96.2308959599
574	88	2010	96.2506530457
575	86	2010	96.2320792944
576	88	2014	96.1344143448
577	90	2020	96.1410716938
578	94	2026	96.0891178877
579	90	2026	96.1144259938
580	90	2031	96.1731646159
581	92	2035	96.1418968882
582	89	2036	96.2015445764
583	88	2040	96.1672951908
584	87	2041	96.2646618738
585	85	2044	96.3394146739
586	82	2048	96.2699818496
587	85	2055	96.2061702154
588	86	2062	96.2719692631
589	85	2063	96.2428356267
590	84	2063	96.3073804154
591	85	2065	96.2892424592
592	83	2068	96.2008710185
593	86	2074	96.13666591
594	83	2078	96.1461024884
595	82	2080	96.2341514968
596	82	2087	96.1528484276
597	77	2089	96.1631997728
598	76	2090	96.2157592261
599	72	2093	96.1724258517
600	74	2097	96.1821005068
601	79	2100	96.1623097762
602	82	2104	96.2152016604
603	77	2109	96.1238197186
604	79	2112	96.1581807621
605	83	2119	96.1446492198
606	83	2121	96.1184913522
607	86	2121	96.108276684
608	85	2124	96.2046399581
609	88	2131	96.2603496129
610	93	2138	96.2809473593
611	89	2138	96.3386818375
612	88	2143	96.3151193756
613	85	2143	96.2933673582
614	90	2148	96.2139925642
615	94	2148	96.1542452418
616	97	2152	96.0693130971
617	100	2154	95.9788725971
618	96	2157	96.0449010592
619	96	2157	95.9702738701
620	98	2157	95.8781741109
621	96	2157	95.9252232323
622	96	2162	95.9273053775
623	97	2165	95.8374741865
624	95	2166	95.77675212
625	98	2171	95.8616979345
626	93	2176	95.8494820795
627	92	2183	95.877091158
628	88	2184	95.8292029014
629	91	2185	95.7321589316
630	86	2189	95.6580513095
631	89	2195	95.6398010654
632	90	2200	95.7270011314
633	85	2200	95.6561244187
634	89	2205	95.6129708298
635	89	2208	95.5329160228
636	93	2210	95.570589144
637	97	2212	95.5505922462
638	102	2213	95.5472812294
639	102	2219	95.5952005602
640	105	2224	95.6426103835
641	106	2231	95.6803675433
642	108	2231	95.6518808027
643	105	2237	95.6425043295
644	106	2242	95.7354665275
645	111	2244	95.7263464265
646	107	2248	95.7261296482
647	107	2251	95.6997686053
648	107	2255	95.6912003399
649	110	2260	95.6663554016
650	111	2264	95.5939509435
651	111	2266	95.5312606448
652	115	2266	95.4879779204
653	111	2270	95.5700314466
654	116	2274	95.5498009539
655	117	2276	95.4617864954
656	114	2279	95.4900890729
657	115	2280	95.5420084754
658	120	2280	95.5288152614
659	118	2283	95.5518599387
660	113	2285	95.5957505763
661	109	2291	95.5887810983
662	113	2295	95.6043946733
663	109	2295	95.5226811021
664	114	2299	95.5018825583
665	113	2306	95.5068133788
666	109	2311	95.5898559266
667	111	2315	95.571962362
668	116	2320	95.635716117
669	111	2325	95.609770228
670	109	2329	95.5871689548
671	113	2332	95.5080714644
672	115	2338	95.4419286506
673	110	2340	95.5218127092
674	107	2347	95.4416646307
675	104	2347	95.4178057491
676	106	2352	95.3872746096
677	101	2359	95.3666433232
678	104	2360	95.3777507243
679	102	2362	95.3511372796
680	107	2364	95.3650119262
681	105	2367	95.45872577
682	107	2368	95.4220959841
683	107	2370	95.3355532983
684	105	2371	95.3483110473
685	104	2377	95.2639920621
686	103	2382	95.1725967953
687	102	2386	95.150451517
688	97	2387	95.1653356095
689	94	2390	95.1728811532
690	97	2390	95.1380027991
691	94	2390	95.1302832214
692	89	2392	95.228055164
693	85	2393	95.2363942741
694	86	2399	95.16646855
695	87	2400	95.0935286934
696	84	2406	95.1211296537
697	84	2411	95.1856861212
698	79	2415	95.112276601
699	77	2422	95.0372845288
700	72	2429	95.1291862354
701	67	2429	95.2219969925
702	66	2431	95.2123245998
703	65	2434	95.30711696
704	63	2440	95.3185627313
705	68	2442	95.299258714
706	69	2444	95.3159338596
707	65	2449	95.3500979538
708	64	2454	95.2963357868
709	60	2457	95.3503220809
710	57	2457	95.2505518373
711	52	2457	95.3035856171
712	55	2464	95.2923704599
713	56	2468	95.2707651744
714	54	2471	95.2488520119
715	51	2472	95.2340063025
716	53	2477	95.1773886084
717	51	2479	95.2464686069
718	56	2484	95.2218792483
719	60	2486	95.1591090172
720	59	2490	95.107120611
721	59	2496	95.0230781419
722	56	2501	95.1073116321
723	51	2504	95.1425802595
724	50	2505	95.0590648913
725	50	2509	95.1491941325
726	50	2516	95.2203239366
727	50	2516	95.1653100648
728	50	2517	95.2482155984
729	50	2517	95.3120452389
730	50	2524	95.3773796418
731	50	2529	95.4310714983
732	53	2535	95.4186386788
733	52	2541	95.4001174733
734	53	2544	95.3160237505
735	58	2550	95.2201795258
736	63	2556	95.1389709604
737	58	2562	95.0956171531
738	60	2562	95.1249311383
739	55	2567	95.1471799242
740	52	2568	95.2044347821
741	55	2568	95.1722131192
742	51	2572	95.2369836304
743	50	2575	95.2296677926
744	54	2578	95.2595179863
