1	131	94.9762874014	3	3
2	127	95.0434705724	1	4
3	127	95.0877556367	4	8
4	123	95.028936877	2	10
5	125	95.0346936834	2	12
6	120	95.0546597282	7	19
7	122	95.0403534059	1	20
8	124	95.0704725112	1	21
9	126	94.9947562624	6	27
10	129	95.0897702137	5	32
11	130	95.0990502957	2	34
12	132	95.035997008	3	37
13	130	95.1144534502	4	41
14	135	95.1827611109	5	46
15	140	95.1633776947	7	53
16	140	95.188022298	3	56
17	136	95.1295323432	5	61
18	137	95.1658258051	3	64
19	132	95.1772740038	5	69
20	127	95.2498476459	4	73
21	123	95.2702841527	2	75
22	121	95.2086348087	5	80
23	120	95.1206303867	4	84
24	124	95.0944176983	4	88
25	128	95.0368100897	2	90
26	133	95.0892692815	4	94
27	132	95.070534635	5	99
28	127	94.993108353	6	105
29	128	94.9628103366	7	112
30	123	94.9757993115	0	112
31	126	95.0040364779	3	115
32	129	94.9448578827	7	122
33	132	94.8865497373	3	125
34	128	94.8395852396	3	128
35	129	94.8632409974	3	131
36	134	94.9230956471	2	133
37	139	94.8817789624	1	134
38	135	94.876048469	1	135
39	133	94.9371526832	6	141
40	129	94.9945611664	3	144
41	126	94.9766628726	6	150
42	131	94.9106558813	6	156
43	133	94.8155126449	2	158
44	137	94.9017825916	0	158
45	132	94.9732344146	2	160
46	134	94.969747486	0	160
47	131	95.013709707	1	161
48	126	95.0408936286	0	161
49	123	94.9847765002	6	167
50	122	94.8985555919	0	167
51	124	94.9780616406	4	171
52	122	94.9627579347	7	178
53	126	94.9886221933	7	185
54	122	94.9077689188	0	185
55	126	94.9854589637	5	190
56	121	94.9109031118	6	196
57	120	94.9179151315	4	200
58	116	95.0163128934	2	202
59	119	95.0091944596	3	205
60	122	95.0564018458	3	208
61	122	95.090812958	0	208
62	126	95.0809292652	2	210
63	125	94.9901335859	4	214
64	130	94.9567690284	6	220
65	133	94.9579328507	3	223
66	130	95.0541778541	3	226
67	134	95.1460387909	0	226
68	136	95.1207524313	6	232
69	134	95.1108312415	7	239
70	134	95.168885362	3	242
71	138	95.1237062496	7	249
72	139	95.2188651313	1	250
73	139	95.2137992131	3	253
74	135	95.2515988219	4	257
75	133	95.3016798317	3	260
76	138	95.3914792997	2	262
77	133	95.3352055438	1	263
78	132	95.3848796338	2	265
79	134	95.2974632867	6	271
80	132	95.2082263953	4	275
81	127	95.2091125044	0	275
82	132	95.1651554705	5	280
83	130	95.2055391196	6	286
84	127	95.2408788508	2	288
85	124	95.1584770297	4	292
86	123	95.12718521	5	297
87	120	95.2200962975	0	297
88	118	95.1860454234	4	301
89	122	95.1331479885	7	308
90	125	95.2205226516	6	314
91	123	95.1922725633	3	317
92	128	95.2610189363	4	321
93	129	95.1624224582	2	323
94	134	95.1613075239	0	323
95	137	95.2500917742	0	323
96	132	95.2070758021	1	324
97	136	95.2262924186	5	329
98	138	95.3112555849	4	333
99	136	95.3476116345	4	337
100	140	95.2917959606	7	344
101	139	95.2947880175	3	347
102	138	95.3685032316	4	351
103	140	95.4377643528	6	357
104	143	95.4283063926	6	363
105	139	95.3762244442	3	366
106	139	95.3702593438	6	372
107	134	95.3262848657	0	372
108	131	95.3918022424	2	374
109	129	95.3532913124	6	380
110	125	95.2639510013	2	382
111	129	95.3247321696	6	388
112	129	95.3918424788	2	390
113	127	95.4785539828	0	390
114	131	95.5623822046	3	393
115	127	95.4843284266	2	395
116	128	95.5344481665	5	400
117	123	95.5899091474	2	402
118	119	95.6713969481	4	406
119	122	95.7505184142	7	413
120	123	95.7335820726	6	419
121	123	95.6583460062	1	420
122	119	95.5988322481	6	426
123	124	95.5477753677	7	433
124	127	95.4867246568	2	435
125	126	95.5616087179	7	442
126	126	95.6360697867	5	447
127	127	95.7187499616	2	449
128	122	95.7675699076	6	455
129	122	95.8131349768	6	461
130	127	95.7736123718	7	468
131	127	95.8253511539	2	470
132	130	95.9061037253	5	475
133	130	95.9615196629	4	479
134	130	96.0047459325	4	483
135	131	95.9213734136	6	489
136	132	95.9826501852	5	494
137	132	95.9147052792	2	496
138	135	95.8667657468	3	499
139	137	95.9389316619	0	499
140	141	95.9464989902	4	503
141	137	95.8794654386	0	503
142	142	95.8803544856	5	508
143	137	95.9078005322	2	510
144	142	95.9819377505	2	512
145	139	95.9947213698	5	517
146	135	95.9275425331	3	520
147	130	96.0104820058	0	520
148	127	95.9836893492	0	520
149	124	95.917635434	5	525
150	121	95.9209524014	4	529
151	121	95.8753173353	0	529
152	125	95.9205142272	6	535
153	123	95.8603962066	6	541
154	119	95.7912066061	2	543
155	115	95.7566612472	6	549
156	114	95.6864287713	2	551
157	116	95.6451850614	5	556
158	117	95.735209863	6	562
159	112	95.7762573091	5	567
160	109	95.7805202458	7	574
161	113	95.8591368131	5	579
162	111	95.9110500769	4	583
163	116	95.9230370353	3	586
164	115	95.8450729973	1	587
165	119	95.7846472602	0	587
166	121	95.8008285063	4	591
167	124	95.7327888779	6	597
168	121	95.7097609713	5	602
169	118	95.7463496575	1	603
170	114	95.8185274254	1	604
171	111	95.8398395786	7	611
172	110	95.8618467517	7	618
173	114	95.8576338219	3	621
174	119	95.8724116243	1	622
175	123	95.8042007032	6	628
176	121	95.8960037351	1	629
177	122	95.869600465	5	634
178	125	95.8529289262	0	634
179	121	95.8954105507	6	640
180	116	95.9295305417	6	646
181	116	95.8312784944	2	648
182	115	95.7535234357	6	654
183	111	95.747204191	4	658
184	116	95.8134569016	1	659
185	117	95.7545187689	7	666
186	115	95.8059872299	6	672
187	114	95.7811368055	7	679
188	109	95.6833570295	5	684
189	108	95.7763157072	7	691
190	108	95.8177405102	7	698
191	109	95.777773938	0	698
192	110	95.832405038	3	701
193	111	95.9323121445	0	701
194	112	95.927162193	5	706
195	115	96.0094279311	3	709
196	118	96.0363814773	1	710
197	119	96.0088393756	7	717
198	114	96.0499963841	3	720
199	119	96.0922132781	6	726
200	117	96.1877662585	7	733
201	122	96.2304863061	1	734
202	118	96.2052509347	0	734
203	122	96.2961918349	2	736
204	118	96.3153541705	3	739
205	113	96.2574963771	0	739
206	116	96.2289974728	0	739
207	114	96.2149789201	5	744
208	110	96.1500710653	3	747
209	114	96.2316847703	6	753
210	110	96.1873132925	5	758
211	107	96.15370599	2	760
212	103	96.1791945059	1	761
213	106	96.0867759097	7	768
214	105	96.0229369176	6	774
215	110	96.0715672782	1	775
216	115	95.9898335273	7	782
217	115	96.0064653519	3	785
218	116	96.0557491729	0	785
219	121	96.0307277158	3	788
220	121	96.0786589042	2	790
221	117	96.1703611331	6	796
222	119	96.1990906444	0	796
223	115	96.2118699705	0	796
224	113	96.1349955169	5	801
225	114	96.0526805989	5	806
226	109	96.1100073604	4	810
227	112	96.1713707605	5	815
228	114	96.1278088258	0	815
229	118	96.063572895	4	819
230	118	96.1213272765	7	826
231	121	96.1269022789	3	829
232	125	96.1542943814	1	830
233	126	96.0688496851	4	834
234	125	96.1663011841	6	840
235	128	96.1755257594	2	842
236	129	96.1025212429	6	848
237	125	96.0118295996	5	853
238	122	95.9867983154	5	858
239	122	95.9631081313	3	861
240	121	96.054927688	7	868
241	119	96.0507792891	4	872
242	124	96.0687147975	5	877
243	123	96.0980843833	1	878
244	124	96.079813972	0	878
245	122	96.0606571747	4	882
246	117	96.0234439473	1	883
247	113	96.0163458651	3	886
248	118	95.9510970287	0	886
249	117	95.882864855	0	886
250	115	95.9578884006	1	887
251	111	96.0050657353	2	889
252	110	95.9477866949	5	894
253	108	96.0258693032	6	900
254	105	96.0996367754	5	905
255	102	96.0550759547	4	909
256	107	96.0312514855	7	916
257	111	96.0250101625	2	918
258	116	95.9710523776	5	923
259	114	96.0262405531	5	928
260	117	95.9398909972	3	931
261	118	95.8773647588	2	933
262	117	95.914623372	3	936
263	112	95.9773618276	1	937
264	115	95.9298814835	5	942
265	119	95.8952392425	1	943
266	120	95.8304488073	1	944
267	122	95.7473039492	0	944
268	117	95.6498464036	1	945
269	122	95.5839109767	2	947
270	123	95.5222923479	7	954
271	120	95.5466398857	6	960
272	117	95.5075874805	2	962
273	112	95.4492530999	7	969
274	108	95.4354369182	0	969
275	105	95.5346861424	1	970
276	100	95.6192538465	4	974
277	104	95.6666800832	4	978
278	103	95.679619852	4	982
279	100	95.7723982647	1	983
280	99	95.7636331275	1	984
281	103	95.8594984247	7	991
282	101	95.8971699582	3	994
283	102	95.8766080951	4	998
284	105	95.8110739117	7	1005
285	110	95.831079567	1	1006
286	109	95.7802397134	0	1006
287	111	95.7201332312	4	1010
288	111	95.672030577	3	1013
289	114	95.713728912	5	1018
290	109	95.654897788	1	1019
291	109	95.6660366457	2	1021
292	111	95.6175328377	6	1027
293	107	95.5890509451	3	1030
294	112	95.4989499733	1	1031
295	107	95.4140656509	4	1035
296	104	95.3495059131	3	1038
297	105	95.3192352334	3	1041
298	101	95.3996387824	0	1041
299	98	95.4933509397	0	1041
300	100	95.4575883221	0	1041
301	101	95.3607085912	1	1042
302	96	95.2752667982	4	1046
303	91	95.2855383195	7	1053
304	93	95.1937093266	2	1055
305	97	95.1595336863	1	1056
306	94	95.1287335239	0	1056
307	90	95.0720372035	1	1057
308	91	95.0605821691	2	1059
309	91	95.0075207997	2	1061
310	91	95.0931134036	2	1063
311	94	95.109239257	5	1068
312	91	95.1467948553	6	1074
313	94	95.1097483176	0	1074
314	98	95.1987738642	1	1075
315	101	95.1990587413	3	1078
316	97	95.1080582474	3	1081
317	92	95.1675465045	2	1083
318	93	95.0788061848	6	1089
319	95	95.0058517334	2	1091
320	90	95.0402455092	0	1091
321	90	95.039902411	7	1098
322	87	94.9488972122	0	1098
323	88	95.0323470463	3	1101
324	90	95.11433369	2	1103
325	90	95.0581424212	0	1103
326	91	95.135992118	3	1106
327	92	95.100531865	2	1108
328	88	95.1625894058	1	1109
329	90	95.2053376824	2	1111
330	91	95.2146279654	5	1116
331	92	95.2763788021	0	1116
332	88	95.3162909679	7	1123
333	93	95.3965766828	1	1124
334	89	95.4878251332	0	1124
335	91	95.5333276214	6	1130
336	86	95.4507997428	5	1135
337	91	95.5282964217	7	1142
338	94	95.4751640363	2	1144
339	99	95.505499957	0	1144
340	102	95.4602839894	5	1149
341	105	95.5065586228	5	1154
342	104	95.4757935073	0	1154
343	106	95.5499853199	2	1156
344	109	95.6378019901	0	1156
345	110	95.5944892853	0	1156
346	108	95.6186439406	2	1158
347	106	95.59437494	4	1162
348	102	95.6783455305	2	1164
349	104	95.6589564597	4	1168
350	102	95.7010099345	7	1175
351	105	95.6339328075	0	1175
352	110	95.5591449985	2	1177
353	111	95.5185847512	7	1184
354	109	95.5388742163	2	1186
355	110	95.4539347798	0	1186
356	110	95.3998789643	1	1187
357	113	95.4282750338	7	1194
358	111	95.4364071308	3	1197
359	107	95.4699786389	0	1197
360	102	95.5049165721	6	1203
361	105	95.4680349159	3	1206
362	107	95.5265999331	1	1207
363	111	95.4398818069	1	1208
364	108	95.5339082813	2	1210
365	113	95.5816398797	4	1214
366	116	95.6590405281	5	1219
367	117	95.6351080683	1	1220
368	119	95.6567720406	5	1225
369	122	95.6389913459	7	1232
370	127	95.5752270632	3	1235
371	130	95.6538903821	2	1237
372	133	95.665263077	6	1243
373	129	95.6673194792	3	1246
374	130	95.7516365646	2	1248
375	133	95.846431598	6	1254
376	134	95.8972509337	2	1256
377	137	95.9272922705	1	1257
378	142	95.891263574	6	1263
379	142	95.7914984213	2	1265
380	137	95.8871499329	0	1265
381	142	95.948540391	5	1270
382	137	95.9721941396	0	1270
383	137	95.9476024792	6	1276
384	138	95.8734210539	7	1283
385	142	95.8695099044	7	1290
386	145	95.879441816	1	1291
387	142	95.8724936954	4	1295
388	138	95.8867577082	0	1295
389	140	95.9376417888	5	1300
390	142	95.8554620182	6	1306
391	144	95.9380366146	5	1311
392	147	95.9161298816	0	1311
393	149	95.8907530684	7	1318
394	152	95.9009904535	1	1319
395	153	95.8734481338	1	1320
396	155	95.9697426905	7	1327
397	156	96.0615572515	5	1332
398	154	96.1061254254	0	1332
399	152	96.1660472141	0	1332
400	153	96.0800937978	7	1339
401	151	96.1233475664	3	1342
402	155	96.1433682954	4	1346
403	151	96.0486975266	0	1346
404	149	95.9585862713	4	1350
405	150	95.9201819194	5	1355
406	145	95.9243664917	0	1355
407	150	95.9959461668	4	1359
408	151	96.0247751173	4	1363
409	154	95.9774563347	5	1368
410	152	95.9503939659	2	1370
411	148	95.8633577943	3	1373
412	144	95.952006653	7	1380
413	144	95.8724332675	7	1387
414	144	95.7949859773	7	1394
415	145	95.7992349875	5	1399
416	148	95.7210215222	5	1404
417	153	95.8188397341	2	1406
418	154	95.9071671769	4	1410
419	159	95.9928257968	7	1417
420	163	95.9602582867	0	1417
421	160	95.8605995908	4	1421
422	157	95.9526019947	4	1425
423	156	95.9525431327	7	1432
424	152	95.9119092615	7	1439
425	152	95.9571741159	0	1439
426	151	95.9949833179	0	1439
427	152	95.8965091231	5	1444
428	150	95.9607236928	7	1451
429	148	95.9938836593	2	1453
430	147	95.959440414	3	1456
431	151	95.9913434808	1	1457
432	150	96.04009242	4	1461
433	152	96.0040590716	5	1466
434	147	95.935112155	4	1470
435	149	96.0266027267	5	1475
436	151	96.0650296745	0	1475
437	155	96.067469498	1	1476
438	155	96.0626352664	5	1481
439	154	95.9991039351	0	1481
440	158	96.051016995	6	1487
441	157	95.9700146354	5	1492
442	160	95.9926100679	6	1498
443	159	96.0908269365	0	1498
444	164	96.0656076388	7	1505
445	165	96.0002511142	2	1507
446	161	95.9891195704	5	1512
447	162	95.9022190558	0	1512
448	159	95.8495297694	6	1518
449	156	95.773449593	7	1525
450	161	95.7508124625	2	1527
451	160	95.670564407	6	1533
452	163	95.722697538	4	1537
453	162	95.758936784	7	1544
454	165	95.715471864	6	1550
455	162	95.8031014583	5	1555
456	163	95.8386585135	7	1562
457	166	95.7977850037	6	1568
458	171	95.7504298084	6	1574
459	171	95.6819107305	7	1581
460	167	95.7134706773	4	1585
461	166	95.672112814	1	1586
462	164	95.650745591	1	1587
463	163	95.6829324737	3	1590
464	162	95.7349323923	7	1597
465	164	95.7721201461	2	1599
466	166	95.8572425233	0	1599
467	170	95.8473980063	2	1601
468	174	95.8795350496	7	1608
469	173	95.9309108757	7	1615
470	169	96.0152787561	7	1622
471	173	95.992859662	3	1625
472	171	95.8961208574	0	1625
473	172	95.9156961108	0	1625
474	176	95.9581521793	4	1629
475	174	95.9562103709	0	1629
476	178	96.009151129	4	1633
477	174	95.9260713575	1	1634
478	178	96.025842623	5	1639
479	173	95.9998729404	2	1641
480	174	96.0107935999	7	1648
481	173	95.9806146116	6	1654
482	174	95.9480009279	0	1654
483	173	95.958418126	5	1659
484	168	95.9455964544	6	1665
485	170	95.8529014102	1	1666
486	166	95.939610265	4	1670
487	161	95.8942811495	6	1676
488	158	95.8640620135	6	1682
489	162	95.7665515405	5	1687
490	167	95.7797461143	6	1693
491	165	95.7538677632	0	1693
492	164	95.7770231575	0	1693
493	160	95.8002690445	2	1695
494	159	95.8586238341	2	1697
495	156	95.8849800418	3	1700
496	160	95.8955295383	5	1705
497	158	95.8708513639	1	1706
498	159	95.856055636	0	1706
499	154	95.8256875915	1	1707
500	155	95.745886053	3	1710
501	155	95.6954966542	4	1714
502	158	95.6495745952	4	1718
503	163	95.5879533441	2	1720
504	168	95.5710891823	0	1720
505	171	95.5615614804	7	1727
506	169	95.5227185296	1	1728
507	170	95.4739236027	2	1730
508	165	95.4279474867	2	1732
509	164	95.4424665735	2	1734
510	169	95.5405292535	7	1741
511	170	95.5851564195	6	1747
512	174	95.6229816757	3	1750
513	178	95.6242122345	6	1756
514	178	95.5392273781	5	1761
515	173	95.5335282404	6	1767
516	174	95.6161573224	2	1769
517	179	95.5390633941	2	1771
518	178	95.575751258	3	1774
519	176	95.5035173925	2	1776
520	178	95.4419954486	0	1776
521	180	95.3903872996	7	1783
522	179	95.4167669591	4	1787
523	174	95.4273602545	2	1789
524	172	95.4540547558	3	1792
525	174	95.4149227428	3	1795
526	174	95.4469242822	2	1797
527	169	95.4429778741	2	1799
528	172	95.3447210755	7	1806
529	171	95.2804580098	1	1807
530	170	95.2905951001	1	1808
531	170	95.2239025095	1	1809
532	170	95.2013350211	3	1812
533	169	95.1646567696	6	1818
534	168	95.2178478773	3	1821
535	170	95.1927068899	3	1824
536	168	95.1772097199	6	1830
537	164	95.1025586829	1	1831
538	165	95.1411276095	4	1835
539	165	95.1835693333	2	1837
540	164	95.1324761356	4	1841
541	165	95.0660095999	2	1843
542	168	95.0276992903	1	1844
543	166	95.1143776972	5	1849
544	169	95.0191506622	7	1856
545	174	95.1077346485	7	1863
546	178	95.1619368172	2	1865
547	175	95.2465379072	1	1866
548	180	95.3377925326	1	1867
549	183	95.3183251747	7	1874
550	186	95.3563866443	7	1881
551	184	95.3561650863	7	1888
552	179	95.4248770836	3	1891
553	174	95.4591154478	1	1892
554	179	95.4248808469	5	1897
555	174	95.3518057431	2	1899
556	171	95.3929858163	2	1901
557	174	95.3303829069	4	1905
558	176	95.2852302496	4	1909
559	180	95.3672869961	4	1913
560	180	95.2830310045	3	1916
561	185	95.2883446754	4	1920
562	189	95.3086899208	6	1926
563	188	95.3257018518	0	1926
564	189	95.2739254935	5	1931
565	189	95.2079584159	4	1935
566	191	95.1599080065	2	1937
567	195	95.2100892983	3	1940
568	198	95.2938373703	3	1943
569	199	95.3865964098	2	1945
570	200	95.3858736521	0	1945
571	200	95.3806466081	6	1951
572	200	95.4450948408	1	1952
573	200	95.4161265009	6	1958
574	197	95.4336106196	7	1965
575	200	95.3822824415	1	1966
576	199	95.2840478773	4	1970
577	200	95.3402398086	0	1970
578	196	95.31488917	7	1977
579	191	95.2192784126	4	1981
580	190	95.2168242501	0	1981
581	185	95.1863830015	3	1984
582	187	95.1552907332	5	1989
583	183	95.1983098074	1	1990
584	179	95.295799281	2	1992
585	181	95.3053209111	4	1996
586	185	95.3349481246	1	1997
587	185	95.2590402525	1	1998
588	181	95.224655079	7	2005
589	178	95.2936977939	2	2007
590	176	95.2752740197	6	2013
591	176	95.1982586192	6	2019
592	175	95.2389080871	6	2025
593	170	95.2115533777	1	2026
594	175	95.1392672572	4	2030
595	174	95.2047991847	6	2036
596	176	95.2546040384	1	2037
597	177	95.2014887506	4	2041
598	180	95.1869379099	4	2045
599	180	95.1154344061	5	2050
600	180	95.1269407848	0	2050
601	178	95.2121704104	1	2051
602	176	95.1383270181	3	2054
603	180	95.0531773949	7	2061
604	181	95.0845692579	4	2065
605	179	95.0457771988	1	2066
606	183	95.0509702214	6	2072
607	188	95.0333582171	7	2079
608	183	94.9334186019	0	2079
609	181	94.9929794358	7	2086
610	183	95.0310464787	3	2089
611	178	95.0035974211	7	2096
612	174	94.9060037903	2	2098
613	173	94.9525086501	4	2102
614	174	94.8827870776	2	2104
615	175	94.81202126	4	2108
616	179	94.8902915534	3	2111
617	179	94.8989909178	5	2116
618	183	94.9615192277	7	2123
619	187	94.8733637781	1	2124
620	189	94.9363882976	7	2131
621	185	94.8452293609	7	2138
622	182	94.8931543836	0	2138
623	177	94.9336922848	3	2141
624	177	95.0325757533	6	2147
625	175	95.1285714331	2	2149
626	175	95.077036905	3	2152
627	170	95.1595202495	5	2157
628	172	95.2172569997	1	2158
629	174	95.1905471656	2	2160
630	174	95.1428675558	7	2167
631	177	95.0712972323	5	2172
632	179	95.0995196392	4	2176
633	182	95.0445900619	1	2177
634	184	95.0124341622	4	2181
635	188	95.023086646	3	2184
636	188	94.958910113	7	2191
637	186	94.8823685672	4	2195
638	190	94.8813398199	3	2198
639	189	94.926616003	6	2204
640	184	94.9547885678	6	2210
641	185	95.0053929683	1	2211
642	189	94.9407506701	3	2214
643	184	94.9810572927	7	2221
644	186	94.9121818936	0	2221
645	182	95.0103561021	2	2223
646	184	95.0737759769	0	2223
647	189	95.1501289815	0	2223
648	188	95.0602166264	7	2230
649	187	95.0218304592	4	2234
650	190	95.0057587655	4	2238
651	194	94.9271096042	1	2239
652	193	94.8915602209	0	2239
653	197	94.8281365606	5	2244
654	199	94.8185493724	1	2245
655	200	94.8642561685	6	2251
656	200	94.8623774222	5	2256
657	200	94.9567647546	5	2261
658	200	94.9335697014	6	2267
659	195	94.8590437521	1	2268
660	191	94.7762676229	0	2268
661	195	94.7251227801	7	2275
662	193	94.6414526462	3	2278
663	191	94.7206992383	1	2279
664	193	94.7272065062	6	2285
665	197	94.7873354947	7	2292
666	200	94.8511517949	5	2297
667	200	94.7542937542	3	2300
668	200	94.6799570118	3	2303
669	200	94.6235672445	0	2303
670	200	94.6179407052	7	2310
671	200	94.5417312237	3	2313
672	198	94.5247213896	3	2316
673	200	94.5767826903	3	2319
674	200	94.5609408305	1	2320
675	200	94.6192369874	1	2321
676	198	94.7171690934	2	2323
677	196	94.6176114325	4	2327
678	193	94.5880277398	7	2334
679	197	94.5795144583	0	2334
680	196	94.5495563619	1	2335
681	192	94.4720743211	0	2335
682	196	94.396809837	4	2339
683	195	94.3242174625	2	2341
684	194	94.2273676627	4	2345
685	194	94.1399981759	6	2351
686	194	94.1325618907	7	2358
687	198	94.207512208	4	2362
688	200	94.2116398738	0	2362
689	200	94.2629477887	7	2369
690	200	94.1743138476	3	2372
691	200	94.2491526574	7	2379
692	200	94.149311672	6	2385
693	200	94.1678118584	3	2388
694	200	94.1285074928	1	2389
695	198	94.0820829017	1	2390
696	200	94.1072436168	0	2390
697	196	94.1846425721	3	2393
698	200	94.0942735419	4	2397
699	197	94.1882187162	7	2404
700	192	94.1488365389	2	2406
701	191	94.2079000624	6	2412
702	187	94.2937815067	3	2415
703	182	94.3474916318	5	2420
704	179	94.3422897468	2	2422
705	176	94.3420465822	3	2425
706	181	94.2746984087	1	2426
707	184	94.2857235206	7	2433
708	180	94.3643650366	3	2436
709	185	94.4045927426	1	2437
710	180	94.4386910689	7	2444
711	180	94.4156950352	6	2450
712	182	94.3625627814	6	2456
713	187	94.3906841491	7	2463
714	190	94.4320914874	3	2466
715	194	94.5026054069	6	2472
716	198	94.4521049435	7	2479
717	200	94.486978443	6	2485
718	200	94.5824453399	6	2491
719	195	94.5137943585	2	2493
720	197	94.4659072671	7	2500
721	200	94.4441737411	7	2507
722	200	94.355216865	0	2507
723	200	94.2683165674	6	2513
724	200	94.2742601617	1	2514
725	197	94.2234884033	0	2514
726	199	94.1641293698	0	2514
727	200	94.1559424359	5	2519
728	200	94.2111897056	7	2526
729	200	94.1138467307	1	2527
730	200	94.1072407926	6	2533
731	195	94.1141840778	0	2533
732	199	94.1999790445	4	2537
733	200	94.1025644263	4	2541
734	199	94.0262968565	0	2541
735	195	93.9292428321	0	2541
736	190	93.8302374308	4	2545
737	185	93.8621538685	4	2549
738	188	93.8168615861	4	2553
739	191	93.7623345935	2	2555
740	196	93.8204375154	2	2557
741	193	93.8375556667	2	2559
742	196	93.7638092736	6	2565
743	200	93.7143156751	7	2572
744	200	93.7455820717	6	2578
745	195	93.7432729856	7	2585
746	198	93.7704991892	5	2590
747	197	93.828184208	0	2590
748	197	93.8861786026	7	2597
749	194	93.8919006527	5	2602
750	197	93.8364995639	7	2609
751	198	93.7626534475	2	2611
752	199	93.8032483307	6	2617
753	200	93.7247283778	4	2621
754	199	93.6345484606	6	2627
755	200	93.6396186501	4	2631
756	196	93.5960925824	7	2638
757	191	93.5210831361	3	2641
758	187	93.4609768601	5	2646
759	183	93.5038306929	5	2651
760	178	93.4419504018	5	2656
761	173	93.4765229076	0	2656
762	173	93.480453718	4	2660
763	172	93.4596776232	4	2664
764	174	93.5150239049	2	2666
765	172	93.5547911707	4	2670
766	173	93.5634266781	2	2672
767	169	93.4980969126	6	2678
768	164	93.4349619914	2	2680
769	160	93.4856868226	5	2685
770	156	93.4944853519	1	2686
771	156	93.5622623528	7	2693
772	154	93.6467071429	5	2698
773	156	93.6673415573	5	2703
774	160	93.6346145812	7	2710
775	160	93.7338115532	0	2710
776	158	93.667563322	7	2717
777	157	93.7079697437	4	2721
778	161	93.6594562232	6	2727
779	156	93.6250173487	1	2728
780	152	93.6984288434	1	2729
781	153	93.7415411288	7	2736
782	151	93.7614593125	4	2740
783	147	93.8500992727	0	2740
784	150	93.8598262778	7	2747
785	152	93.8126843105	1	2748
786	157	93.8697269245	3	2751
787	153	93.9193483763	4	2755
788	152	93.8749486301	5	2760
789	152	93.9432600887	7	2767
790	155	93.9579522805	0	2767
791	160	93.976465441	3	2770
792	161	93.8850527756	3	2773
793	166	93.9554559514	0	2773
794	168	93.9137249882	3	2776
795	172	93.8683920455	6	2782
796	170	93.9053952282	0	2782
797	173	93.9873813873	2	2784
798	170	93.9609926618	7	2791
799	170	93.912205568	0	2791
800	170	93.888542465	3	2794
801	173	93.8660299531	3	2797
802	170	93.9282480979	0	2797
803	166	93.9399150744	0	2797
804	171	93.8881489337	6	2803
805	168	93.8725388094	4	2807
806	172	93.8948531986	6	2813
807	171	93.8492822838	2	2815
808	170	93.9312972967	0	2815
809	166	93.9458288524	6	2821
810	168	94.008494983	7	2828
811	164	94.0901146635	3	2831
812	168	93.9996515999	3	2834
813	172	93.9061013651	2	2836
814	175	93.9453127536	3	2839
815	173	93.911326817	6	2845
816	176	93.8148580588	4	2849
817	172	93.7459762718	6	2855
818	167	93.6764090882	7	2862
819	162	93.7060822115	2	2864
820	163	93.7779505888	7	2871
821	165	93.8161742112	0	2871
822	160	93.8829614168	3	2874
823	163	93.9229914868	4	2878
824	165	93.9529824015	3	2881
825	166	93.9896159634	5	2886
826	165	94.0731295241	7	2893
827	170	94.1490609557	6	2899
828	166	94.0635122245	0	2899
829	171	93.9725947499	3	2902
830	173	93.9927619442	6	2908
831	172	93.9613621162	0	2908
832	175	94.0469230511	0	2908
833	177	94.0700038536	7	2915
834	174	93.9857711248	4	2919
835	174	94.0330507952	3	2922
836	174	93.9396482996	0	2922
837	179	93.8845621075	4	2926
838	182	93.8578760411	4	2930
839	180	93.8257821312	6	2936
840	179	93.743915685	0	2936
841	183	93.8167879233	0	2936
842	186	93.872181284	0	2936
843	187	93.9176993416	6	2942
844	184	93.835835941	6	2948
845	189	93.7611587752	2	2950
846	193	93.6696651411	1	2951
847	195	93.5804254778	2	2953
848	194	93.6451105595	6	2959
849	194	93.6239371927	2	2961
850	196	93.6323555418	7	2968
851	193	93.5993872776	1	2969
852	192	93.5411367438	5	2974
853	192	93.5812829376	1	2975
854	190	93.6628760168	0	2975
855	190	93.6093701777	3	2978
856	191	93.6532457608	5	2983
857	192	93.7141249348	4	2987
858	192	93.730982241	2	2989
859	192	93.7664858477	1	2990
860	194	93.706847201	6	2996
861	195	93.6506083053	0	2996
862	192	93.7112018578	5	3001
863	192	93.7892811739	6	3007
864	189	93.8592894213	6	3013
865	184	93.9179567688	6	3019
866	188	93.9312293375	5	3024
867	184	93.9863971167	4	3028
868	179	94.0498772014	2	3030
869	177	94.0643256716	0	3030
870	176	94.1297290174	2	3032
871	172	94.21802154	3	3035
872	170	94.2888351848	0	3035
873	166	94.3839989	1	3036
874	163	94.3184929332	0	3036
875	165	94.4104814682	5	3041
876	163	94.3201131414	6	3047
877	163	94.2920409111	7	3054
878	164	94.211866181	3	3057
879	169	94.2547114109	4	3061
880	165	94.3415118108	1	3062
881	163	94.3446891727	3	3065
882	158	94.275642827	5	3070
883	155	94.2689028739	0	3070
884	152	94.2740760079	3	3073
885	156	94.3332807442	1	3074
886	160	94.3974390588	7	3081
887	165	94.4368510108	0	3081
888	166	94.3663259178	3	3084
889	170	94.2727602191	5	3089
890	172	94.3148473347	1	3090
891	172	94.3983148329	5	3095
892	171	94.3873288136	7	3102
893	167	94.3259510412	1	3103
894	170	94.3630899441	3	3106
895	171	94.2752251901	2	3108
896	169	94.1773426296	2	3110
897	174	94.1272005097	4	3114
898	172	94.1333619377	6	3120
899	169	94.1252115639	5	3125
900	173	94.0988860077	2	3127
901	177	94.0506280893	3	3130
902	177	94.1239231963	1	3131
903	180	94.2093552198	1	3132
904	179	94.148052477	1	3133
905	184	94.1676422164	6	3139
906	188	94.2327017998	4	3143
907	192	94.2350477794	5	3148
908	195	94.2758782106	7	3155
909	191	94.278558167	1	3156
910	196	94.3479144873	6	3162
911	200	94.2938624847	2	3164
912	200	94.39258128	2	3166
913	195	94.4056230633	7	3173
914	195	94.3968331151	2	3175
915	193	94.347379976	3	3178
916	197	94.2612030048	2	3180
917	194	94.20005759	2	3182
918	193	94.128325292	3	3185
919	192	94.1058237055	3	3188
920	196	94.1536127191	4	3192
921	200	94.2313126798	4	3196
922	200	94.1481903227	2	3198
923	200	94.1865495897	7	3205
924	195	94.1933760109	7	3212
925	195	94.2850777292	1	3213
926	196	94.2618241661	3	3216
927	200	94.1659531832	1	3217
928	198	94.1159947364	1	3218
929	196	94.085821699	6	3224
930	191	94.1482853175	4	3228
931	186	94.1627309655	0	3228
932	182	94.0985730897	2	3230
933	183	94.1097664401	2	3232
934	182	94.1311209908	1	3233
935	186	94.0613386707	3	3236
936	190	93.9673885446	3	3239
937	190	93.9166798962	4	3243
938	185	93.8660021453	5	3248
939	190	93.7717301397	5	3253
940	192	93.8266224242	7	3260
941	187	93.8573699561	2	3262
942	192	93.9031821122	0	3262
943	196	93.9312803954	7	3269
944	193	93.9877771049	2	3271
945	191	93.9749666352	7	3278
946	196	94.0239731348	3	3281
947	192	94.0276011135	0	3281
948	189	94.1028021512	2	3283
949	186	94.1412444946	4	3287
950	181	94.1230617438	5	3292
951	181	94.0287648729	0	3292
952	182	94.04397472	7	3299
953	185	93.9973283454	4	3303
954	183	93.9617925213	1	3304
955	178	93.9625264198	2	3306
956	179	93.9066783243	7	3313
957	179	93.9145970088	5	3318
958	175	94.0085481575	0	3318
959	175	93.9540183898	2	3320
960	176	93.8953264745	0	3320
961	176	93.8232730608	0	3320
962	180	93.8986421574	2	3322
963	178	93.9413761728	0	3322
964	174	94.0234609033	1	3323
965	175	93.9699863575	3	3326
966	179	94.0288756113	5	3331
967	175	94.0242740368	0	3331
968	171	93.9891473518	1	3332
969	171	94.0844718496	0	3332
970	173	94.0600193984	2	3334
971	178	93.9802224927	5	3339
972	179	93.9305926687	3	3342
973	183	94.0229580953	2	3344
974	184	94.1101806133	6	3350
975	185	94.2034103391	2	3352
976	187	94.1412605201	0	3352
977	183	94.1078077977	7	3359
978	183	94.1908787376	1	3360
979	188	94.2211253977	1	3361
980	193	94.3197116269	6	3367
981	197	94.3963888596	6	3373
982	197	94.4015742804	2	3375
983	197	94.3990326353	3	3378
984	192	94.495503196	0	3378
985	192	94.4157692121	0	3378
986	187	94.3680668267	3	3381
987	190	94.2918466765	7	3388
988	188	94.342948551	6	3394
989	186	94.3912933903	2	3396
990	188	94.3642152453	7	3403
991	191	94.4586968224	7	3410
992	189	94.4917063962	2	3412
993	194	94.4596368585	0	3412
994	191	94.4934027545	0	3412
995	188	94.5927293275	2	3414
996	183	94.6895294702	6	3420
997	180	94.7219389125	4	3424
998	176	94.7364182972	1	3425
999	178	94.7313137951	2	3427
1000	177	94.7671494915	4	3431
1001	175	94.731365434	4	3435
1002	176	94.7843177303	1	3436
1003	171	94.7983069625	2	3438
1004	168	94.870366615	5	3443
1005	167	94.7929733659	6	3449
1006	166	94.7453027019	6	3455
1007	170	94.6873202597	5	3460
1008	173	94.6103914578	6	3466
1009	168	94.660529568	4	3470
1010	167	94.6731159462	5	3475
1011	172	94.5896251514	6	3481
1012	170	94.5130904994	2	3483
1013	172	94.5047326608	7	3490
1014	174	94.5436612897	2	3492
1015	174	94.5924737178	4	3496
1016	174	94.6851070114	4	3500
1017	175	94.5889401375	3	3503
1018	170	94.5093039991	7	3510
1019	166	94.6043846491	1	3511
1020	165	94.5609904363	5	3516
1021	162	94.551087395	3	3519
1022	157	94.5617956756	6	3525
1023	153	94.6507651374	3	3528
1024	158	94.6905998053	4	3532
1025	163	94.7578199389	7	3539
1026	164	94.6658303819	4	3543
1027	161	94.5686076917	6	3549
1028	165	94.6190673883	3	3552
1029	164	94.549908056	4	3556
1030	164	94.6460984171	7	3563
1031	166	94.6497946616	1	3564
1032	170	94.5706709527	6	3570
1033	172	94.5608116243	0	3570
1034	170	94.4797867681	5	3575
1035	173	94.4254207758	4	3579
1036	170	94.3763314311	6	3585
1037	167	94.459709977	1	3586
1038	162	94.5236810311	3	3589
1039	166	94.5953998935	3	3592
1040	167	94.510513843	1	3593
1041	163	94.4938949906	7	3600
1042	161	94.4137099694	4	3604
1043	163	94.5074714145	6	3610
1044	164	94.552490746	0	3610
1045	164	94.4634203994	4	3614
1046	159	94.3652591269	5	3619
1047	156	94.3549035915	2	3621
1048	156	94.4374058204	3	3624
1049	154	94.501455731	3	3627
1050	149	94.5711295249	5	3632
1051	154	94.4841021935	3	3635
1052	154	94.5810763894	5	3640
1053	157	94.5135726009	1	3641
1054	152	94.51137503	7	3648
1055	149	94.4604671635	6	3654
1056	151	94.4101646344	5	3659
1057	150	94.4775592064	2	3661
1058	155	94.504831555	0	3661
1059	152	94.4145283908	2	3663
1060	156	94.43339828	5	3668
1061	160	94.4616739126	6	3674
1062	155	94.5239287477	6	3680
1063	159	94.475564091	5	3685
1064	158	94.4296701537	6	3691
1065	162	94.5141110587	2	3693
1066	162	94.539089465	5	3698
1067	157	94.455443325	0	3698
1068	161	94.3674967489	3	3701
1069	162	94.4666788819	2	3703
1070	160	94.5117433406	0	3703
1071	161	94.599990054	1	3704
1072	160	94.5283215106	2	3706
1073	163	94.5672745405	4	3710
1074	165	94.6583443825	0	3710
1075	169	94.5659296337	2	3712
1076	168	94.5680393659	3	3715
1077	165	94.4995179468	2	3717
1078	160	94.4277900002	0	3717
1079	161	94.329437072	3	3720
1080	166	94.3787151771	5	3725
1081	164	94.3981111451	5	3730
1082	168	94.3225866102	1	3731
1083	173	94.3202378176	1	3732
1084	170	94.2418273365	7	3739
1085	174	94.1656829335	4	3743
1086	175	94.262925832	6	3749
1087	176	94.2044385291	7	3756
1088	172	94.1355541456	3	3759
1089	173	94.1693938478	1	3760
1090	171	94.1607696738	6	3766
1091	167	94.2503370236	5	3771
1092	162	94.2129319423	6	3777
1093	161	94.2352492603	1	3778
1094	161	94.1452508025	0	3778
1095	156	94.1137885471	0	3778
1096	151	94.1801924418	6	3784
1097	146	94.2316370556	4	3788
1098	151	94.202202471	2	3790
1099	156	94.2260272679	2	3792
1100	158	94.2732550948	2	3794
1101	158	94.2876677573	3	3797
1102	153	94.2628124757	3	3800
1103	151	94.2413736952	6	3806
1104	149	94.1557322159	6	3812
1105	148	94.086353374	6	3818
1106	151	94.1151449328	3	3821
1107	148	94.0911541586	6	3827
1108	145	94.185543062	2	3829
1109	148	94.1792368493	2	3831
1110	145	94.2483543025	5	3836
1111	144	94.1960986066	7	3843
1112	140	94.2133447557	1	3844
1113	137	94.1982752655	3	3847
1114	141	94.168936135	0	3847
1115	136	94.1715467229	5	3852
1116	137	94.2494069162	1	3853
1117	142	94.2797373845	7	3860
1118	144	94.2270058392	5	3865
1119	141	94.2873476981	2	3867
1120	139	94.2739926767	7	3874
1121	134	94.3442894719	2	3876
1122	129	94.3473403377	2	3878
1123	134	94.2702470908	1	3879
1124	129	94.2133466982	1	3880
1125	133	94.2933702087	0	3880
1126	134	94.2633042983	6	3886
1127	135	94.3125369513	3	3889
1128	139	94.2127742131	4	3893
1129	144	94.3113144822	2	3895
1130	139	94.388241144	6	3901
1131	136	94.3908559727	1	3902
1132	132	94.3186297939	6	3908
1133	137	94.2816799102	2	3910
1134	142	94.3317371145	0	3910
1135	142	94.3333041718	6	3916
1136	143	94.2765941693	3	3919
1137	145	94.1915292956	3	3922
1138	149	94.2780913943	3	3925
1139	148	94.2596135485	4	3929
1140	153	94.3210278397	6	3935
1141	155	94.3876760138	3	3938
1142	157	94.3843707104	3	3941
1143	156	94.4625259506	1	3942
1144	151	94.506494381	7	3949
1145	150	94.5567457791	1	3950
1146	154	94.5700812872	3	3953
1147	153	94.6053869512	0	3953
1148	156	94.5439490662	2	3955
1149	155	94.4929989606	0	3955
1150	151	94.4496742174	4	3959
1151	154	94.4827967732	1	3960
1152	152	94.5092758325	0	3960
1153	153	94.4788912997	0	3960
1154	157	94.4866952555	7	3967
1155	157	94.3920962652	3	3970
1156	157	94.4551878979	5	3975
1157	160	94.3936781808	7	3982
1158	163	94.3463956162	1	3983
1159	166	94.3044836402	3	3986
1160	163	94.3124820872	3	3989
1161	163	94.3656572734	7	3996
1162	160	94.4256932401	1	3997
1163	161	94.3508914403	4	4001
1164	162	94.3197989377	2	4003
1165	163	94.3211410764	5	4008
1166	168	94.4058953861	5	4013
1167	163	94.5029536648	0	4013
1168	159	94.540881306	5	4018
1169	154	94.562810702	5	4023
1170	153	94.4945272701	1	4024
1171	156	94.5062130966	0	4024
1172	151	94.5660013878	2	4026
1173	154	94.5021240501	1	4027
1174	150	94.5364402132	2	4029
1175	152	94.5673176776	7	4036
1176	150	94.4893784051	4	4040
1177	147	94.4198163881	7	4047
1178	144	94.4344818834	4	4051
1179	139	94.3502874731	4	4055
1180	137	94.2558550299	4	4059
1181	136	94.225547014	6	4065
1182	140	94.2316942099	3	4068
1183	137	94.2876346651	6	4074
1184	133	94.3141288877	4	4078
1185	133	94.2972595306	1	4079
1186	138	94.2013346631	6	4085
1187	141	94.2928893662	1	4086
1188	142	94.3670037349	7	4093
1189	139	94.4221600153	5	4098
1190	139	94.4747857654	2	4100
1191	134	94.5126813492	5	4105
1192	134	94.4745575844	2	4107
1193	133	94.5130935715	3	4110
1194	138	94.5598508628	5	4115
1195	139	94.5311155	3	4118
1196	144	94.488542923	3	4121
1197	142	94.5024259052	6	4127
1198	146	94.515003472	5	4132
1199	150	94.4180061782	6	4138
1200	145	94.4559006987	3	4141
1201	148	94.4214078343	1	4142
1202	150	94.4487945384	0	4142
1203	146	94.5270002501	6	4148
1204	143	94.5324131747	2	4150
1205	138	94.60943519	6	4156
1206	135	94.6286011892	6	4162
1207	139	94.6575310427	6	4168
1208	137	94.6836052945	0	4168
1209	132	94.6250289375	7	4175
1210	128	94.5868613867	5	4180
1211	129	94.6604043968	3	4183
1212	129	94.5817791255	7	4190
1213	132	94.5554154474	2	4192
1214	137	94.6148461507	3	4195
1215	139	94.6207890469	5	4200
1216	142	94.5681605344	7	4207
1217	139	94.5653032724	2	4209
1218	142	94.5647941803	6	4215
1219	143	94.5797997945	6	4221
1220	139	94.6425918336	3	4224
1221	135	94.6813102049	5	4229
1222	137	94.7434618379	1	4230
1223	140	94.6832463253	1	4231
1224	136	94.6020865182	7	4238
1225	139	94.5356753493	0	4238
1226	143	94.5401337973	4	4242
1227	140	94.5972102757	5	4247
1228	135	94.6319326448	2	4249
1229	130	94.5323217084	5	4254
1230	131	94.4351570672	6	4260
1231	134	94.4341057589	3	4263
1232	138	94.5215396702	4	4267
1233	141	94.5661964006	6	4273
1234	142	94.5914331295	2	4275
1235	147	94.5125694523	2	4277
1236	142	94.5209717811	3	4280
1237	146	94.495038335	7	4287
1238	145	94.4268526058	5	4292
1239	149	94.4857633582	6	4298
1240	146	94.4339913333	2	4300
1241	144	94.3766023089	4	4304
1242	146	94.3862917363	7	4311
1243	151	94.406409543	6	4317
1244	156	94.4080219327	5	4322
1245	158	94.3969898835	0	4322
1246	158	94.3045585259	0	4322
1247	160	94.3569490352	2	4324
1248	165	94.4139956326	1	4325
1249	165	94.3860307029	1	4326
1250	161	94.4484921666	0	4326
1251	159	94.483969873	7	4333
1252	164	94.5755246414	6	4339
1253	166	94.6366210563	3	4342
1254	171	94.5677831518	2	4344
1255	173	94.5392021056	6	4350
1256	172	94.5321020246	7	4357
1257	169	94.4801047259	6	4363
1258	166	94.540366272	2	4365
1259	162	94.5201909438	1	4366
1260	166	94.611084782	3	4369
1261	165	94.6057819254	7	4376
1262	160	94.6781198218	3	4379
1263	158	94.7637513964	7	4386
1264	154	94.8411043666	5	4391
1265	151	94.886713051	2	4393
1266	151	94.9010387192	4	4397
1267	152	94.871925941	0	4397
1268	148	94.8279875864	6	4403
1269	149	94.7617103315	3	4406
1270	153	94.7515181653	2	4408
1271	153	94.7608757561	3	4411
1272	157	94.8329196082	6	4417
1273	157	94.8304416669	0	4417
1274	158	94.7810704272	5	4422
1275	156	94.684869055	4	4426
1276	152	94.6378344118	4	4430
1277	156	94.7141298015	1	4431
1278	160	94.6165759831	4	4435
1279	160	94.7070050208	2	4437
1280	161	94.805172417	6	4443
1281	165	94.8195975178	4	4447
1282	162	94.860593454	5	4452
1283	157	94.9061272695	5	4457
1284	158	94.9214987654	5	4462
1285	156	94.8737505825	7	4469
1286	160	94.7992305758	3	4472
1287	159	94.8781020235	0	4472
1288	158	94.9712574539	7	4479
1289	153	95.064265399	3	4482
1290	150	95.0848721799	7	4489
1291	153	95.086470523	6	4495
1292	155	95.1714195519	5	4500
1293	156	95.2033786538	1	4501
1294	160	95.2561900902	4	4505
1295	156	95.2766753038	5	4510
1296	158	95.1841666314	0	4510
1297	163	95.1123345362	5	4515
1298	162	95.1251959628	3	4518
1299	167	95.2090402363	6	4524
1300	166	95.1967878063	5	4529
1301	167	95.250975918	7	4536
1302	167	95.2884806443	6	4542
1303	172	95.3502872823	7	4549
1304	171	95.3028259398	7	4556
1305	176	95.2834425104	2	4558
1306	171	95.1845920014	1	4559
1307	166	95.1803839155	0	4559
1308	163	95.1017263757	1	4560
1309	162	95.0186042115	7	4567
1310	162	94.9622625692	3	4570
1311	159	94.9370287926	2	4572
1312	160	94.9909720919	6	4578
1313	165	94.9422388727	3	4581
1314	160	95.0131075042	6	4587
1315	161	95.0804790436	2	4589
1316	162	95.0876605192	3	4592
1317	158	95.1784194453	1	4593
1318	159	95.1139581705	0	4593
1319	158	95.1841266526	2	4595
1320	158	95.1344893981	2	4597
1321	156	95.1011748256	7	4604
1322	154	95.0518327274	7	4611
1323	159	95.077290622	0	4611
1324	164	95.0729733948	7	4618
1325	160	95.0665035709	3	4621
1326	161	94.9963282097	3	4624
1327	158	95.0469290006	0	4624
1328	156	94.9823523574	0	4624
1329	159	95.0352031046	7	4631
1330	164	95.1002955845	7	4638
1331	160	95.105078833	0	4638
1332	162	95.1552456716	3	4641
1333	165	95.0558076409	0	4641
1334	165	95.1130499141	2	4643
1335	163	95.0262054659	0	4643
1336	165	94.9692043758	2	4645
1337	170	94.965969785	2	4647
1338	165	94.9829840576	3	4650
1339	170	95.0300138514	3	4653
1340	171	94.9644840357	2	4655
1341	172	94.8689675878	6	4661
1342	175	94.8511821963	4	4665
1343	173	94.9245916699	1	4666
1344	176	94.937234922	5	4671
1345	178	94.9414258439	2	4673
1346	173	94.863769874	5	4678
1347	172	94.7965406037	3	4681
1348	173	94.8726176761	4	4685
1349	176	94.9614359796	7	4692
1350	181	95.0015513443	5	4697
1351	177	94.9118930468	5	4702
1352	174	94.8612556486	3	4705
1353	176	94.9150953714	7	4712
1354	174	94.9886805292	0	4712
1355	174	94.938624071	6	4718
1356	179	94.9738347169	3	4721
1357	181	94.8887862953	1	4722
1358	179	94.7894963965	6	4728
1359	177	94.7323901991	6	4734
1360	181	94.8167105767	3	4737
1361	180	94.7310084478	4	4741
1362	177	94.6425402911	7	4748
1363	172	94.5670268173	1	4749
1364	174	94.6295078114	5	4754
1365	179	94.6784162601	5	4759
1366	178	94.6219191994	7	4766
1367	178	94.6816658039	2	4768
1368	181	94.6700815397	6	4774
1369	182	94.5831896881	0	4774
1370	182	94.5047787142	0	4774
1371	185	94.5392035016	6	4780
1372	182	94.4712767523	7	4787
1373	178	94.4472237753	4	4791
1374	183	94.3594131086	0	4791
1375	182	94.3303422485	3	4794
1376	184	94.387722319	6	4800
1377	183	94.4714882964	1	4801
1378	184	94.3911987387	7	4808
1379	185	94.4057714458	3	4811
1380	180	94.353749727	6	4817
1381	183	94.2632519123	2	4819
1382	188	94.2127180152	4	4823
1383	185	94.1531300641	6	4829
1384	188	94.1473470103	6	4835
1385	189	94.0563403393	0	4835
1386	189	94.0668569965	1	4836
1387	194	94.0811427122	2	4838
1388	193	94.043855129	7	4845
1389	198	93.9595939759	6	4851
1390	200	93.9966733905	2	4853
1391	200	94.0759331626	1	4854
1392	200	94.0768349883	1	4855
1393	200	94.092464081	7	4862
1394	197	94.1608689975	6	4868
1395	196	94.1603241021	4	4872
1396	195	94.2394966859	4	4876
1397	193	94.2937463409	5	4881
1398	193	94.3174966502	0	4881
1399	192	94.2971163652	1	4882
1400	196	94.2650128574	1	4883
1401	192	94.3324509432	4	4887
1402	195	94.3817734325	1	4888
1403	200	94.4521931727	1	4889
1404	199	94.4298792778	4	4893
1405	200	94.3967010545	5	4898
1406	195	94.4393546458	1	4899
1407	200	94.3555840197	7	4906
1408	200	94.3364597346	4	4910
1409	200	94.4195518847	4	4914
1410	200	94.4716659963	7	4921
1411	195	94.5604800504	0	4921
1412	200	94.4687432819	6	4927
1413	200	94.4914319343	4	4931
1414	197	94.5213947611	7	4938
1415	199	94.5384643793	7	4945
1416	200	94.5044373745	7	4952
1417	197	94.4715647055	5	4957
1418	192	94.3922526519	7	4964
1419	190	94.4197680565	2	4966
1420	194	94.3256183993	4	4970
1421	196	94.2518029946	0	4970
1422	199	94.1718517397	3	4973
1423	200	94.2678924784	0	4973
1424	197	94.2782277222	4	4977
1425	196	94.2209392981	2	4979
1426	195	94.1520303897	6	4985
1427	193	94.214040971	6	4991
1428	194	94.2100165863	2	4993
1429	197	94.1121165492	0	4993
1430	192	94.1935559765	3	4996
1431	195	94.1068139474	0	4996
1432	193	94.2017014157	7	5003
1433	188	94.1046898559	1	5004
1434	190	94.0063870164	7	5011
1435	195	93.9763944067	5	5016
1436	193	93.9156233075	6	5022
1437	198	93.9470690584	6	5028
1438	200	93.8935244353	1	5029
1439	196	93.8072198881	4	5033
1440	200	93.7527874786	5	5038
1441	195	93.7554433582	7	5045
1442	194	93.8102438838	7	5052
1443	197	93.7364387067	0	5052
1444	200	93.7632383887	2	5054
1445	200	93.6784913736	3	5057
1446	196	93.6254418222	3	5060
1447	196	93.6410422206	3	5063
1448	200	93.6036763663	5	5068
1449	200	93.5441257109	3	5071
1450	197	93.5565100117	3	5074
1451	192	93.5835927696	7	5081
1452	192	93.4923677934	3	5084
1453	194	93.4367583817	3	5087
1454	191	93.5212997511	2	5089
1455	186	93.5604358507	1	5090
1456	191	93.4876631594	6	5096
1457	194	93.5380177856	7	5103
1458	194	93.4495139116	0	5103
1459	194	93.3983484742	1	5104
1460	197	93.4548385983	4	5108
1461	198	93.4745643693	6	5114
1462	198	93.4250157555	7	5121
1463	193	93.3335961528	7	5128
1464	194	93.3859259145	3	5131
1465	192	93.4040649146	2	5133
1466	191	93.4220146315	5	5138
1467	186	93.4254700472	7	5145
1468	187	93.3737298739	1	5146
1469	189	93.2799647568	0	5146
1470	189	93.1911104712	3	5149
1471	184	93.2180655072	7	5156
1472	189	93.2278786966	0	5156
1473	191	93.1685464018	0	5156
1474	195	93.0976383407	1	5157
1475	194	93.1154585422	1	5158
1476	191	93.1363140222	0	5158
1477	188	93.167931823	3	5161
1478	190	93.0715941418	7	5168
1479	194	92.9803124764	2	5170
1480	192	93.0055424781	7	5177
1481	197	93.039877731	7	5184
1482	199	93.0632243887	7	5191
1483	199	93.0617427497	4	5195
1484	200	93.1350604854	2	5197
1485	200	93.1931019233	6	5203
1486	200	93.1335405139	5	5208
1487	200	93.089934964	1	5209
1488	196	92.9971647085	7	5216
1489	192	93.0480805768	5	5221
1490	188	92.9928633735	1	5222
1491	184	92.9714343569	0	5222
1492	180	92.8969276825	2	5224
1493	183	92.9290485231	2	5226
1494	183	92.8797432662	2	5228
1495	181	92.7814009129	0	5228
1496	178	92.7403136084	0	5228
1497	177	92.6501296149	5	5233
1498	172	92.6075411537	3	5236
1499	173	92.5236890139	0	5236
1500	175	92.5586373329	7	5243
1501	170	92.4815389899	1	5244
1502	170	92.4722685006	3	5247
1503	173	92.5611058066	6	5253
1504	175	92.567540273	6	5259
1505	170	92.5602317583	6	5265
1506	169	92.5467121878	2	5267
1507	169	92.5059687972	5	5272
1508	167	92.4210497635	7	5279
1509	162	92.4464215395	4	5283
1510	158	92.5405514041	1	5284
1511	163	92.4747155408	5	5289
1512	159	92.4777505301	7	5296
1513	156	92.4476230241	7	5303
1514	151	92.3929109675	6	5309
1515	152	92.388611179	7	5316
1516	155	92.465664555	4	5320
1517	158	92.5321352585	0	5320
1518	159	92.5729961792	3	5323
1519	154	92.5807314758	7	5330
1520	155	92.4851904803	0	5330
1521	157	92.5850685403	1	5331
1522	162	92.4946526575	4	5335
1523	164	92.5156455773	3	5338
1524	162	92.439199578	1	5339
1525	161	92.4193446089	2	5341
1526	162	92.3388713478	1	5342
1527	167	92.4138996598	5	5347
1528	164	92.4424036213	0	5347
1529	168	92.4883182901	1	5348
1530	164	92.509821202	1	5349
1531	168	92.4611532782	3	5352
1532	168	92.3898071084	2	5354
1533	168	92.4631319799	1	5355
1534	168	92.5125890569	0	5355
1535	165	92.5259810657	7	5362
1536	160	92.6246545876	0	5362
1537	161	92.6342285612	7	5369
1538	160	92.6437282382	7	5376
1539	165	92.6924305025	7	5383
1540	167	92.6607478672	1	5384
1541	163	92.7142292548	5	5389
1542	159	92.6421812418	5	5394
1543	162	92.6377255826	4	5398
1544	162	92.6774349404	5	5403
1545	167	92.7460683694	5	5408
1546	168	92.654971586	4	5412
1547	163	92.5992674338	6	5418
1548	166	92.5975184143	0	5418
1549	162	92.5721421561	3	5421
1550	165	92.613863609	3	5424
1551	167	92.7091559571	3	5427
1552	168	92.636229704	3	5430
1553	173	92.5770461581	2	5432
1554	172	92.5030337058	5	5437
1555	173	92.4621124524	4	5441
1556	176	92.5475482554	6	5447
1557	172	92.5936492108	3	5450
1558	175	92.6729677733	5	5455
1559	170	92.6774444854	1	5456
1560	172	92.75488123	2	5458
1561	174	92.8276112609	2	5460
1562	174	92.8586091963	3	5463
1563	170	92.774590556	3	5466
1564	168	92.8255043191	7	5473
1565	172	92.769561064	4	5477
1566	168	92.8259761987	1	5478
1567	173	92.8689031816	1	5479
1568	175	92.9420188771	3	5482
1569	178	92.9131862065	0	5482
1570	179	92.8528652394	6	5488
1571	177	92.8061018421	6	5494
1572	176	92.7701202498	0	5494
1573	177	92.757940448	1	5495
1574	177	92.7518891973	0	5495
1575	176	92.6992088371	7	5502
1576	175	92.778031501	6	5508
1577	180	92.6910690697	0	5508
1578	185	92.7853847	7	5515
1579	184	92.8097515978	2	5517
1580	181	92.8392859616	3	5520
1581	176	92.9275742634	0	5520
1582	173	92.8284414116	4	5524
1583	174	92.8014673989	2	5526
1584	172	92.8274944129	3	5529
1585	173	92.7654854675	5	5534
1586	174	92.7872905544	3	5537
1587	178	92.7495408046	7	5544
1588	182	92.807514199	6	5550
1589	183	92.8235200979	7	5557
1590	181	92.8318019424	0	5557
1591	176	92.8884206132	3	5560
1592	181	92.9311958708	7	5567
1593	179	92.9416684746	5	5572
1594	183	92.9426380612	2	5574
1595	181	92.9247901058	1	5575
1596	184	93.0091570804	3	5578
1597	188	93.0721719337	7	5585
1598	183	93.0415258663	1	5586
1599	187	93.1092857639	1	5587
1600	183	93.0433051692	1	5588
1601	178	93.0291757588	4	5592
1602	173	93.0238949263	6	5598
1603	172	92.9258726643	7	5605
1604	170	92.9969194068	6	5611
1605	175	93.0851159078	7	5618
1606	178	93.0845452107	2	5620
1607	173	93.0344975134	7	5627
1608	176	93.0998713237	3	5630
1609	171	93.0859518891	1	5631
1610	170	93.1522241256	4	5635
1611	170	93.2375587704	3	5638
1612	165	93.2132341128	5	5643
1613	166	93.1657826488	4	5647
1614	170	93.1581517714	2	5649
1615	172	93.1635394984	1	5650
1616	177	93.2062332549	6	5656
1617	179	93.1224916692	1	5657
1618	177	93.0927868144	4	5661
1619	180	93.0286760657	1	5662
1620	183	92.9851184625	6	5668
1621	188	92.9475190586	5	5673
1622	188	93.0095263625	6	5679
1623	191	92.991632398	7	5686
1624	195	92.9082299402	1	5687
1625	190	92.8950629242	4	5691
1626	191	92.845237356	6	5697
1627	187	92.8366416952	6	5703
1628	191	92.8867254804	5	5708
1629	192	92.8240942163	1	5709
1630	195	92.900837373	7	5716
1631	197	92.9148070798	4	5720
1632	199	92.9987158003	2	5722
1633	200	93.072573736	5	5727
1634	195	93.1425184307	0	5727
1635	195	93.0670720173	5	5732
1636	199	93.097089083	1	5733
1637	199	93.1909755633	0	5733
1638	195	93.1849682943	2	5735
1639	193	93.2342750126	0	5735
1640	189	93.1642854014	5	5740
1641	193	93.1711580185	3	5743
1642	190	93.2551594812	3	5746
1643	195	93.1816533016	4	5750
1644	200	93.0834659258	6	5756
1645	200	93.1697672741	7	5763
1646	198	93.0963760045	5	5768
1647	197	93.0516804954	6	5774
1648	192	93.1362460096	3	5777
1649	197	93.1712465649	2	5779
1650	200	93.1248326089	7	5786
1651	198	93.2208285389	5	5791
1652	197	93.2147772962	0	5791
1653	196	93.1932656812	4	5795
1654	197	93.1922174511	6	5801
1655	199	93.2716246396	7	5808
1656	200	93.2339587315	0	5808
1657	196	93.3038070724	7	5815
1658	199	93.2256835212	3	5818
1659	198	93.1358503647	7	5825
1660	196	93.2035919617	5	5830
1661	195	93.1956444362	0	5830
1662	190	93.2347824617	6	5836
1663	188	93.2729769684	0	5836
1664	189	93.2608913228	1	5837
1665	188	93.2057817787	5	5842
1666	190	93.2313892842	3	5845
1667	187	93.311194635	1	5846
1668	186	93.3333766252	4	5850
1669	181	93.4033253901	1	5851
1670	179	93.3643496034	4	5855
1671	176	93.4478459941	6	5861
1672	174	93.4478680681	4	5865
1673	171	93.3511454664	1	5866
1674	173	93.2759494602	1	5867
1675	169	93.2711250371	6	5873
1676	166	93.1931421922	2	5875
1677	165	93.1153717396	4	5879
1678	165	93.0411009168	6	5885
1679	163	93.1337368427	2	5887
1680	158	93.2248583292	4	5891
1681	162	93.1653168831	3	5894
1682	166	93.0827287113	2	5896
1683	167	93.0407086162	3	5899
1684	167	93.0762735107	3	5902
1685	170	93.1082282209	4	5906
1686	169	93.047996005	5	5911
1687	173	93.0914973728	0	5911
1688	173	93.1779773625	2	5913
1689	172	93.2498715431	0	5913
1690	167	93.1592684291	2	5915
1691	165	93.2062588562	2	5917
1692	169	93.2722908887	3	5920
1693	172	93.3006865524	6	5926
1694	173	93.2543223814	5	5931
1695	173	93.3273978983	4	5935
1696	176	93.3418283683	1	5936
1697	172	93.3727078996	3	5939
1698	167	93.4167570786	4	5943
1699	164	93.4100694241	6	5949
1700	167	93.4763272233	2	5951
1701	165	93.4607547567	4	5955
1702	161	93.5344394954	7	5962
1703	164	93.4685046565	1	5963
1704	164	93.4945707344	0	5963
1705	163	93.5332515545	2	5965
1706	161	93.6137672637	2	5967
1707	166	93.5352461533	4	5971
1708	170	93.6333996336	2	5973
1709	170	93.6665521007	0	5973
1710	172	93.5929483657	5	5978
1711	176	93.6604308836	5	5983
1712	172	93.6173883051	6	5989
1713	173	93.5199603459	6	5995
1714	173	93.4414828953	1	5996
1715	168	93.3721345322	1	5997
1716	171	93.3844498593	3	6000
1717	168	93.3943292573	6	6006
1718	173	93.301141631	2	6008
1719	176	93.2427988561	7	6015
1720	174	93.1636269105	7	6022
1721	173	93.2297227096	2	6024
1722	177	93.2575524142	2	6026
1723	176	93.1763551757	7	6033
1724	178	93.1940663081	4	6037
1725	175	93.2513622187	7	6044
1726	179	93.3290161407	0	6044
1727	180	93.3761273887	1	6045
1728	182	93.2970020307	5	6050
1729	178	93.3705119988	2	6052
1730	181	93.4014757173	7	6059
1731	176	93.3163532563	7	6066
1732	171	93.2537099739	0	6066
1733	169	93.2847244219	2	6068
1734	169	93.3022183904	6	6074
1735	173	93.2257126191	1	6075
1736	171	93.2966367496	5	6080
1737	169	93.2468954598	7	6087
1738	167	93.2944841118	3	6090
1739	165	93.3831801812	2	6092
1740	167	93.3663814934	1	6093
1741	172	93.3075829901	1	6094
1742	175	93.2985588083	7	6101
1743	171	93.3916986904	6	6107
1744	175	93.4392879946	3	6110
1745	171	93.4795373448	5	6115
1746	172	93.5373842183	1	6116
1747	175	93.5618464456	6	6122
1748	175	93.5945597857	2	6124
1749	174	93.5345149567	7	6131
1750	176	93.5811808129	2	6133
1751	171	93.6031336374	1	6134
1752	174	93.5092997094	1	6135
1753	172	93.5548518664	4	6139
1754	173	93.580957141	3	6142
1755	168	93.5934748604	3	6145
1756	168	93.5715264395	3	6148
1757	168	93.5902191815	3	6151
1758	166	93.666697347	7	6158
1759	170	93.6163793086	3	6161
1760	165	93.5977875081	4	6165
1761	162	93.5250425669	0	6165
1762	159	93.6122477359	7	6172
1763	163	93.5550153768	3	6175
1764	165	93.4611364729	3	6178
1765	167	93.4836969105	3	6181
1766	165	93.5684231328	2	6183
1767	164	93.5609900857	7	6190
1768	166	93.6160296995	3	6193
1769	166	93.6535799645	4	6197
1770	165	93.6378480268	5	6202
1771	165	93.7188444774	3	6205
1772	169	93.6372360466	7	6212
1773	171	93.5584994161	4	6216
1774	170	93.6240032548	7	6223
1775	168	93.6453859877	2	6225
1776	171	93.5956207572	1	6226
1777	175	93.5836951463	3	6229
1778	171	93.524701684	0	6229
1779	172	93.4904515801	1	6230
1780	167	93.4397794311	6	6236
1781	167	93.3437677465	7	6243
1782	171	93.3123587908	1	6244
1783	168	93.3764351271	5	6249
1784	173	93.3279144105	7	6256
1785	172	93.2617388879	5	6261
1786	172	93.3064518271	5	6266
1787	169	93.2820320053	0	6266
1788	164	93.2935125526	1	6267
1789	162	93.2600458019	0	6267
1790	164	93.2179407524	3	6270
1791	165	93.2056488584	2	6272
1792	168	93.1970314157	3	6275
1793	170	93.1306303067	6	6281
1794	172	93.0872719403	7	6288
1795	173	93.1766159164	0	6288
1796	171	93.1985634769	3	6291
1797	175	93.2695059443	5	6296
1798	174	93.3132411928	7	6303
1799	171	93.4049266083	7	6310
1800	173	93.4698974438	3	6313
1801	172	93.4444661103	5	6318
1802	167	93.52494954	3	6321
1803	163	93.4323638169	6	6327
1804	160	93.3503879382	0	6327
1805	161	93.41914087	3	6330
1806	159	93.4602363073	2	6332
1807	155	93.3913273616	4	6336
1808	159	93.3793789069	6	6342
1809	164	93.3361859754	4	6346
1810	166	93.2498417257	2	6348
1811	170	93.3072736706	3	6351
1812	175	93.2991611377	2	6353
1813	180	93.2101118205	6	6359
1814	178	93.1437208796	7	6366
1815	181	93.1828847525	0	6366
1816	182	93.2510514201	6	6372
1817	184	93.1556306394	2	6374
1818	185	93.1358236663	7	6381
1819	186	93.0942900549	2	6383
1820	189	93.005713082	7	6390
1821	190	93.0819118584	6	6396
1822	195	93.0215500092	5	6401
1823	194	93.0975658693	3	6404
1824	199	93.0976894283	6	6410
1825	195	93.0077232366	1	6411
1826	198	92.9247118555	0	6411
1827	197	92.958442612	1	6412
1828	198	93.03811339	3	6415
1829	194	93.1198920274	2	6417
1830	199	93.0247231657	4	6421
1831	200	92.9845010405	1	6422
1832	199	92.9676996023	7	6429
1833	200	92.9081841788	5	6434
1834	200	92.9030773873	0	6434
1835	195	92.8873625477	2	6436
1836	194	92.8251762968	5	6441
1837	198	92.7951550824	2	6443
1838	195	92.7173426468	2	6445
1839	195	92.6499617315	4	6449
1840	199	92.7494612246	1	6450
1841	195	92.8413908424	3	6453
1842	193	92.7828519477	0	6453
1843	191	92.789716013	7	6460
1844	196	92.809612978	4	6464
1845	191	92.7909669197	6	6470
1846	195	92.7569376712	0	6470
1847	195	92.8203137875	6	6476
1848	197	92.8964518934	1	6477
1849	192	92.9605909652	5	6482
1850	192	92.8713705191	0	6482
1851	196	92.7727501751	0	6482
1852	200	92.6887549924	7	6489
1853	200	92.7708970121	4	6493
1854	199	92.7067918321	4	6497
1855	194	92.7017580556	2	6499
1856	189	92.6556916793	0	6499
1857	191	92.6322925765	2	6501
1858	194	92.5745711366	7	6508
1859	193	92.4774974249	1	6509
1860	188	92.4182677511	6	6515
1861	188	92.3885893132	0	6515
1862	193	92.4475861232	0	6515
1863	188	92.4527253521	5	6520
1864	185	92.4188573033	3	6523
1865	188	92.3228030713	1	6524
1866	185	92.3726476916	5	6529
1867	181	92.4131731306	6	6535
1868	184	92.4523658645	3	6538
1869	189	92.5148017963	1	6539
1870	188	92.57472741	0	6539
1871	185	92.4965647112	5	6544
1872	186	92.4203221531	5	6549
1873	184	92.4405918781	6	6555
1874	183	92.3805872103	5	6560
1875	186	92.316231955	6	6566
1876	188	92.2764682522	0	6566
1877	191	92.1964801914	6	6572
1878	190	92.2351492502	4	6576
1879	188	92.2512789186	2	6578
1880	190	92.2653546602	2	6580
1881	195	92.3236818044	7	6587
1882	191	92.409675807	2	6589
1883	187	92.3240061146	5	6594
1884	182	92.2315784284	4	6598
1885	183	92.1965876366	3	6601
1886	180	92.1486167849	2	6603
1887	177	92.1503961576	1	6604
1888	179	92.1434148062	6	6610
1889	180	92.1544053773	6	6616
1890	184	92.2093757546	6	6622
1891	184	92.2819213118	0	6622
1892	187	92.2377640575	4	6626
1893	187	92.1624452952	3	6629
1894	182	92.108870111	7	6636
1895	185	92.1074939273	4	6640
1896	183	92.0780546139	0	6640
1897	184	92.0278190622	1	6641
1898	187	92.0568077586	4	6645
1899	188	91.96375192	0	6645
1900	185	91.9652499923	4	6649
1901	184	92.0430528952	7	6656
1902	181	91.9626229287	4	6660
1903	176	91.9368483163	2	6662
1904	171	91.92634815	6	6668
1905	174	91.9371766299	3	6671
1906	173	91.9528312002	5	6676
1907	172	91.9282059605	1	6677
1908	172	91.9854998254	1	6678
1909	167	92.0719980848	3	6681
1910	172	92.1633989455	2	6683
1911	169	92.2263972349	0	6683
1912	168	92.2776918228	5	6688
1913	170	92.2670861658	2	6690
1914	167	92.2302621219	3	6693
1915	167	92.176766267	0	6693
1916	165	92.1160417274	7	6700
1917	169	92.1746476102	1	6701
1918	168	92.2009536768	6	6707
1919	170	92.2396288294	7	6714
1920	171	92.2933386701	5	6719
1921	171	92.246421206	4	6723
1922	176	92.24203289	1	6724
1923	179	92.2119405844	6	6730
1924	179	92.230640518	5	6735
1925	180	92.2521621892	7	6742
1926	179	92.1812172478	3	6745
1927	180	92.1206150677	7	6752
1928	182	92.1434597577	2	6754
1929	184	92.1692549766	0	6754
1930	180	92.2515157099	6	6760
1931	176	92.3478146595	2	6762
1932	172	92.2690712224	7	6769
1933	175	92.2855832491	1	6770
1934	174	92.2981865971	3	6773
1935	178	92.2588679157	0	6773
1936	177	92.1611935736	3	6776
1937	175	92.1290164536	6	6782
1938	177	92.1769702097	1	6783
1939	173	92.17598253	0	6783
1940	178	92.1410594364	3	6786
1941	175	92.1000625578	3	6789
1942	175	92.1079037815	0	6789
1943	174	92.0138188673	5	6794
1944	179	92.093251316	5	6799
1945	176	92.0298563729	5	6804
1946	175	92.0568077689	3	6807
1947	178	92.0225272463	3	6810
1948	174	92.0147702052	1	6811
1949	178	92.054440033	1	6812
1950	183	92.0596842714	3	6815
1951	187	92.0398137487	5	6820
1952	184	91.9866361786	5	6825
1953	181	91.9381981269	2	6827
1954	183	91.8931009511	5	6832
1955	178	91.9505404237	5	6837
1956	180	91.8723041895	7	6844
1957	179	91.9505339159	1	6845
1958	182	91.8597907767	7	6852
1959	177	91.8056098767	6	6858
1960	177	91.7232865849	4	6862
1961	179	91.6361585351	5	6867
1962	180	91.7112782278	3	6870
1963	185	91.6123444134	7	6877
1964	185	91.5357872226	6	6883
1965	182	91.5972653332	4	6887
1966	185	91.5537770605	0	6887
1967	180	91.542246152	5	6892
1968	175	91.55472956	0	6892
1969	175	91.6434633441	7	6899
1970	180	91.6032478819	3	6902
1971	185	91.6191346503	4	6906
1972	182	91.7080797182	6	6912
1973	184	91.7734299969	5	6917
1974	187	91.6784310644	5	6922
1975	182	91.5948009653	4	6926
1976	179	91.6179389091	7	6933
1977	183	91.5871509144	6	6939
1978	188	91.6706485943	0	6939
1979	185	91.6243517386	4	6943
1980	188	91.5403387564	3	6946
1981	191	91.454178244	6	6952
1982	186	91.5190135226	0	6952
1983	189	91.4357548104	0	6952
1984	188	91.4509628417	2	6954
1985	191	91.4167495837	1	6955
1986	191	91.3652524632	7	6962
1987	187	91.2652828284	4	6966
1988	187	91.3186621385	7	6973
1989	184	91.3889921785	2	6975
1990	182	91.4016084138	1	6976
1991	177	91.4731269989	6	6982
1992	173	91.4961678758	2	6984
1993	176	91.5799451309	5	6989
1994	176	91.5736694236	3	6992
1995	177	91.4779904303	4	6996
1996	176	91.5555447477	6	7002
1997	174	91.4661080331	7	7009
1998	174	91.5623762064	6	7015
1999	172	91.6214162111	3	7018
2000	169	91.5587550919	7	7025
2001	170	91.6323140544	3	7028
2002	168	91.6666541019	0	7028
2003	168	91.7536670858	7	7035
2004	170	91.7662059338	7	7042
2005	174	91.701176154	7	7049
2006	172	91.7851333352	6	7055
2007	177	91.8028698407	1	7056
2008	173	91.753770432	5	7061
2009	178	91.8398590106	7	7068
2010	176	91.7606027293	5	7073
2011	181	91.8450975234	0	7073
2012	185	91.7899024104	1	7074
2013	180	91.7359733911	3	7077
2014	180	91.7376523665	5	7082
2015	178	91.7549751846	0	7082
2016	179	91.7520921549	2	7084
2017	176	91.7436531127	1	7085
2018	171	91.6528106534	3	7088
2019	170	91.7193830555	3	7091
2020	167	91.6563488175	4	7095
2021	167	91.6121070185	0	7095
2022	170	91.6170148989	5	7100
2023	172	91.5186063239	0	7100
2024	174	91.5171187639	4	7104
2025	173	91.4584014227	1	7105
2026	173	91.5201866937	6	7111
2027	171	91.5837137873	5	7116
2028	176	91.5170064893	6	7122
2029	176	91.5277445534	7	7129
2030	171	91.4979160941	0	7129
2031	175	91.546410004	2	7131
2032	172	91.5580434713	0	7131
2033	173	91.6541779792	2	7133
2034	168	91.6627867693	1	7134
2035	166	91.7616669587	5	7139
2036	166	91.8417098196	5	7144
2037	169	91.8906326464	0	7144
2038	168	91.8165485326	7	7151
2039	172	91.7400446559	6	7157
2040	175	91.7196605687	2	7159
2041	177	91.6241437578	1	7160
2042	179	91.6228897316	6	7166
2043	182	91.5337822901	7	7173
2044	181	91.5871554298	2	7175
2045	183	91.5046976434	2	7177
2046	181	91.5910598482	4	7181
2047	183	91.6668762983	5	7186
2048	183	91.5700513221	6	7192
2049	178	91.4899874684	3	7195
2050	178	91.4225698906	4	7199
2051	179	91.4044604811	5	7204
2052	177	91.3643455983	7	7211
2053	182	91.2811641839	4	7215
2054	182	91.1931584982	6	7221
2055	184	91.1082888568	0	7221
2056	182	91.0998263042	7	7228
2057	177	91.1510179552	3	7231
2058	181	91.0532058933	7	7238
2059	178	90.9916991992	5	7243
2060	180	91.0442585874	5	7248
2061	180	91.0615332275	5	7253
2062	179	90.9749686534	2	7255
2063	175	90.8775745383	1	7256
2064	180	90.7982836997	2	7258
2065	180	90.7425326736	1	7259
2066	181	90.8193121076	0	7259
2067	177	90.8294337452	4	7263
2068	173	90.8139669508	7	7270
2069	172	90.8690737021	7	7277
2070	177	90.8935268324	2	7279
2071	182	90.8050272523	7	7286
2072	179	90.8110570314	7	7293
2073	184	90.7424265511	2	7295
2074	183	90.7203792032	5	7300
2075	183	90.7663521142	1	7301
2076	182	90.8021755194	0	7301
2077	178	90.898665935	1	7302
2078	175	90.9103495215	7	7309
2079	179	90.9145658785	0	7309
2080	178	90.9966469471	6	7315
2081	176	90.9517184174	3	7318
2082	171	90.950725648	3	7321
2083	166	91.0191267485	2	7323
2084	167	90.921430906	5	7328
2085	168	91.0045355083	5	7333
2086	165	91.0002944051	4	7337
2087	169	91.0929513964	4	7341
2088	170	91.0051702387	2	7343
2089	170	90.9560618327	3	7346
2090	165	90.8642603943	0	7346
2091	164	90.8220103463	4	7350
2092	161	90.8839591739	3	7353
2093	156	90.9553441922	4	7357
2094	157	90.896058383	4	7361
2095	156	90.9556451418	0	7361
2096	151	90.8799081402	5	7366
2097	147	90.8219332869	2	7368
2098	150	90.8232215609	3	7371
2099	150	90.896235883	1	7372
2100	154	90.8198494461	5	7377
2101	149	90.8559274642	4	7381
2102	144	90.8719719019	3	7384
2103	147	90.8963685695	2	7386
2104	144	90.8673678514	0	7386
2105	142	90.7883218527	2	7388
2106	139	90.8506299492	4	7392
2107	134	90.8522078196	2	7394
2108	134	90.9514081432	5	7399
2109	134	90.8676391685	3	7402
2110	139	90.8228186821	4	7406
2111	134	90.7867715951	1	7407
2112	139	90.6974331146	6	7413
2113	142	90.6433646525	6	7419
2114	142	90.6272476969	5	7424
2115	139	90.5784946671	0	7424
2116	142	90.4994989948	4	7428
2117	144	90.5163717313	7	7435
2118	146	90.5962093347	6	7441
2119	143	90.5639863565	6	7447
2120	148	90.6020040355	7	7454
2121	152	90.5101158758	6	7460
2122	151	90.5132144956	4	7464
2123	152	90.5929515295	3	7467
2124	149	90.6926817445	3	7470
2125	147	90.7424907094	4	7474
2126	151	90.6814871524	0	7474
2127	150	90.6551639379	5	7479
2128	153	90.7232157466	2	7481
2129	155	90.7309608723	5	7486
2130	158	90.8017450612	6	7492
2131	161	90.8480908026	2	7494
2132	156	90.7943303729	0	7494
2133	152	90.764074099	5	7499
2134	148	90.8200026094	2	7501
2135	150	90.8393282543	4	7505
2136	152	90.7445376506	0	7505
2137	151	90.7471779612	3	7508
2138	149	90.6924140263	6	7514
2139	148	90.6083349079	6	7520
2140	148	90.5193586205	6	7526
2141	148	90.4680254464	5	7531
2142	149	90.4609697102	4	7535
2143	150	90.553530982	6	7541
2144	145	90.5981494071	1	7542
2145	150	90.6040287117	4	7546
2146	155	90.5148878124	2	7548
2147	153	90.4261529646	6	7554
2148	158	90.5006167241	7	7561
2149	156	90.5279272311	2	7563
2150	156	90.5897527036	1	7564
2151	158	90.5540954059	1	7565
2152	161	90.4550669152	4	7569
2153	165	90.5299452684	4	7573
2154	164	90.5459709071	0	7573
2155	169	90.4999699063	7	7580
2156	168	90.5519800279	5	7585
2157	164	90.6297556663	3	7588
2158	165	90.7009635608	3	7591
2159	162	90.7987273833	0	7591
2160	162	90.6988217746	5	7596
2161	159	90.7424017567	1	7597
2162	158	90.7301919154	6	7603
2163	161	90.7234868694	7	7610
2164	158	90.6883819589	1	7611
2165	156	90.6967911409	1	7612
2166	160	90.7014257349	2	7614
2167	155	90.7925724955	1	7615
2168	159	90.796856427	4	7619
2169	159	90.8452815802	7	7626
2170	160	90.7631101725	5	7631
2171	158	90.7820375163	3	7634
2172	153	90.7068501705	2	7636
2173	154	90.7171830385	3	7639
2174	156	90.7490181959	2	7641
2175	153	90.6971010059	5	7646
2176	149	90.7188058408	4	7650
2177	154	90.7071961956	5	7655
2178	149	90.6819906985	1	7656
2179	153	90.6038200231	1	7657
2180	153	90.6980579398	1	7658
2181	152	90.7549225159	6	7664
2182	151	90.8480967677	5	7669
2183	152	90.7704716762	7	7676
2184	157	90.7382512896	6	7682
2185	154	90.7919257189	0	7682
2186	155	90.7370310009	2	7684
2187	157	90.6377863844	4	7688
2188	161	90.558698983	6	7694
2189	157	90.4908702619	4	7698
2190	156	90.466408631	1	7699
2191	161	90.4759923082	6	7705
2192	159	90.4387292781	5	7710
2193	156	90.4540235508	6	7716
2194	157	90.5147099158	6	7722
2195	155	90.5923643186	2	7724
2196	151	90.5838365884	3	7727
2197	155	90.5260391994	0	7727
2198	154	90.5266644557	0	7727
2199	157	90.5744547737	7	7734
2200	157	90.5381713308	5	7739
2201	155	90.5550628321	0	7739
2202	160	90.6168509167	3	7742
2203	159	90.6621257628	0	7742
2204	163	90.5942803366	6	7748
2205	163	90.4987265569	4	7752
2206	160	90.4876677973	3	7755
2207	157	90.4559723381	4	7759
2208	159	90.39816708	1	7760
2209	164	90.3268224253	5	7765
2210	163	90.4044939559	3	7768
2211	165	90.402930311	6	7774
2212	163	90.4142929845	7	7781
2213	159	90.3537125326	0	7781
2214	160	90.4121014399	3	7784
2215	161	90.4212185439	0	7784
2216	156	90.5013968971	6	7790
2217	152	90.4966770353	1	7791
2218	152	90.4757101965	5	7796
2219	147	90.5217848213	2	7798
2220	142	90.4729780129	6	7804
2221	140	90.4458253496	7	7811
2222	143	90.4104233411	2	7813
2223	148	90.46155952	6	7819
2224	148	90.4965784066	0	7819
2225	145	90.3985822402	4	7823
2226	147	90.333176236	4	7827
2227	144	90.3747818873	1	7828
2228	145	90.4573768489	6	7834
2229	150	90.5124642165	2	7836
2230	154	90.4656628285	1	7837
2231	153	90.3937099157	4	7841
2232	157	90.3091323307	1	7842
2233	155	90.362263442	6	7848
2234	152	90.2864333388	0	7848
2235	153	90.3293292127	1	7849
2236	155	90.2803583861	0	7849
2237	158	90.3180509299	6	7855
2238	153	90.3787059736	5	7860
2239	152	90.4356084644	7	7867
2240	149	90.4444058324	3	7870
2241	147	90.3776946029	5	7875
2242	151	90.4300443837	7	7882
2243	151	90.4088279765	6	7888
2244	151	90.3289998652	1	7889
2245	155	90.2629707743	6	7895
2246	158	90.297549625	5	7900
2247	154	90.2612735242	2	7902
2248	159	90.2962241979	6	7908
2249	160	90.268588753	5	7913
2250	155	90.292639613	1	7914
2251	155	90.3132814408	3	7917
2252	158	90.3653230652	3	7920
2253	154	90.3961134811	3	7923
2254	153	90.3022645074	0	7923
2255	152	90.3260962393	7	7930
2256	155	90.3631706649	4	7934
2257	153	90.4038669078	2	7936
2258	157	90.4413740356	4	7940
2259	158	90.5098528492	2	7942
2260	156	90.4614883744	3	7945
2261	157	90.4791811116	7	7952
2262	156	90.5075862403	2	7954
2263	156	90.5592227024	2	7956
2264	157	90.4746653988	3	7959
2265	159	90.5388445779	7	7966
2266	160	90.553309438	6	7972
2267	164	90.6472055791	2	7974
2268	163	90.5506473033	6	7980
2269	158	90.5847837155	6	7986
2270	153	90.68000252	7	7993
2271	157	90.6914523702	4	7997
2272	160	90.6198058933	6	8003
2273	156	90.5710837312	5	8008
2274	158	90.6221825762	7	8015
2275	161	90.7077997057	1	8016
2276	164	90.7050777118	0	8016
2277	164	90.60563091	5	8021
2278	167	90.6462689735	2	8023
2279	171	90.7101666016	2	8025
2280	173	90.6381972382	4	8029
2281	176	90.7262018573	4	8033
2282	181	90.770931932	7	8040
2283	186	90.8692653524	5	8045
2284	185	90.9520952624	0	8045
2285	184	90.921616834	2	8047
2286	186	90.9840478533	6	8053
2287	181	91.0436991762	6	8059
2288	177	91.0693788129	5	8064
2289	182	91.1349237473	7	8071
2290	177	91.2149788079	0	8071
2291	178	91.1897712125	1	8072
2292	183	91.277166558	0	8072
2293	178	91.2767171019	7	8079
2294	174	91.3666717851	0	8079
2295	179	91.3868436139	7	8086
2296	175	91.4584526355	0	8086
