1	129	5	94.9924469119
2	133	6	95.0844459032
3	138	7	95.1121204447
4	138	12	95.0957018181
5	142	14	95.0549248766
6	147	20	95.0758230623
7	151	23	95.0625979691
8	154	29	95.1320526633
9	149	35	95.2100050421
10	149	41	95.2878443343
11	151	42	95.3271790363
12	148	48	95.2927174542
13	143	52	95.2157145743
14	138	59	95.1965792043
15	136	66	95.124979259
16	136	71	95.1669983569
17	137	73	95.1251004907
18	135	75	95.2089257172
19	136	79	95.2601687628
20	141	85	95.2423601966
21	146	89	95.3124466977
22	141	91	95.2133107158
23	140	92	95.3040577761
24	143	94	95.3427611731
25	143	97	95.2590800547
26	148	102	95.2187493101
27	143	102	95.1456917848
28	139	104	95.1255044912
29	140	110	95.1735159235
30	145	110	95.0900248932
31	142	115	94.9953665144
32	141	116	94.9470099228
33	146	122	94.9237239143
34	148	123	94.8925957352
35	150	124	94.9518311465
36	149	127	95.0078866243
37	152	131	94.9386098265
38	150	135	94.9377331326
39	151	142	94.9326498059
40	152	142	95.0205192022
41	154	142	95.1059310057
42	149	149	95.0711434404
43	152	149	95.0464678511
44	148	155	94.9813725515
45	151	162	94.9915138558
46	155	168	94.9050480978
47	152	170	94.8116399475
48	153	177	94.7901963854
49	158	178	94.8436456647
50	153	183	94.8229039905
51	149	190	94.7427205686
52	150	191	94.8022325312
53	148	197	94.7570731109
54	147	202	94.7131098765
55	142	205	94.7809061267
56	141	207	94.7443919403
57	136	212	94.6687033526
58	141	217	94.7271452595
59	142	219	94.7335162701
60	141	223	94.751369267
61	137	223	94.8094364175
62	141	223	94.7812329066
63	136	229	94.8386087249
64	137	232	94.8292178914
65	133	235	94.8930667061
66	131	239	94.8564097165
67	135	242	94.9076464758
68	131	247	94.8915117324
69	135	249	94.9079717149
70	135	250	94.928190634
71	137	254	94.9091983555
72	141	261	94.9506168559
73	139	268	94.8595872894
74	143	272	94.9196929794
75	145	278	94.877869937
76	141	278	94.904139101
77	146	285	94.9271440369
78	144	288	94.9844840702
79	139	294	94.9689811344
80	138	295	95.0593198702
81	140	296	95.0647129572
82	141	300	95.1150559312
83	142	306	95.0666129424
84	139	307	94.973564767
85	134	310	94.8962778274
86	137	314	94.9251217201
87	141	320	94.8957363821
88	141	321	94.8475316431
89	140	328	94.7676374991
90	135	334	94.6985231159
91	135	337	94.6770898701
92	134	337	94.6082029195
93	133	339	94.5787324765
94	138	346	94.6051463293
95	143	351	94.6383444413
96	146	354	94.6125018865
97	142	360	94.5463383746
98	143	366	94.5889250814
99	142	373	94.5806150545
100	137	378	94.6159132631
101	134	380	94.5594412821
102	132	387	94.5019961139
103	130	389	94.4027251988
104	128	393	94.3930970762
105	132	398	94.4238973092
106	129	402	94.5212005124
107	127	406	94.5586447582
108	130	412	94.5894578077
109	126	418	94.6313455722
110	128	418	94.5328591597
111	125	420	94.5436405815
112	122	423	94.4544042012
113	123	425	94.3803805871
114	118	428	94.3360018241
115	115	430	94.3611142005
116	110	435	94.3806776395
117	112	437	94.4199464094
118	113	443	94.4665539122
119	113	444	94.5384868662
120	117	447	94.4897738371
121	114	452	94.5799781434
122	111	459	94.5783449201
123	113	464	94.5480279864
124	118	468	94.554255346
125	116	472	94.4889089787
126	111	473	94.4055430228
127	115	474	94.4442890425
128	118	476	94.3498054378
129	116	476	94.433909379
130	120	478	94.3426413571
131	124	485	94.3125486378
132	121	492	94.3006805704
133	118	498	94.2860519652
134	121	503	94.3022085885
135	119	506	94.2516018059
136	122	510	94.258943209
137	123	512	94.2205686361
138	118	518	94.1701542449
139	119	522	94.2363203541
140	122	522	94.2018616527
141	127	528	94.3011250913
142	124	534	94.2906978746
143	126	538	94.2123302558
144	127	541	94.2430443972
145	128	546	94.3319310767
146	131	550	94.2475214572
147	136	555	94.1539662417
148	133	558	94.2087821823
149	135	563	94.2294484915
150	138	566	94.1635440057
151	140	570	94.077181532
152	135	572	94.173592424
153	135	578	94.2317813289
154	130	578	94.2072883875
155	129	579	94.1237245733
156	128	581	94.0636138312
157	132	585	93.9786977982
158	128	590	93.9837033347
159	123	597	94.0297382184
160	125	600	94.029649672
161	126	602	94.0370546874
162	129	609	94.1047283444
163	124	610	94.034760797
164	120	614	94.0896962618
165	123	614	94.1669986591
166	123	619	94.1832724123
167	118	621	94.1584539013
168	123	626	94.0875321677
169	118	633	94.1430470087
170	120	638	94.0527783668
171	125	642	94.0828812664
172	125	644	94.158569401
173	125	644	94.1238489484
174	127	644	94.1871806395
175	130	651	94.1652542266
176	127	656	94.1682479968
177	127	661	94.1912012751
178	131	665	94.1830710021
179	134	667	94.2179519089
180	132	667	94.199935551
181	136	668	94.1081655485
182	135	671	94.0256491116
183	135	671	94.0426899742
184	130	671	93.9773890294
185	134	678	94.0627161198
186	137	681	93.9789481631
187	140	688	93.9389349772
188	145	693	93.9337544644
189	143	700	93.833866655
190	141	701	93.827346059
191	137	701	93.834676823
192	134	703	93.7570514602
193	137	703	93.6898009188
194	133	703	93.6977359928
195	129	709	93.6190023214
196	125	715	93.6226107666
197	120	721	93.5405276063
198	123	725	93.6211994074
199	126	728	93.6685082307
200	121	729	93.701461936
201	119	734	93.7129339633
202	122	740	93.7662815517
203	119	745	93.787788634
204	120	752	93.8232502978
205	121	755	93.8587697614
206	117	760	93.9132355366
207	120	763	93.9372999269
208	121	766	94.0197545788
209	116	770	93.9997496023
210	113	776	93.9866598963
211	112	783	93.9424568431
212	117	785	93.946654358
213	114	790	93.8802814281
214	117	794	93.9629112875
215	118	799	93.9765279491
216	118	800	93.9226827338
217	119	806	93.9005414545
218	120	809	93.9002262959
219	120	813	93.820114393
220	124	815	93.8633688589
221	120	816	93.8716943163
222	121	822	93.8078824268
223	123	822	93.7677136504
224	118	826	93.6921131016
225	113	827	93.6740541603
226	115	834	93.611803155
227	111	834	93.5501380543
228	111	834	93.5591425215
229	109	840	93.5699492318
230	112	843	93.6103356053
231	107	844	93.6220462577
232	109	849	93.6237514722
233	110	856	93.5943317665
234	114	862	93.6904367718
235	117	868	93.7159330084
236	113	873	93.6797144021
237	109	879	93.7585136751
238	108	879	93.6589776704
239	104	884	93.5802561719
240	109	890	93.609308177
241	106	894	93.5976112153
242	107	899	93.6265772967
243	107	905	93.7103531702
244	107	908	93.7475614597
245	106	913	93.6729548048
246	108	916	93.6739075293
247	112	918	93.601159479
248	113	921	93.5834273296
249	114	928	93.5400900834
250	110	931	93.5271646471
251	109	931	93.4626597017
252	108	937	93.4105332069
253	105	938	93.5060871462
254	104	940	93.5302639043
255	99	943	93.5933891175
256	97	944	93.5992536167
257	93	948	93.545991372
258	94	953	93.5976894592
259	92	955	93.5987537074
260	90	960	93.6527807152
261	95	960	93.7472370541
262	100	962	93.6548261104
263	96	966	93.5782672541
264	101	971	93.5528283495
265	96	975	93.5929534263
266	98	975	93.4933611322
267	98	978	93.5265436747
268	96	979	93.4884902912
269	95	983	93.5675415135
270	92	986	93.5383948616
271	94	991	93.5784431583
272	90	997	93.647936603
273	88	997	93.6959400867
274	90	998	93.670519633
275	87	1004	93.67053995
276	89	1011	93.7125630555
277	88	1011	93.7315431935
278	90	1015	93.7325548545
279	90	1018	93.6379085739
280	93	1023	93.6413699432
281	97	1030	93.5736696385
282	92	1035	93.5170900504
283	93	1039	93.5384268182
284	94	1042	93.5678171374
285	99	1045	93.6028111168
286	104	1048	93.6162612142
287	105	1048	93.6712266435
288	103	1054	93.650209675
289	104	1057	93.6311640755
290	104	1059	93.5365878239
291	102	1062	93.59451039
292	104	1067	93.6920847141
293	107	1071	93.7430102941
294	102	1072	93.7210644024
295	100	1077	93.723924908
296	97	1079	93.6246380017
297	95	1079	93.6373419016
298	97	1082	93.698469788
299	102	1085	93.7247786639
300	107	1085	93.629030802
301	109	1086	93.5955983003
302	106	1089	93.5365064632
303	109	1089	93.5154136497
304	107	1090	93.5583432127
305	107	1096	93.5975304736
306	111	1100	93.5681265179
307	110	1105	93.4751232011
308	114	1107	93.5131186638
309	112	1109	93.427980761
310	107	1112	93.4395322915
311	103	1117	93.3636827387
312	105	1124	93.338387311
313	106	1130	93.3117799492
314	103	1133	93.3770146145
315	101	1140	93.2917491514
316	100	1147	93.2566442374
317	97	1147	93.2724727024
318	92	1154	93.2066925828
319	90	1160	93.2520979011
320	85	1162	93.3498175286
321	80	1164	93.3053393644
322	85	1170	93.3689585313
323	83	1171	93.3384649983
324	83	1177	93.3750032487
325	85	1184	93.4670673835
326	85	1185	93.5234005248
327	90	1189	93.6050496158
328	88	1193	93.5656610298
329	91	1193	93.578545869
330	87	1200	93.5429460896
331	88	1204	93.4830928018
332	86	1209	93.4598147159
333	83	1215	93.4201627595
334	88	1221	93.4552606524
335	89	1222	93.4501266611
336	84	1223	93.3543287201
337	88	1223	93.2746353689
338	85	1225	93.3079237016
339	81	1225	93.3001359852
340	80	1226	93.3284571664
341	81	1229	93.3113107269
342	81	1235	93.2939775315
343	78	1240	93.2553606958
344	82	1245	93.1812040264
345	86	1252	93.1988772784
346	84	1258	93.1993919494
347	89	1261	93.189497065
348	84	1261	93.1182389
349	80	1261	93.0257095881
350	79	1267	93.0798732693
351	80	1271	93.1750917248
352	85	1272	93.2601461207
353	84	1275	93.1702675258
354	81	1277	93.0924336583
355	76	1277	93.0643911248
356	79	1282	93.1200522096
357	75	1283	93.1360217579
358	74	1283	93.0727371456
359	72	1287	93.0219921514
360	70	1287	92.934829383
361	72	1293	92.9215155645
362	69	1300	92.8613020689
363	72	1305	92.8023692224
364	67	1306	92.7959275082
365	64	1306	92.805071132
366	66	1312	92.8049559249
367	63	1313	92.7205272824
368	68	1315	92.7506495449
369	66	1319	92.8228341634
370	68	1319	92.757635484
371	65	1326	92.8409992498
372	67	1330	92.8396220021
373	70	1331	92.8432529024
374	69	1333	92.8918579901
375	65	1334	92.8299483648
376	66	1336	92.7684393041
377	61	1343	92.8674523037
378	62	1344	92.9112390686
379	62	1344	92.9221880692
380	59	1350	92.9387200455
381	58	1355	92.8662352339
382	60	1357	92.9552486171
383	57	1359	92.8781193421
384	55	1365	92.9541466038
385	51	1372	92.8976893192
386	50	1374	92.931987018
387	50	1374	92.994908058
388	50	1374	93.0308780814
389	50	1380	93.0632971795
390	50	1383	93.043090262
391	50	1388	93.0371692702
392	50	1395	92.9841358807
393	51	1400	93.014579692
394	55	1401	92.9678953605
395	55	1406	93.0599542354
396	55	1408	93.0440580404
397	56	1409	93.113462867
398	56	1416	93.0303317171
399	55	1423	93.0442894368
400	51	1430	93.0232393484
401	55	1435	92.9975853004
402	52	1438	93.0402013198
403	52	1439	93.0794005593
404	50	1441	93.1625619002
405	50	1445	93.164639898
406	50	1447	93.2064750543
407	50	1447	93.3014029715
408	50	1448	93.2222117186
409	50	1455	93.1651124299
410	50	1455	93.1907376583
411	50	1461	93.2843499307
412	50	1465	93.2028141267
413	53	1472	93.2019168866
414	57	1479	93.2549690695
415	54	1486	93.1881149232
416	54	1488	93.14455857
417	58	1493	93.2283015526
418	53	1495	93.2754829581
419	50	1495	93.2944234572
420	54	1496	93.3881841105
421	57	1499	93.427907628
422	61	1500	93.3705954576
423	56	1501	93.4675898833
424	53	1503	93.4217359981
425	51	1507	93.4088048691
426	55	1513	93.4484877369
427	53	1517	93.4285687864
428	50	1520	93.4322552046
429	50	1520	93.4457427488
430	50	1527	93.3571470519
431	50	1532	93.2613354892
432	53	1535	93.2974816509
433	50	1540	93.2535329425
434	50	1547	93.2621079923
435	55	1551	93.3549601144
436	60	1553	93.402981587
437	57	1556	93.4278774422
438	52	1557	93.3410089572
439	50	1559	93.4275508118
440	50	1565	93.4880442756
441	53	1568	93.575848572
442	53	1570	93.4890476901
443	50	1573	93.500882526
444	50	1574	93.498559857
445	53	1579	93.4789927626
446	54	1583	93.5704571269
447	55	1585	93.5674964857
448	50	1592	93.5319472504
449	55	1593	93.4885696792
450	54	1594	93.4934629263
451	56	1597	93.435144191
452	55	1597	93.3441687296
453	50	1598	93.2751459393
454	54	1601	93.2161547538
455	55	1601	93.1885592535
456	57	1607	93.1194244173
457	54	1611	93.0412436061
458	55	1611	93.133722753
459	58	1615	93.1810241613
460	60	1622	93.1279262282
461	65	1623	93.0294785054
462	70	1624	93.0825315978
463	66	1631	93.17041449
464	64	1632	93.0957813107
465	61	1633	93.0386497879
466	62	1639	92.9575416543
467	63	1644	93.0046280998
468	62	1647	93.0661760031
469	65	1649	93.0801091773
470	65	1652	93.0132126334
471	70	1652	92.950465858
472	66	1658	93.0216549517
473	63	1664	93.089574955
474	60	1666	93.0413514169
475	62	1667	92.9914019121
476	66	1668	92.978537375
477	61	1672	92.966839384
478	59	1679	92.8837392346
479	57	1681	92.971563974
480	57	1688	93.038860199
481	60	1693	93.1035347037
482	61	1699	93.0895411865
483	56	1702	93.1784520409
484	56	1709	93.2533969003
485	53	1712	93.3470021423
486	57	1713	93.3628023507
487	54	1718	93.3519468357
488	56	1718	93.3294712226
489	61	1721	93.2815990377
490	57	1724	93.3532035571
491	53	1731	93.4440551888
492	52	1735	93.426987765
493	56	1742	93.3753753818
494	55	1746	93.4093167598
495	56	1752	93.4401297881
496	55	1756	93.4757101767
497	54	1760	93.5316313599
498	55	1763	93.5697734499
499	50	1765	93.5103022898
500	50	1767	93.4672157573
501	50	1774	93.431288489
502	50	1774	93.4056880731
503	54	1776	93.4402442931
504	56	1783	93.4446092695
505	52	1790	93.534439481
506	50	1791	93.5246956428
507	52	1795	93.4300315365
508	50	1801	93.4726381304
509	50	1801	93.440947504
510	50	1804	93.351997866
511	50	1804	93.3529186681
512	50	1808	93.3461862924
513	50	1811	93.3780313861
514	50	1812	93.3153591045
515	50	1819	93.355252217
516	51	1819	93.2883198373
517	50	1822	93.2006514922
518	55	1825	93.2939175504
519	57	1827	93.3606595596
520	58	1830	93.3020042332
521	60	1837	93.2327466123
522	64	1844	93.3302862979
523	66	1845	93.412454106
524	62	1851	93.3848108561
525	63	1854	93.4005284883
526	63	1858	93.4169934061
527	66	1862	93.5168370029
528	65	1868	93.5646700852
529	66	1874	93.5040167944
530	71	1878	93.4987822895
531	66	1884	93.5575745221
532	62	1884	93.5705655199
533	61	1886	93.5679817996
534	58	1891	93.5916640174
535	55	1891	93.5219415468
536	52	1893	93.5499263039
537	53	1899	93.6078231672
538	51	1901	93.5793201403
539	53	1906	93.5181963474
540	56	1910	93.4917593892
541	60	1917	93.4610583645
542	61	1921	93.4156310682
543	58	1924	93.4751084513
544	61	1926	93.4077908619
545	57	1933	93.5030823122
546	57	1939	93.4062761163
547	58	1946	93.417711444
548	57	1949	93.3772863027
549	62	1949	93.4720809533
550	66	1954	93.4693162169
551	61	1957	93.4019535399
552	63	1964	93.386935396
553	65	1965	93.3413191148
554	67	1968	93.4345378334
555	62	1972	93.4548184281
556	66	1977	93.4904499808
557	70	1983	93.4561717008
558	73	1985	93.3600571116
559	72	1988	93.3334585519
560	67	1991	93.3342081772
561	72	1992	93.3814726549
562	68	1994	93.4315993048
563	64	1994	93.4466601846
564	65	1995	93.4936411656
565	63	2000	93.4675323415
566	61	2005	93.400909724
567	56	2012	93.3801435168
568	59	2014	93.3595627528
569	63	2014	93.3916180721
570	66	2016	93.3223620062
571	67	2016	93.2295143809
572	70	2020	93.2612096823
573	65	2021	93.2677445555
574	63	2022	93.2778137554
575	63	2025	93.33187938
576	59	2031	93.296846785
577	64	2035	93.3476305931
578	65	2040	93.4211888201
579	66	2046	93.4884857276
580	67	2048	93.4392992969
581	62	2055	93.486754679
582	65	2061	93.5704253004
583	67	2063	93.6462963257
584	64	2064	93.624098216
585	61	2065	93.5418515672
586	59	2068	93.5810153507
587	55	2074	93.6332909324
588	57	2077	93.6653691805
589	57	2079	93.5662812115
590	60	2084	93.5966380887
591	61	2088	93.5498962417
592	57	2094	93.6463099295
593	57	2100	93.5829143566
594	57	2106	93.5655978923
595	60	2111	93.5320021855
596	55	2114	93.540620956
597	53	2120	93.6403826381
598	57	2120	93.7118553184
599	52	2125	93.6536371192
600	50	2127	93.6962997299
601	50	2131	93.6642715747
602	53	2136	93.604678911
603	51	2139	93.5314212377
604	50	2145	93.6267486197
605	50	2152	93.6284158855
606	53	2159	93.7136531299
607	53	2164	93.6705923009
608	55	2170	93.6494731165
609	55	2175	93.7440333364
610	54	2182	93.7206507605
611	52	2189	93.7760328388
612	55	2195	93.6959603297
613	50	2199	93.7357722191
614	55	2204	93.6617935828
615	54	2208	93.6321268386
616	50	2210	93.5553114668
617	55	2213	93.6123928891
618	52	2218	93.5714971726
619	57	2224	93.5657891269
620	54	2225	93.6600061289
621	50	2226	93.7199727102
622	50	2230	93.810637373
623	50	2234	93.8511469846
624	50	2238	93.8447236375
625	50	2242	93.8413391435
626	52	2247	93.8813361438
627	52	2247	93.859243738
628	54	2251	93.7756100384
629	51	2256	93.8510215867
630	56	2262	93.8304506163
631	56	2268	93.9267532747
632	60	2272	93.8370114387
633	61	2273	93.8719623982
634	60	2275	93.7762568258
635	59	2282	93.7003273179
636	61	2284	93.650379183
637	65	2291	93.7082051464
638	65	2291	93.6301783937
639	60	2295	93.6782889527
640	59	2302	93.7302901038
641	55	2303	93.675341408
642	52	2305	93.5796633888
643	50	2309	93.5915300678
644	51	2316	93.5627054721
645	51	2320	93.5522969593
646	51	2325	93.5201630648
647	56	2325	93.4804073675
648	51	2325	93.4877627968
649	51	2329	93.5642650271
650	50	2333	93.4665516587
651	55	2339	93.4852368799
652	53	2339	93.4376118367
653	58	2341	93.4086881186
654	53	2344	93.5080511688
655	56	2351	93.5264809338
656	59	2352	93.5590668002
657	57	2352	93.5170119419
658	54	2358	93.5306073583
659	58	2363	93.5290285871
660	56	2364	93.4646674398
661	56	2369	93.5152891158
662	55	2370	93.4703144349
663	55	2375	93.439240381
664	50	2378	93.5186193417
665	52	2381	93.5294320729
666	51	2381	93.6275787886
667	50	2386	93.647819624
668	52	2389	93.6118897146
669	50	2392	93.6024773974
670	53	2392	93.7001879951
671	52	2392	93.6983404026
672	50	2398	93.7652921698
673	50	2398	93.6654191132
674	50	2404	93.6183157977
675	54	2410	93.6427593818
676	54	2414	93.5522264241
677	52	2419	93.5780596098
678	53	2426	93.6199897374
679	54	2428	93.6380686558
680	50	2428	93.7059633936
681	50	2433	93.7921967371
682	50	2433	93.8505340533
683	51	2436	93.7617562517
684	54	2440	93.8482057131
685	57	2440	93.8469237884
686	55	2440	93.9331962797
687	55	2440	94.0261837295
688	58	2444	94.0874446004
689	59	2444	94.0282037324
690	56	2446	93.9572491178
691	58	2450	93.9906607673
692	63	2452	93.9739053833
693	65	2458	94.0145434918
694	70	2458	94.0605566562
695	74	2460	94.1004483637
696	70	2464	94.1022712657
697	68	2468	94.1982843385
698	66	2471	94.2330033514
699	66	2476	94.207215968
700	64	2478	94.126022695
701	59	2478	94.0807122998
702	59	2478	94.1726738545
703	63	2484	94.2236280223
704	67	2485	94.1927332896
705	71	2489	94.1667066786
706	72	2492	94.1577526319
707	77	2493	94.1345805954
708	79	2495	94.0889769041
709	75	2499	94.0891080294
710	71	2499	94.0502506392
711	66	2499	94.1016628451
712	64	2500	94.0288713806
713	62	2504	94.0133111226
714	58	2508	94.0167260745
715	55	2510	94.0897225159
716	51	2512	94.1470576442
717	53	2517	94.1377838348
718	50	2524	94.185620462
719	50	2528	94.1708644687
720	50	2529	94.1885456421
721	53	2534	94.14338607
722	52	2538	94.2342722735
723	56	2538	94.1397872616
724	61	2545	94.2074788296
725	59	2546	94.2201630379
726	59	2550	94.3197259034
727	63	2553	94.3892075216
728	58	2556	94.3590935187
729	62	2562	94.4175397866
730	60	2567	94.5147912926
731	65	2569	94.432217628
732	70	2572	94.4570915014
733	74	2579	94.4427429253
734	77	2586	94.4831570336
735	75	2591	94.4055202231
736	74	2595	94.3380766106
737	78	2601	94.2783503939
738	74	2604	94.3143418744
739	72	2604	94.2947902271
740	69	2607	94.2733873193
741	66	2611	94.2981348876
742	66	2617	94.3417877421
743	67	2622	94.3450639241
744	69	2625	94.349047071
745	69	2626	94.2615354482
746	70	2629	94.2224644883
747	73	2631	94.16963337
748	69	2634	94.1318966059
749	74	2636	94.0963229212
750	70	2643	94.103388246
751	66	2650	94.2028661306
752	63	2650	94.2146402815
753	65	2653	94.304401979
754	61	2658	94.2549932575
755	56	2658	94.2388929825
756	57	2662	94.1776938907
757	52	2667	94.2341586786
758	54	2667	94.2447019928
759	50	2672	94.2163216776
760	50	2678	94.2280459381
761	54	2679	94.2204052339
762	50	2686	94.1814755442
763	50	2688	94.2475940764
764	55	2688	94.3189466733
765	60	2690	94.3478759701
766	59	2695	94.375303886
767	54	2700	94.4711735846
768	57	2704	94.3925005234
769	57	2707	94.3401021924
770	59	2707	94.263907349
771	61	2707	94.36279942
772	62	2713	94.4504251416
773	65	2720	94.3582999945
774	65	2724	94.3137509261
775	66	2731	94.377617155
776	61	2734	94.3193991241
777	62	2739	94.320323073
778	57	2745	94.3889385808
779	57	2752	94.4139130093
780	60	2756	94.4381039255
781	61	2762	94.4497525636
782	62	2765	94.5023603611
783	66	2770	94.4386572791
784	66	2774	94.52311133
785	71	2776	94.5773322227
786	75	2782	94.5850854904
787	74	2782	94.5472781116
788	78	2782	94.5200771685
789	81	2785	94.576669356
790	82	2792	94.6217269322
791	83	2797	94.6889004411
792	88	2801	94.6085481929
793	88	2806	94.6376152675
794	89	2808	94.5467777746
795	86	2811	94.6351844637
796	88	2815	94.6654607608
797	85	2815	94.6664481094
798	80	2818	94.7323181231
799	85	2822	94.6555340951
800	83	2825	94.6471264393
801	86	2825	94.648585978
802	90	2832	94.6880161435
803	85	2833	94.7382199527
804	90	2840	94.7222629137
805	88	2847	94.7746352215
806	89	2854	94.6766918428
807	93	2856	94.6884715977
808	90	2859	94.6835829269
809	93	2865	94.6717939805
810	89	2869	94.6056354835
811	92	2870	94.5781277904
812	95	2877	94.6358388845
813	97	2879	94.6237745685
814	95	2886	94.5813415822
815	94	2893	94.6023458743
816	90	2894	94.5801748938
817	95	2900	94.4816805605
818	99	2901	94.4829155781
819	94	2908	94.4443091007
820	89	2914	94.3934908258
821	88	2918	94.4671591464
822	93	2921	94.3760008129
823	93	2924	94.454527937
824	91	2926	94.3848619423
825	95	2926	94.2986019749
826	93	2931	94.2793033242
827	97	2938	94.3652268626
828	97	2943	94.3099684807
829	93	2943	94.3889072445
830	88	2948	94.3319013457
831	85	2953	94.2357227544
832	80	2957	94.2327467859
833	79	2959	94.2959502241
834	78	2966	94.3266304592
835	78	2972	94.4201911065
836	81	2978	94.3775656763
837	84	2983	94.4149821959
838	84	2988	94.4009779016
839	83	2993	94.4322909885
840	86	2998	94.4157314812
841	84	3003	94.4563556961
842	84	3007	94.5011347418
843	84	3008	94.4204096243
844	87	3012	94.3223529077
845	83	3012	94.2886770387
846	85	3017	94.3292678378
847	85	3021	94.2294549922
848	90	3025	94.2429335605
849	88	3027	94.3145596302
850	91	3033	94.3581042523
851	94	3036	94.3384687511
852	95	3042	94.2481825626
853	96	3043	94.326557945
854	91	3047	94.2768407759
855	93	3047	94.2890976598
856	91	3054	94.3022160463
857	95	3057	94.3922703884
858	98	3061	94.4462834701
859	102	3061	94.3599496429
860	102	3068	94.360729385
861	106	3069	94.327158298
862	101	3073	94.2456458636
863	96	3075	94.3221749417
864	99	3079	94.2698338774
865	99	3083	94.2537456745
866	103	3085	94.3414823148
867	104	3087	94.3849793247
868	100	3087	94.4186982313
869	99	3094	94.3338544459
870	97	3098	94.3180587979
871	100	3098	94.355245929
872	101	3101	94.4522736466
873	96	3108	94.3887486711
874	99	3109	94.3593687273
875	99	3115	94.2639506748
876	96	3117	94.2922415744
877	98	3123	94.2119882613
878	101	3130	94.2551630974
879	101	3134	94.1669491137
880	100	3136	94.1316344918
881	95	3140	94.1909195995
882	94	3140	94.1500151255
883	93	3145	94.2015481285
884	91	3152	94.1764517609
885	86	3154	94.1808852798
886	85	3157	94.1834382268
887	81	3162	94.1426277396
888	82	3162	94.0471528632
889	82	3164	94.0751051516
890	83	3169	94.1668593547
891	81	3169	94.1711676607
892	84	3174	94.1423308351
893	87	3180	94.0883811773
894	89	3182	94.0476074296
895	90	3182	93.9869228767
896	92	3188	94.0151215759
897	88	3191	94.1035623023
898	84	3198	94.1037243358
899	85	3198	94.0580400855
900	86	3205	93.9895687291
901	81	3208	93.9436515386
902	79	3215	93.8843739425
903	83	3217	93.792686662
904	84	3223	93.7241463794
905	79	3227	93.6795588188
906	81	3232	93.7153399653
907	82	3233	93.681203922
908	83	3235	93.5824015188
909	80	3236	93.6740107886
910	83	3243	93.7454469124
911	87	3245	93.7116674291
912	83	3252	93.6445261367
913	85	3257	93.7279980023
914	89	3263	93.6492358292
915	87	3263	93.7347892458
916	83	3263	93.7558761729
917	78	3270	93.7572741945
918	77	3275	93.8223234832
919	81	3275	93.8304293709
920	79	3275	93.8361156038
921	80	3281	93.7486248629
922	78	3283	93.6912874839
923	82	3290	93.6989188218
924	79	3294	93.7716774801
925	78	3300	93.7212556077
926	83	3301	93.7630471013
927	86	3307	93.8538078176
928	88	3307	93.7753720186
929	91	3313	93.6972347325
930	94	3313	93.7036809869
931	92	3320	93.6958770725
932	91	3326	93.7890301955
933	89	3332	93.8889958142
934	93	3333	93.8061544835
935	89	3336	93.7832147587
936	90	3339	93.8764983999
937	94	3342	93.8122156429
938	92	3348	93.7999444103
939	95	3350	93.7087811422
940	90	3357	93.8082594846
941	86	3360	93.7437194175
942	91	3365	93.6662242844
943	95	3371	93.6107411627
944	99	3372	93.688344303
945	102	3372	93.6262550348
946	103	3377	93.7238461457
947	107	3378	93.6671791224
948	108	3381	93.6295963016
949	106	3385	93.6323308983
950	110	3392	93.6460822337
951	105	3392	93.713438674
952	106	3393	93.7358028144
953	103	3400	93.8355202246
954	102	3407	93.7626532395
955	100	3410	93.759569761
956	97	3415	93.7821411259
957	95	3421	93.7083962579
958	100	3426	93.72495116
959	96	3432	93.8016058975
960	95	3437	93.8401383111
961	94	3438	93.7984025981
962	89	3444	93.7205748195
963	88	3451	93.6715984678
964	91	3454	93.7298247397
965	92	3460	93.6843343332
966	87	3464	93.6381401152
967	87	3466	93.5612526903
968	88	3472	93.538044427
969	84	3476	93.6279669207
970	88	3480	93.6574418352
971	89	3486	93.6313563698
972	86	3486	93.7100865018
973	83	3490	93.7379330324
974	84	3493	93.6677961258
975	82	3499	93.7632867078
976	77	3500	93.8174132592
977	74	3502	93.8828716641
978	75	3502	93.851445652
979	79	3503	93.8387640059
980	78	3510	93.8875557334
981	75	3511	93.9205001019
982	73	3517	93.8426806508
983	73	3518	93.8168467818
984	75	3523	93.8332844467
985	80	3527	93.7492733528
986	82	3527	93.7196267969
987	83	3528	93.7012242916
988	80	3532	93.7498404721
989	84	3536	93.6661077178
990	87	3542	93.6496714535
991	82	3544	93.5512038737
992	87	3546	93.6028050378
993	87	3547	93.5817865156
994	92	3550	93.6412021055
995	91	3557	93.5700545885
996	92	3560	93.6095031605
997	88	3564	93.5098989917
998	89	3570	93.5502886093
999	84	3575	93.4592879642
1000	85	3575	93.4341279615
1001	83	3580	93.3871606076
1002	85	3581	93.4253815485
1003	86	3583	93.4567722485
1004	86	3589	93.3898230663
1005	82	3592	93.3974582839
1006	84	3598	93.477139898
1007	82	3599	93.4168802976
1008	86	3600	93.4024198195
1009	90	3604	93.3264135888
1010	92	3604	93.2307680925
1011	91	3606	93.2457438541
1012	89	3608	93.2036152565
1013	85	3613	93.2393763821
1014	83	3616	93.198650534
1015	83	3623	93.2268836181
1016	86	3626	93.1764709611
1017	81	3633	93.2021247087
1018	76	3636	93.1210780841
1019	78	3642	93.1141249795
1020	81	3646	93.1416990865
1021	85	3647	93.0867521661
1022	86	3650	92.9985131172
1023	84	3653	93.0554725894
1024	81	3660	93.0328697052
1025	86	3663	93.0467845453
1026	89	3669	92.9910418917
1027	89	3674	92.9521711003
1028	92	3675	92.9671405879
1029	88	3675	93.0087784131
1030	92	3675	92.9673846377
1031	95	3681	93.01109899
1032	92	3684	92.9516023951
1033	90	3686	93.0227236882
1034	90	3693	93.0531903308
1035	91	3697	93.0822227946
1036	88	3703	93.1252882216
1037	84	3707	93.1713428558
1038	89	3713	93.092008566
1039	90	3717	93.1664834124
1040	92	3717	93.2454440962
1041	93	3718	93.3444869274
1042	88	3723	93.3717288789
1043	85	3723	93.467465652
1044	89	3724	93.3946207101
1045	86	3731	93.4730790166
1046	88	3735	93.3878326964
1047	85	3739	93.3703095485
1048	86	3744	93.4468073915
1049	89	3746	93.4273066137
1050	94	3751	93.3572494315
1051	89	3753	93.424668531
1052	89	3757	93.3767279198
1053	87	3763	93.3451162051
1054	87	3769	93.2939935158
1055	83	3776	93.2385036356
1056	87	3776	93.1755648184
1057	83	3783	93.2652777117
1058	85	3784	93.3579340248
1059	89	3785	93.4258029779
1060	84	3788	93.3771691128
1061	79	3789	93.2939592989
1062	77	3790	93.2861915165
1063	74	3791	93.2709138366
1064	71	3792	93.2746223382
1065	73	3793	93.372026221
1066	68	3794	93.4302968762
1067	69	3795	93.3993135675
1068	70	3797	93.3518027672
1069	74	3798	93.3252193697
1070	73	3798	93.3920013194
1071	78	3800	93.4886486598
1072	78	3807	93.513556321
1073	74	3807	93.5114520179
1074	79	3813	93.5176771694
1075	83	3819	93.459236547
1076	88	3825	93.5482404629
1077	93	3828	93.4732173516
1078	94	3828	93.4802437361
1079	91	3830	93.4398523104
1080	91	3830	93.4112532347
1081	94	3835	93.3838606124
1082	94	3839	93.3878814552
1083	96	3839	93.3081824375
1084	93	3843	93.3768848624
1085	89	3847	93.3882182893
1086	88	3851	93.3652934054
1087	84	3853	93.3013606451
1088	89	3855	93.3322074625
1089	84	3859	93.4286691169
1090	85	3866	93.5044846661
1091	84	3868	93.5123690639
1092	86	3874	93.4216438138
1093	88	3878	93.4587557501
1094	87	3882	93.5497207869
1095	88	3885	93.5219512093
1096	89	3885	93.5022489788
1097	88	3889	93.5040058366
1098	83	3890	93.4783020687
1099	87	3893	93.4173021522
1100	82	3896	93.4497987159
1101	80	3903	93.4074783234
1102	83	3909	93.3574691849
1103	80	3909	93.3546302478
1104	79	3909	93.3626920941
1105	83	3909	93.403135533
1106	79	3909	93.3913325688
1107	74	3912	93.2915538156
1108	78	3916	93.2939812067
1109	79	3921	93.2493572786
1110	80	3921	93.3383062689
1111	80	3922	93.2555949381
1112	75	3922	93.1805361252
1113	74	3926	93.2781735038
1114	71	3927	93.3712280345
1115	69	3928	93.3632793828
1116	73	3934	93.2716063396
1117	71	3940	93.3424642151
1118	73	3945	93.3561031631
1119	68	3947	93.2927292347
1120	73	3951	93.2853014486
1121	68	3955	93.3632609493
1122	67	3956	93.4263687004
1123	71	3959	93.4130232605
1124	74	3959	93.4832650246
1125	70	3962	93.3973779657
1126	71	3968	93.4817814178
1127	69	3969	93.3958806801
1128	67	3975	93.3627200638
1129	70	3976	93.3965646421
1130	70	3981	93.367062565
1131	65	3982	93.2812950256
1132	60	3985	93.2892129418
1133	64	3986	93.3406216714
1134	67	3986	93.3223111705
1135	72	3992	93.375940808
1136	68	3998	93.3657866545
1137	66	3999	93.3862676412
1138	64	4000	93.3711077106
1139	66	4003	93.3249084587
1140	67	4007	93.354103998
1141	67	4007	93.4404020321
1142	68	4010	93.369011967
1143	64	4017	93.3057272547
1144	64	4023	93.2571435174
1145	59	4027	93.2530138225
1146	63	4027	93.1713860526
1147	62	4032	93.2644831585
1148	59	4037	93.3198711114
1149	64	4039	93.3555602322
1150	65	4045	93.30161964
1151	70	4046	93.3708252039
1152	69	4048	93.2735008428
1153	66	4055	93.2176034778
1154	63	4061	93.1427685117
1155	59	4068	93.1648159039
1156	60	4074	93.0662692684
1157	59	4078	92.9820749852
1158	60	4078	92.8906323904
1159	59	4081	92.879441482
1160	56	4082	92.8189726152
1161	53	4086	92.8758682964
1162	57	4087	92.9653549223
1163	61	4088	92.9094933113
1164	62	4093	92.9110661639
1165	61	4096	92.925295981
1166	65	4103	92.9820546455
1167	61	4105	92.9993101893
1168	57	4111	93.0680235951
1169	60	4115	93.0445522995
1170	63	4121	92.9657928088
1171	67	4128	92.8912366143
1172	71	4135	92.9727685494
1173	68	4135	93.0101385504
1174	73	4135	93.048002477
1175	68	4135	93.0745374927
1176	66	4140	93.1174719644
1177	66	4140	93.1683106661
1178	66	4147	93.074697706
1179	70	4149	93.0402235521
1180	68	4152	93.1219833947
1181	63	4157	93.0676059443
1182	63	4160	92.9948682635
1183	65	4166	93.0775283718
1184	67	4167	93.176668678
1185	62	4167	93.1713141642
1186	61	4167	93.1958912349
1187	59	4169	93.2090678684
1188	59	4171	93.248308336
1189	64	4176	93.237226856
1190	66	4181	93.1882377918
1191	66	4181	93.0899621947
1192	71	4187	93.1334658665
1193	75	4188	93.0959604295
1194	78	4190	93.0657352613
1195	79	4191	93.0156898589
1196	78	4197	92.9726940626
1197	76	4203	92.9707333347
1198	77	4210	92.9287654542
1199	80	4211	92.9511877562
1200	80	4211	93.0334296188
1201	84	4215	92.950921755
1202	81	4218	92.9984854345
1203	78	4223	93.097394091
1204	81	4223	93.0242723442
1205	84	4224	92.9625532113
1206	87	4231	92.8934609505
1207	86	4235	92.9663758877
1208	84	4237	92.9858431816
1209	79	4242	92.9514065826
1210	83	4248	93.007242317
1211	85	4250	92.9302174445
1212	87	4250	92.9245301258
1213	87	4250	92.9703821684
1214	84	4255	92.8759974918
1215	87	4258	92.9221740055
1216	87	4259	92.8842400905
1217	88	4261	92.8467167994
1218	88	4265	92.7797439124
1219	89	4267	92.7424178063
1220	91	4269	92.6558776195
1221	95	4273	92.6741207678
1222	94	4273	92.762657605
1223	91	4273	92.6825090267
1224	95	4275	92.6539664444
1225	91	4277	92.7355106909
1226	90	4278	92.7571977397
1227	93	4280	92.7564204913
1228	94	4282	92.8252943551
1229	92	4287	92.9204107788
1230	91	4293	92.953035344
1231	90	4294	92.9900380275
1232	86	4296	93.023577123
1233	84	4301	92.9377524908
1234	84	4304	92.9878306773
1235	81	4309	93.0256135241
1236	81	4311	93.0282312797
1237	84	4313	93.0448976139
1238	87	4314	93.0397656906
1239	89	4321	93.1179296228
1240	94	4326	93.0311681094
1241	89	4326	93.0970042626
1242	93	4330	93.186304841
1243	88	4333	93.2710248706
1244	93	4335	93.2940526637
1245	92	4335	93.370131223
1246	88	4338	93.3940167137
1247	92	4344	93.4312195983
1248	89	4351	93.5033825016
1249	91	4351	93.4899581017
1250	95	4352	93.5500985392
1251	98	4354	93.4987030041
1252	98	4356	93.4059473025
1253	102	4362	93.4756553415
1254	106	4368	93.474854036
1255	110	4368	93.3817009084
1256	109	4371	93.2988292433
1257	109	4378	93.3815581822
1258	112	4381	93.4811824733
1259	113	4387	93.3888141003
1260	116	4388	93.3024632696
1261	118	4388	93.276960752
1262	118	4390	93.2482019356
1263	122	4394	93.1966820941
1264	124	4396	93.1940567347
1265	121	4400	93.2224018651
1266	122	4405	93.2567896734
1267	122	4409	93.3162420584
1268	119	4409	93.370937157
1269	124	4412	93.3481818291
1270	122	4416	93.2774705137
1271	118	4422	93.2055257406
1272	118	4427	93.1254143607
1273	120	4428	93.1750025196
1274	115	4431	93.1624499924
1275	118	4436	93.1645712933
1276	116	4439	93.2120379418
1277	120	4443	93.2571698171
1278	120	4449	93.1767570224
1279	121	4456	93.2649649361
1280	117	4461	93.311104277
1281	120	4462	93.2154172139
1282	122	4463	93.2109615606
1283	124	4464	93.2501120351
1284	119	4468	93.2862026572
1285	114	4470	93.329782842
1286	112	4477	93.2661281479
1287	114	4480	93.2564580683
1288	118	4485	93.1727037571
1289	116	4488	93.1820857534
1290	120	4494	93.2057258096
1291	117	4494	93.2362014155
1292	112	4494	93.2209760107
1293	110	4499	93.1951305228
1294	115	4499	93.2722175381
1295	120	4506	93.238562183
1296	120	4507	93.1938414741
1297	123	4508	93.2486955732
1298	121	4511	93.2408081157
1299	123	4512	93.3258562639
1300	123	4517	93.2887577989
1301	124	4517	93.368430632
1302	123	4519	93.3611441109
1303	124	4521	93.2949448667
1304	121	4526	93.2909688914
1305	119	4526	93.2653728085
1306	115	4527	93.2860690044
1307	114	4527	93.2153689016
1308	109	4529	93.2550585237
1309	113	4536	93.219726824
1310	116	4543	93.144334313
1311	118	4547	93.1700026681
1312	121	4553	93.1360250257
1313	122	4560	93.2179645864
1314	119	4563	93.1823423039
1315	120	4565	93.1702150046
1316	119	4571	93.1975362161
1317	117	4576	93.1968540613
1318	120	4583	93.1463366347
1319	120	4587	93.0836780529
1320	124	4589	93.1632008046
1321	124	4593	93.0988518701
1322	124	4597	93.107905827
1323	123	4603	93.2054287925
1324	118	4608	93.2637141211
1325	120	4613	93.1841095009
1326	122	4620	93.1104773043
1327	125	4624	93.0928487305
1328	121	4624	93.0789476987
1329	121	4630	93.0311036759
1330	124	4636	92.9785788947
1331	124	4643	92.9514044202
1332	125	4649	92.8587830375
1333	129	4652	92.9057327405
1334	132	4655	92.9961306963
1335	131	4661	92.9271697236
1336	134	4665	92.8340246648
1337	135	4671	92.7459664238
1338	134	4677	92.8301434744
1339	132	4684	92.8286327434
1340	131	4686	92.8218662005
1341	132	4690	92.9162991995
1342	134	4694	92.8177489392
1343	136	4694	92.731280831
1344	133	4700	92.7728718356
1345	136	4705	92.722917014
1346	131	4706	92.7285170635
1347	133	4712	92.6903556761
1348	138	4717	92.6879958901
1349	140	4722	92.6719722763
1350	137	4727	92.691816613
1351	133	4730	92.7440357828
1352	132	4737	92.7527554198
1353	128	4737	92.76410533
1354	132	4737	92.7108546721
1355	134	4740	92.6501555751
1356	139	4743	92.6102475567
1357	138	4746	92.5561483413
1358	134	4751	92.600359447
1359	139	4751	92.6427689474
1360	143	4756	92.5895367487
1361	148	4757	92.6071558256
1362	151	4764	92.5599900333
1363	152	4765	92.5940192502
1364	151	4771	92.6713893475
1365	152	4776	92.5943853349
1366	152	4777	92.5100840077
1367	151	4781	92.5836054316
1368	146	4783	92.6081513613
1369	146	4785	92.6946955023
1370	149	4786	92.6110454668
1371	148	4789	92.6674308678
1372	149	4790	92.7450955228
1373	145	4793	92.7624851104
1374	143	4795	92.724841213
1375	139	4801	92.6382105887
1376	141	4802	92.6769908528
1377	136	4808	92.6599059082
1378	141	4808	92.6800946587
1379	145	4814	92.7736645599
1380	146	4820	92.7918767137
1381	150	4826	92.7397487571
1382	153	4829	92.8232541639
1383	151	4835	92.8546506007
1384	156	4835	92.8677739765
1385	156	4837	92.9419967476
1386	161	4837	92.9071211046
1387	165	4839	92.9505625065
1388	166	4840	93.0016106728
1389	171	4842	93.0910225209
1390	169	4846	93.1891703157
1391	167	4846	93.162764107
1392	169	4848	93.2430780854
1393	170	4853	93.3353488916
1394	174	4853	93.3641456561
1395	174	4860	93.2886414659
1396	169	4864	93.2389199527
1397	173	4868	93.1510902851
1398	173	4875	93.2343176335
1399	170	4878	93.3270979978
1400	168	4878	93.4154363836
1401	169	4884	93.4004579576
1402	168	4887	93.4843172945
1403	164	4891	93.4696709333
1404	165	4898	93.5350115989
1405	168	4905	93.4955859236
1406	170	4910	93.5643073377
1407	175	4913	93.51514321
1408	179	4914	93.4316103291
1409	179	4916	93.3517713636
1410	183	4919	93.3816011995
1411	181	4919	93.2877554611
1412	183	4924	93.3553069929
1413	185	4928	93.2634624972
1414	187	4933	93.271247449
1415	192	4933	93.1885105961
1416	190	4936	93.1751804788
1417	195	4939	93.2297701043
1418	192	4943	93.3186801438
1419	194	4948	93.3442229784
1420	199	4952	93.3893395537
1421	196	4957	93.4175839408
1422	193	4958	93.4717306963
1423	191	4958	93.412276787
1424	191	4964	93.5052127767
1425	186	4970	93.5575343585
1426	186	4974	93.6137770547
1427	191	4975	93.5187773894
1428	195	4979	93.4978058189
1429	197	4983	93.433623196
1430	197	4986	93.427101003
1431	196	4990	93.4040185319
1432	199	4995	93.3791472157
1433	200	4997	93.3550015845
1434	200	4998	93.3022496737
1435	200	5004	93.3122624649
1436	195	5006	93.2953916087
1437	191	5008	93.2393969235
1438	187	5013	93.3225287414
1439	182	5016	93.4162897888
1440	187	5023	93.389317338
1441	186	5027	93.3806242788
1442	187	5032	93.3681486219
1443	182	5035	93.3136069838
1444	178	5041	93.2778966912
1445	177	5048	93.3520276923
1446	175	5054	93.3184650572
1447	178	5057	93.2460500961
1448	178	5060	93.2553460157
1449	174	5063	93.3264209913
1450	172	5063	93.3416382022
1451	173	5067	93.4155064779
1452	171	5071	93.4543528368
1453	174	5075	93.4140275427
1454	176	5080	93.4716127824
1455	174	5085	93.4983865268
1456	174	5085	93.5972312856
1457	169	5089	93.6469027576
1458	168	5091	93.5960577467
1459	167	5093	93.5092689858
1460	164	5100	93.4256978666
1461	161	5102	93.4357732462
1462	162	5107	93.4747567804
1463	167	5109	93.4871060014
1464	168	5110	93.4187367009
1465	163	5110	93.3817871573
1466	165	5114	93.4532332333
1467	168	5117	93.5154167641
1468	169	5121	93.515773639
1469	174	5123	93.4730332102
1470	178	5125	93.3972715682
1471	177	5125	93.4262417346
1472	175	5132	93.4939095714
1473	180	5136	93.4342899365
1474	185	5137	93.3600118234
1475	187	5141	93.3475946376
1476	192	5141	93.3952198896
1477	194	5145	93.374360777
1478	194	5152	93.3088231411
1479	199	5152	93.2134679399
1480	196	5152	93.2877798772
1481	191	5158	93.3838852285
1482	187	5159	93.4377454707
1483	189	5161	93.3545588551
1484	184	5164	93.3658621416
1485	185	5171	93.3223482305
1486	190	5177	93.3361526652
1487	187	5178	93.3522923311
1488	189	5185	93.4132262604
1489	188	5185	93.4584923573
1490	183	5192	93.5357398367
1491	187	5199	93.4675885089
1492	192	5202	93.5338565179
1493	188	5206	93.4941734981
1494	192	5207	93.5332289504
1495	194	5212	93.603899641
1496	189	5215	93.5548678981
1497	194	5221	93.4949303186
1498	196	5228	93.5489621283
1499	200	5231	93.5753756913
1500	200	5232	93.6296678354
1501	200	5232	93.5732956972
1502	200	5235	93.6315250384
1503	196	5236	93.6003632408
1504	191	5237	93.5221404563
1505	189	5237	93.57497753
1506	184	5242	93.6624336258
1507	185	5242	93.5671531236
1508	184	5246	93.5962709252
1509	183	5248	93.6319539566
1510	186	5255	93.6534362017
1511	185	5259	93.5650816283
1512	188	5262	93.5241378259
1513	186	5264	93.5730447691
1514	189	5268	93.5034990419
1515	193	5268	93.465504814
1516	191	5271	93.4275650995
1517	195	5276	93.3487161177
1518	199	5282	93.3810674202
1519	200	5286	93.3685054568
1520	199	5287	93.3570326989
1521	197	5290	93.2821906912
1522	193	5294	93.223892636
1523	194	5298	93.2148245028
1524	198	5305	93.1865269097
1525	200	5305	93.2693073491
1526	195	5311	93.3354290368
1527	190	5317	93.4266392048
1528	187	5317	93.4875265401
1529	190	5318	93.4501048572
1530	189	5318	93.4289968185
1531	186	5321	93.3668814622
1532	187	5325	93.4059540152
1533	185	5328	93.3335457712
1534	184	5331	93.395212441
1535	187	5333	93.3797779378
1536	191	5340	93.3725660126
1537	196	5346	93.3399902968
1538	192	5349	93.3355513586
1539	190	5356	93.3193981882
1540	192	5363	93.2440235763
1541	196	5369	93.2987137192
1542	191	5372	93.2751511278
1543	187	5376	93.1896644167
1544	185	5379	93.122470483
1545	182	5385	93.067620403
1546	182	5387	92.9948549885
1547	180	5388	92.9201711589
1548	180	5391	92.9593672072
1549	182	5391	93.0076935331
1550	182	5395	92.9303651708
1551	178	5400	92.9503626988
1552	180	5407	93.0493938438
1553	182	5407	93.0408472746
1554	182	5413	92.9428503552
1555	186	5417	92.9812577517
1556	189	5424	92.9905554025
1557	184	5428	92.9250625603
1558	182	5429	92.9327064247
1559	181	5433	92.9994115278
1560	186	5433	93.050651609
1561	182	5438	92.9547805057
1562	178	5438	92.9465093632
1563	182	5438	92.9850211908
1564	180	5442	92.9792377577
1565	179	5444	93.0544956382
1566	180	5450	92.9846731526
1567	183	5453	93.0483486344
1568	184	5457	92.9769194625
1569	189	5459	92.9220691409
1570	189	5459	92.8936269007
1571	184	5461	92.8083846647
1572	179	5467	92.8840939076
1573	182	5474	92.9071349855
1574	177	5480	92.9010187147
1575	172	5480	92.9378291237
1576	171	5487	92.9768645825
1577	168	5490	92.916146935
1578	170	5494	92.9344005142
1579	172	5497	92.9911471811
1580	170	5504	92.8935515931
1581	166	5504	92.812469556
1582	168	5506	92.902237627
1583	167	5511	92.8927415125
1584	166	5518	92.8458980795
1585	166	5519	92.8706380663
1586	166	5526	92.866430214
1587	165	5532	92.8740891642
1588	167	5538	92.9067636034
1589	162	5542	92.8517719007
1590	164	5546	92.9400634341
1591	161	5553	92.9951885048
1592	161	5558	93.0335654337
1593	162	5559	92.9871691697
1594	166	5566	92.945383706
1595	163	5568	92.9363692072
1596	160	5568	92.9400478109
1597	164	5569	92.8660561984
1598	166	5571	92.8506798059
1599	161	5571	92.8788756646
1600	161	5574	92.7803118157
1601	164	5575	92.814581433
1602	161	5576	92.8260827233
1603	162	5582	92.8918239963
1604	160	5582	92.9473727001
1605	158	5586	92.8761167386
1606	153	5586	92.8738610868
1607	156	5587	92.855434589
1608	152	5589	92.7629955028
1609	151	5596	92.7755843709
1610	153	5598	92.6850715245
1611	149	5605	92.6876528649
1612	154	5611	92.7247944707
1613	157	5618	92.7244142135
1614	155	5621	92.7928462956
1615	157	5624	92.7699731229
1616	155	5627	92.7554787588
1617	154	5630	92.8309853895
1618	149	5636	92.8169728872
1619	147	5638	92.8643430672
1620	149	5640	92.9498709147
1621	153	5640	93.0085339847
1622	151	5641	93.0033921873
1623	156	5644	92.9671860641
1624	159	5650	92.9144047449
1625	158	5656	92.9287492851
1626	160	5661	92.8813409972
1627	156	5665	92.81432027
1628	151	5671	92.8336856064
1629	150	5671	92.8099833233
1630	145	5678	92.7301574694
1631	140	5679	92.6484178683
1632	143	5682	92.647247447
1633	139	5682	92.6541451611
1634	139	5689	92.6420199087
1635	142	5689	92.6826612567
1636	137	5693	92.6113271946
1637	140	5698	92.5204896958
1638	144	5703	92.4945216499
1639	141	5707	92.4611287254
1640	142	5707	92.3933274624
1641	147	5713	92.3743522879
1642	145	5716	92.2778500623
1643	143	5721	92.2537946741
1644	147	5724	92.1848905439
1645	147	5728	92.1135985457
1646	148	5728	92.1289211639
1647	145	5735	92.1667060792
1648	143	5741	92.1515395038
1649	138	5744	92.0907819198
1650	133	5746	92.0855550612
1651	136	5753	92.1266644165
1652	141	5758	92.0890547621
1653	136	5765	92.1348750576
1654	131	5771	92.1768529026
1655	128	5776	92.2240536579
1656	131	5782	92.1589987243
1657	130	5785	92.212211165
1658	131	5789	92.2124439875
1659	129	5796	92.2532488187
1660	130	5802	92.2003805003
1661	129	5806	92.1638710062
1662	127	5809	92.2575951008
1663	122	5814	92.2900816356
1664	117	5820	92.3031068895
1665	117	5822	92.2622984774
1666	120	5824	92.3452256304
1667	120	5830	92.3146536209
1668	118	5830	92.2735904526
1669	122	5831	92.1916176352
1670	124	5832	92.1677514961
1671	120	5837	92.1941938777
1672	115	5839	92.1449909272
1673	114	5846	92.2311351143
1674	109	5849	92.1632638792
1675	110	5849	92.1877712238
1676	106	5852	92.2443252354
1677	111	5857	92.2156370003
1678	110	5860	92.1205435589
1679	112	5862	92.1381588242
1680	114	5867	92.1791443057
1681	113	5869	92.201073629
1682	114	5875	92.133497666
1683	110	5876	92.0387812721
1684	107	5879	92.1022281626
1685	112	5881	92.1848689218
1686	108	5884	92.1682579827
1687	108	5886	92.0862981716
1688	106	5893	91.9910856968
1689	106	5900	91.9595052374
1690	106	5905	91.994680707
1691	101	5911	92.0618581317
1692	102	5912	92.101817651
1693	102	5916	92.159965375
1694	103	5920	92.1377340203
1695	104	5920	92.2223212835
1696	107	5920	92.2796436366
1697	103	5923	92.3447421698
1698	105	5928	92.4392785162
1699	109	5929	92.3529734019
1700	105	5932	92.451276261
1701	103	5938	92.4639261938
1702	107	5940	92.4793109763
1703	108	5944	92.5330731605
1704	112	5946	92.6085695761
1705	109	5947	92.6137932567
1706	104	5948	92.599574789
1707	103	5953	92.5535806025
1708	98	5956	92.5563859574
1709	96	5962	92.6417116651
1710	100	5963	92.5823501952
1711	99	5966	92.553629748
1712	95	5973	92.5708856779
1713	96	5980	92.5152183387
1714	93	5987	92.4383902658
1715	92	5994	92.481663359
1716	94	5996	92.5250621593
1717	95	6003	92.4481232678
1718	92	6009	92.524176799
1719	91	6009	92.4300223109
1720	95	6016	92.3711377946
1721	99	6023	92.3572236736
1722	94	6023	92.2879939862
1723	89	6028	92.3361737207
1724	90	6028	92.3391785852
1725	89	6032	92.2593429032
1726	92	6033	92.2024742239
1727	87	6035	92.2422660465
1728	87	6042	92.2262696406
1729	84	6049	92.2935873757
1730	86	6049	92.2996169847
1731	91	6051	92.3273956688
1732	90	6052	92.3449663457
1733	88	6056	92.4333793412
1734	85	6059	92.4959825056
1735	86	6066	92.4725289858
1736	85	6073	92.3965462982
1737	89	6078	92.3465041692
1738	88	6085	92.401985816
1739	90	6087	92.3636630738
1740	95	6087	92.3842162692
1741	91	6091	92.4176377954
1742	87	6092	92.4325188279
1743	82	6096	92.3738730845
1744	79	6103	92.3857970532
1745	76	6107	92.4084090975
1746	71	6114	92.4767751185
1747	72	6119	92.4241623141
1748	77	6123	92.383730956
1749	80	6127	92.4620394788
1750	84	6133	92.3873134858
1751	89	6139	92.3426089009
1752	91	6144	92.3850577106
1753	93	6150	92.4231120462
1754	97	6155	92.5092501193
1755	94	6156	92.5850180823
1756	91	6157	92.5360146562
1757	93	6158	92.5356558827
1758	90	6163	92.6166688998
1759	86	6163	92.5735718137
1760	81	6167	92.6133100323
1761	79	6169	92.605348228
1762	80	6175	92.6468120025
1763	82	6180	92.6088863956
1764	79	6185	92.6998450497
1765	77	6188	92.635981656
1766	77	6194	92.6162130992
1767	75	6197	92.6778671129
1768	79	6202	92.6504119796
1769	80	6207	92.7326767308
1770	85	6207	92.8010646573
1771	85	6209	92.8340235159
1772	82	6209	92.7357452077
1773	87	6213	92.7975548206
1774	92	6220	92.7986069485
1775	93	6227	92.8505645186
1776	88	6230	92.8708087876
1777	86	6237	92.9307971595
1778	82	6238	92.932196627
1779	85	6243	92.9821111808
1780	85	6248	93.0602969895
1781	84	6254	93.1060968053
1782	79	6259	93.1046240545
1783	80	6259	93.1657238488
1784	80	6260	93.0720381723
1785	82	6263	93.1087666131
1786	80	6265	93.1073528231
1787	81	6270	93.030140591
1788	78	6277	93.048978318
1789	79	6280	93.0183418668
1790	80	6282	92.930191454
1791	82	6285	93.0049494809
1792	80	6290	93.05828614
1793	77	6294	93.1345758461
1794	80	6297	93.1818859707
1795	81	6303	93.1745030663
1796	84	6305	93.1667003127
1797	89	6308	93.1438650926
1798	89	6312	93.2008658779
1799	85	6313	93.1625457121
1800	87	6317	93.177911561
1801	90	6318	93.0980432286
1802	87	6325	93.0893150119
1803	83	6329	93.0310669799
1804	82	6336	93.048304783
1805	77	6343	93.1250075464
1806	81	6344	93.0705942168
1807	82	6349	93.0998178691
1808	86	6355	93.015329953
1809	86	6359	92.9470558711
1810	91	6366	93.0221646017
1811	92	6372	93.0200479925
1812	93	6372	93.0639733421
1813	95	6373	93.0291195436
1814	95	6376	93.0941416558
1815	96	6377	93.0739918382
1816	94	6382	93.1052064253
1817	94	6387	93.1372793589
1818	99	6390	93.1132437673
1819	101	6393	93.1694679401
1820	100	6395	93.0998901843
1821	105	6398	93.087642732
1822	101	6399	93.0093320643
1823	101	6399	93.0763858235
1824	96	6406	93.0999866299
1825	97	6406	93.140606775
1826	96	6413	93.1189113522
1827	96	6414	93.1321799726
1828	93	6416	93.1549872422
1829	97	6422	93.2135423115
1830	97	6425	93.1953949342
1831	94	6431	93.191910721
1832	97	6436	93.2518644959
1833	92	6439	93.2248943741
1834	93	6446	93.229530136
1835	95	6446	93.2474661076
1836	90	6452	93.1646138029
1837	90	6455	93.2139202657
1838	94	6457	93.1596873046
1839	94	6458	93.2251581817
1840	91	6465	93.3064826181
1841	88	6471	93.3913841907
1842	93	6472	93.3599306645
1843	98	6474	93.432750955
1844	94	6476	93.3787758976
1845	99	6480	93.4488306495
1846	96	6484	93.3802419042
1847	97	6488	93.3083117509
1848	97	6489	93.2823251499
1849	97	6496	93.2549571226
1850	98	6502	93.2397850634
1851	103	6506	93.2417810014
1852	100	6508	93.1512595494
1853	101	6511	93.1417102756
1854	99	6518	93.1969931792
1855	94	6521	93.1709251584
1856	98	6523	93.2054545534
1857	103	6528	93.1889502281
1858	104	6532	93.1005342187
1859	103	6535	93.1557035739
1860	105	6537	93.0561172128
1861	105	6543	93.1258596949
1862	100	6547	93.2232952445
1863	104	6552	93.2584567023
1864	105	6556	93.2725173793
1865	109	6557	93.3685867775
1866	105	6559	93.3266049878
1867	110	6562	93.2352663055
1868	112	6568	93.1728878361
1869	116	6573	93.1145986008
1870	121	6577	93.2039154542
1871	117	6580	93.2699409108
1872	120	6582	93.2649221753
1873	115	6585	93.3470706311
1874	118	6586	93.3883777339
1875	114	6591	93.4390446812
1876	113	6592	93.4372719471
1877	111	6593	93.3952523817
1878	111	6595	93.3578337942
1879	111	6601	93.4527867594
1880	112	6606	93.3931577544
1881	107	6609	93.4262618977
1882	109	6616	93.4200846492
1883	113	6620	93.4123951081
1884	118	6620	93.4640044378
1885	114	6622	93.4579203647
1886	115	6624	93.3684886101
1887	119	6630	93.2920527708
1888	120	6631	93.2048129503
1889	116	6633	93.1860610677
1890	112	6638	93.1100831509
1891	108	6644	93.1673973397
1892	109	6649	93.2416827127
1893	105	6654	93.2420191429
1894	109	6661	93.3324207209
1895	108	6667	93.2594632751
1896	106	6674	93.2898851302
1897	102	6681	93.3448229022
1898	103	6687	93.2686724441
1899	102	6692	93.2101656313
1900	106	6694	93.2190160877
1901	102	6699	93.2229993556
1902	105	6702	93.2756756735
1903	102	6708	93.1799959578
1904	99	6715	93.2787173747
1905	95	6716	93.185189349
1906	96	6719	93.2503444041
1907	91	6725	93.15772506
1908	90	6730	93.0892060474
1909	86	6733	93.1885035872
1910	81	6740	93.1251981345
1911	83	6742	93.1918451024
1912	81	6748	93.220872488
1913	83	6748	93.2558480832
1914	79	6748	93.319241199
1915	80	6755	93.3392781299
1916	82	6760	93.3377712531
1917	86	6766	93.2888848429
1918	86	6768	93.2007849764
1919	87	6768	93.2546282117
1920	85	6774	93.2921609468
1921	86	6775	93.3125917252
1922	81	6776	93.3326340719
1923	77	6780	93.2858907379
1924	82	6784	93.2317720663
1925	78	6788	93.2058798762
1926	76	6793	93.2488559941
1927	78	6798	93.317809661
1928	78	6798	93.3292264344
1929	74	6803	93.3030999339
1930	71	6809	93.3678569161
1931	69	6812	93.2823968063
1932	74	6813	93.3307331925
1933	69	6814	93.252534009
1934	67	6818	93.2271135706
1935	66	6819	93.2964880214
1936	69	6822	93.2158586077
1937	71	6829	93.1700245379
1938	68	6832	93.1624406486
1939	72	6836	93.2201310878
1940	71	6841	93.1589607879
1941	70	6842	93.1574462562
1942	71	6847	93.151833085
1943	69	6849	93.0967777879
1944	74	6849	93.0452330485
1945	75	6849	93.0208198251
1946	79	6851	93.0935041576
1947	78	6858	93.176017071
1948	82	6858	93.1663425979
1949	77	6862	93.1394617575
1950	78	6868	93.0845943686
1951	81	6874	93.0107440554
1952	83	6874	92.9204425895
1953	87	6876	92.8385334847
1954	86	6879	92.8731552535
1955	84	6881	92.9668189012
1956	82	6888	92.9429348201
1957	79	6890	93.011185411
1958	84	6895	93.0952413044
1959	79	6896	93.1210721076
1960	82	6900	93.0712228867
1961	86	6904	93.0395343728
1962	85	6909	93.0955320462
1963	80	6912	93.0241022958
1964	79	6914	93.0944713754
1965	81	6918	93.1520167737
1966	76	6919	93.1138338626
1967	75	6921	93.1469303459
1968	71	6924	93.1049482339
1969	73	6926	93.138746989
1970	73	6926	93.2234375787
1971	68	6929	93.1348470568
1972	67	6936	93.1367287797
1973	66	6938	93.2180107512
1974	68	6941	93.1423841581
1975	68	6947	93.0659224649
1976	71	6947	93.1288191656
1977	68	6950	93.2151729284
1978	63	6951	93.1495426302
1979	65	6957	93.2198999374
1980	66	6964	93.2196364152
1981	62	6970	93.2032253002
1982	57	6977	93.190791682
1983	61	6983	93.1694169872
1984	62	6990	93.0942369003
1985	65	6997	93.1629964643
1986	60	7004	93.1746641499
1987	56	7004	93.1699794222
1988	52	7005	93.2100468045
1989	53	7008	93.3085749701
1990	52	7013	93.3642271505
1991	50	7016	93.421828933
1992	50	7019	93.5194755835
1993	51	7022	93.565406387
1994	54	7022	93.632489766
1995	56	7024	93.5666175315
1996	57	7025	93.6074723847
1997	55	7032	93.5992540531
1998	57	7036	93.6322965627
1999	53	7037	93.7322849342
2000	50	7044	93.788775386
2001	55	7046	93.7770267429
2002	53	7049	93.8490416349
2003	52	7049	93.9465283439
2004	50	7053	93.8588879948
2005	50	7058	93.8651027818
2006	50	7063	93.7739739478
2007	50	7068	93.8281483778
2008	50	7074	93.7554160711
2009	54	7076	93.8016197741
2010	53	7078	93.8266723189
2011	56	7081	93.91743766
2012	53	7081	93.8899209852
2013	58	7087	93.8072660025
2014	58	7094	93.7745574418
2015	63	7096	93.8452686216
2016	67	7101	93.8803366562
2017	65	7104	93.9375877977
2018	63	7106	94.0115275616
2019	61	7110	93.97463639
2020	64	7114	94.0084999092
2021	64	7114	94.0764688087
2022	59	7115	94.0677616377
2023	59	7115	93.9882467241
2024	63	7122	94.0501297866
2025	60	7125	94.1354891044
2026	56	7127	94.054116554
2027	52	7132	94.124799218
2028	53	7138	94.074797359
2029	57	7142	94.069048917
2030	58	7147	94.0761339624
2031	55	7149	94.0166224227
2032	51	7154	94.0031609165
2033	51	7160	94.0407274951
2034	51	7160	94.0868114336
2035	50	7161	94.0072038312
2036	50	7165	93.9679668094
2037	50	7171	94.035962303
2038	50	7171	93.9871884223
2039	50	7174	94.0384486623
2040	50	7178	93.9769107038
2041	50	7181	94.0704546458
2042	51	7186	94.0264391538
2043	55	7187	94.026361889
2044	59	7187	94.1038449282
2045	60	7189	94.0315037452
2046	56	7195	94.0314887739
2047	59	7197	93.9320654477
2048	57	7204	93.9770298245
2049	59	7205	94.0641652565
2050	64	7207	93.9867255152
2051	68	7213	93.9101456212
2052	72	7218	93.957438603
2053	77	7219	93.9299614799
2054	72	7225	93.8299922671
2055	77	7231	93.8148073726
2056	79	7234	93.7367911719
2057	84	7235	93.7392818483
2058	81	7236	93.6564668605
2059	77	7239	93.566336646
2060	75	7246	93.6495284774
2061	72	7253	93.5708199788
2062	70	7257	93.5116646682
2063	72	7261	93.5804963094
2064	72	7263	93.6758231513
2065	71	7264	93.7021304892
2066	70	7271	93.7107709324
2067	66	7271	93.6506488484
2068	65	7277	93.6488961313
2069	61	7284	93.658347578
2070	65	7287	93.6399408353
2071	66	7289	93.577763715
2072	68	7291	93.5160324858
2073	66	7295	93.5702238879
2074	61	7302	93.6043322572
2075	60	7302	93.6045814342
2076	58	7308	93.636610386
2077	55	7310	93.5568698388
2078	52	7310	93.5031922345
2079	50	7310	93.4832299674
2080	52	7316	93.4603172115
2081	52	7321	93.5490739088
2082	50	7321	93.5278432076
2083	55	7321	93.6029995753
2084	59	7328	93.5421116014
2085	62	7335	93.53192878
2086	58	7341	93.5124930042
2087	54	7341	93.5704953723
2088	53	7346	93.497062778
2089	51	7352	93.4381878617
2090	51	7353	93.487130935
2091	51	7353	93.459836416
2092	52	7359	93.4211976601
2093	50	7364	93.4704168723
2094	50	7368	93.4665341483
2095	50	7372	93.5568122338
2096	53	7375	93.6242523006
2097	55	7381	93.7144231852
2098	54	7382	93.7296269319
2099	54	7386	93.805582622
2100	57	7391	93.8278050481
2101	56	7393	93.8666493466
2102	54	7397	93.964359294
2103	56	7404	93.9629856445
2104	57	7411	93.9001341463
2105	62	7412	93.8649467441
2106	64	7417	93.8972667173
2107	66	7421	93.9954051796
2108	68	7425	93.9116559016
2109	65	7430	93.9702254431
2110	62	7435	94.0037103704
2111	67	7435	94.0542569173
2112	71	7437	94.145377602
2113	74	7437	94.1079357104
2114	79	7440	94.0309677019
2115	80	7443	94.092287516
2116	83	7443	94.1223231487
2117	86	7445	94.097360416
2118	86	7448	94.1293181867
2119	88	7454	94.1783839508
2120	89	7461	94.1843132566
2121	86	7466	94.0876612621
2122	90	7472	94.1320330452
2123	86	7475	94.1555415723
2124	90	7481	94.1043352601
2125	95	7483	94.1242949518
2126	100	7483	94.1641237695
2127	96	7484	94.1701839959
2128	95	7489	94.1743959699
2129	98	7494	94.0843549562
2130	95	7499	94.1005188702
2131	91	7503	94.0417617824
2132	96	7507	94.0762842386
2133	93	7508	94.0281494345
2134	90	7515	93.9978814207
2135	94	7515	94.07146916
2136	96	7519	93.9757834416
2137	101	7525	93.9916614378
2138	101	7526	93.904781812
2139	102	7531	93.9696729586
2140	105	7537	93.9429359331
2141	102	7538	94.0131637979
2142	105	7539	93.9730124728
2143	106	7544	94.0371624548
2144	107	7546	94.0231958149
2145	110	7546	94.0975677205
2146	108	7548	94.1539671984
2147	105	7549	94.1830254227
2148	109	7552	94.2041540597
2149	111	7555	94.1123745243
2150	109	7562	94.1218526966
2151	105	7565	94.0490869351
2152	108	7565	94.1452698088
2153	105	7570	94.067087365
2154	105	7570	94.0837080275
2155	107	7574	94.1647532626
2156	109	7580	94.2142657086
2157	107	7581	94.2979732329
2158	108	7582	94.3182433278
2159	105	7586	94.3813607068
2160	102	7590	94.4753924323
2161	97	7592	94.5551446307
2162	97	7592	94.6233340364
2163	95	7596	94.6168275748
2164	100	7602	94.542613358
2165	98	7609	94.6260146683
2166	98	7609	94.6926752751
2167	96	7616	94.6181173983
2168	100	7618	94.6076866722
2169	98	7624	94.5893326256
2170	94	7624	94.5768133789
2171	90	7630	94.6118783864
2172	90	7633	94.5838886507
2173	85	7636	94.5034941362
2174	85	7641	94.409653253
2175	82	7648	94.4766603526
2176	86	7652	94.5429627687
2177	82	7655	94.541415966
2178	80	7656	94.4744670472
2179	82	7663	94.4157935517
2180	86	7670	94.3481506718
2181	87	7673	94.3949335595
2182	92	7676	94.3090910173
2183	89	7680	94.247029862
2184	90	7680	94.3006902831
2185	87	7686	94.3641125093
2186	88	7688	94.4413085218
2187	90	7692	94.3647792477
2188	93	7699	94.2908283071
2189	97	7706	94.2448643436
2190	98	7706	94.2104310539
2191	94	7711	94.2247873187
2192	94	7713	94.1617621428
2193	99	7715	94.2273366408
2194	95	7715	94.1671389495
2195	100	7715	94.1035685437
2196	104	7720	94.0484676276
2197	108	7726	94.0665768288
2198	110	7729	94.070897323
2199	115	7731	94.1505665079
2200	117	7733	94.112163332
2201	115	7735	94.1166887363
2202	114	7741	94.1410765324
2203	114	7747	94.1240941065
2204	111	7753	94.0610730695
2205	113	7755	94.0708468563
2206	115	7761	94.0368517685
2207	117	7764	94.0648092084
2208	119	7770	94.0949649584
2209	123	7777	94.1464133985
2210	126	7779	94.1676793583
2211	127	7783	94.2507413221
2212	125	7788	94.242566293
2213	123	7788	94.2098662084
2214	119	7789	94.2405607344
2215	122	7795	94.2800184708
2216	117	7799	94.3688584462
2217	114	7805	94.3535827497
2218	112	7808	94.3546159349
2219	115	7814	94.4287080296
2220	114	7821	94.3310068295
2221	113	7824	94.3632748986
2222	113	7827	94.2955253061
2223	116	7831	94.3444902199
2224	116	7832	94.276956806
2225	113	7837	94.2976461606
2226	110	7838	94.361807028
2227	105	7838	94.2993147216
2228	106	7843	94.2137714382
2229	103	7844	94.2091497585
2230	104	7847	94.2499688676
2231	104	7854	94.2104763761
2232	105	7857	94.2703551705
2233	102	7859	94.1889311886
2234	97	7864	94.1403192252
2235	101	7869	94.1805339054
2236	99	7872	94.1471925661
2237	104	7877	94.228079024
2238	101	7879	94.1912302221
2239	106	7880	94.235635978
2240	103	7885	94.2481732676
2241	102	7888	94.3438420708
2242	97	7894	94.3952437805
2243	100	7900	94.4211120208
2244	104	7907	94.3565156315
2245	103	7909	94.4485131078
2246	98	7909	94.5242231583
2247	97	7916	94.6184950488
2248	102	7920	94.5451041302
2249	104	7920	94.5000988549
2250	99	7923	94.5439860616
2251	100	7930	94.5502008906
2252	97	7937	94.4874509932
2253	94	7942	94.5680646393
2254	96	7943	94.5924633018
2255	97	7948	94.6887483387
2256	97	7951	94.7814483436
2257	96	7951	94.8431325758
2258	91	7954	94.9162341061
2259	93	7960	94.8163950133
2260	92	7966	94.8279258608
2261	91	7973	94.8576681285
2262	88	7975	94.8361542822
2263	90	7980	94.9046438324
2264	89	7980	94.839452397
2265	84	7983	94.9267603354
2266	80	7989	94.8798677584
2267	76	7993	94.881108142
2268	79	7994	94.7961667479
2269	75	8001	94.7452822468
2270	76	8003	94.8374857364
2271	79	8007	94.826131243
2272	77	8008	94.84869343
2273	74	8009	94.9175395004
2274	69	8013	94.9388405614
2275	65	8017	94.9010193875
2276	70	8022	94.8504507712
2277	67	8024	94.7916791404
2278	72	8026	94.7542136684
2279	75	8033	94.7371021424
2280	77	8033	94.7502678288
2281	79	8036	94.7694881399
2282	80	8042	94.8035703363
2283	77	8045	94.8905265715
2284	73	8047	94.8652535565
2285	68	8053	94.9028579192
2286	70	8059	94.9122743663
2287	68	8059	94.9035703309
2288	68	8059	94.9072074959
2289	73	8062	94.8081627654
2290	69	8062	94.7100373637
2291	64	8068	94.7716429281
2292	61	8073	94.7945267655
2293	60	8075	94.8866593502
2294	60	8080	94.8863415202
2295	65	8082	94.8285374654
2296	64	8086	94.7337589173
2297	68	8089	94.6995686564
2298	72	8092	94.6960453677
2299	72	8095	94.7559523641
2300	71	8096	94.8117091569
2301	66	8103	94.8096532869
2302	61	8110	94.7188196074
2303	65	8112	94.7841156274
2304	69	8112	94.7988610245
2305	67	8117	94.8168284352
2306	66	8119	94.7192755796
2307	66	8119	94.7148706645
2308	65	8121	94.8123389857
2309	66	8126	94.7820449629
2310	64	8130	94.7997556293
2311	62	8134	94.7887961328
2312	64	8136	94.774997384
2313	61	8141	94.6968652778
2314	63	8143	94.741066514
2315	65	8150	94.7404312438
2316	66	8151	94.7521702682
2317	71	8151	94.8389802025
2318	75	8158	94.917395297
2319	74	8161	94.9619659002
2320	75	8162	95.0492617625
2321	78	8169	95.0076162955
2322	82	8172	94.9448762456
2323	86	8179	94.9851876135
2324	85	8182	94.9306323987
2325	87	8187	95.0287919521
2326	82	8191	95.0353915607
2327	83	8193	94.980949727
2328	79	8194	94.9759217704
2329	80	8198	95.0196981358
2330	75	8198	95.0714329415
2331	75	8202	95.1048574816
2332	76	8202	95.0514133421
2333	80	8208	95.1510539437
2334	77	8214	95.2281903783
2335	79	8221	95.2667355647
2336	80	8222	95.2053665843
2337	83	8226	95.1979695362
2338	81	8227	95.2548344092
2339	78	8229	95.2887297179
2340	80	8233	95.3701723491
2341	82	8235	95.3221448866
2342	80	8237	95.3253066293
2343	79	8239	95.2771132768
