1	126	2	94.9516639796
2	131	2	94.8897109436
3	128	7	94.8307699634
4	124	10	94.820704762
5	126	16	94.7733688859
6	131	17	94.6954823268
7	127	19	94.7096013489
8	132	26	94.8024594763
9	133	26	94.7718893685
10	128	31	94.6944511051
11	129	33	94.6603388966
12	132	33	94.6515691777
13	132	40	94.7097609183
14	130	45	94.7627756784
15	134	48	94.7315041671
16	129	53	94.6919323897
17	126	56	94.7243111775
18	130	57	94.6543788939
19	125	60	94.7158264802
20	127	60	94.6322005635
21	132	65	94.6518958656
22	131	66	94.7108719499
23	130	67	94.7395580349
24	125	70	94.7552299424
25	121	74	94.8478970303
26	121	81	94.8471871425
27	126	84	94.9177634725
28	122	86	94.875628795
29	126	90	94.8584601381
30	126	91	94.7977252351
31	129	97	94.8689125378
32	132	104	94.7925745723
33	131	107	94.8262916507
34	132	113	94.8800777695
35	129	113	94.8036443604
36	132	120	94.8926703367
37	128	121	94.9705422677
38	128	123	94.9052604664
39	128	123	94.9152924265
40	133	127	95.0072437612
41	130	131	94.9813627357
42	134	132	94.894668195
43	129	133	94.8667860628
44	124	140	94.9317037085
45	121	140	94.8845194391
46	124	145	94.9594635803
47	119	151	94.9931606314
48	115	156	94.9137447024
49	119	163	94.8295943949
50	123	164	94.8574927575
51	128	169	94.7673966
52	132	170	94.7845020851
53	129	176	94.7498963634
54	132	183	94.7769571677
55	129	190	94.8312011098
56	126	192	94.8549398884
57	130	196	94.824083761
58	135	200	94.8765367557
59	139	200	94.926500862
60	136	202	95.0101538189
61	138	202	95.0995458194
62	133	208	95.0727862093
63	130	211	95.0174865601
64	125	211	95.0556638071
65	121	212	94.961278436
66	120	212	94.8954882097
67	115	219	94.832916657
68	118	223	94.8068597274
69	115	228	94.7699400871
70	119	233	94.7627023262
71	117	233	94.800100635
72	122	233	94.8552222572
73	124	238	94.8895822673
74	124	242	94.8745728428
75	121	249	94.8837525511
76	125	249	94.8854808123
77	124	253	94.8690371288
78	125	256	94.9423999609
79	127	262	94.8803619373
80	124	266	94.8530358465
81	121	268	94.8976364191
82	120	275	94.9191161735
83	121	277	95.0085169751
84	123	283	94.9130780855
85	125	286	94.8618163835
86	122	291	94.8361785086
87	125	292	94.8220240749
88	127	296	94.7414537331
89	129	296	94.8052853231
90	129	299	94.8611706625
91	126	300	94.8360548498
92	129	306	94.809424293
93	124	307	94.8033137338
94	123	312	94.7755560966
95	128	317	94.7564044315
96	126	318	94.793578065
97	130	323	94.8131023227
98	133	326	94.8354976924
99	133	329	94.9139939332
100	132	329	94.8493830625
101	137	333	94.7876672828
102	138	338	94.7012466687
103	142	342	94.6708401356
104	138	347	94.5827194156
105	141	350	94.5754735186
106	145	351	94.5327843542
107	144	351	94.4774909185
108	139	356	94.4643409398
109	136	360	94.4272143324
110	135	360	94.398326522
111	133	366	94.4398831244
112	132	370	94.4877751752
113	135	374	94.4312067666
114	133	378	94.3458269315
115	132	381	94.3744365881
116	137	388	94.3123573654
117	141	390	94.3179685556
118	139	393	94.2908797596
119	141	399	94.2677303742
120	139	403	94.2398935381
121	143	404	94.2950394844
122	144	411	94.2614093503
123	144	417	94.3556102911
124	142	422	94.4213910834
125	139	428	94.4182989376
126	139	430	94.4255785781
127	137	434	94.4234014512
128	141	439	94.4719824894
129	142	445	94.5292571199
130	143	448	94.5753232544
131	141	449	94.6295723462
132	145	451	94.6639630781
133	140	457	94.6470599216
134	135	464	94.6923089558
135	139	466	94.6649919617
136	134	470	94.6035129864
137	135	475	94.5134519856
138	137	475	94.4530865409
139	135	477	94.4612782348
140	135	480	94.5357192794
141	139	484	94.617499038
142	139	489	94.5844435051
143	144	491	94.5046814004
144	147	495	94.4302938211
145	148	495	94.374283893
146	146	495	94.3593691633
147	149	495	94.3703427857
148	146	495	94.3134606557
149	145	498	94.2967325926
150	146	502	94.254809342
151	149	505	94.2163092325
152	146	511	94.2869346207
153	149	511	94.3479416044
154	146	516	94.3974783857
155	145	518	94.4375927816
156	149	520	94.4080362885
157	151	524	94.4066195181
158	153	528	94.3729097592
159	156	533	94.3117479404
160	153	533	94.3560769639
161	153	536	94.3545931558
162	157	541	94.3770456964
163	152	546	94.2904580331
164	157	549	94.2366193028
165	161	551	94.1561401712
166	165	555	94.1338474943
167	170	560	94.1155246019
168	166	560	94.1196961379
169	162	566	94.1121197463
170	157	568	94.0197595513
171	162	571	93.9864155339
172	160	573	94.0180500387
173	162	576	94.1121077504
174	161	577	94.0215056711
175	157	581	94.0116075289
176	156	581	94.0715185891
177	161	582	94.0787581644
178	160	585	94.1061384593
179	156	592	94.0608542309
180	159	599	94.1275212863
181	160	600	94.1157284508
182	156	600	94.0227295589
183	154	601	94.11864018
184	149	601	94.1368133573
185	145	606	94.0514815781
186	143	612	93.991991581
187	140	615	94.0323115545
188	135	621	93.9919160043
189	135	622	93.9719383415
190	135	629	94.0513120996
191	137	634	94.0174574137
192	134	640	94.0804539426
193	139	643	94.0732794251
194	134	648	93.9871776684
195	135	649	93.9657229108
196	138	650	94.0501769476
197	142	656	94.000319798
198	138	661	94.0573471359
199	140	661	94.0094270292
200	140	664	93.9127388632
201	140	671	93.85167696
202	138	672	93.8218916332
203	140	675	93.8791736639
204	140	676	93.910976201
205	136	682	93.8263702267
206	133	682	93.8402532655
207	134	683	93.9339074448
208	136	684	93.9996494544
209	137	689	94.0709937231
210	134	689	94.1167928793
211	129	696	94.1899428373
212	124	697	94.2050611987
213	129	698	94.147188535
214	128	704	94.2322762633
215	130	705	94.3069832433
216	129	705	94.2564017996
217	127	707	94.3542930014
218	128	709	94.3445295889
219	123	711	94.3524613039
220	123	711	94.2835241035
221	124	714	94.2310392223
222	127	721	94.3110349838
223	128	724	94.2999673644
224	123	727	94.2621209518
225	125	732	94.3397912342
226	125	732	94.3715290464
227	127	732	94.3168428897
228	129	738	94.3018396542
229	133	738	94.3279353672
230	133	740	94.2905894188
231	129	743	94.3260462827
232	129	744	94.3042544588
233	127	748	94.2512491575
234	125	752	94.2182414976
235	122	756	94.3124588812
236	125	756	94.3765858877
237	121	763	94.4295190963
238	118	764	94.4605233339
239	119	770	94.5580175912
240	124	772	94.6097159883
241	128	773	94.5321156272
242	123	773	94.6166603919
243	124	779	94.5517077041
244	129	786	94.6090778061
245	125	790	94.6580221964
246	120	792	94.7567728681
247	123	798	94.7031600063
248	128	798	94.7331165889
249	127	798	94.6922948106
250	125	800	94.7423925175
251	127	801	94.738785369
252	131	805	94.6506289901
253	130	805	94.5737712469
254	132	805	94.5353809455
255	127	811	94.5316180516
256	123	814	94.4963068434
257	118	819	94.5137461466
258	117	824	94.4527082679
259	122	830	94.4135517009
260	118	837	94.3902276389
261	122	841	94.2994540811
262	127	843	94.3392018788
263	127	843	94.4305826906
264	131	845	94.4357267467
265	132	847	94.4104212653
266	130	848	94.4214402734
267	132	853	94.3559236617
268	133	859	94.387864319
269	132	865	94.4510901789
270	135	865	94.4259762053
271	131	867	94.401643953
272	131	870	94.4161129242
273	130	871	94.4511014266
274	129	877	94.522981521
275	130	879	94.4912206533
276	132	882	94.5285295827
277	127	883	94.5907022007
278	125	887	94.5510515318
279	125	887	94.5103654204
280	127	894	94.5955422821
281	132	900	94.5724247931
282	134	903	94.5583323298
283	129	909	94.4630865485
284	126	914	94.4349915088
285	128	917	94.3507575726
286	131	924	94.4034125855
287	127	928	94.4141079736
288	126	928	94.4107580979
289	126	930	94.4188511672
290	124	930	94.4406482003
291	123	936	94.5034518207
292	118	942	94.5456287393
293	113	942	94.4849034213
294	112	942	94.3923270685
295	117	944	94.4223987419
296	117	950	94.4797859172
297	114	957	94.4821838565
298	110	959	94.5461195041
299	106	963	94.4971131246
300	108	964	94.580716945
301	104	970	94.5790878449
302	101	975	94.6728541507
303	100	976	94.7342708043
304	97	982	94.6863144437
305	99	987	94.6706935645
306	98	991	94.5989774589
307	94	993	94.6278009134
308	90	996	94.536293226
309	88	1000	94.4853204086
310	90	1006	94.5263176903
311	91	1007	94.4924926326
312	93	1013	94.4603168749
313	97	1014	94.4722915955
314	100	1018	94.4678367467
315	97	1022	94.4081817205
316	98	1026	94.3120146779
317	97	1029	94.3649366448
318	101	1032	94.3858800552
319	101	1038	94.315596714
320	101	1042	94.3465561375
321	98	1048	94.3206767797
322	94	1054	94.4035344204
323	89	1061	94.4519621631
324	87	1063	94.391348554
325	92	1066	94.3962623375
326	94	1071	94.4649077435
327	97	1071	94.4374866732
328	97	1078	94.4616314616
329	92	1079	94.4941217797
330	89	1084	94.4081346187
331	84	1086	94.3101547096
332	86	1087	94.2344256019
333	91	1090	94.2732120749
334	93	1090	94.3027056374
335	93	1093	94.2888681579
336	90	1093	94.2533894561
337	91	1100	94.338937577
338	87	1106	94.4126099073
339	91	1113	94.3323417145
340	94	1115	94.3066578081
341	95	1116	94.2121810335
342	93	1123	94.2346731861
343	98	1130	94.2214484231
344	98	1136	94.1294102029
345	103	1139	94.1344874577
346	107	1144	94.0382358869
347	107	1144	94.1085106027
348	107	1146	94.1222871786
349	110	1153	94.044441872
350	108	1160	94.0612351969
351	105	1164	93.9885283578
352	107	1167	93.8942776476
353	104	1174	93.8911597059
354	100	1180	93.8164055184
355	98	1186	93.8416976502
356	95	1188	93.8908981873
357	99	1192	93.8787261931
358	99	1199	93.9737752285
359	101	1199	93.9873697823
360	104	1204	94.0049481214
361	105	1206	94.077004374
362	107	1207	94.0445416326
363	103	1211	94.1280364968
364	100	1217	94.1132265743
365	99	1219	94.1310805283
366	102	1223	94.1424670939
367	100	1225	94.2317316436
368	99	1230	94.3019235813
369	99	1231	94.3409476035
370	98	1236	94.2460420041
371	103	1238	94.3106110189
372	104	1240	94.215683222
373	109	1244	94.2502224956
374	111	1245	94.2159031475
375	112	1245	94.2119650104
376	112	1246	94.3029233079
377	117	1251	94.3254791964
378	116	1258	94.279514999
379	115	1260	94.30716677
380	117	1267	94.3563491716
381	112	1274	94.3430113074
382	117	1279	94.2698295231
383	112	1280	94.3589963387
384	108	1285	94.4238993496
385	108	1287	94.3406962442
386	108	1292	94.4060410009
387	113	1295	94.4028575975
388	111	1302	94.3888858514
389	108	1304	94.3531119341
390	111	1304	94.4074284919
391	112	1310	94.363667111
392	109	1314	94.3857005118
393	107	1315	94.4377126416
394	105	1322	94.373937397
395	104	1325	94.2793131056
396	102	1327	94.3175786265
397	101	1330	94.3383306246
398	97	1335	94.2708690577
399	92	1335	94.186780905
400	97	1337	94.238477461
401	93	1340	94.1443501375
402	98	1342	94.1834987925
403	101	1343	94.1233073152
404	96	1347	94.2226739859
405	97	1350	94.208689902
406	98	1353	94.1488344374
407	101	1360	94.1076866889
408	104	1361	94.0542706741
409	99	1361	93.9935862341
410	100	1366	93.9307730927
411	102	1367	93.8784091856
412	105	1373	93.9578692805
413	106	1375	94.0479348625
414	110	1378	94.1325582317
415	108	1383	94.1120968509
416	113	1390	94.1909256211
417	112	1395	94.2198803811
418	117	1400	94.1895222441
419	120	1405	94.1436732985
420	118	1408	94.0540876498
421	115	1413	93.969312405
422	114	1415	93.9573281179
423	110	1416	94.0245070899
424	109	1416	94.1137986456
425	108	1417	94.0333213236
426	105	1418	94.0272905013
427	104	1424	94.0702976267
428	107	1428	94.0448477075
429	109	1433	94.0786574643
430	109	1433	94.0644171848
431	110	1433	94.0757083779
432	105	1433	94.0646860888
433	110	1434	94.0260948027
434	106	1441	94.0123943277
435	110	1447	93.9411021213
436	112	1453	93.9261550063
437	114	1458	93.8552824718
438	112	1462	93.7833166384
439	117	1464	93.6850532709
440	116	1465	93.7026967733
441	113	1466	93.6650353892
442	108	1471	93.6428368107
443	105	1475	93.6345490997
444	108	1479	93.629033789
445	106	1481	93.5764608955
446	109	1485	93.6295899129
447	111	1486	93.5839032751
448	110	1490	93.619043489
449	113	1495	93.5826454392
450	116	1497	93.499548616
451	114	1498	93.4871508559
452	113	1498	93.4304063772
453	116	1504	93.4917989713
454	113	1508	93.513232772
455	109	1509	93.550193765
456	114	1510	93.5305003774
457	112	1511	93.491295737
458	107	1514	93.3946781651
459	104	1519	93.3175585176
460	103	1526	93.3375347095
461	102	1527	93.3389482292
462	101	1533	93.3984598667
463	103	1539	93.3937781531
464	103	1543	93.3471177021
465	100	1545	93.2585714948
466	104	1552	93.2400735439
467	106	1556	93.143003235
468	109	1557	93.1029273706
469	114	1558	93.1419560582
470	114	1564	93.1685380201
471	119	1565	93.0830232466
472	121	1567	93.0857268221
473	117	1572	93.0571686447
474	120	1572	93.1258655397
475	116	1573	93.1517641622
476	114	1575	93.0875444395
477	118	1579	93.1130685
478	114	1585	93.1746240327
479	109	1591	93.1497172997
480	110	1593	93.1587311811
481	109	1593	93.0904512147
482	104	1594	93.1744176925
483	100	1594	93.0879323915
484	103	1597	93.1034516437
485	99	1600	93.1340419916
486	103	1602	93.2221656307
487	98	1608	93.2748559316
488	102	1613	93.2653325546
489	105	1616	93.3331330234
490	103	1622	93.3375333839
491	101	1626	93.4171288114
492	96	1626	93.3266172981
493	91	1632	93.2854919491
494	96	1634	93.294859946
495	101	1640	93.2714271294
496	98	1647	93.2085788758
497	103	1654	93.1998818849
498	100	1657	93.2716352111
499	95	1658	93.306550895
500	96	1663	93.214827302
501	93	1666	93.1187535517
502	89	1673	93.1242572551
503	92	1676	93.2161545866
504	88	1680	93.1640866077
505	90	1680	93.249478502
506	89	1685	93.1680836628
507	86	1689	93.2390663763
508	83	1692	93.3331580884
509	87	1694	93.3258297022
510	87	1699	93.3935889026
511	91	1701	93.4727606417
512	92	1708	93.4143493668
513	94	1712	93.3370802975
514	89	1714	93.3962719125
515	90	1720	93.4137704666
516	92	1722	93.4712929125
517	88	1728	93.423373378
518	86	1728	93.4410761646
519	84	1731	93.4882635041
520	87	1733	93.5126408584
521	92	1735	93.5421554209
522	97	1741	93.5368153091
523	94	1748	93.5567041309
524	93	1750	93.5925589748
525	95	1754	93.595213936
526	94	1761	93.5522539966
527	90	1767	93.4691790567
528	85	1769	93.5139298537
529	86	1772	93.5525308278
530	91	1777	93.5720241433
531	93	1778	93.6347523971
532	94	1778	93.5806963817
533	99	1778	93.6021445349
534	96	1780	93.5985800315
535	98	1786	93.6366688033
536	101	1793	93.5448889303
537	99	1799	93.4797449874
538	94	1801	93.5785012554
539	94	1805	93.5247068619
540	93	1808	93.5335233908
541	89	1808	93.5639685451
542	86	1813	93.4843699706
543	91	1815	93.4554471718
544	87	1815	93.3773379701
545	89	1821	93.418514447
546	90	1823	93.3855575837
547	95	1824	93.3191790144
548	98	1828	93.3104794067
549	99	1828	93.3031435968
550	94	1828	93.2870939417
551	97	1831	93.3178772018
552	95	1831	93.2577442472
553	93	1834	93.2843479953
554	91	1839	93.2783723386
555	92	1839	93.3522343557
556	96	1846	93.3431941009
557	98	1848	93.380087225
558	93	1851	93.3466250741
559	89	1856	93.4331403028
560	86	1857	93.3638704642
561	81	1861	93.4333571
562	80	1861	93.3899127846
563	84	1868	93.4080538369
564	79	1871	93.3284739902
565	75	1875	93.328316557
566	78	1878	93.3578656756
567	82	1878	93.3763473142
568	81	1883	93.345734217
569	76	1890	93.402261835
570	78	1893	93.4441297719
571	82	1898	93.5234849754
572	80	1900	93.4446222067
573	85	1906	93.3963752183
574	89	1906	93.4457810414
575	89	1906	93.4499683431
576	88	1906	93.436784617
577	89	1906	93.4082886922
578	89	1909	93.3917187495
579	87	1916	93.36061456
580	88	1917	93.3013676608
581	90	1921	93.209890749
582	92	1923	93.1587406658
583	91	1926	93.0703339503
584	88	1931	93.0084273272
585	92	1936	93.0259078198
586	89	1937	92.9319402079
587	93	1944	92.9646125238
588	98	1947	92.9845946465
589	98	1950	92.9114827254
590	102	1956	92.9009935458
591	103	1957	92.9568847246
592	108	1960	93.0066007046
593	108	1962	93.0919441551
594	107	1963	93.1811824563
595	110	1968	93.1751943339
596	113	1975	93.0996409185
597	114	1975	93.149158816
598	119	1978	93.1819958693
599	124	1984	93.1231203582
600	129	1985	93.0892130171
601	127	1990	93.0916372472
602	132	1991	93.0275283924
603	128	1997	93.1089416528
604	130	2004	93.0591372759
605	130	2007	93.0759427324
606	127	2010	93.105843023
607	130	2013	93.0843909585
608	128	2017	93.1153006706
609	133	2018	93.0927305551
610	130	2018	93.1473303751
611	129	2020	93.1882648408
612	129	2020	93.2038527096
613	133	2026	93.1776179178
614	134	2030	93.1528884982
615	131	2032	93.2244944386
616	131	2038	93.2226938976
617	126	2041	93.3183247208
618	126	2045	93.319067868
619	121	2045	93.3835076795
620	123	2052	93.3255083967
621	119	2057	93.3009059149
622	120	2062	93.3184290958
623	124	2067	93.4103323054
624	122	2071	93.4042510824
625	127	2072	93.3290017425
626	130	2075	93.3652423257
627	126	2075	93.288690337
628	121	2081	93.3627481456
629	125	2085	93.2678033488
630	126	2087	93.2652657772
631	129	2091	93.219807489
632	128	2093	93.1302069357
633	123	2093	93.13687354
634	128	2096	93.0407432462
635	128	2100	93.0024890676
636	126	2103	93.0810667678
637	129	2104	93.1117669018
638	126	2104	93.188395828
639	127	2109	93.2428995112
640	130	2116	93.1670001849
641	134	2118	93.2614437265
642	135	2119	93.2443425993
643	131	2119	93.3196420593
644	136	2123	93.2835761741
645	140	2123	93.198522
646	140	2128	93.2104285165
647	140	2129	93.2929358502
648	137	2129	93.2141995393
649	138	2134	93.1885664979
650	136	2139	93.2636051377
651	136	2144	93.2686270086
652	139	2144	93.2852537701
653	136	2144	93.223963746
654	138	2150	93.2857777131
655	141	2153	93.1902778222
656	146	2158	93.285172805
657	143	2158	93.324899033
658	146	2158	93.3372776626
659	142	2164	93.3825156351
660	141	2165	93.3450389395
661	145	2169	93.281894831
662	143	2172	93.3475340376
663	146	2178	93.3256901092
664	151	2182	93.2497741121
665	151	2189	93.3261494743
666	150	2189	93.2834463158
667	147	2191	93.2691097251
668	147	2192	93.3414975811
669	151	2196	93.3202318771
670	154	2200	93.2717943795
671	157	2205	93.246853041
672	157	2208	93.1663339621
673	158	2210	93.1880629867
674	163	2212	93.1103120625
675	159	2219	93.2010284836
676	157	2219	93.2050686528
677	159	2220	93.2774939455
678	162	2221	93.2101494794
679	165	2224	93.1453297683
680	162	2229	93.2122920455
681	166	2230	93.3004357265
682	170	2237	93.3609022867
683	167	2242	93.3833079838
684	169	2244	93.4441913767
685	169	2251	93.4376969799
686	172	2251	93.486405549
687	177	2252	93.5448067112
688	178	2254	93.574485069
689	176	2259	93.5754953874
690	175	2266	93.675309844
691	175	2266	93.7424572593
692	177	2267	93.7435389278
693	175	2272	93.8038044431
694	178	2278	93.7132681106
695	183	2284	93.669026033
696	181	2290	93.6002536199
697	183	2297	93.6376653242
698	183	2302	93.5396739839
699	186	2309	93.4468523978
700	183	2316	93.5197096547
701	186	2318	93.4540683838
702	188	2318	93.5206608464
703	186	2318	93.441589159
704	185	2323	93.494129878
705	182	2323	93.5364654171
706	179	2325	93.5436821259
707	184	2332	93.5737586706
708	184	2333	93.6697169788
709	180	2336	93.5992304775
710	177	2337	93.6338187176
711	174	2342	93.6818571107
712	169	2342	93.6132172419
713	173	2343	93.6580123481
714	175	2350	93.5809798728
715	179	2353	93.629595919
716	184	2358	93.6277591475
717	188	2364	93.6966478087
718	183	2364	93.7088062376
719	181	2371	93.7157480534
720	179	2374	93.7926394742
721	175	2376	93.8384129309
722	172	2376	93.8985748075
723	169	2382	93.945117119
724	173	2388	93.9550146213
725	175	2391	94.0235247848
726	173	2391	94.0968797105
727	173	2393	94.0418094885
728	172	2399	94.0825790611
729	175	2400	94.0765402373
730	172	2402	94.070549247
731	175	2407	94.0652263626
732	176	2412	94.0586999004
733	177	2415	94.0733916869
734	177	2422	93.9770761532
735	177	2426	94.0431347285
736	178	2428	93.9714158501
737	183	2430	94.0445599581
738	181	2433	94.0006329675
739	186	2436	94.0713516885
740	184	2437	94.0820989123
741	180	2444	94.022036156
742	180	2449	93.9442070375
743	175	2454	93.9132154287
744	171	2455	93.888855309
745	169	2457	93.8583713122
746	174	2458	93.8113200857
747	174	2458	93.8292019467
748	177	2464	93.7787361531
749	180	2467	93.80327461
750	181	2472	93.8743144081
751	184	2473	93.8759874051
752	187	2476	93.7766941715
753	186	2476	93.8664677572
754	190	2482	93.8680522176
755	195	2486	93.8322393454
756	195	2486	93.8328047058
757	195	2493	93.9200368587
758	190	2497	93.8270619955
759	188	2500	93.9142766203
760	188	2506	93.9711943942
761	188	2506	94.0043627661
762	190	2509	93.9617055436
763	186	2514	93.9686489797
764	183	2518	93.9200510767
765	186	2523	93.8789381167
766	181	2526	93.7876451299
767	179	2533	93.699209242
768	180	2539	93.6343978076
769	183	2544	93.6213899885
770	180	2549	93.584392252
771	184	2556	93.5404184244
772	184	2563	93.5722111997
773	182	2567	93.4995763288
774	187	2571	93.4762831266
775	182	2573	93.4764642847
776	181	2580	93.415438333
777	179	2584	93.4379251886
778	176	2591	93.4115161705
779	175	2598	93.3934499171
780	180	2605	93.3254610196
781	179	2608	93.2546858017
782	177	2612	93.2694269431
783	177	2615	93.3431805559
784	181	2620	93.3447350281
785	184	2621	93.3123075222
786	180	2623	93.2228375587
787	176	2628	93.2645905707
788	181	2635	93.242718642
789	181	2635	93.2607314367
790	182	2636	93.3354856235
791	177	2643	93.4000908073
792	177	2645	93.4300607734
793	176	2647	93.3369912494
794	172	2647	93.2765940415
795	169	2648	93.3386326847
796	164	2650	93.3779334703
797	162	2650	93.3974097819
798	162	2656	93.4243274287
799	161	2663	93.4924391678
800	162	2667	93.4249347824
801	162	2671	93.4670693123
802	167	2674	93.4467197263
803	168	2678	93.4065475002
804	166	2679	93.3588910521
805	161	2681	93.4501100547
806	156	2684	93.3521124112
807	153	2684	93.305950387
808	158	2684	93.3727301629
809	162	2684	93.4596628606
810	165	2690	93.3615486939
811	164	2697	93.3129281158
812	165	2702	93.2246862472
813	169	2709	93.2553497534
814	173	2714	93.274852963
815	177	2720	93.3362794157
816	172	2727	93.4284666898
817	169	2732	93.4656192317
818	170	2733	93.3682352947
819	169	2736	93.3444964041
820	167	2736	93.3603762516
821	164	2739	93.3374032506
822	167	2746	93.341018606
823	172	2753	93.3856825268
824	177	2753	93.2892626861
825	178	2754	93.3261567417
826	177	2758	93.40711494
827	180	2758	93.3393166853
828	175	2765	93.3663883846
829	170	2772	93.4530447649
830	166	2778	93.5130197756
831	168	2784	93.5755000868
832	168	2791	93.5566411823
833	165	2792	93.4922819507
834	164	2795	93.4729644233
835	169	2801	93.5202949694
836	166	2802	93.5267972649
837	161	2809	93.519364089
838	162	2814	93.4360141873
839	164	2819	93.4493900949
840	167	2820	93.5200867743
841	164	2825	93.5477569289
842	167	2832	93.4667034049
843	163	2838	93.5376160175
844	165	2844	93.46371138
845	162	2849	93.3929708372
846	163	2852	93.4610831267
847	168	2852	93.4631604227
848	163	2852	93.4730189082
849	163	2858	93.3743500281
850	167	2864	93.3219377985
851	166	2868	93.4218389737
852	165	2869	93.4968212209
853	162	2871	93.4075229637
854	167	2877	93.3549593114
855	165	2883	93.2788123095
856	164	2885	93.23344145
857	164	2890	93.2313057783
858	161	2892	93.3300815402
859	162	2896	93.4250217636
860	158	2902	93.3948226042
861	159	2905	93.4575173961
862	163	2911	93.5471998539
863	161	2917	93.6325172129
864	160	2924	93.6737439806
865	158	2926	93.7408995827
866	154	2930	93.7433425428
867	159	2936	93.8204703218
868	161	2943	93.8709906623
869	162	2945	93.8047046558
870	164	2949	93.8540283284
871	167	2955	93.8403504101
872	168	2962	93.8739091608
873	163	2963	93.9683508504
874	167	2970	93.9471649108
875	162	2971	94.0455013022
876	161	2971	94.0708742471
877	165	2972	94.0324374844
878	167	2975	93.9681411713
879	172	2979	93.9422243385
880	169	2980	93.9595682405
881	174	2981	93.9164232037
882	172	2983	93.9594641503
883	175	2989	93.9124305719
884	173	2995	93.8791808335
885	168	2995	93.8485869322
886	169	2996	93.9253461259
887	165	2998	93.9481351088
888	160	2999	94.002583161
889	164	3002	94.0239672491
890	167	3007	94.0515792967
891	168	3014	94.0453830562
892	173	3020	94.0083885656
893	170	3022	93.9678972734
894	168	3025	94.0659559468
895	169	3028	93.9695480062
896	173	3035	93.9918289347
897	172	3040	93.9905210748
898	168	3045	93.8993755584
899	167	3052	93.9042065911
900	165	3059	93.8118044732
901	161	3064	93.8711059825
902	159	3065	93.8854799285
903	160	3067	93.8969286319
904	159	3070	93.9965841571
905	154	3071	94.0235788981
906	150	3072	94.1136737122
907	151	3076	94.0889179228
908	150	3076	94.1319596333
909	155	3078	94.1188641989
910	151	3080	94.0778064439
911	154	3084	94.0196519001
912	159	3091	94.116406836
913	157	3094	94.1312522343
914	158	3094	94.0551507441
915	153	3095	94.0371143177
916	156	3102	94.0433365659
917	160	3103	94.1249931642
918	158	3108	94.1926665521
919	163	3112	94.1776014571
920	162	3118	94.1691958408
921	157	3120	94.1990539346
922	157	3127	94.1220514977
923	159	3127	94.111167194
924	154	3133	94.0786624267
925	151	3138	94.0121005943
926	155	3145	93.9303054407
927	160	3152	93.9600797009
928	159	3152	93.9989635479
929	156	3156	94.0683080796
930	151	3156	93.9749944915
931	152	3163	94.0005822501
932	157	3169	93.9464253096
933	158	3174	93.8673179
934	161	3178	93.9236926249
935	161	3183	93.9364304681
936	165	3190	93.9893826308
937	164	3190	93.9263093652
938	164	3193	93.8654249387
939	160	3194	93.8031118221
940	161	3198	93.7455385255
941	161	3204	93.748307681
942	162	3211	93.8297459968
943	163	3216	93.7682667157
944	161	3219	93.7955263715
945	165	3226	93.7604214161
946	162	3228	93.8337069293
947	167	3231	93.8734648615
948	162	3238	93.8517858985
949	167	3245	93.8526422781
950	164	3247	93.9191584469
951	162	3248	93.8964011827
952	164	3255	93.837933976
953	169	3257	93.7651459962
954	166	3259	93.7009845324
955	163	3259	93.7141634288
956	167	3260	93.71097045
957	169	3267	93.705344067
958	167	3273	93.706206614
959	169	3278	93.747646004
960	171	3281	93.7535201409
961	174	3287	93.6708267317
962	176	3292	93.5994359432
963	178	3299	93.5182973803
964	176	3304	93.4928884715
965	180	3308	93.4462483853
966	185	3312	93.5073102557
967	185	3315	93.444353244
968	183	3322	93.4243925732
969	179	3329	93.4301979932
970	178	3333	93.4755766727
971	179	3339	93.4348447328
972	181	3339	93.4319684217
973	176	3344	93.4227076054
974	178	3346	93.4911813145
975	178	3347	93.5442772842
976	174	3347	93.6187618728
977	176	3353	93.6895457241
978	179	3355	93.6421989551
979	177	3357	93.7371515638
980	178	3357	93.7711077669
981	182	3358	93.7047538016
982	180	3364	93.7838830647
983	181	3369	93.8323888924
984	179	3369	93.7809311547
985	182	3372	93.8475574525
986	185	3373	93.8910220201
987	186	3378	93.9391319093
988	182	3381	94.0364293282
989	183	3385	93.9715456982
990	184	3389	94.040639434
991	189	3392	94.1242366555
992	185	3398	94.1596465345
993	190	3403	94.2441693066
994	191	3410	94.3043474416
995	193	3414	94.3912121768
996	195	3418	94.4365579683
997	198	3420	94.4989447365
998	200	3421	94.4834831112
999	200	3427	94.4801560864
1000	200	3433	94.4699429868
1001	200	3440	94.472496932
1002	199	3441	94.433832557
1003	196	3442	94.3954805575
1004	195	3443	94.4873575951
1005	195	3444	94.557010117
1006	200	3447	94.4879488257
1007	200	3447	94.567080235
1008	200	3452	94.5332201493
1009	198	3456	94.6280878035
1010	200	3458	94.5399145307
1011	200	3462	94.6312038239
1012	200	3463	94.5877806211
1013	200	3467	94.6615619161
1014	197	3471	94.6448678305
1015	196	3472	94.6992611372
1016	192	3475	94.7136768699
1017	191	3481	94.7701103598
1018	191	3487	94.7698337302
1019	189	3493	94.8415438629
1020	193	3499	94.8647558438
1021	191	3505	94.779744543
1022	186	3510	94.7196322137
1023	189	3511	94.8023628049
1024	188	3513	94.8434766535
1025	187	3513	94.8649199928
1026	185	3514	94.8233106942
1027	180	3519	94.72926281
1028	179	3521	94.6592516357
1029	178	3524	94.7561019999
1030	180	3528	94.8237842802
1031	178	3531	94.8222095938
1032	174	3533	94.8270532979
1033	179	3537	94.7290819358
1034	177	3541	94.7908720524
1035	177	3546	94.7630980152
1036	172	3546	94.6673805912
1037	175	3552	94.5979516145
1038	176	3558	94.5393889663
1039	171	3565	94.5777006218
1040	172	3570	94.6225623199
1041	170	3575	94.6516157414
1042	168	3579	94.6331878514
1043	163	3586	94.5853442124
1044	162	3587	94.5379960303
1045	167	3587	94.6314149447
1046	167	3588	94.6682632957
1047	165	3593	94.6805855471
1048	161	3599	94.681549469
1049	156	3601	94.6189465197
1050	154	3604	94.6337885594
1051	155	3611	94.6314106775
1052	160	3616	94.6344550044
1053	156	3621	94.6093558392
1054	154	3625	94.6124209568
1055	153	3627	94.6629206215
1056	156	3631	94.6212512826
1057	155	3637	94.5690423042
1058	150	3637	94.5144644377
1059	154	3640	94.4512928907
1060	155	3640	94.4919449149
1061	150	3640	94.4428614817
1062	147	3642	94.4992285261
1063	152	3648	94.539476315
1064	150	3649	94.6360100512
1065	153	3654	94.7357402583
1066	155	3657	94.7755010034
1067	160	3661	94.8140449002
1068	159	3663	94.7356778155
1069	160	3667	94.701607862
1070	158	3673	94.6122664775
1071	158	3680	94.6760077566
1072	161	3685	94.7110241425
1073	163	3691	94.7444079577
1074	159	3698	94.7889660816
1075	158	3700	94.7303791068
1076	162	3705	94.6335863532
1077	165	3705	94.6200029739
1078	164	3707	94.6133386166
1079	162	3712	94.6401043204
1080	161	3719	94.7174104639
1081	164	3722	94.8038663028
1082	165	3724	94.8750024026
1083	169	3727	94.8970216535
1084	164	3732	94.9363878529
1085	161	3735	95.0105314043
1086	161	3742	95.1055532203
1087	164	3743	95.1601983638
1088	161	3744	95.0772826619
1089	165	3745	95.129451825
1090	160	3745	95.111253938
1091	159	3752	95.091896209
1092	159	3753	95.0589758321
1093	159	3758	95.0360739487
1094	156	3760	94.9506057642
1095	157	3762	94.8728604455
1096	161	3764	94.8499748945
1097	161	3764	94.8738796348
1098	164	3769	94.8900901338
1099	168	3773	94.9385127306
1100	170	3777	94.9739575713
1101	175	3784	94.9108038123
1102	170	3789	94.8655050577
1103	174	3793	94.8635042444
1104	173	3795	94.8075517197
1105	170	3798	94.7708787422
1106	166	3799	94.6993259778
1107	167	3803	94.6963607445
1108	170	3810	94.7910087964
1109	165	3813	94.7512929027
1110	168	3820	94.6731351255
1111	169	3820	94.6636386443
1112	167	3827	94.620266414
1113	167	3833	94.578270915
1114	167	3833	94.6013242476
1115	171	3833	94.6666258254
1116	174	3839	94.7273934221
1117	179	3844	94.7319255134
1118	183	3849	94.7416508268
1119	188	3849	94.7275777692
1120	185	3855	94.7178773311
1121	185	3861	94.6225954543
1122	185	3862	94.6363136011
1123	184	3862	94.6423965611
1124	182	3862	94.6223343114
1125	179	3863	94.6969533187
1126	183	3864	94.6753333248
1127	181	3868	94.6814970401
1128	183	3874	94.5970742712
1129	182	3877	94.5433244231
1130	185	3880	94.6350378012
1131	183	3884	94.5568873341
1132	188	3888	94.6421722802
1133	192	3892	94.61520242
1134	197	3897	94.6759354115
1135	199	3902	94.7142586245
1136	200	3904	94.6216134963
1137	198	3906	94.5404525087
1138	198	3906	94.4580223689
1139	200	3907	94.5004246363
1140	200	3908	94.563525182
1141	197	3911	94.5363910353
1142	197	3914	94.5783018129
1143	199	3914	94.562647511
1144	200	3917	94.5082758991
1145	200	3918	94.5207448034
1146	200	3921	94.5032728857
1147	197	3925	94.5305183378
1148	199	3932	94.518187772
1149	196	3939	94.4740088842
1150	200	3941	94.4159760673
1151	196	3941	94.3725949505
1152	199	3948	94.3889554652
1153	196	3955	94.3588408757
1154	194	3955	94.4460308774
1155	194	3958	94.4787202719
1156	189	3958	94.4313134149
1157	185	3959	94.3969473886
1158	187	3964	94.420612843
1159	190	3971	94.406492676
1160	194	3976	94.5022247528
1161	192	3982	94.4273992563
1162	197	3986	94.516296754
1163	192	3992	94.5141656779
1164	196	3996	94.5947328679
1165	197	4002	94.5950235741
1166	197	4008	94.6760284303
1167	197	4010	94.6939748456
1168	193	4014	94.6196965878
1169	198	4021	94.6041608708
1170	200	4024	94.5122048155
1171	200	4026	94.4414543578
1172	200	4029	94.3729505161
1173	200	4031	94.4467971924
1174	195	4035	94.5232176756
1175	198	4040	94.6121647236
1176	200	4041	94.5475927266
1177	200	4045	94.4731882545
1178	196	4047	94.505338447
1179	199	4049	94.4488248727
1180	199	4053	94.5410966116
1181	196	4057	94.5554923056
1182	191	4057	94.5967565233
1183	191	4059	94.5949185086
1184	195	4062	94.5653840978
1185	190	4067	94.4877610529
1186	189	4071	94.4535697285
1187	193	4074	94.490048952
1188	197	4080	94.4649149004
1189	196	4083	94.5272722124
1190	198	4084	94.4619515405
1191	200	4091	94.4553045123
1192	200	4093	94.5361574715
1193	200	4097	94.4518523203
1194	200	4100	94.388622176
1195	198	4101	94.3743326014
1196	196	4107	94.3767853055
1197	193	4107	94.4100451042
1198	193	4107	94.4205501183
1199	194	4112	94.4689540743
1200	193	4112	94.4192266485
1201	197	4116	94.4753379415
1202	200	4121	94.417168269
1203	200	4122	94.4474437773
1204	195	4125	94.4751705553
1205	198	4127	94.4020749
1206	195	4128	94.3672135735
1207	196	4128	94.3110582745
1208	191	4134	94.2592176549
1209	186	4137	94.2120406719
1210	188	4140	94.2497683002
1211	193	4141	94.1721917183
1212	196	4146	94.0911732381
1213	197	4149	93.9981827101
1214	198	4149	93.9434760041
1215	200	4154	93.9013830627
1216	198	4156	93.996001119
1217	200	4162	94.0083837951
1218	197	4166	93.9949871524
1219	200	4169	94.0802740132
1220	199	4172	93.9839224508
1221	198	4172	94.0212058275
1222	198	4177	94.11894223
1223	199	4183	94.2056873179
1224	200	4189	94.1623303662
1225	200	4194	94.2396018999
1226	199	4198	94.215492552
1227	200	4203	94.3110423379
1228	198	4208	94.2282436776
1229	198	4212	94.2823460296
1230	194	4219	94.3801420327
1231	196	4224	94.3267733031
1232	191	4225	94.3766081004
1233	191	4225	94.4509066195
1234	195	4227	94.4533834893
1235	198	4234	94.3624808092
1236	195	4237	94.2649971272
1237	191	4242	94.3262414861
1238	191	4248	94.3589052643
1239	195	4255	94.4543847279
1240	200	4257	94.5361886905
1241	197	4263	94.5143213014
1242	192	4266	94.5101518104
1243	195	4272	94.523671885
1244	196	4274	94.5011123429
1245	193	4279	94.4827161634
1246	191	4285	94.5361516813
1247	193	4291	94.4458285894
1248	193	4298	94.4871740822
1249	193	4298	94.554913471
1250	188	4302	94.5705959193
1251	193	4304	94.5846065976
1252	196	4309	94.6489122507
1253	196	4311	94.5861586091
1254	200	4316	94.6097368038
1255	196	4316	94.6483733413
1256	192	4322	94.609466022
1257	189	4323	94.6403611816
1258	194	4328	94.5840057285
1259	193	4328	94.5098146917
1260	195	4335	94.5873179267
1261	200	4338	94.6676918041
1262	200	4342	94.5736329221
1263	200	4348	94.5110579112
1264	200	4355	94.5628805378
1265	198	4358	94.6617406922
1266	194	4358	94.6016954618
1267	189	4362	94.5422617178
1268	188	4364	94.5280380141
1269	185	4364	94.6243465858
1270	182	4364	94.7232124626
1271	187	4365	94.7177423526
1272	186	4366	94.7201699104
1273	188	4371	94.70766525
1274	184	4371	94.7343274194
1275	185	4376	94.7589892057
1276	180	4376	94.8480954976
1277	180	4379	94.8644222547
1278	179	4379	94.7909913489
1279	177	4379	94.7402571561
1280	177	4379	94.6602289048
1281	177	4384	94.664740877
1282	182	4389	94.757708557
1283	178	4394	94.7641930829
1284	183	4394	94.7166079806
1285	183	4401	94.7549592317
1286	183	4404	94.7454781732
1287	181	4408	94.8154477621
1288	180	4412	94.8432405258
1289	176	4416	94.9177440377
1290	176	4419	94.8216559601
1291	176	4425	94.8692721756
1292	175	4431	94.8761257992
1293	176	4431	94.8391429241
1294	181	4433	94.8240656024
1295	181	4439	94.7994644919
1296	177	4441	94.7048858381
1297	177	4447	94.7874993125
1298	179	4448	94.8157555367
1299	184	4453	94.8411811988
1300	186	4457	94.8329548476
1301	189	4459	94.8943505106
1302	190	4463	94.880624477
1303	190	4463	94.8127714601
1304	191	4469	94.855640059
1305	191	4472	94.8019626381
1306	189	4474	94.8251369172
1307	186	4481	94.8733182363
1308	185	4486	94.9083555402
1309	182	4487	94.9310949988
1310	186	4489	94.9802199957
1311	190	4490	94.9290060935
1312	189	4492	94.8893525243
1313	192	4496	94.9208191188
1314	187	4499	94.9095228943
1315	192	4501	94.8140654921
1316	191	4505	94.7448187844
1317	189	4512	94.7254142621
1318	188	4512	94.7529137286
1319	184	4515	94.8489528063
1320	180	4518	94.7638457683
1321	178	4518	94.6759446451
1322	175	4524	94.7070847243
1323	177	4529	94.6663202642
1324	180	4535	94.5744824965
1325	184	4535	94.5435922805
1326	180	4536	94.4436694052
1327	185	4536	94.3698344926
1328	183	4539	94.387819996
1329	182	4541	94.4171875469
1330	187	4548	94.4140430892
1331	191	4551	94.4000480209
1332	192	4556	94.3995581568
1333	195	4559	94.464947815
1334	191	4564	94.3850650036
1335	193	4570	94.3214200348
1336	195	4572	94.3934315237
1337	190	4579	94.3586597919
1338	193	4581	94.3267703357
1339	191	4586	94.3824607103
1340	192	4588	94.400412003
1341	196	4589	94.3619604168
1342	200	4592	94.3225747396
1343	200	4594	94.2977547481
1344	200	4595	94.2962482658
1345	195	4597	94.2326349664
1346	190	4604	94.2546860416
1347	193	4608	94.2893840903
1348	198	4609	94.2999454371
1349	199	4616	94.2767056456
1350	200	4618	94.2070044783
1351	200	4618	94.2744524804
1352	200	4622	94.3038945879
1353	199	4627	94.2607155782
1354	196	4634	94.3565325861
1355	196	4635	94.2893215424
1356	194	4635	94.3143884557
1357	199	4642	94.3775525967
1358	200	4649	94.440131765
1359	195	4655	94.4495656283
1360	194	4662	94.3900814469
1361	199	4664	94.345383215
1362	200	4667	94.4365039848
1363	199	4672	94.470925917
1364	200	4677	94.5284391251
1365	195	4679	94.4972983332
1366	192	4685	94.5584123361
1367	196	4691	94.495070946
1368	192	4695	94.4546489693
1369	190	4701	94.5370696028
1370	193	4705	94.5500996009
1371	197	4706	94.4567310732
1372	193	4711	94.445881225
1373	194	4712	94.4029276229
1374	195	4719	94.3267573658
1375	190	4724	94.375007982
1376	194	4727	94.4377763269
1377	189	4733	94.4716897091
1378	193	4733	94.4280443043
1379	193	4736	94.5018262737
1380	192	4738	94.5957446281
1381	195	4745	94.6140298739
1382	196	4745	94.5574569147
1383	200	4749	94.4815343956
1384	195	4755	94.4399009986
1385	193	4758	94.4516100624
1386	196	4760	94.4907390093
1387	191	4763	94.5215996399
1388	194	4769	94.613903998
1389	191	4769	94.6681528815
1390	188	4771	94.7541878462
1391	186	4776	94.8224525364
1392	182	4779	94.7954712883
1393	178	4780	94.8018742341
1394	175	4782	94.7172976588
1395	174	4789	94.7188041403
1396	169	4791	94.7750250239
1397	172	4797	94.8241702156
1398	171	4799	94.7251970209
1399	171	4799	94.7563837609
1400	175	4800	94.8274381925
1401	176	4806	94.8211201454
1402	171	4807	94.8440833257
1403	175	4811	94.915741615
1404	176	4814	94.9245917184
1405	174	4815	95.0179950171
1406	178	4822	95.0773335554
1407	183	4824	95.0569675481
1408	179	4829	95.0101985545
1409	179	4833	94.992754096
1410	177	4836	94.9048433359
1411	179	4840	94.9493345721
1412	182	4840	94.9009259347
1413	177	4840	94.8075942925
1414	182	4843	94.7810214538
1415	179	4843	94.8386054032
1416	180	4845	94.8527434527
1417	175	4846	94.9005687638
1418	172	4848	94.9076969133
1419	172	4848	95.0043825526
1420	169	4848	95.018591619
1421	166	4849	94.9576941057
1422	162	4849	94.8759291552
1423	158	4849	94.8259339067
