1	128	5	95.0273572737
2	132	7	95.1064534312
3	136	11	95.0459129886
4	131	15	95.0530376714
5	136	21	95.129919869
6	131	25	95.2039316467
7	129	27	95.1262902726
8	133	29	95.1695079176
9	128	32	95.2306766994
10	125	37	95.2807988785
11	128	41	95.2252198339
12	133	48	95.2520850333
13	138	55	95.2660267609
14	139	62	95.3191184891
15	139	69	95.3519673851
16	144	73	95.3675054023
17	146	75	95.4444067149
18	146	81	95.4104581815
19	142	85	95.449251106
20	141	85	95.3922139315
21	142	92	95.4504667938
22	137	95	95.4713914307
23	133	102	95.3835635283
24	131	107	95.4031532756
25	129	108	95.3932249323
26	129	111	95.3819957819
27	134	112	95.4179834853
28	136	116	95.3227194008
29	135	122	95.2303887554
30	136	124	95.201714675
31	139	129	95.1326184784
32	137	133	95.1914377997
33	136	137	95.115198016
34	140	141	95.0696183347
35	143	142	94.9864573104
36	145	149	94.9121513882
37	149	154	94.9078809509
38	150	155	94.8318098149
39	147	159	94.7652159805
40	143	165	94.7897484955
41	146	168	94.8497621163
42	147	169	94.7533756956
43	151	170	94.7667021909
44	155	176	94.8218190681
45	158	177	94.8101889033
46	159	179	94.7923538252
47	164	185	94.8529628246
48	169	186	94.9318874555
49	166	193	94.960851716
50	170	200	94.865972207
51	171	204	94.8952515343
52	171	211	94.9157090451
53	169	218	94.9697580932
54	172	222	94.9047866372
55	171	226	94.9966537832
56	173	230	94.9506499735
57	172	234	94.8559139294
58	169	237	94.9202891069
59	165	241	94.9792442616
60	166	246	94.9126991133
61	165	247	94.9069309427
62	161	248	94.9537064319
63	157	250	95.0018301931
64	152	251	94.9908385015
65	148	252	95.0847060706
66	147	253	95.0082419793
67	152	260	95.068465305
68	149	265	95.0177470479
69	154	271	94.98420082
70	154	276	94.9250452093
71	155	278	94.8865749085
72	151	278	94.8273419013
73	154	278	94.7453218435
74	149	282	94.7447937299
75	153	284	94.8302867256
76	157	291	94.8564892392
77	153	291	94.9056982121
78	149	291	94.8714115319
79	148	294	94.8803736609
80	151	295	94.9127722007
81	152	298	95.0038841674
82	150	300	95.0950576124
83	149	306	95.0482991692
84	151	313	95.0851308833
85	146	319	95.0328555218
86	151	323	94.9583912755
87	154	323	94.9561857904
88	156	323	94.999963554
89	156	326	94.9615281622
90	154	327	94.9473968716
91	154	333	94.9603615739
92	157	338	95.0379427598
93	159	345	94.9440004245
94	164	349	94.9041531754
95	167	352	94.8369295606
96	169	357	94.7722156359
97	173	362	94.6821741088
98	173	369	94.6669208084
99	169	372	94.7352414479
100	173	377	94.7350160187
101	177	378	94.7165802683
102	179	381	94.7611662062
103	177	382	94.7767355941
104	174	382	94.7016444872
105	173	384	94.738709581
106	169	386	94.6567272187
107	169	392	94.7137067018
108	174	397	94.7944681859
109	175	397	94.7353344499
110	173	403	94.801268276
111	177	406	94.8401562151
112	172	412	94.8125291243
113	170	414	94.9023726178
114	171	418	94.9773283591
115	168	424	95.075732147
116	173	429	95.082966491
117	176	431	95.1501075725
118	177	431	95.2458861285
119	182	438	95.3192487364
120	177	439	95.2430993581
121	178	446	95.2510849368
122	178	446	95.2822328602
123	179	446	95.1890672077
124	175	447	95.0943958151
125	175	454	95.0442402686
126	178	459	95.1404462017
127	183	464	95.0867518032
128	186	470	95.1570401785
129	188	470	95.08881878
130	187	472	94.9951142442
131	185	477	95.0448369411
132	185	480	95.0710846156
133	190	481	95.075972051
134	188	486	95.0282117811
135	186	491	95.0553960964
136	186	496	95.0770136684
137	181	498	95.0024077525
138	179	504	95.0905386955
139	179	508	95.1675305587
140	184	514	95.2410446148
141	189	520	95.2418561955
142	186	523	95.2631112049
143	186	524	95.2913347739
144	187	531	95.2478554372
145	184	538	95.1515422614
146	189	541	95.106563034
147	190	547	95.0884639323
148	186	553	95.0796727546
149	183	555	95.1001381833
150	186	558	95.0764054828
151	188	564	95.1596219354
152	183	564	95.1334614246
153	180	571	95.1326520565
154	178	574	95.1414099233
155	178	580	95.0990545709
156	175	587	95.0533783993
157	179	588	95.0880195
158	177	592	95.166162058
159	172	596	95.1862677082
160	170	598	95.1024636062
161	167	600	95.1049672727
162	165	605	95.0496190982
163	160	610	95.0874517505
164	162	616	95.1043291608
165	162	618	95.0271657508
166	162	619	95.0586318265
167	167	619	95.0327534727
168	171	626	95.0577512042
169	170	629	95.0603878302
170	173	630	95.0620784904
171	175	637	95.0601787539
172	179	638	95.0091416995
173	183	645	95.0865188287
174	182	650	95.0786414062
175	179	651	95.1061975043
176	184	656	95.0912576943
177	188	662	95.1774963834
178	189	664	95.2069753538
179	193	669	95.2680528968
180	190	670	95.333853432
181	195	671	95.2814346648
182	194	672	95.3167371847
183	193	678	95.3821168491
184	190	683	95.3950226834
185	186	687	95.3038195855
186	186	692	95.3267571116
187	185	695	95.2398777024
188	181	702	95.1712439106
189	182	704	95.2601932066
190	185	710	95.3402687875
191	183	715	95.263970483
192	185	719	95.2384014778
193	188	723	95.3129389779
194	190	728	95.3124518364
195	189	731	95.2244229525
196	194	738	95.1370262994
197	192	739	95.0703863529
198	188	745	95.1191931243
199	191	747	95.1382505827
200	195	747	95.0728295168
201	194	749	95.1500447659
202	198	751	95.1050685279
203	198	752	95.0301795613
204	195	756	95.0187154758
205	200	763	94.938946848
206	200	767	95.0322779275
207	198	772	94.9895115121
208	200	778	94.9353105459
209	200	784	95.0249885324
210	197	786	94.9730557189
211	195	788	95.063078467
212	195	795	95.002783418
213	196	798	95.0978400423
214	192	805	95.0125054372
215	196	812	95.0108954791
216	194	815	94.9472208506
217	191	819	94.9039915798
218	186	821	94.8487713872
219	187	828	94.827137605
220	187	828	94.9022359297
221	186	834	94.8291813905
222	189	839	94.7823472723
223	193	840	94.7299360649
224	197	840	94.7400258559
225	199	841	94.8049670509
226	200	847	94.755824123
227	200	847	94.7138150101
228	200	852	94.7318935582
229	200	855	94.7405084668
230	199	862	94.8297945101
231	197	867	94.7559437165
232	200	874	94.7698144005
233	198	877	94.7064851256
234	194	880	94.7718235733
235	191	885	94.770735759
236	192	889	94.804782769
237	195	892	94.7316981286
238	195	899	94.7166339717
239	200	903	94.7071777186
240	195	910	94.6390687751
241	192	915	94.6621138828
242	190	916	94.5763431782
243	193	922	94.6396325198
244	191	928	94.6271329669
245	186	935	94.6810788383
246	188	936	94.6148059455
247	193	942	94.6251638801
248	194	948	94.5511288153
249	196	949	94.5454652246
250	197	952	94.4966772358
251	200	954	94.5209015989
252	200	958	94.4845425743
253	198	963	94.4257280347
254	198	970	94.4848983748
255	195	977	94.4525650915
256	198	981	94.4373717929
257	199	988	94.5109551499
258	194	989	94.4937924927
259	198	994	94.4139497623
260	195	994	94.3251300965
261	192	996	94.2589358709
262	193	1001	94.303457017
263	198	1007	94.3972457543
264	200	1008	94.322709476
265	200	1012	94.4141782582
266	200	1015	94.4321562067
267	200	1016	94.4619260772
268	196	1022	94.4231893541
269	195	1029	94.445278541
270	200	1033	94.3720562102
271	200	1035	94.3127079021
272	197	1036	94.2690356009
273	193	1037	94.2310728583
274	188	1042	94.2718538787
275	188	1048	94.2264237635
276	191	1055	94.2696908115
277	191	1057	94.2160142087
278	190	1058	94.2498844188
279	191	1062	94.3455207226
280	186	1066	94.2772774194
281	185	1067	94.2011266285
282	184	1072	94.1310900947
283	189	1078	94.1356346256
284	186	1079	94.1751382995
285	181	1086	94.1169726874
286	179	1086	94.1664724128
287	177	1091	94.2595594909
288	172	1098	94.3581124003
289	176	1099	94.2873005095
290	178	1099	94.3560198388
291	178	1101	94.3586493234
292	180	1102	94.3865718038
293	181	1103	94.4289049006
294	180	1106	94.349714023
295	182	1111	94.3889720801
296	177	1113	94.4203154832
297	174	1120	94.4272049029
298	174	1124	94.3559645641
299	179	1124	94.3087110158
300	175	1124	94.209166248
301	176	1129	94.1437639794
302	174	1130	94.1044426746
303	169	1132	94.0274774525
304	168	1133	93.9508331575
305	172	1137	93.9188940943
306	177	1137	93.9330066606
307	173	1143	93.8986064996
308	177	1149	93.8043440226
309	177	1151	93.8375815215
310	181	1152	93.8041544667
311	184	1153	93.7044304524
312	189	1153	93.792668652
313	194	1154	93.7974111457
314	199	1158	93.7058697699
315	199	1161	93.6788341383
316	195	1165	93.5797859068
317	195	1172	93.5350450794
318	199	1173	93.4986407921
319	197	1179	93.5280321745
320	199	1186	93.4781880762
321	195	1188	93.3787303272
322	194	1190	93.3715460529
323	192	1196	93.3701040887
324	197	1196	93.4579278041
325	200	1197	93.4942232952
326	200	1200	93.4829457715
327	196	1204	93.4844890792
328	198	1210	93.4115543763
329	200	1216	93.4989914654
330	197	1223	93.5303680268
331	200	1225	93.4991646995
332	199	1225	93.591825878
333	197	1230	93.5872467402
334	193	1237	93.6814153688
335	190	1240	93.6584125266
336	188	1244	93.5943373205
337	188	1246	93.5492118922
338	185	1252	93.5256993333
339	184	1258	93.6041226096
340	184	1258	93.7007905309
341	187	1265	93.7940101136
342	191	1270	93.8408044279
343	186	1271	93.8137112657
344	186	1272	93.7937734207
345	189	1273	93.8646072982
346	186	1279	93.846418261
347	185	1282	93.9238154298
348	186	1284	93.8678352219
349	189	1289	93.8308333442
350	193	1294	93.8136099487
351	188	1300	93.8719688049
352	188	1303	93.8432328896
353	186	1306	93.822069034
354	185	1311	93.8343512139
355	186	1316	93.9236591879
356	185	1322	93.9893024612
357	189	1328	93.981336724
358	189	1330	94.0093004398
359	189	1336	93.96416686
360	184	1337	94.0567814733
361	189	1338	94.0413301641
362	188	1344	94.0876578584
363	192	1349	93.9948671155
364	194	1353	93.9180324423
365	190	1358	93.8436264122
366	190	1362	93.9266080997
367	190	1368	93.9238603252
368	191	1375	93.9737858584
369	186	1381	93.9730636119
370	186	1383	93.8732471772
371	186	1387	93.8636248853
372	183	1391	93.9607854369
373	187	1395	93.9707982306
374	191	1397	94.0087318991
375	194	1401	93.9733071242
376	195	1402	94.0153840045
377	191	1404	93.9865102694
378	190	1408	94.0424685752
379	188	1409	94.1376474763
380	192	1410	94.2290220716
381	190	1417	94.2886513963
382	193	1424	94.3377883148
383	192	1429	94.2443826382
384	193	1435	94.1999251147
385	197	1442	94.2206827246
386	194	1447	94.1493003006
387	192	1447	94.1682306912
388	194	1454	94.2344599814
389	194	1455	94.2896541675
390	190	1461	94.3438076341
391	188	1462	94.4435323169
392	191	1467	94.3627584521
393	187	1471	94.3964463487
394	189	1475	94.4512286491
395	188	1476	94.4952836541
396	184	1476	94.5670164579
397	189	1481	94.6636865286
398	185	1484	94.756138904
399	184	1490	94.7536008337
400	187	1490	94.7885135689
401	185	1493	94.886771034
402	184	1497	94.9749821252
403	187	1500	94.9076426348
404	185	1502	94.8351425434
405	188	1504	94.7729041634
406	185	1508	94.7329832215
407	187	1513	94.7434731818
408	192	1517	94.6966330996
409	196	1517	94.6390230671
410	194	1517	94.6918337319
411	197	1520	94.7142478119
412	192	1523	94.7918023233
413	187	1526	94.6929989289
414	191	1526	94.6550606661
415	193	1530	94.5642136655
416	190	1530	94.5409335946
417	191	1536	94.5036098608
418	188	1543	94.5031234598
419	188	1549	94.4575153594
420	193	1556	94.526182169
421	194	1557	94.4417930766
422	189	1561	94.3463722861
423	192	1562	94.3881406208
424	191	1564	94.3557509378
425	188	1571	94.3861881417
426	187	1578	94.3322498631
427	187	1580	94.3546427629
428	191	1586	94.3331231186
429	193	1586	94.2350989431
430	197	1591	94.2284387341
431	200	1594	94.1882504798
432	196	1601	94.1674789602
433	192	1605	94.2446369295
434	196	1611	94.1900660587
435	200	1618	94.1752660864
436	200	1618	94.1200473934
437	200	1619	94.0580205172
438	200	1624	94.0967820057
439	200	1630	94.0287745058
440	195	1636	94.0917587043
441	190	1640	94.0863406286
442	191	1642	94.0439633338
443	191	1648	93.9678139378
444	191	1653	93.9112176102
445	193	1654	93.9521420233
446	192	1661	94.0424349366
447	190	1661	94.0351080376
448	188	1668	93.9772120961
449	183	1671	93.9033889315
450	185	1676	93.9414994703
451	181	1678	93.8995425504
452	183	1683	93.9604742143
453	184	1690	93.9995147904
454	187	1697	93.9402193962
455	183	1701	93.9309524934
456	178	1704	93.8955529507
457	174	1704	93.8524586344
458	176	1704	93.765297807
459	173	1710	93.8578348145
460	175	1716	93.8934296075
461	170	1719	93.9117555493
462	169	1725	93.8753627526
463	169	1728	93.8607227691
464	173	1728	93.8738993524
465	169	1729	93.8549223677
466	170	1736	93.7923647832
467	172	1737	93.8273338966
468	175	1739	93.8779381395
469	173	1740	93.9460363839
470	173	1742	93.9479707876
471	172	1744	94.0128727109
472	172	1751	94.0405489931
473	175	1758	94.1152088968
474	180	1764	94.031007562
475	176	1771	94.088190391
476	177	1774	94.0131734655
477	172	1776	94.0981792537
478	177	1783	94.0151130751
479	175	1784	94.0766437969
480	179	1788	94.1656774948
481	176	1792	94.2105316591
482	171	1797	94.2383924848
483	171	1803	94.1960235472
484	174	1808	94.2908581479
485	172	1810	94.3178880388
486	173	1817	94.4000010396
487	172	1824	94.3727640822
488	168	1831	94.2867328737
489	165	1832	94.1995945379
490	165	1838	94.1153436127
491	164	1839	94.0590716757
492	167	1841	94.1146217727
493	163	1848	94.1721363673
494	159	1852	94.1479372346
495	158	1856	94.1180415889
496	159	1860	94.0210083896
497	155	1862	94.0537311906
498	156	1867	94.0980762811
499	159	1868	94.1959222708
500	154	1875	94.1852542564
501	156	1877	94.2851448554
502	158	1883	94.2316165316
503	156	1890	94.2793665353
504	155	1892	94.3643112451
505	160	1897	94.2948634968
506	155	1903	94.3841301486
507	155	1903	94.3313487761
508	159	1907	94.3665761953
509	157	1907	94.4271930487
510	162	1908	94.4660994063
511	160	1913	94.5186000007
512	155	1917	94.4337464138
513	159	1922	94.5333160027
514	161	1925	94.4464818881
515	157	1929	94.3936019092
516	160	1932	94.4771377817
517	159	1938	94.5543720393
518	158	1940	94.5660177125
519	153	1945	94.6560970101
520	153	1951	94.5581524764
521	149	1951	94.528430332
522	150	1957	94.4383550026
523	148	1957	94.4389882534
524	150	1957	94.4939791113
525	151	1962	94.5729221848
526	148	1962	94.561012704
527	144	1965	94.6159129934
528	140	1967	94.5173427466
529	139	1974	94.6151333964
530	137	1977	94.5867492088
531	142	1981	94.6009740972
532	140	1987	94.6928877223
533	135	1994	94.6605974826
534	136	2001	94.6210494082
535	135	2007	94.5828963775
536	136	2011	94.59030716
537	131	2012	94.5689221678
538	131	2018	94.511643278
539	131	2019	94.4625916386
540	131	2020	94.486550268
541	131	2023	94.569952392
542	126	2029	94.6403826488
543	127	2031	94.7062532506
544	123	2031	94.725729132
545	120	2036	94.7912777729
546	121	2037	94.7794626742
547	124	2041	94.7244404365
548	129	2047	94.7681006636
549	124	2052	94.728355887
550	124	2058	94.7508989835
551	129	2062	94.6733241487
552	125	2069	94.5983973081
553	120	2075	94.506916309
554	118	2075	94.4813828741
555	114	2079	94.529835268
556	114	2080	94.6082367415
557	117	2084	94.509368347
558	122	2084	94.4568305374
559	123	2089	94.4836938896
560	127	2092	94.4469198841
561	122	2097	94.4480646582
562	126	2101	94.3585186104
563	122	2102	94.299062104
564	123	2106	94.2430574622
565	123	2111	94.2726558732
566	123	2111	94.2489559952
567	122	2118	94.2861429932
568	127	2119	94.3834577064
569	132	2122	94.4052155438
570	135	2126	94.4600366441
571	133	2131	94.4290314228
572	135	2136	94.3541045441
573	138	2141	94.291266798
574	140	2143	94.3709020057
575	144	2144	94.3989751041
576	144	2148	94.3307398827
577	143	2153	94.3401785562
578	147	2154	94.2743412362
579	151	2158	94.1866374362
580	148	2159	94.2668101502
581	153	2162	94.2081316638
582	148	2163	94.2990586315
583	145	2166	94.2569317861
584	145	2169	94.3090243811
585	140	2174	94.2201967171
586	140	2174	94.2333396289
587	139	2176	94.2816059184
588	139	2178	94.1923159461
589	134	2182	94.1765738023
590	133	2183	94.1562742899
591	131	2184	94.185943123
592	129	2184	94.1315075931
593	133	2187	94.2304608928
594	130	2193	94.2219088603
595	125	2195	94.1525519092
596	124	2199	94.0702532337
597	119	2205	94.0544815252
598	116	2206	93.9598814981
599	116	2211	94.0214461793
600	119	2211	93.9856485887
601	121	2215	94.0463661597
602	125	2217	94.0582091294
603	123	2222	94.0933365305
604	123	2228	94.0216873301
605	124	2232	94.0230223803
606	120	2234	93.9283875114
607	116	2234	93.9527870401
608	119	2238	94.0499187671
609	114	2241	94.0867053355
610	112	2245	94.0853121265
611	110	2251	94.0446132077
612	110	2257	93.9912705804
613	110	2262	94.0573959603
614	111	2267	94.073783799
615	107	2268	94.1092930904
616	112	2272	94.033700018
617	117	2277	94.0830408127
618	121	2284	94.0837493728
619	119	2289	94.1721726116
620	116	2292	94.2249804329
621	119	2294	94.3158295595
622	123	2299	94.2504393336
623	123	2299	94.2241620341
624	124	2304	94.2179695777
625	128	2306	94.1360184866
626	129	2309	94.0361774427
627	131	2312	93.9763237435
628	132	2317	93.917473676
629	137	2322	93.8273615538
630	139	2323	93.7833514465
631	140	2325	93.725743845
632	139	2330	93.6329753706
633	135	2335	93.7264349661
634	136	2342	93.7445467979
635	137	2343	93.7969841828
636	139	2343	93.8141592784
637	142	2350	93.8522396312
638	141	2355	93.9347339318
639	139	2358	93.8783064673
640	136	2359	93.917428997
641	139	2360	93.9361205606
642	139	2367	93.8486128684
643	144	2371	93.8421928314
644	149	2372	93.792187345
645	152	2376	93.7424199561
646	150	2381	93.6827142682
647	152	2385	93.7586431759
648	150	2389	93.6666820131
649	151	2391	93.6589357695
650	155	2391	93.6110543785
651	157	2396	93.5616129632
652	152	2400	93.4875822931
653	157	2402	93.3909788087
654	159	2403	93.4865588932
655	155	2410	93.412451767
656	155	2413	93.4724048777
657	154	2419	93.3883153978
658	156	2421	93.4337577515
659	160	2423	93.4500027874
660	157	2425	93.4776702852
661	157	2432	93.4819378708
662	158	2436	93.5606620752
663	154	2441	93.5100246802
664	154	2444	93.589018899
665	157	2449	93.656690353
666	155	2451	93.6179087157
667	151	2458	93.6554163258
668	149	2462	93.6076003144
669	144	2469	93.6372887679
670	146	2472	93.6248092536
671	145	2474	93.688835418
672	150	2479	93.7189147562
673	147	2479	93.6806363951
674	151	2485	93.6894301721
675	146	2490	93.6935730943
676	144	2490	93.7853957923
677	141	2490	93.8407823778
678	144	2497	93.9315199279
679	149	2502	93.9939083806
680	151	2507	94.0210677009
681	153	2513	94.1175447477
682	155	2513	94.1791082204
683	157	2520	94.148592698
684	159	2524	94.2420529633
685	162	2525	94.1810551806
686	166	2528	94.2433245054
687	162	2531	94.2222847249
688	158	2533	94.1306913243
689	157	2534	94.2258280892
690	152	2539	94.251856097
691	156	2539	94.2074701897
692	159	2544	94.3064509888
693	155	2549	94.2639313016
694	159	2554	94.288721082
695	163	2555	94.2182112899
696	168	2557	94.2695536866
697	172	2561	94.2334406935
698	167	2561	94.1788858852
699	163	2568	94.2705609698
700	167	2572	94.3459904615
701	165	2572	94.4302635633
702	165	2573	94.5058349066
703	167	2575	94.5238203258
704	167	2580	94.5991236736
705	171	2582	94.6048527338
706	176	2585	94.5678278124
707	177	2585	94.5371377451
708	173	2592	94.4938059573
709	173	2599	94.4107879587
710	175	2602	94.4235784464
711	178	2602	94.360742364
712	183	2608	94.3980841143
713	179	2611	94.4847200962
714	181	2613	94.553071418
715	177	2618	94.4862690343
716	175	2623	94.5286631637
717	176	2630	94.5778447626
718	171	2637	94.6037696318
719	173	2643	94.6145990527
720	178	2644	94.6604912843
721	177	2644	94.606818844
722	175	2645	94.7052644291
723	177	2647	94.6470661885
724	178	2649	94.552149702
725	174	2653	94.6192265489
726	172	2659	94.6724296063
727	175	2665	94.7077692469
728	171	2665	94.615133197
729	176	2671	94.5902305416
730	180	2673	94.6789686813
731	183	2674	94.6535182019
732	186	2675	94.6023061309
733	183	2679	94.5726419779
734	182	2685	94.6664694726
735	177	2685	94.6227430323
736	181	2688	94.5253151357
737	186	2692	94.5184787594
738	181	2697	94.6040354422
739	178	2702	94.5838428637
740	178	2707	94.5222298696
741	182	2712	94.525983856
742	178	2718	94.5206417798
743	174	2721	94.5486238133
744	169	2722	94.5580594038
745	169	2722	94.5079775181
746	168	2723	94.5639749482
747	164	2724	94.6341059603
748	167	2724	94.679141034
749	163	2731	94.7113883105
750	163	2731	94.6341267817
751	164	2732	94.5833740665
752	162	2739	94.5492918994
753	162	2742	94.5972379761
754	159	2748	94.5435362113
755	163	2751	94.4712660166
756	168	2752	94.458672643
757	171	2759	94.5192446984
758	171	2763	94.5694599049
759	170	2770	94.5182414722
760	174	2770	94.610113925
761	171	2771	94.6473577859
762	169	2777	94.7000180685
763	164	2781	94.7289237133
764	163	2782	94.6347378973
765	165	2788	94.5744332511
766	167	2792	94.5029369558
767	166	2793	94.4329479409
768	169	2800	94.5088455191
769	168	2802	94.479726898
770	164	2805	94.5390307012
771	167	2808	94.6378882977
772	169	2808	94.6716662365
773	173	2814	94.6312750266
774	172	2819	94.7039925299
775	175	2823	94.7071541697
776	177	2829	94.7819927362
777	174	2830	94.7021186917
778	174	2835	94.7599842799
779	175	2841	94.7240767904
780	176	2846	94.6765961375
781	173	2851	94.6572034175
782	174	2854	94.6473576104
783	176	2859	94.7051794619
784	177	2864	94.7924275569
785	176	2867	94.866874376
786	176	2874	94.8741419144
787	180	2881	94.7885419272
788	176	2887	94.8064817907
789	176	2888	94.7917299768
790	176	2895	94.7816102322
791	181	2898	94.7426201461
792	180	2902	94.6839027527
793	183	2906	94.6933756235
794	179	2909	94.7210060391
795	180	2909	94.7442986746
796	180	2916	94.7714941149
797	181	2919	94.741653871
798	177	2922	94.7145375308
799	179	2929	94.6535287097
800	182	2932	94.6472728059
801	179	2932	94.6853383426
802	178	2935	94.7373682926
803	182	2937	94.8164481281
804	186	2937	94.7571638037
805	191	2941	94.8410038496
806	188	2944	94.8977271378
807	191	2945	94.8304102309
808	193	2949	94.9259447126
809	189	2951	94.9643168276
810	186	2953	95.0008444371
811	186	2959	94.9948429002
812	190	2965	95.0226612577
813	191	2965	95.0086316734
814	194	2971	95.046254325
815	194	2971	95.0718545575
816	198	2974	95.0776966952
817	197	2975	95.0935786053
818	198	2977	95.0537860139
819	200	2983	94.9610800955
820	195	2989	94.9252009485
821	195	2994	94.9677248761
822	195	2994	94.9270671339
823	195	2997	94.9730335948
824	197	2997	94.9254858741
825	200	3000	94.8513381288
826	200	3003	94.8197421347
827	200	3005	94.728640998
828	200	3011	94.8068225148
829	200	3015	94.8511098576
830	196	3015	94.8135992543
831	200	3019	94.760589266
832	200	3019	94.7580296308
833	198	3022	94.8406841836
834	193	3026	94.8843011544
835	196	3026	94.8724787042
836	195	3032	94.9359887622
837	198	3038	94.9910480173
838	196	3040	94.977480718
839	194	3041	95.0479275593
840	196	3048	95.0373127846
841	198	3053	95.0489454604
842	197	3059	95.0649529607
843	200	3065	95.1378458762
844	198	3066	95.1639143276
845	199	3073	95.1787002474
846	200	3074	95.1798352478
847	200	3079	95.1809573768
848	195	3083	95.2639810065
849	194	3087	95.3076711003
850	199	3089	95.4039813174
851	194	3094	95.4280848446
852	195	3094	95.4404476158
853	192	3097	95.3481542763
854	196	3103	95.4332824633
855	192	3108	95.4583337398
856	192	3113	95.5286808647
857	188	3120	95.5703080796
858	191	3125	95.5781239993
859	196	3126	95.67234337
860	194	3128	95.7208099069
861	198	3132	95.8151794749
862	200	3134	95.8653864585
863	200	3141	95.9202985604
864	199	3142	95.86360096
865	200	3146	95.8715217202
866	200	3153	95.7789504014
867	200	3158	95.7441067535
868	196	3162	95.7772856346
869	199	3165	95.716538257
870	200	3166	95.7673347902
871	200	3166	95.7505223877
872	200	3168	95.6625514907
873	200	3171	95.6570626463
874	195	3175	95.5877553371
875	196	3178	95.6019612304
876	199	3181	95.7013900787
877	200	3182	95.6684093056
878	199	3188	95.580972963
879	200	3194	95.6368452373
880	200	3196	95.6655812125
881	196	3200	95.6932924077
882	199	3203	95.6268908007
883	200	3203	95.5788525306
884	200	3207	95.5601710004
885	196	3214	95.4823002759
886	195	3216	95.3949420531
887	193	3223	95.420879599
888	191	3225	95.3843299189
889	195	3227	95.3369619815
890	193	3229	95.3374766028
891	197	3231	95.3845645426
892	198	3238	95.3335979122
893	200	3242	95.3153344929
894	200	3248	95.3157590299
895	200	3251	95.2862170556
896	200	3254	95.3635579603
897	200	3261	95.2650603206
898	199	3267	95.3042243631
899	200	3267	95.3281041684
900	197	3270	95.3509455501
901	200	3270	95.4040098622
902	199	3271	95.472641746
903	200	3274	95.4338667405
904	200	3278	95.4871343105
905	196	3279	95.4114288998
906	200	3281	95.4253409499
907	200	3287	95.3612958572
908	196	3290	95.3870795803
909	194	3290	95.2935693765
910	191	3293	95.3912814612
911	188	3298	95.4801719345
912	184	3299	95.550053428
913	179	3303	95.6015586349
914	181	3306	95.5414055566
915	176	3312	95.514666903
916	174	3317	95.5954006171
917	177	3317	95.5374094229
918	181	3323	95.4686859215
919	186	3330	95.4101876022
920	187	3337	95.3850320405
921	187	3343	95.4150517095
922	184	3350	95.4029391658
923	179	3351	95.3455040983
924	176	3351	95.3387896829
925	172	3353	95.2950739361
926	170	3360	95.1986854974
927	165	3363	95.277747114
928	161	3365	95.1852966427
929	163	3369	95.1127684201
930	165	3376	95.1803276957
931	168	3376	95.167902099
932	172	3376	95.2602801777
933	177	3380	95.2472858894
934	178	3384	95.1656487775
935	173	3388	95.2088645117
936	173	3392	95.2167373344
937	173	3399	95.2983105949
938	177	3402	95.3289628859
939	178	3408	95.3226923889
940	180	3414	95.3242002132
941	179	3417	95.3798260606
942	183	3424	95.3346597149
943	183	3424	95.2508192705
944	186	3426	95.1592678661
945	185	3428	95.2579797783
946	181	3434	95.3372765846
947	182	3435	95.4199170146
948	182	3435	95.5061662319
949	185	3442	95.6053498118
950	183	3443	95.672014765
951	179	3449	95.680445304
952	181	3450	95.6481596956
953	180	3456	95.6526803226
954	184	3463	95.6095151417
955	186	3463	95.5857893104
956	185	3468	95.5450389096
957	189	3470	95.4604925689
958	192	3475	95.4135410228
959	188	3482	95.5034250623
960	191	3489	95.5448260839
961	187	3490	95.5784931639
962	191	3494	95.5702534208
963	196	3495	95.4877304191
964	198	3501	95.4448280781
965	195	3503	95.3926222393
966	194	3508	95.4778328999
967	190	3513	95.4153324565
968	192	3515	95.334119893
969	192	3520	95.2344880503
970	188	3521	95.2924859189
971	189	3528	95.2644417368
972	192	3530	95.2382888209
973	192	3537	95.2904755273
974	196	3539	95.3092448568
975	197	3539	95.3477538548
976	193	3543	95.406013939
977	190	3546	95.3932456093
978	195	3547	95.3128894807
979	200	3553	95.3431810686
980	199	3559	95.4064665982
981	200	3564	95.3309191891
982	199	3565	95.3312054967
983	198	3568	95.3326442503
984	198	3573	95.3143519775
985	200	3575	95.3086697596
986	200	3578	95.2310411395
987	198	3584	95.1913495617
988	194	3587	95.0941048623
989	193	3591	95.0106733198
990	193	3591	94.9500868879
991	198	3594	94.902345478
992	200	3598	94.8764422894
993	197	3598	94.8353188946
994	197	3599	94.7661469559
995	193	3606	94.8514720179
996	190	3612	94.9035192954
997	194	3619	94.8184080569
998	195	3619	94.826591642
999	194	3622	94.7653218125
1000	197	3628	94.7038807509
1001	198	3635	94.8013084438
1002	197	3637	94.884024457
1003	194	3643	94.8901477977
1004	193	3645	94.7903425738
1005	194	3647	94.6940969907
1006	194	3648	94.7026895197
1007	192	3655	94.7858912117
1008	193	3657	94.7530143754
1009	188	3657	94.6744774166
1010	189	3663	94.6064932687
1011	185	3665	94.6333158297
1012	184	3669	94.6592391706
1013	182	3671	94.6960624777
1014	180	3671	94.7846295548
1015	183	3674	94.7630113486
1016	180	3675	94.6869217831
1017	176	3681	94.6469409355
1018	175	3687	94.5903888931
1019	177	3688	94.5121407808
1020	172	3690	94.5922738388
1021	177	3695	94.5034254169
1022	172	3695	94.5736164814
1023	168	3696	94.4895279951
1024	164	3701	94.5261965027
1025	166	3707	94.4312067382
1026	166	3711	94.4877189469
1027	170	3712	94.3901811314
1028	167	3718	94.4188493396
1029	162	3724	94.4846594281
1030	161	3729	94.5075761866
1031	164	3734	94.5829542195
1032	165	3738	94.5240036027
1033	164	3738	94.4377464626
1034	168	3745	94.5042002654
1035	167	3752	94.4689461374
1036	164	3754	94.459294762
1037	168	3756	94.5185451061
1038	169	3756	94.6099739606
1039	166	3763	94.6447493392
1040	169	3767	94.6404695455
1041	164	3770	94.6029243317
1042	165	3772	94.6352806745
1043	166	3772	94.7129902401
1044	161	3778	94.6474115315
1045	157	3778	94.6074369978
1046	161	3785	94.5580761465
1047	166	3792	94.6432378428
1048	168	3793	94.5716025431
1049	170	3796	94.6674595847
1050	170	3798	94.6448350796
1051	174	3798	94.5833209545
1052	172	3804	94.6077922794
1053	173	3809	94.6504416702
1054	171	3815	94.5671362352
1055	170	3820	94.5078189128
1056	167	3820	94.5000007387
1057	164	3822	94.4073723787
1058	165	3827	94.3579599847
1059	162	3833	94.3874958156
1060	164	3836	94.3811489986
1061	159	3840	94.4372941772
1062	159	3843	94.5344178039
1063	164	3849	94.5142707215
1064	169	3853	94.4895033259
1065	167	3856	94.445816529
1066	172	3857	94.3655535496
1067	167	3861	94.4330920069
1068	162	3865	94.3785212038
1069	162	3868	94.2857974135
1070	160	3871	94.3140577183
1071	156	3872	94.2627939925
1072	153	3877	94.3552987047
1073	150	3884	94.2732557377
1074	145	3890	94.1989986105
1075	142	3895	94.2746710496
1076	142	3898	94.3031845003
1077	145	3900	94.2188746989
1078	147	3901	94.186088654
1079	150	3903	94.1591085761
1080	145	3906	94.2466968329
1081	150	3912	94.3198007821
1082	147	3914	94.3731710899
1083	145	3918	94.3611157637
1084	147	3924	94.3814597766
1085	143	3929	94.2972334278
1086	140	3934	94.3786425626
1087	136	3941	94.3702884516
1088	132	3945	94.314550604
1089	137	3946	94.3421037146
1090	133	3948	94.4365803
1091	133	3951	94.4843532139
1092	136	3958	94.4219136684
1093	139	3960	94.4077962958
1094	138	3966	94.3595569333
1095	133	3966	94.329041101
1096	138	3968	94.2297219904
1097	141	3969	94.3009153895
1098	139	3972	94.2534366006
1099	134	3978	94.2227917117
1100	136	3978	94.1277924387
1101	134	3983	94.1681994339
1102	132	3984	94.2153922126
1103	132	3984	94.1543722235
1104	136	3984	94.1432291465
1105	141	3988	94.1434360522
1106	140	3991	94.1216484721
1107	143	3997	94.0706071625
1108	144	4000	94.1228820705
1109	139	4004	94.2194898192
1110	138	4004	94.1828541734
1111	136	4008	94.2096617558
1112	137	4014	94.2194006613
1113	134	4018	94.1412665051
1114	133	4021	94.057624186
1115	129	4028	94.1176075308
1116	133	4029	94.0946829007
1117	137	4032	94.0225886551
1118	140	4035	93.9320680736
1119	135	4037	93.8732193785
1120	137	4039	93.8654686187
1121	134	4043	93.7669868712
1122	137	4044	93.6675666893
1123	133	4046	93.5987451008
1124	137	4048	93.6867774616
1125	134	4049	93.7480249785
1126	133	4051	93.7794662558
1127	138	4058	93.8775714107
1128	138	4059	93.7981499028
1129	134	4066	93.8408853644
1130	132	4070	93.7956783544
1131	135	4075	93.8031555992
1132	140	4076	93.7697347181
1133	143	4082	93.8687545503
1134	142	4088	93.8563030912
1135	138	4092	93.9478996152
1136	135	4099	93.8753069294
1137	135	4106	93.9713232566
1138	131	4107	94.0356704645
1139	129	4107	93.9766715813
1140	131	4113	93.9706242073
1141	134	4117	93.8958572423
1142	135	4117	93.8242245106
1143	133	4118	93.7649269072
1144	138	4122	93.7936332651
1145	140	4124	93.7225304633
1146	136	4131	93.725301628
1147	137	4135	93.6600875519
1148	139	4136	93.564486251
1149	136	4143	93.5200758069
1150	135	4147	93.4433594858
1151	130	4151	93.3549560702
1152	131	4155	93.4300079858
1153	136	4158	93.4730801236
1154	134	4158	93.5058002492
1155	137	4164	93.492664489
1156	140	4169	93.4230279023
1157	135	4171	93.3603809069
1158	138	4174	93.3607406821
1159	134	4180	93.3018888566
1160	131	4181	93.35392514
1161	126	4183	93.3325515154
1162	124	4187	93.3241344906
1163	128	4192	93.2746457791
1164	130	4197	93.3682241519
1165	132	4201	93.3535355131
1166	132	4202	93.4069207607
1167	128	4203	93.4961770451
1168	133	4210	93.4648423068
1169	138	4210	93.5427985653
1170	141	4213	93.6198091475
1171	139	4214	93.6816097359
1172	137	4214	93.6797323294
1173	141	4221	93.7727936812
1174	136	4226	93.8578795634
1175	136	4233	93.8418724873
1176	138	4240	93.879264758
1177	135	4246	93.9460974476
1178	137	4253	93.9686656472
1179	135	4253	93.9796068667
1180	140	4257	94.0666230624
1181	145	4262	94.1253175779
1182	142	4267	94.1984733018
1183	142	4270	94.1184471631
1184	146	4271	94.0698599421
1185	148	4278	94.1256232097
1186	152	4284	94.1313070423
1187	156	4288	94.0887595131
1188	156	4288	94.0467255459
1189	160	4293	93.9508286617
1190	162	4295	93.9111049443
1191	159	4300	93.9322260416
1192	160	4301	93.9850461312
1193	159	4308	94.0725400723
1194	162	4315	94.049536006
1195	160	4321	94.071906463
1196	162	4324	94.0313344486
1197	158	4329	94.0209978029
1198	156	4333	94.0851548285
1199	157	4334	94.0017655651
1200	160	4335	93.9264166628
1201	157	4341	93.8861487943
1202	154	4346	93.8027968273
1203	154	4351	93.8702593692
1204	157	4356	93.8949856968
1205	153	4360	93.8179018183
1206	150	4363	93.7628031708
1207	154	4368	93.7940193205
1208	149	4371	93.8926761056
1209	152	4375	93.8050658674
1210	149	4381	93.7159472222
1211	151	4387	93.7345636703
1212	146	4390	93.6744442728
1213	144	4392	93.7418245548
1214	148	4392	93.6739759364
1215	148	4392	93.7389483819
1216	151	4399	93.6755649098
1217	150	4401	93.6467929257
1218	151	4402	93.6794762702
1219	154	4407	93.6303741106
1220	158	4407	93.617282657
1221	162	4414	93.5233825141
1222	167	4416	93.5007418383
1223	162	4417	93.4506702181
1224	159	4420	93.4202299678
1225	154	4427	93.4715172926
1226	153	4428	93.4719498269
1227	150	4435	93.4301129567
1228	155	4438	93.3322084615
1229	159	4438	93.2879260339
1230	156	4444	93.3245044089
1231	151	4450	93.3177054699
1232	155	4451	93.262555381
1233	159	4452	93.2997030559
1234	163	4457	93.3705194765
1235	166	4460	93.379616071
1236	168	4467	93.4142621018
1237	169	4472	93.3230203196
1238	166	4476	93.379261738
1239	162	4476	93.4265146511
1240	162	4476	93.4282610444
1241	166	4481	93.4996632838
1242	166	4486	93.4469911353
1243	162	4493	93.4292327696
1244	161	4499	93.4824542815
1245	160	4500	93.4393311315
1246	162	4504	93.4877441975
1247	165	4511	93.4540145927
1248	160	4514	93.4400515884
1249	159	4518	93.4860758857
1250	156	4524	93.4130863608
1251	159	4525	93.4693864132
1252	164	4530	93.5096418583
1253	162	4530	93.4403569024
1254	160	4534	93.4967932597
1255	156	4537	93.5388362179
1256	156	4539	93.6032637868
1257	159	4543	93.603589931
1258	155	4544	93.529894924
1259	158	4546	93.5581449654
1260	154	4549	93.471283267
1261	158	4552	93.3888402634
1262	161	4556	93.2957610642
1263	161	4559	93.2227797552
1264	160	4564	93.2625350328
1265	162	4565	93.2146569037
1266	159	4568	93.1307388899
1267	154	4573	93.1413348836
1268	156	4580	93.0748094869
1269	160	4582	93.0262555299
1270	157	4586	92.977493265
1271	152	4586	93.0265337558
1272	151	4589	93.0095021682
1273	146	4590	93.096947927
1274	144	4594	93.0237308356
1275	148	4596	93.1127791388
1276	149	4603	93.0970007455
1277	145	4610	93.1452337689
1278	150	4610	93.1290096533
1279	154	4612	93.0483585637
1280	151	4618	93.0276548696
1281	150	4618	93.1088331233
1282	155	4621	93.1136207781
1283	160	4622	93.1193895123
1284	164	4627	93.032906381
1285	165	4630	93.0606044107
1286	160	4630	93.1278144715
1287	158	4630	93.0464728858
1288	161	4636	93.063807764
1289	166	4637	93.0862375932
1290	166	4643	93.0533943448
1291	168	4647	92.9788122734
1292	170	4654	93.0400957501
1293	168	4660	93.1094153144
1294	166	4666	93.1307209479
1295	169	4673	93.2134039504
1296	165	4679	93.1385282003
1297	165	4684	93.1551996038
1298	166	4686	93.1263400732
1299	170	4691	93.1954722874
1300	172	4697	93.2454106048
1301	173	4698	93.2364274295
1302	168	4701	93.1950012789
1303	167	4703	93.2233689417
1304	168	4710	93.2893558761
1305	165	4716	93.3576833266
1306	168	4717	93.4189015472
1307	169	4717	93.4536321566
1308	170	4721	93.4437279873
1309	172	4726	93.409450535
1310	173	4728	93.3875034945
1311	174	4729	93.4228843301
1312	169	4736	93.4719735972
1313	168	4742	93.5006506214
1314	172	4749	93.4975083438
1315	167	4751	93.5602623489
1316	168	4755	93.6097553713
1317	167	4760	93.6390360784
1318	172	4765	93.639682696
1319	169	4765	93.6788957225
1320	170	4766	93.7296451738
1321	175	4767	93.6934582447
1322	180	4770	93.6977328351
1323	179	4775	93.6411748938
1324	180	4777	93.6340438733
1325	182	4779	93.6530445497
1326	187	4783	93.7307122018
1327	189	4787	93.8294886521
1328	191	4787	93.8554431165
1329	192	4787	93.8593280513
1330	196	4788	93.863571523
1331	195	4790	93.7649796016
1332	199	4797	93.8163651177
1333	200	4804	93.8919604149
1334	200	4804	93.8411813331
1335	200	4809	93.8001755058
1336	199	4813	93.8340368009
1337	200	4815	93.7904165472
1338	197	4820	93.6963500573
1339	200	4820	93.7913880641
1340	195	4821	93.7629423835
1341	190	4825	93.7213920827
1342	190	4832	93.6943837761
1343	190	4838	93.7732661571
1344	193	4845	93.7006768443
1345	188	4848	93.6876497377
1346	187	4855	93.6717088447
1347	190	4855	93.5868584198
1348	189	4857	93.5593829377
1349	188	4863	93.5329976916
1350	184	4863	93.6317935793
1351	188	4867	93.5505904858
1352	189	4867	93.4998408936
1353	192	4871	93.5287778417
1354	190	4874	93.5483004945
1355	192	4874	93.5481005369
1356	194	4878	93.61389477
1357	191	4880	93.619656201
1358	187	4884	93.654475661
1359	191	4885	93.6157115658
1360	189	4888	93.6191661198
1361	193	4889	93.7146522783
1362	194	4894	93.664842896
1363	189	4895	93.6589601786
1364	193	4902	93.5648850551
1365	193	4906	93.5269117993
1366	196	4910	93.4693550039
1367	197	4912	93.5551931285
1368	196	4917	93.5855374009
1369	197	4919	93.6481473803
1370	200	4925	93.562445928
1371	198	4927	93.6439250146
1372	198	4930	93.560456173
1373	200	4937	93.5702314573
1374	200	4939	93.5606778766
1375	200	4944	93.570317013
1376	196	4951	93.5788325796
1377	193	4955	93.6420347714
1378	194	4958	93.6987527023
1379	195	4962	93.7437307432
1380	196	4967	93.760502669
1381	194	4970	93.7245102985
1382	199	4972	93.7386283013
1383	200	4977	93.8323492359
1384	199	4977	93.8549092439
1385	197	4977	93.7715933711
1386	200	4980	93.737439227
1387	198	4985	93.7325983965
1388	200	4991	93.7017543417
1389	200	4997	93.7271221823
1390	200	5004	93.7548205647
1391	195	5007	93.794108302
1392	194	5011	93.8936278368
1393	197	5015	93.9276346579
1394	192	5016	93.9224276204
1395	191	5016	93.887096801
1396	192	5019	93.8182511787
1397	188	5020	93.9053372236
1398	184	5027	93.9479724475
1399	180	5029	94.0056599735
1400	180	5029	94.0205548382
1401	177	5036	94.1001277206
1402	177	5042	94.1452397005
1403	176	5044	94.1382124486
1404	179	5050	94.1039982481
1405	184	5053	94.0940747666
1406	186	5055	94.0416289697
1407	185	5058	94.1117926772
1408	187	5063	94.1352878778
1409	189	5067	94.128355923
1410	185	5069	94.2218095513
1411	190	5074	94.1243401143
1412	193	5074	94.1170031838
1413	191	5078	94.1731037118
1414	188	5079	94.0949799812
1415	186	5079	94.0648961065
1416	183	5080	94.1113411679
1417	183	5085	94.1663266098
1418	178	5090	94.1968868917
1419	183	5092	94.1982162443
1420	184	5098	94.2544839637
1421	185	5102	94.1784339367
1422	182	5109	94.0806750472
1423	186	5109	94.0575549417
1424	188	5109	94.0335815828
1425	184	5111	94.0749999849
1426	184	5111	93.9861530078
1427	186	5113	93.9418267507
1428	188	5120	93.9260805259
1429	189	5124	93.8946262627
1430	189	5128	93.8642527741
1431	191	5130	93.8897646652
1432	192	5137	93.9378598144
1433	196	5137	94.0317747559
1434	200	5142	94.1230512452
1435	200	5143	94.0644488629
1436	200	5149	93.9834218037
1437	200	5152	94.0527528268
1438	200	5157	94.1397118232
1439	199	5160	94.1716272556
1440	197	5162	94.21299774
1441	200	5169	94.2423214485
1442	197	5170	94.1554268697
1443	195	5171	94.1197328948
1444	200	5178	94.0311645449
1445	199	5181	94.0106623511
1446	199	5187	93.977025607
1447	196	5187	94.0295871976
1448	198	5194	93.9955962727
1449	200	5196	93.9982177527
1450	200	5197	94.0910152394
1451	200	5198	94.0097162465
1452	199	5201	94.083987698
1453	200	5206	94.13655611
1454	200	5212	94.1046973446
1455	200	5212	94.1480879794
1456	198	5217	94.2444946403
1457	200	5220	94.2652975201
1458	200	5222	94.2080998768
1459	197	5225	94.1908159209
1460	200	5230	94.2853324814
1461	200	5236	94.3190453448
1462	196	5239	94.4031296228
1463	200	5240	94.4801163519
1464	195	5243	94.5139046312
1465	200	5249	94.5668291966
1466	200	5251	94.632484539
1467	196	5256	94.6331626205
1468	197	5260	94.5523028555
1469	198	5261	94.4749122292
1470	197	5268	94.5379157927
1471	200	5271	94.6094828337
1472	200	5277	94.6993995152
1473	200	5283	94.6654658044
1474	195	5283	94.7343739614
1475	192	5285	94.8342560893
1476	192	5286	94.7736890713
1477	195	5292	94.7578176555
1478	194	5297	94.7351173582
1479	196	5301	94.822908945
1480	200	5308	94.7613281704
1481	200	5313	94.817728318
1482	200	5313	94.8982926837
1483	200	5313	94.8661522639
1484	196	5316	94.8702507516
1485	193	5317	94.9690288933
1486	195	5319	94.9920869149
1487	196	5323	95.0847511658
1488	192	5326	95.116709902
1489	188	5331	95.1684043418
1490	184	5336	95.2144988631
1491	179	5336	95.1993799931
1492	175	5341	95.2145283322
1493	170	5342	95.2529545556
1494	175	5348	95.2069339496
1495	178	5354	95.2499140814
1496	183	5357	95.2868355346
1497	186	5360	95.3753466544
1498	190	5367	95.3445280847
1499	187	5371	95.3006645148
1500	187	5375	95.2934751195
1501	191	5375	95.3280167293
1502	187	5379	95.2775759503
1503	185	5384	95.2147831073
1504	181	5388	95.2437860663
1505	185	5388	95.2508869877
1506	189	5393	95.2627357816
1507	193	5394	95.2688676098
1508	191	5400	95.2194482871
1509	188	5406	95.1240350294
1510	190	5408	95.1305710927
1511	192	5408	95.1180288773
1512	196	5408	95.1605060392
1513	197	5413	95.2439673767
1514	200	5418	95.1945338036
1515	196	5424	95.1118458447
1516	192	5430	95.1065098278
1517	191	5434	95.0596482765
1518	192	5435	94.9611560961
1519	190	5439	94.9671943515
1520	188	5444	95.0566834846
1521	184	5449	94.9699041786
1522	187	5456	94.973129028
1523	191	5457	94.9389456166
1524	189	5462	94.9809076889
1525	189	5469	94.9708319132
1526	185	5471	94.9440076929
1527	187	5476	94.9625435317
1528	188	5477	94.9940098439
1529	191	5478	95.0791370836
1530	190	5482	94.9799439341
1531	189	5487	94.917822956
1532	194	5487	94.9748633985
1533	195	5490	94.9663142106
1534	190	5494	94.938327554
1535	191	5495	95.0112381843
1536	186	5496	95.0100669564
1537	190	5499	95.1073167187
1538	192	5506	95.0240716735
1539	197	5510	95.0322440338
1540	194	5517	95.0207750661
1541	191	5518	95.0968816261
1542	192	5518	95.0230960712
1543	196	5525	94.9672990657
1544	197	5529	95.0325068816
1545	197	5534	95.0470487932
1546	200	5539	95.082665768
1547	200	5542	95.1749921337
1548	197	5542	95.0943631783
1549	193	5547	95.1533578783
1550	192	5547	95.1441173904
1551	189	5547	95.1196543121
1552	190	5554	95.0282946462
1553	185	5559	95.0455223733
1554	181	5561	95.0362463255
1555	186	5568	95.0421529545
1556	191	5572	95.0590163376
1557	194	5573	95.1197015407
1558	192	5578	95.161123494
1559	196	5579	95.1270363813
1560	195	5579	95.1059517252
1561	192	5586	95.0448806581
1562	193	5593	95.0708896606
1563	190	5597	95.07534813
1564	187	5597	95.0128332105
1565	183	5599	95.0824617872
1566	184	5603	95.1617117287
1567	180	5608	95.1862765332
1568	175	5615	95.1770754603
1569	175	5617	95.0831217613
1570	173	5617	95.0236217611
1571	175	5621	95.0830586044
1572	175	5628	95.0208498543
1573	180	5632	94.9734441823
1574	178	5636	94.9415338976
1575	175	5640	94.8857064005
1576	174	5641	94.8437769925
1577	170	5648	94.7886522772
1578	166	5653	94.8829741318
1579	165	5655	94.9430499445
1580	168	5661	94.9989204006
1581	165	5664	94.9027696975
1582	163	5667	94.9497621527
1583	163	5670	95.0415573101
1584	158	5676	94.9992815827
1585	157	5683	95.0868720019
1586	156	5685	95.1102122935
1587	159	5692	95.1289717255
1588	155	5698	95.147884458
1589	150	5705	95.2070280234
1590	154	5705	95.1914159454
1591	151	5710	95.0932707814
1592	151	5713	95.1791407414
1593	156	5718	95.235143442
1594	155	5725	95.3190769867
1595	152	5730	95.2365826286
1596	147	5732	95.309809462
1597	150	5736	95.222921367
1598	152	5741	95.3115390842
1599	157	5743	95.2521465483
1600	153	5743	95.3026989689
1601	158	5750	95.4006110746
1602	155	5752	95.3065161305
1603	155	5756	95.2204217702
1604	155	5761	95.2612833234
1605	159	5766	95.3105253617
1606	163	5766	95.2661587261
1607	163	5773	95.2436907114
1608	158	5779	95.2729016537
1609	162	5783	95.2688659394
1610	166	5784	95.3666897726
1611	170	5787	95.3386583379
1612	167	5789	95.305921235
1613	166	5796	95.3724656213
1614	163	5803	95.4605337103
1615	162	5807	95.426153125
1616	160	5813	95.3813172782
1617	163	5817	95.2933161529
1618	163	5820	95.3204325542
1619	164	5825	95.2226453861
1620	161	5830	95.185067366
1621	163	5832	95.2228738463
1622	160	5839	95.1521700038
1623	164	5842	95.091520156
1624	165	5842	95.1892208017
1625	166	5844	95.2174659486
1626	167	5846	95.1906230676
1627	162	5850	95.2871752851
1628	167	5854	95.3140404085
1629	171	5855	95.3604090318
1630	171	5859	95.283760371
1631	176	5860	95.3388946704
1632	179	5863	95.3327583497
1633	179	5865	95.4321276574
1634	180	5867	95.3502810573
1635	179	5867	95.4138671477
1636	183	5873	95.507738849
1637	178	5873	95.6077295988
1638	177	5879	95.5776452323
1639	174	5879	95.5907629096
1640	177	5883	95.5273284407
1641	178	5889	95.4703422993
1642	181	5894	95.5634313954
1643	180	5894	95.6007951128
1644	180	5894	95.68612453
1645	183	5901	95.734750787
1646	186	5907	95.7978425735
1647	189	5914	95.8719321499
1648	184	5919	95.9380148907
1649	189	5925	95.9452029647
1650	191	5930	96.0165166583
1651	191	5932	95.9174903074
1652	190	5936	95.8266598849
1653	191	5938	95.9211357481
1654	195	5945	95.9602347002
1655	192	5950	95.9784720632
1656	187	5953	96.0490890202
1657	183	5956	96.039551335
1658	187	5956	96.1337856838
1659	183	5956	96.0485521869
1660	181	5960	96.1043683076
1661	182	5960	96.1388493935
1662	177	5963	96.0828190538
1663	175	5968	96.0210266764
1664	173	5972	95.9635248237
1665	171	5976	96.0226564082
1666	169	5979	96.008899045
1667	173	5980	95.9741974344
1668	177	5983	96.0244749339
1669	179	5987	95.9490140738
1670	179	5992	95.9551265158
1671	174	5998	96.0417415593
1672	171	6004	96.0124007342
1673	172	6011	95.9573530441
1674	169	6014	95.8860830794
1675	172	6018	95.8869006841
1676	174	6020	95.9133718011
1677	171	6026	95.8668161089
1678	171	6030	95.7826427896
1679	174	6034	95.833419251
1680	173	6036	95.8647944204
1681	173	6036	95.8517038043
1682	174	6037	95.8067956663
1683	178	6039	95.7423743196
1684	181	6042	95.7083514399
1685	180	6046	95.6126891928
1686	181	6046	95.6139551414
1687	176	6052	95.554400739
1688	180	6056	95.5157543044
1689	180	6056	95.5335288645
1690	180	6063	95.5904020297
1691	181	6070	95.5482481913
1692	183	6075	95.4991107922
1693	187	6075	95.4673858498
1694	192	6082	95.47287855
1695	192	6088	95.4936556
1696	196	6094	95.556450074
1697	193	6095	95.6551747489
1698	195	6098	95.5703682424
1699	195	6100	95.6221292058
1700	195	6104	95.6563638462
1701	193	6109	95.5737787698
1702	192	6116	95.4974315602
1703	190	6121	95.5260398499
1704	186	6123	95.4486777323
1705	184	6124	95.532891735
1706	186	6130	95.6265132693
1707	191	6134	95.6250213305
1708	191	6138	95.6231896248
1709	194	6144	95.5899450456
1710	199	6145	95.602387515
1711	200	6151	95.5168048258
1712	195	6154	95.5180625927
1713	192	6160	95.4683777309
1714	197	6165	95.567206875
1715	199	6165	95.6437136648
1716	196	6168	95.7277941311
1717	195	6175	95.7174760314
1718	191	6177	95.715454746
1719	193	6181	95.7481748102
1720	198	6187	95.7567280324
1721	196	6187	95.8071333496
1722	192	6194	95.7606087733
1723	187	6195	95.8167100721
1724	183	6195	95.8998777595
1725	188	6201	95.8834886253
1726	186	6208	95.9339421283
1727	185	6214	95.9328362335
1728	180	6221	95.9114948827
1729	184	6223	95.8446415247
1730	185	6224	95.8335297726
1731	184	6228	95.7373472762
1732	187	6233	95.7239695954
1733	186	6240	95.6313539826
1734	181	6241	95.54743891
1735	184	6244	95.5216617805
1736	179	6248	95.502071018
1737	183	6255	95.4207082134
1738	182	6262	95.3483828117
1739	178	6268	95.2498060592
1740	177	6269	95.342950261
1741	179	6276	95.3858117523
1742	178	6283	95.4422540385
1743	174	6284	95.3614909935
1744	177	6291	95.3900190568
1745	172	6296	95.4334136712
1746	176	6302	95.4523297931
1747	179	6309	95.4803152027
1748	180	6309	95.5084034419
1749	183	6312	95.4775508423
1750	182	6316	95.5162282784
1751	179	6318	95.561043546
1752	180	6323	95.5558850086
1753	179	6323	95.5793532798
1754	175	6325	95.5083522791
1755	178	6331	95.4181380175
1756	180	6337	95.3311151411
1757	179	6339	95.403142032
1758	178	6342	95.4246142156
1759	175	6347	95.350798446
1760	172	6352	95.2629294938
1761	173	6358	95.2736631956
1762	178	6364	95.2610246611
1763	179	6364	95.2170368959
1764	179	6366	95.1414124656
1765	182	6366	95.0748740779
1766	177	6366	94.9997594922
1767	179	6373	94.9090285372
1768	177	6377	94.8754745615
1769	174	6383	94.8819302487
1770	179	6388	94.8427196859
1771	177	6393	94.8257172094
1772	176	6397	94.7859112171
1773	181	6403	94.864799621
1774	183	6410	94.8386762949
1775	184	6411	94.9073085507
1776	184	6415	94.8772460845
1777	186	6419	94.9189204239
1778	189	6423	94.8539868719
1779	190	6423	94.9360931354
1780	195	6423	94.9520213203
1781	194	6424	94.8720588542
1782	196	6425	94.8759069647
1783	193	6425	94.9562649085
1784	188	6425	94.968788511
1785	186	6431	94.9011603875
1786	186	6437	94.8321808451
1787	185	6439	94.7323337995
1788	189	6443	94.7062573154
1789	188	6449	94.7799305108
1790	193	6454	94.7230717931
1791	195	6459	94.6856446274
1792	197	6466	94.6634072872
1793	194	6466	94.7369535716
1794	190	6470	94.6491124459
1795	190	6470	94.7421824213
1796	187	6472	94.823971581
1797	191	6477	94.8749488202
1798	186	6480	94.953901754
1799	186	6482	94.876302917
1800	188	6488	94.801961819
1801	193	6488	94.8494752012
1802	189	6489	94.8355897326
1803	193	6496	94.7783398348
1804	194	6503	94.7634484126
1805	194	6504	94.7786170189
1806	193	6510	94.6795847639
1807	197	6514	94.7323534679
1808	196	6521	94.7932737786
1809	198	6528	94.8524962717
1810	200	6532	94.8050974668
1811	198	6532	94.8524526106
1812	200	6539	94.9218954438
1813	199	6546	94.9107605737
1814	194	6546	94.9509683811
1815	195	6552	94.930027012
1816	192	6554	94.9747967006
1817	193	6554	94.937542649
1818	195	6560	94.8988110593
1819	197	6561	94.8085733541
1820	198	6564	94.7793948673
1821	200	6565	94.7839849854
1822	197	6569	94.8825987753
1823	200	6571	94.7950817042
1824	200	6572	94.8084211791
1825	199	6577	94.8795609809
1826	199	6584	94.9518772225
1827	195	6587	94.895672854
1828	196	6593	94.9249920588
1829	194	6599	94.9048788126
1830	194	6599	94.8660227786
1831	194	6603	94.7830842799
1832	189	6610	94.8169362975
1833	187	6611	94.7212222364
1834	189	6613	94.6604194315
1835	187	6620	94.7529859073
1836	185	6620	94.6615556958
1837	183	6621	94.7484529352
1838	179	6624	94.7447677611
1839	179	6626	94.7490022104
1840	175	6630	94.7851819063
1841	179	6637	94.7330057408
1842	177	6644	94.6804022234
1843	179	6649	94.6301766705
1844	183	6652	94.61158709
1845	181	6656	94.5810278364
1846	182	6660	94.6533382358
1847	179	6663	94.6460885485
1848	183	6664	94.7404770689
1849	186	6666	94.6429217941
1850	189	6666	94.5761465868
1851	186	6668	94.5826044188
1852	183	6673	94.5280806762
1853	180	6675	94.5970679538
1854	183	6676	94.6633594473
1855	183	6679	94.7156509959
1856	181	6686	94.7409788799
1857	179	6691	94.8258244802
1858	184	6696	94.8135622067
1859	181	6700	94.8480071825
1860	183	6700	94.8092566273
1861	187	6707	94.76422018
1862	192	6708	94.8453002523
1863	195	6709	94.8156949152
1864	198	6714	94.8399371064
1865	193	6720	94.8270897136
1866	195	6727	94.834645203
1867	190	6731	94.7538031312
1868	186	6738	94.6548735547
1869	186	6741	94.6277190852
1870	184	6743	94.6752769792
1871	180	6747	94.7641229596
1872	185	6749	94.669614407
1873	189	6752	94.7104397342
1874	184	6755	94.7131472151
1875	185	6760	94.6268870777
1876	186	6767	94.5524927734
1877	187	6770	94.6180764492
1878	187	6777	94.5714996253
1879	186	6782	94.6540131125
1880	186	6786	94.5605046292
1881	181	6789	94.5357542899
1882	176	6791	94.6332397276
1883	179	6795	94.5382814307
1884	176	6800	94.5127300145
1885	175	6804	94.4939433912
1886	177	6811	94.5897263258
1887	174	6817	94.645422064
1888	176	6820	94.5646515843
1889	176	6823	94.5142933293
1890	171	6829	94.5876216779
1891	169	6830	94.5510304619
1892	169	6834	94.6062232894
1893	170	6841	94.6734528948
1894	174	6841	94.6267199084
1895	170	6847	94.6665996844
1896	167	6848	94.6783900564
1897	164	6854	94.6560007035
1898	166	6860	94.5748335277
1899	164	6860	94.5704082801
1900	162	6866	94.5437481598
1901	167	6871	94.5859901191
1902	168	6877	94.6468809244
1903	166	6880	94.7346262607
1904	168	6887	94.6575198959
1905	164	6892	94.5701822039
1906	168	6898	94.5854415906
1907	164	6905	94.4963324484
1908	168	6905	94.568584252
1909	170	6909	94.6179543375
1910	172	6912	94.6249841246
1911	176	6912	94.6535349058
1912	174	6912	94.6787946122
1913	172	6912	94.6100414431
1914	175	6916	94.5596438888
1915	172	6919	94.5936457741
1916	177	6926	94.5697171773
1917	179	6929	94.6043017649
1918	176	6930	94.6550332951
1919	172	6935	94.7471519693
1920	175	6936	94.7911008641
1921	180	6937	94.7630654445
1922	177	6939	94.7017033066
1923	174	6943	94.7752978268
1924	175	6943	94.7967118378
1925	178	6944	94.7833835477
1926	183	6944	94.7783456621
1927	178	6947	94.724328067
1928	175	6947	94.7906012271
1929	170	6951	94.7125256507
1930	174	6952	94.6440631063
1931	177	6958	94.6818519866
1932	175	6959	94.7291099634
1933	179	6959	94.779812233
1934	175	6963	94.7248797755
1935	178	6967	94.6528686995
1936	183	6969	94.7343687987
1937	179	6975	94.7581361785
1938	179	6978	94.72167143
1939	179	6978	94.6673560575
1940	184	6981	94.7363920207
1941	185	6981	94.7758571985
1942	183	6987	94.7299440907
1943	182	6988	94.6392815194
1944	186	6989	94.6630965659
1945	183	6993	94.7608763711
1946	187	6999	94.7342526321
1947	192	7001	94.7506514544
1948	194	7008	94.7241276901
1949	191	7011	94.8064164709
1950	189	7015	94.8840965082
1951	193	7017	94.9383117563
1952	194	7017	94.9673106385
1953	189	7020	95.0575700495
1954	191	7021	95.0450186419
1955	189	7025	95.0274106091
1956	192	7032	94.9333581849
1957	190	7038	94.8712242074
1958	193	7045	94.8446514237
1959	195	7047	94.8768974657
1960	196	7050	94.8249121566
1961	198	7054	94.7836932268
1962	200	7056	94.8305740299
1963	200	7061	94.7526255462
1964	196	7068	94.8292181402
1965	198	7073	94.8114446164
1966	197	7075	94.8332554393
1967	200	7082	94.9235037222
1968	196	7088	94.8811763575
1969	197	7095	94.7901153871
1970	192	7101	94.8159988058
1971	193	7106	94.7244135674
1972	191	7107	94.6324172095
1973	193	7109	94.5641342552
1974	188	7114	94.5254829331
1975	185	7121	94.473132142
1976	182	7123	94.4487464186
1977	181	7123	94.4604817368
1978	183	7127	94.4224530954
1979	178	7131	94.4117296216
1980	181	7133	94.3766032054
1981	182	7134	94.3575882614
1982	182	7135	94.3918637033
1983	184	7138	94.4377058
1984	183	7140	94.4471196792
1985	185	7142	94.41707517
1986	187	7149	94.4448362237
1987	191	7153	94.5252884081
1988	193	7156	94.509103277
1989	188	7158	94.5605620066
1990	189	7163	94.5604395149
1991	185	7166	94.6305814985
1992	190	7167	94.6111080622
1993	191	7168	94.5552862215
1994	196	7172	94.5187284797
1995	198	7178	94.5834307236
1996	195	7180	94.5850628282
1997	196	7186	94.571113497
1998	196	7186	94.4801253425
1999	194	7187	94.3857140523
2000	192	7191	94.3082385748
2001	192	7193	94.2502119009
2002	196	7194	94.316822289
2003	191	7201	94.2188497694
2004	186	7202	94.3159459961
2005	190	7207	94.3995965398
2006	192	7214	94.3587589869
2007	194	7221	94.2742635846
2008	195	7223	94.271993572
2009	195	7226	94.2512634781
2010	193	7233	94.2523753484
2011	192	7239	94.352183617
2012	195	7243	94.411445388
2013	192	7248	94.5091672584
2014	194	7248	94.5797137763
2015	199	7254	94.5779357546
2016	197	7261	94.5931980231
2017	196	7268	94.5477103729
2018	191	7271	94.5214060783
2019	193	7276	94.4887738476
2020	193	7281	94.4740038023
2021	192	7284	94.3791973421
2022	190	7289	94.4631921796
2023	187	7296	94.5104191882
2024	189	7300	94.5112905127
2025	184	7306	94.4409347877
2026	179	7307	94.4531548859
2027	176	7309	94.544113469
2028	172	7316	94.4452802299
2029	170	7323	94.5321111379
2030	172	7323	94.6100200699
2031	174	7323	94.6071824714
2032	172	7330	94.6808198478
2033	177	7337	94.6963478585
2034	182	7344	94.6488392903
2035	184	7348	94.5522670574
2036	186	7348	94.5691433862
2037	191	7348	94.5614923752
2038	196	7353	94.4620575191
2039	200	7353	94.4315551698
2040	198	7353	94.3618391707
2041	200	7360	94.4193967586
2042	198	7363	94.3418780047
2043	197	7367	94.2952317855
2044	200	7373	94.2116130494
2045	200	7379	94.27995671
2046	199	7383	94.3428850784
2047	200	7388	94.4082792749
2048	198	7391	94.4642557531
2049	200	7398	94.4237840534
2050	200	7398	94.3479043914
2051	198	7398	94.3293696016
2052	199	7399	94.3908101462
2053	200	7405	94.3047549254
2054	200	7412	94.3743179676
2055	200	7416	94.2862235007
2056	200	7422	94.1891453406
2057	198	7428	94.1403297498
2058	200	7429	94.1758474798
2059	197	7431	94.152544748
2060	194	7437	94.2140517896
2061	189	7440	94.2136500973
2062	189	7441	94.1197304116
2063	186	7446	94.1180232432
2064	186	7448	94.0745269895
2065	186	7448	94.1144986099
2066	188	7454	94.2108457971
2067	187	7455	94.1657193729
2068	185	7455	94.0736102428
2069	182	7462	94.1450915043
2070	178	7463	94.1815066651
2071	174	7463	94.2790561051
2072	171	7464	94.2393136798
2073	175	7467	94.2696994179
2074	171	7473	94.2312688755
2075	169	7473	94.2102288373
2076	172	7474	94.2097888113
2077	173	7475	94.1469689773
2078	170	7479	94.1113189652
2079	174	7480	94.0718898905
2080	173	7480	94.0619537822
2081	171	7486	94.127132494
2082	175	7486	94.1882527787
2083	170	7486	94.2349766636
2084	169	7486	94.3005756539
2085	166	7491	94.2471887666
2086	168	7492	94.2547155138
2087	168	7492	94.274447167
2088	165	7494	94.1804668546
2089	162	7496	94.2696806688
2090	162	7499	94.3242075724
2091	162	7500	94.3817203703
2092	164	7502	94.2915056804
2093	161	7505	94.2037821445
2094	163	7511	94.1055817138
2095	162	7514	94.0935974918
2096	158	7515	94.1258903124
2097	162	7519	94.0982711196
2098	162	7520	94.1863249878
2099	159	7526	94.2444632814
2100	157	7531	94.2381024562
2101	156	7533	94.1417611498
2102	160	7537	94.1486764395
2103	156	7540	94.1519683682
2104	160	7546	94.1681904524
2105	157	7546	94.2447229559
2106	152	7550	94.3144597435
2107	155	7556	94.3435128574
2108	159	7561	94.3237785919
2109	164	7563	94.2933573514
2110	159	7565	94.2927871026
2111	164	7565	94.21556644
2112	167	7570	94.1620832013
2113	169	7571	94.2522435614
2114	171	7578	94.2967071009
2115	171	7583	94.3639364715
2116	166	7583	94.3376763964
2117	169	7587	94.4342939194
2118	174	7590	94.4459762465
2119	178	7592	94.4986245307
2120	181	7599	94.4022921589
2121	181	7599	94.4102877377
2122	176	7605	94.5074065498
2123	175	7605	94.4377625199
2124	174	7606	94.3561580375
2125	178	7607	94.4069687346
2126	183	7609	94.3130487484
2127	183	7612	94.2528037116
2128	182	7615	94.2732872331
2129	177	7618	94.2543944066
2130	174	7620	94.1729693618
2131	170	7626	94.2630167927
2132	169	7627	94.3390292456
2133	164	7634	94.2940086722
2134	167	7640	94.3866983819
2135	162	7642	94.4188904652
2136	163	7644	94.4193475598
2137	161	7645	94.5139776784
2138	164	7645	94.4337869421
2139	169	7649	94.4111468741
2140	165	7650	94.3190653884
2141	167	7652	94.3902132441
2142	163	7654	94.4759812735
2143	158	7655	94.4810870542
2144	158	7658	94.5557335126
2145	163	7665	94.4883430184
2146	163	7666	94.581829211
2147	167	7670	94.5117887927
2148	171	7673	94.5378674865
2149	168	7673	94.5019247596
2150	164	7674	94.4097529186
2151	165	7677	94.3298923051
2152	166	7684	94.2605589485
2153	170	7691	94.3260014922
2154	173	7692	94.4036728421
2155	178	7698	94.4283232327
2156	173	7702	94.4304970049
2157	173	7709	94.5184142971
2158	168	7711	94.5555693267
