1	134	3	94.9979304281
2	136	10	95.0178170268
3	139	13	94.9875301566
4	135	15	94.9079552582
5	130	19	94.8249165978
6	125	19	94.7641481357
7	126	24	94.8452793446
8	125	28	94.9197873636
9	120	30	94.9070252246
10	122	37	94.9367454179
11	124	44	94.8860183461
12	119	51	94.9133646438
13	117	54	94.8506332626
14	115	60	94.9213564492
15	118	62	94.8486573874
16	123	68	94.8507839261
17	120	72	94.8849271752
18	120	78	94.889504556
19	121	78	94.9435802793
20	126	80	94.8437026221
21	121	81	94.8831677299
22	120	81	94.8391269142
23	120	87	94.8645162631
24	124	89	94.7732563483
25	122	94	94.8306967454
26	124	97	94.8865220251
27	120	102	94.966589745
28	121	102	94.9465920786
29	118	108	94.9971665289
30	118	110	95.0866014479
31	123	114	94.9867887003
32	126	117	95.0332940038
33	126	121	95.0422891604
34	130	125	94.9726722065
35	133	132	94.9807918953
36	136	138	94.9963339084
37	136	138	95.040271614
38	139	141	94.9658222884
39	137	144	94.9538094395
40	139	147	94.951329563
41	137	148	94.8701260122
42	140	148	94.9481586692
43	142	155	94.9117283679
44	146	162	94.8688638081
45	147	167	94.7697542139
46	142	172	94.8100432995
47	146	172	94.8623407375
48	142	175	94.8532892578
49	146	180	94.8570473864
50	146	181	94.955007703
51	148	187	94.889037285
52	153	190	94.9514419121
53	150	197	94.9158866088
54	152	197	94.8947663857
55	157	198	94.9800096257
56	155	199	94.9969625316
57	157	200	95.0694236543
58	155	206	95.0985895865
59	158	211	95.105474104
60	156	216	95.1608326959
61	154	223	95.1739764258
62	157	225	95.1012367432
63	160	226	95.1417640137
64	165	232	95.1686045974
65	169	238	95.1759741376
66	166	239	95.2745000129
67	165	245	95.2565146461
68	170	252	95.3393701998
69	169	255	95.3696579378
70	168	255	95.2988451398
71	168	260	95.2035214175
72	173	267	95.2147117372
73	176	268	95.2035192875
74	173	268	95.1558729796
75	178	272	95.119127078
76	173	276	95.064733239
77	174	278	95.0137244035
78	174	278	94.9647253522
79	173	283	94.9274260337
80	171	288	94.9484488298
81	167	288	94.9784933269
82	169	291	95.0486148369
83	174	294	95.0883856409
84	174	296	95.1172101746
85	171	303	95.0495092855
86	174	303	94.9710881047
87	173	305	95.0181136383
88	171	311	94.975882941
89	171	314	94.9021185601
90	172	320	94.9682806803
91	177	325	94.997785882
92	180	330	94.9052889952
93	183	331	94.9755529057
94	182	338	95.0320851009
95	183	338	95.053786753
96	185	339	95.0005542127
97	190	342	95.0560775822
98	186	347	95.0977419694
99	183	354	95.1719090626
100	188	360	95.2470629763
101	191	360	95.3198567464
102	190	363	95.2547231331
103	188	365	95.2922386836
104	188	372	95.3203805824
105	188	379	95.2754848578
106	191	385	95.2370735931
107	192	386	95.2242872536
108	189	387	95.284868337
109	192	389	95.3089451611
110	191	394	95.3425259743
111	196	398	95.400650036
112	197	405	95.4219617873
113	200	406	95.4462420372
114	197	406	95.4565500143
115	193	407	95.539149734
116	194	407	95.6152384503
117	192	409	95.6681776439
118	187	414	95.7430382997
119	186	421	95.6483740109
120	186	426	95.6923919652
121	188	431	95.7770512722
122	186	434	95.7720595153
123	184	435	95.7852085097
124	187	435	95.8379772301
125	191	435	95.7539697236
126	191	441	95.7906306061
127	190	444	95.7089333547
128	188	451	95.6416742623
129	186	455	95.6727794703
130	184	455	95.6142856938
131	189	459	95.6651794089
132	194	461	95.6863496387
133	195	468	95.6132172785
134	200	469	95.5594384084
135	196	472	95.6112269989
136	200	472	95.5190620114
137	200	477	95.4994264178
138	196	478	95.5152499837
139	194	482	95.5127554316
140	197	485	95.4595749491
141	193	485	95.5283964196
142	195	490	95.6200481044
143	194	493	95.5372388307
144	191	493	95.5497948775
145	187	494	95.5113635446
146	189	496	95.5065442369
147	186	498	95.5425158945
148	186	503	95.5358111275
149	184	503	95.498269079
150	189	506	95.4651608382
151	188	510	95.513431324
152	187	514	95.5956558381
153	185	521	95.6673754644
154	187	522	95.6323238785
155	183	525	95.548622975
156	182	525	95.5975436296
157	178	529	95.6470442046
158	183	532	95.581121332
159	183	536	95.6607641827
160	183	539	95.6347715503
161	178	543	95.5801961545
162	179	548	95.4944937147
163	174	550	95.5497610269
164	175	550	95.4695335213
165	180	552	95.4167098433
166	178	557	95.5160564391
167	176	561	95.5701829692
168	178	565	95.6123287029
169	177	571	95.6612826325
170	173	576	95.6693868481
171	174	583	95.6952698081
172	175	589	95.7483792962
173	178	590	95.6614967149
174	174	593	95.5892819626
175	179	595	95.5692868259
176	175	599	95.6289260617
177	179	605	95.7191368135
178	179	610	95.7109087994
179	174	613	95.6916481076
180	178	617	95.7403533794
181	175	622	95.6573951034
182	171	627	95.6024984695
183	173	627	95.5346796683
184	169	634	95.5202744874
185	171	639	95.4516418503
186	175	643	95.4939384233
187	178	649	95.5622606211
188	177	652	95.6598825011
189	176	653	95.6286255352
190	178	655	95.6353569945
191	174	657	95.6931350846
192	169	664	95.6991161661
193	172	664	95.6802665727
194	167	671	95.7589053069
195	163	672	95.806048238
196	158	673	95.7495791722
197	160	675	95.7666161655
198	161	681	95.8457049487
199	166	687	95.8249657249
200	167	689	95.8143730206
201	164	689	95.8041998362
202	167	689	95.7293626149
203	165	691	95.7203880803
204	169	696	95.7940793486
205	173	701	95.8932488592
206	171	702	95.8428485179
207	169	708	95.7659043901
208	171	711	95.6876482115
209	171	717	95.7482734622
210	168	723	95.7075893742
211	163	730	95.6178077649
212	166	735	95.6619586532
213	169	740	95.708009068
214	164	746	95.7737747058
215	160	750	95.7356514639
216	157	756	95.7943096976
217	158	760	95.8134204176
218	159	761	95.7312393208
219	161	764	95.7609352873
220	166	770	95.8047221597
221	164	773	95.7758575859
222	168	780	95.6928870252
223	165	781	95.6573222651
224	160	785	95.6529885086
225	156	787	95.7458304933
226	161	788	95.6510570161
227	165	788	95.5858386504
228	166	788	95.6073351221
229	168	788	95.603773521
230	172	795	95.5143732391
231	171	796	95.574181329
232	167	796	95.5542244052
233	167	798	95.535146444
234	172	804	95.5664826087
235	172	807	95.5222621139
236	175	808	95.5929269685
237	172	810	95.6385974854
238	171	817	95.7045183852
239	174	819	95.7109870056
240	176	821	95.807927358
241	176	821	95.8464870677
242	178	827	95.8885043706
243	175	834	95.9617155174
244	178	841	96.0375296944
245	178	842	95.98611564
246	178	845	95.9647697743
247	179	851	95.947968639
248	183	853	96.0447371307
249	188	860	96.0256709827
250	189	865	96.0658134487
251	193	867	96.1224331053
252	195	867	96.0775090613
253	195	874	96.166750246
254	196	874	96.1755593227
255	197	881	96.2065204308
256	199	881	96.1434883109
257	194	884	96.1857219921
258	197	888	96.1204889938
259	195	894	96.1098526768
260	200	896	96.1194098642
261	200	896	96.0713987964
262	200	896	96.0922446208
263	198	897	96.0541636295
264	200	897	96.0718528181
265	200	904	96.1430772281
266	196	906	96.0803904871
267	191	909	96.1163151273
268	196	915	96.109924966
269	194	918	96.0260615573
270	194	925	96.1079648907
271	192	932	96.0149650025
272	193	935	95.9247204458
273	190	942	95.9836323522
274	186	944	95.9949241066
275	188	948	96.0371130621
276	185	953	96.0724459816
277	190	956	96.0111852821
278	185	960	96.000645678
279	181	966	96.057428461
280	180	970	96.0023558219
281	178	974	95.9935061037
282	178	974	95.9949529421
283	173	974	95.9692818284
284	176	979	95.9050718447
285	173	983	96.002148259
286	175	988	95.9189109357
287	177	988	95.9138299372
288	182	991	96.0135498503
289	184	997	95.9969456572
290	183	997	95.9774377528
291	188	1002	95.9648520829
292	188	1006	95.9258943169
293	191	1012	95.9274379621
294	187	1019	96.0048397127
295	189	1025	96.0302091216
296	190	1027	95.9369789699
297	189	1030	95.9285175535
298	191	1033	95.8613704654
299	188	1034	95.8125927986
300	184	1040	95.818330461
301	179	1042	95.8247299159
302	177	1049	95.8773063919
303	175	1055	95.822729395
304	172	1059	95.8460418304
305	173	1060	95.8863397188
306	173	1064	95.9698814755
307	173	1067	95.8997866307
308	172	1073	95.8457619195
309	177	1079	95.9351389694
310	179	1081	95.8409993847
311	177	1081	95.7848483297
312	178	1088	95.8119290867
313	180	1088	95.8385195829
314	184	1093	95.7459435429
315	188	1094	95.7181671225
316	193	1100	95.7244844376
317	196	1104	95.7751852446
318	198	1104	95.8547834736
319	200	1108	95.8940150226
320	195	1109	95.8965654745
321	194	1111	95.9366768342
322	195	1117	95.957577926
323	200	1120	95.8915673762
324	200	1124	95.8605775201
325	198	1127	95.7808252443
326	197	1132	95.7364442385
327	200	1132	95.7857721076
328	200	1135	95.8808215811
329	198	1136	95.9582971126
330	195	1142	95.8984536611
331	193	1148	95.9382237681
332	197	1155	96.0380185296
333	198	1157	96.1180711075
334	200	1160	96.1321285185
335	200	1160	96.1405345758
336	200	1164	96.203188691
337	195	1171	96.2674143084
338	196	1174	96.1828722513
339	197	1174	96.103011865
340	200	1177	96.0917645722
341	198	1178	96.0473981358
342	194	1183	96.0292762092
343	194	1183	96.1084527712
344	199	1183	96.0846727615
345	200	1189	96.0286941145
346	195	1191	96.1067250028
347	193	1193	96.1060735861
348	194	1196	96.0348010727
349	189	1196	95.9848229745
350	189	1203	95.9517448866
351	193	1206	95.9897230458
352	198	1208	95.9610717452
353	200	1213	96.0365952091
354	200	1220	96.0955202964
355	200	1221	96.0652967307
356	200	1226	96.1525646317
357	200	1228	96.0527340611
358	200	1231	96.0070206994
359	198	1234	96.0612591009
360	200	1234	96.0950626694
361	196	1240	96.0100335399
362	200	1245	96.0172818623
363	200	1250	96.05186139
364	200	1257	95.9708333647
365	200	1261	96.0040698178
366	199	1266	96.0812219196
367	200	1273	96.0528134989
368	196	1273	96.1199252514
369	200	1277	96.055726631
370	195	1277	95.9726934387
371	191	1281	95.9539342596
372	192	1282	95.97568285
373	189	1282	96.0506664243
374	185	1289	96.0409886117
375	185	1294	96.0536110499
376	188	1301	95.9766694622
377	183	1302	95.9267437452
378	183	1304	95.9618331967
379	185	1311	95.921729874
380	181	1312	95.8315273337
381	179	1314	95.8993799134
382	174	1317	95.9683973558
383	178	1319	96.0317393089
384	182	1322	95.9838273925
385	177	1327	95.9289115469
386	178	1331	95.9961185398
387	175	1335	95.9750068103
388	179	1342	96.032571
389	179	1349	96.1073305934
390	182	1353	96.1155650538
391	179	1359	96.0891379181
392	184	1365	96.1816295315
393	179	1367	96.1654674895
394	176	1371	96.1734752389
395	173	1374	96.2459397629
396	177	1380	96.193969847
397	175	1380	96.2914817324
398	176	1387	96.35391853
399	171	1390	96.2656978582
400	167	1395	96.2551346467
401	168	1401	96.165031917
402	164	1401	96.1468925574
403	169	1401	96.0525151105
404	164	1408	95.9969562402
405	167	1412	95.9242150965
406	170	1419	95.9460376606
407	166	1419	95.9770619414
408	163	1424	95.8845571781
409	158	1430	95.7973911581
410	154	1434	95.8122817273
411	154	1439	95.7530875128
412	153	1441	95.6790879116
413	151	1441	95.6918648966
414	153	1443	95.7363538223
415	149	1448	95.7049685441
416	149	1455	95.7152800814
417	148	1462	95.6837206919
418	145	1466	95.6710580121
419	143	1469	95.7151651341
420	147	1471	95.804966474
421	143	1471	95.7062811695
422	142	1472	95.7746133429
423	145	1477	95.8347682139
424	146	1482	95.8556363698
425	149	1486	95.9518373071
426	154	1491	96.019725614
427	158	1494	96.0226210511
428	163	1499	96.0705717353
429	158	1505	96.0910502798
430	158	1506	96.1196576553
431	159	1511	96.1817135296
432	163	1512	96.1527096879
433	166	1519	96.165355528
434	170	1524	96.2209743867
435	170	1524	96.3036097297
436	174	1528	96.218343825
437	173	1529	96.2346403061
438	169	1532	96.2219335452
439	168	1533	96.2202333312
440	170	1534	96.2868512844
441	171	1540	96.3316490424
442	175	1540	96.2872520361
443	172	1543	96.270800794
444	176	1543	96.3336979694
445	175	1547	96.2459754434
446	172	1550	96.2442808186
447	177	1555	96.3030275413
448	174	1560	96.3401129066
449	169	1560	96.4045823254
450	170	1562	96.4172631002
451	167	1565	96.493372832
452	172	1565	96.5916475683
453	170	1569	96.5099466838
454	173	1570	96.6021487546
455	168	1574	96.5253472145
456	173	1577	96.5527122661
457	177	1581	96.5200401033
458	177	1581	96.4866245845
459	179	1584	96.5212379585
460	184	1588	96.5334088377
461	182	1594	96.5951085554
462	180	1597	96.5275017251
463	179	1597	96.4993354162
464	180	1602	96.4987691601
465	177	1607	96.4335372784
466	182	1609	96.3444503745
467	186	1616	96.2734745432
468	186	1617	96.3040823839
469	189	1617	96.3196354141
470	192	1621	96.3784055456
471	192	1622	96.4080665042
472	190	1628	96.3671703938
473	186	1633	96.4615317024
474	189	1637	96.4644381444
475	190	1637	96.5000840547
476	186	1643	96.4359280193
477	185	1648	96.3713174475
478	181	1649	96.4217928554
479	184	1654	96.4613250742
480	188	1654	96.4080110463
481	186	1658	96.3573677052
482	189	1658	96.2816123432
483	189	1665	96.38139291
484	184	1671	96.4346145949
485	186	1677	96.4877706476
486	190	1684	96.4626123835
487	187	1689	96.3780967008
488	189	1690	96.4488642942
489	187	1696	96.5352475147
490	184	1699	96.4638423341
491	182	1699	96.4411441415
492	180	1704	96.4697278957
493	183	1710	96.5550154052
494	185	1715	96.5033409661
495	185	1720	96.5854797636
496	188	1725	96.5492489366
497	190	1727	96.4865003466
498	190	1729	96.5517702598
499	191	1736	96.5966411893
500	188	1742	96.6615793516
501	192	1743	96.7542419276
502	194	1749	96.8004997755
503	191	1750	96.7212728835
504	188	1752	96.7577157638
505	184	1752	96.6627874211
506	183	1757	96.5979089756
507	178	1758	96.6874443555
508	179	1762	96.6586185929
509	179	1762	96.7198016123
510	184	1764	96.8058243336
511	189	1765	96.8812079192
512	186	1771	96.830318375
513	188	1775	96.8292806851
514	186	1776	96.7979934158
515	186	1779	96.7536352418
516	189	1780	96.6652471641
517	193	1781	96.5964326532
518	198	1781	96.5959642264
519	195	1788	96.5119104366
520	194	1795	96.5199642193
521	190	1799	96.4505265098
522	185	1805	96.4081696482
523	189	1809	96.4246093235
524	188	1815	96.4281022983
525	193	1818	96.4883806882
526	192	1823	96.547303126
527	197	1828	96.6077874565
528	198	1833	96.6078691318
529	200	1837	96.6897069504
530	199	1840	96.6659312779
531	194	1840	96.6509198862
532	197	1841	96.6864405482
533	195	1848	96.6978177084
534	191	1854	96.6783421498
535	192	1857	96.5930496553
536	188	1861	96.6019209421
537	184	1865	96.7009459895
538	186	1867	96.7825975443
539	182	1872	96.8317199154
540	185	1872	96.7981135856
541	182	1879	96.7987369673
542	179	1885	96.8972734345
543	183	1891	96.8671341783
544	188	1892	96.8961999162
545	183	1897	96.9066674236
546	184	1898	96.8177164843
547	180	1899	96.8563015385
548	185	1901	96.7714414381
549	188	1905	96.8149157765
550	185	1911	96.8067027586
551	180	1914	96.7995726674
552	183	1918	96.8037399441
553	179	1919	96.8328083308
554	184	1926	96.916210781
555	179	1929	97.0054669398
556	184	1930	96.9956928621
557	188	1935	97.0773604196
558	190	1939	97.0118143302
559	194	1946	96.9377610267
560	199	1951	96.8844630433
561	195	1955	96.8464150359
562	193	1955	96.7690261938
563	194	1957	96.7307200657
564	189	1958	96.7575761186
565	194	1960	96.7664402486
566	194	1963	96.6904771875
567	195	1969	96.5915495929
568	192	1974	96.5680856484
569	188	1981	96.6516202093
570	192	1981	96.7136416445
571	191	1982	96.6185616874
572	188	1982	96.6256398053
573	189	1982	96.5811155321
574	185	1984	96.5509515934
575	183	1986	96.4619968467
576	180	1987	96.3927749147
577	181	1994	96.4413390902
578	178	2001	96.5148901333
579	183	2001	96.4948630284
580	183	2002	96.4997618392
581	179	2006	96.4135083628
582	175	2012	96.4273083844
583	178	2018	96.3789433353
584	175	2020	96.3740271693
585	171	2023	96.2948999836
586	166	2026	96.2561205815
587	168	2026	96.3290661491
588	170	2029	96.295972144
589	170	2029	96.2282045978
590	166	2035	96.2795223182
591	169	2036	96.2629371296
592	169	2043	96.1925544884
593	167	2046	96.2785231118
594	167	2048	96.3260588325
595	162	2049	96.2874601725
596	159	2050	96.3005414561
597	154	2050	96.2705296776
598	154	2051	96.2159149733
599	158	2056	96.2554861755
600	157	2063	96.3508226829
601	154	2070	96.4386097149
602	151	2077	96.4577114921
603	148	2080	96.4729389597
604	145	2087	96.4673252087
605	143	2093	96.4931166003
606	141	2099	96.4377525663
607	145	2099	96.4381820733
608	142	2102	96.3555633141
609	142	2103	96.3353478841
610	142	2106	96.3549753153
611	145	2107	96.4330609567
612	148	2108	96.4570491208
613	150	2113	96.4558315859
614	152	2120	96.449364921
615	150	2122	96.4215091715
616	145	2122	96.5086368417
617	147	2125	96.4106918573
618	148	2126	96.3887123422
619	145	2131	96.4195600359
620	143	2132	96.3459125384
621	139	2135	96.278093785
622	138	2140	96.326042937
623	139	2142	96.3533117661
624	141	2145	96.2749640199
625	140	2146	96.2869426356
626	136	2148	96.2276638424
627	137	2149	96.199929099
628	140	2156	96.1607999129
629	137	2159	96.1833643669
630	135	2161	96.2425273123
631	134	2168	96.1539235094
632	136	2172	96.0950242044
633	132	2179	96.174097442
634	136	2181	96.1096818388
635	138	2181	96.1963657692
636	133	2187	96.2251166337
637	129	2190	96.2526659843
638	124	2194	96.3287680704
639	128	2199	96.3122165275
640	123	2203	96.2428127272
641	128	2205	96.1656220926
642	125	2208	96.1246269181
643	120	2212	96.1050883076
644	125	2217	96.1791088952
645	126	2221	96.1933466486
646	125	2224	96.1134800642
647	130	2231	96.1341494606
648	131	2234	96.1704015028
649	131	2238	96.226722858
650	127	2242	96.1509423572
651	131	2247	96.1495048704
652	130	2249	96.1464291533
653	128	2256	96.0623217507
654	128	2263	96.0129682241
655	133	2266	96.0701391925
656	130	2267	96.0962082399
657	131	2271	96.094667293
658	135	2275	96.1113047236
659	137	2279	96.0351335362
660	141	2281	95.9510064227
661	137	2282	96.0348241923
662	137	2284	95.9742630358
663	136	2291	95.9137921198
664	133	2298	95.9763779657
665	138	2303	96.0358695271
666	133	2306	95.9846765289
667	132	2312	95.9474310537
668	137	2318	96.0410862112
669	134	2322	96.0581048393
670	132	2324	95.9663412815
671	132	2331	95.9295362249
672	127	2338	95.9879450153
673	128	2340	96.0169344574
674	126	2346	95.9957597295
675	125	2349	95.9096057136
676	122	2356	95.8505946681
677	127	2358	95.8766063285
678	128	2358	95.8947341003
679	133	2361	95.9818846326
680	129	2366	96.0320482454
681	125	2367	96.1188660122
682	128	2373	96.0407320664
683	123	2374	96.0441914195
684	128	2381	96.0842263094
685	127	2381	96.0003634596
686	127	2385	96.0208400926
687	131	2389	96.0079877749
688	130	2394	95.9709709623
689	133	2401	95.9612535617
690	132	2403	96.0472699384
691	132	2407	96.0208421996
692	129	2407	96.0206682839
693	133	2411	95.9737588169
694	130	2417	96.0476478005
695	132	2419	96.0660767224
696	132	2426	95.9851000961
697	133	2432	95.9047136801
698	128	2432	95.9366171448
699	129	2434	95.8821599467
700	130	2441	95.8629172883
701	135	2444	95.914275824
702	137	2450	95.8432957352
703	135	2450	95.7570039396
704	135	2455	95.8047620381
705	130	2456	95.8483264271
706	132	2461	95.8765231388
707	127	2468	95.9025364752
708	126	2471	95.8458830711
709	130	2477	95.8236013055
710	128	2477	95.8888056235
711	128	2484	95.9163565503
712	129	2488	95.9200627245
713	127	2493	96.0064887438
714	127	2497	95.9562712526
715	128	2500	96.0040238735
716	132	2502	96.0833580036
717	132	2508	96.1460280206
718	137	2513	96.1863716039
719	137	2517	96.1395669547
720	134	2524	96.1187257335
721	131	2526	96.1949786741
722	128	2531	96.2043375273
723	133	2531	96.1834861313
724	134	2535	96.1276129548
725	135	2536	96.2202146102
726	139	2538	96.257169374
727	137	2539	96.2426142562
728	137	2543	96.3017779292
729	136	2549	96.2043729715
730	136	2553	96.2247973985
731	137	2554	96.1902120987
732	134	2561	96.1462996278
733	131	2564	96.0891972635
734	135	2571	96.0723251446
735	133	2578	95.9841090776
736	136	2583	95.9938397601
737	136	2588	95.9499189855
738	137	2594	95.9775267268
739	137	2595	96.0278781296
740	138	2596	95.941501294
741	135	2597	95.8515344618
742	132	2599	95.8352172621
743	130	2606	95.8607784082
744	134	2607	95.7632890835
745	133	2608	95.7155007969
746	128	2609	95.6507012026
747	133	2616	95.7278605322
748	137	2622	95.7593437543
749	136	2627	95.8166331576
750	134	2628	95.7451604019
751	129	2628	95.678432834
752	130	2634	95.7553236581
753	133	2637	95.6794652781
754	135	2638	95.5973384654
755	131	2639	95.5380394295
756	127	2644	95.5938567528
757	132	2650	95.6833145284
758	135	2651	95.726058936
759	131	2654	95.7900859514
760	134	2659	95.8884990717
761	136	2660	95.7910864851
762	135	2666	95.7260227326
763	131	2667	95.8233503073
764	134	2673	95.8564804517
765	139	2678	95.7744807738
766	140	2682	95.8150301869
767	141	2682	95.774654163
768	137	2686	95.8605599321
769	139	2692	95.9302543875
770	135	2699	95.8755145378
771	132	2700	95.8968321143
772	136	2702	95.9331524861
773	132	2704	95.9039143626
774	134	2707	95.9496914916
775	131	2708	95.869889468
776	133	2711	95.7905514237
777	136	2716	95.8012958528
778	137	2720	95.8355370322
779	133	2721	95.8518539199
780	134	2726	95.9180325727
781	139	2731	95.8675270613
782	134	2734	95.9399799173
783	129	2736	95.9100132125
784	134	2738	95.9089688616
785	129	2742	95.8739046228
786	124	2743	95.8068477853
787	127	2744	95.7395515567
788	130	2751	95.8314506393
789	130	2755	95.8501887493
790	133	2755	95.753477871
791	130	2761	95.7548771889
792	126	2762	95.7994668831
793	131	2765	95.8247517882
794	132	2770	95.8805614209
795	127	2770	95.9473655903
796	132	2774	95.9807863368
797	131	2780	95.9509876203
798	128	2787	95.9273828776
799	128	2788	95.9327817868
800	132	2794	96.0172069543
801	136	2799	96.0001940638
802	137	2799	95.9876079346
803	134	2800	95.9248533181
804	132	2805	95.8652363374
805	127	2807	95.9454125382
806	127	2808	95.872735973
807	126	2813	95.7992138649
808	124	2813	95.7521076521
809	120	2819	95.6996415791
810	119	2819	95.7675221493
811	123	2820	95.8236432868
812	124	2822	95.8290195252
813	121	2827	95.8755716719
814	121	2834	95.8087608007
815	123	2839	95.8517980657
816	118	2846	95.8949068154
817	122	2848	95.8230389485
818	118	2852	95.777609154
819	117	2857	95.819325945
820	119	2860	95.8115308874
821	117	2861	95.8630302137
822	117	2867	95.9213310404
823	113	2868	96.0003666899
824	113	2872	96.0583774243
825	118	2876	96.1082723658
826	123	2881	96.2065785828
827	127	2887	96.1241265478
828	126	2892	96.2233912073
829	122	2892	96.3190865778
830	122	2893	96.3162977666
831	126	2898	96.2751941046
832	127	2903	96.2072175558
833	130	2905	96.2713757412
834	135	2911	96.2377783205
835	131	2918	96.3173869069
836	134	2922	96.3602611314
837	138	2927	96.3373055755
838	136	2932	96.2600409944
839	134	2937	96.3062607391
840	132	2944	96.3388242722
841	130	2949	96.3449427914
842	135	2953	96.3262248548
843	134	2955	96.31444248
844	138	2961	96.3101009253
845	135	2968	96.2193866234
846	137	2974	96.3146234032
847	141	2980	96.2436348566
848	140	2980	96.1629466345
849	144	2985	96.1075061055
850	149	2990	96.1815559183
851	149	2997	96.1475347184
852	154	3003	96.1526522793
853	149	3010	96.2448265392
854	152	3012	96.2546133082
855	151	3018	96.3238824761
856	155	3021	96.2436565628
857	153	3022	96.209494513
858	151	3025	96.1671262911
859	153	3029	96.1710190631
860	158	3035	96.1597777062
861	154	3040	96.247677375
862	152	3042	96.2024506685
863	155	3043	96.1547764678
864	156	3044	96.1714855592
865	156	3047	96.1613278249
866	152	3048	96.1325833206
867	150	3055	96.0905362034
868	151	3055	96.0324229742
869	149	3059	96.0563486348
870	149	3066	96.1114027466
871	153	3073	96.0477588774
872	151	3080	96.1429984079
873	156	3086	96.2367432623
874	154	3093	96.2699968865
875	154	3099	96.2304716588
876	153	3104	96.1645187441
877	150	3108	96.1006181685
878	145	3113	96.185897207
879	149	3120	96.203741139
880	148	3120	96.277135612
881	145	3123	96.1990634262
882	140	3127	96.2987772382
883	140	3128	96.2694223382
884	138	3129	96.2191641222
885	138	3135	96.175752345
886	138	3140	96.1057862293
887	137	3140	96.0676260363
888	138	3144	96.1384634364
889	135	3149	96.106556142
890	136	3152	96.0675593106
891	136	3156	96.0678844302
892	131	3159	96.1592674643
893	133	3165	96.0781662198
894	131	3166	96.1273197928
895	134	3173	96.0836617972
896	131	3180	96.1151562576
897	130	3185	96.0910554266
898	131	3192	96.1775182841
899	134	3194	96.1918818343
900	133	3200	96.1753549627
901	132	3207	96.2238355369
902	136	3209	96.2898152845
903	135	3211	96.3633083524
904	132	3218	96.2820282765
905	136	3220	96.2128944323
906	136	3221	96.1377786723
907	139	3227	96.1942824944
908	140	3231	96.2308863997
909	145	3236	96.1812931289
910	150	3239	96.1100512309
911	155	3239	96.2045615936
912	158	3243	96.2135332266
913	154	3247	96.1596954012
914	155	3250	96.2283229436
915	156	3251	96.2354917299
916	154	3251	96.3154856017
917	153	3258	96.2252783269
918	155	3263	96.273735102
919	160	3267	96.2209968943
920	159	3269	96.3073131716
921	157	3271	96.3101901614
922	152	3273	96.2747537258
923	147	3273	96.2326269863
924	143	3276	96.1591098506
925	141	3280	96.0848241463
926	136	3281	96.0915154661
927	133	3281	96.0972123533
928	134	3284	96.0603813116
929	129	3289	96.1078573343
930	134	3290	96.0734116705
931	131	3290	96.1365058418
932	132	3290	96.1796024357
933	135	3291	96.1150004737
934	135	3296	96.1879890768
935	140	3300	96.1945887609
936	137	3304	96.1048270906
937	134	3304	96.1305323636
938	135	3307	96.0456021001
939	139	3310	95.9558602459
940	136	3317	95.9082381052
941	132	3320	95.8207495259
942	130	3321	95.7249813175
943	127	3328	95.7912796348
944	128	3329	95.7806959776
945	126	3333	95.7645578444
946	125	3333	95.8130728385
947	120	3336	95.7712743085
948	117	3343	95.8627920481
949	114	3345	95.7797171337
950	117	3352	95.7222803366
951	113	3356	95.7172985614
952	111	3359	95.653903774
953	112	3360	95.6493771766
954	110	3363	95.6280333289
955	107	3364	95.7034188468
956	111	3371	95.7990064931
957	109	3372	95.7490419587
958	106	3378	95.7703789806
959	106	3385	95.85662527
960	106	3392	95.9134789968
961	108	3392	95.9018732258
962	104	3393	95.8506702062
963	109	3395	95.9042984137
964	108	3401	95.9183476036
965	112	3407	95.8237145481
966	112	3412	95.8646949026
967	115	3416	95.8888052253
968	117	3422	95.7951493361
969	115	3423	95.8243405163
970	118	3430	95.8082442889
971	117	3433	95.8166266953
972	115	3438	95.8812187958
973	111	3444	95.8740123582
974	116	3445	95.9229965324
975	121	3449	95.957723781
976	116	3451	95.9148599105
977	117	3455	95.9487438424
978	118	3460	95.9551650192
979	117	3464	96.0191507815
980	113	3467	96.0888595078
981	113	3469	96.1200446067
982	114	3472	96.1540459433
983	116	3477	96.1657744353
984	117	3482	96.1864734975
985	119	3486	96.1013419635
986	122	3486	96.1269530244
987	119	3490	96.0807523627
988	124	3490	96.0646234779
989	127	3491	95.9743140814
990	127	3492	95.9420802167
991	132	3499	95.8809846998
992	134	3503	95.9748604207
993	131	3507	95.9286406882
994	130	3512	95.8851815401
995	128	3514	95.9547427372
996	129	3520	95.8569806745
997	131	3526	95.8517424251
998	130	3528	95.8218508866
999	127	3530	95.8699740181
1000	130	3537	95.886069444
1001	129	3538	95.9276563798
1002	131	3544	95.935959617
1003	133	3550	95.8711079001
1004	135	3553	95.8230890418
1005	133	3553	95.9040743196
1006	138	3557	95.843722757
1007	135	3561	95.8885674555
1008	130	3561	95.8030546462
1009	129	3567	95.7697862976
1010	129	3569	95.80098624
1011	132	3575	95.7908714243
1012	136	3577	95.6967920321
1013	141	3578	95.6708142124
1014	138	3580	95.6746475252
1015	133	3583	95.6786783091
1016	137	3586	95.7613395282
1017	139	3592	95.7230090464
1018	141	3599	95.7179594335
1019	138	3602	95.7253921505
1020	142	3607	95.7772982716
1021	139	3613	95.8272565182
1022	136	3613	95.8569213538
1023	138	3620	95.9262558244
1024	134	3626	96.0074465222
1025	136	3626	96.0195644827
1026	135	3632	96.0644743301
1027	134	3633	96.0697460208
1028	139	3638	96.1661745334
1029	135	3643	96.0897499324
1030	138	3647	96.1653531531
1031	143	3652	96.1738494021
1032	139	3654	96.1524559963
1033	137	3655	96.0844684766
1034	140	3661	95.998518212
1035	145	3662	96.0024189741
1036	150	3663	96.0948255226
1037	146	3664	96.06358604
1038	146	3670	96.0094101658
1039	146	3676	95.9942757122
1040	141	3682	95.9565819967
1041	145	3682	95.95982092
1042	147	3687	96.009339617
1043	144	3687	96.0924653217
1044	142	3692	96.0545602154
1045	146	3692	96.0681317009
1046	150	3697	95.9701163746
1047	154	3701	95.9093069236
1048	153	3706	95.9866990008
1049	158	3713	95.9667767946
1050	163	3714	95.9808384154
1051	168	3715	95.9558472683
1052	169	3715	96.0162079165
1053	166	3722	96.0185896328
1054	170	3725	96.108885341
1055	171	3732	96.1994383743
1056	173	3733	96.1953654904
1057	174	3733	96.132175836
1058	178	3738	96.0574493667
1059	178	3739	96.040104394
1060	176	3739	95.9840010155
1061	175	3743	96.0021013457
1062	176	3744	96.0070189525
1063	175	3750	95.9665008371
1064	175	3751	96.0421471369
1065	171	3754	95.9922845035
1066	173	3761	95.909753729
1067	168	3767	95.874955321
1068	169	3770	95.8038834252
1069	170	3771	95.8507258934
1070	165	3777	95.8711403406
1071	160	3783	95.922872774
1072	159	3784	95.9956389039
1073	156	3790	96.0576782716
1074	156	3793	96.0200007153
1075	155	3796	96.091482107
1076	156	3803	96.083491293
1077	154	3808	96.1433559539
1078	154	3814	96.0563102093
1079	155	3818	96.1546518971
1080	150	3824	96.1775137602
1081	149	3830	96.1452996763
1082	151	3836	96.0744752346
1083	154	3841	96.0258956698
1084	158	3847	96.0651150152
1085	156	3848	96.0446173461
1086	158	3849	95.9943621553
1087	155	3856	95.8979599258
1088	158	3863	95.9555186471
1089	153	3867	95.9290211696
1090	158	3874	95.9279709135
1091	154	3878	95.9154949187
1092	155	3879	95.9640496071
1093	150	3881	96.0384055636
1094	147	3881	96.00342815
1095	152	3881	96.0263947427
1096	147	3884	95.9299233652
1097	142	3891	96.0180882022
1098	138	3891	96.0675259606
1099	137	3893	95.9763046947
1100	142	3894	96.0141091342
1101	139	3900	95.9267970324
1102	137	3904	95.9358088691
1103	135	3911	96.0163343193
1104	134	3912	95.9232280388
1105	134	3914	95.9079645696
1106	130	3920	95.9944075525
1107	125	3923	96.0629902833
1108	122	3928	96.0191336664
1109	119	3932	95.9689844943
1110	119	3939	96.0505030132
1111	117	3941	95.9603050866
1112	112	3947	95.929865537
1113	117	3947	95.8973762849
1114	112	3952	95.8474475646
1115	107	3959	95.8447312788
1116	112	3966	95.88174158
1117	111	3969	95.7974984983
1118	107	3971	95.7606295703
1119	110	3972	95.7475878123
1120	111	3976	95.8087889336
1121	108	3979	95.8859574203
1122	113	3981	95.8470644924
1123	118	3982	95.9137049354
1124	113	3989	96.0045495659
1125	109	3992	96.0267324294
1126	113	3993	96.0188876781
1127	110	4000	96.1173232807
1128	111	4004	96.0521669
1129	107	4004	95.967416711
1130	103	4008	96.0302344108
1131	101	4010	96.1046717076
1132	103	4010	96.1552373896
1133	100	4017	96.06013787
1134	99	4023	95.9844551452
1135	100	4024	95.9630191328
1136	100	4031	95.8636017657
1137	99	4035	95.8168437984
1138	98	4042	95.8090095709
1139	94	4049	95.9002769645
1140	95	4055	95.9155821848
1141	92	4059	95.9395744303
1142	93	4059	96.027603587
1143	89	4066	95.9443350241
1144	85	4073	96.0248099296
1145	89	4080	96.0883095622
1146	86	4086	96.1767119613
1147	84	4090	96.1708899775
1148	85	4092	96.2500349551
1149	85	4098	96.2126003159
1150	89	4104	96.1964653993
1151	93	4104	96.2456949106
1152	93	4109	96.203618154
1153	88	4115	96.1295241612
1154	83	4115	96.2201123536
1155	78	4120	96.2903044773
1156	82	4123	96.2154714215
1157	83	4127	96.2756203336
1158	85	4128	96.3290153977
1159	88	4134	96.4164811785
1160	92	4137	96.4435358846
1161	94	4138	96.3769798749
1162	90	4143	96.4257228787
1163	87	4150	96.4585535609
1164	82	4156	96.4772491374
1165	79	4160	96.4999288943
1166	75	4162	96.4035932429
1167	70	4164	96.4099078907
1168	70	4165	96.3920216432
1169	65	4166	96.299800921
1170	64	4168	96.284340264
1171	60	4174	96.3596647145
1172	59	4176	96.4163740626
1173	54	4182	96.3357386969
1174	54	4187	96.3967834333
1175	58	4190	96.3594422387
1176	55	4196	96.2737563812
1177	55	4197	96.3439479865
1178	50	4198	96.4222472095
1179	50	4203	96.455633538
1180	52	4203	96.3880142357
1181	51	4208	96.3004142758
1182	50	4209	96.2410882384
1183	50	4209	96.1464775188
1184	50	4216	96.1143665268
1185	51	4219	96.1415577278
1186	56	4225	96.1011171633
1187	54	4232	96.160498163
1188	52	4232	96.2449829479
1189	57	4238	96.2872149092
1190	56	4241	96.2258390189
1191	55	4242	96.2742965916
1192	54	4247	96.2083253913
1193	53	4253	96.1378262652
1194	52	4253	96.2126196544
1195	50	4256	96.2343622503
1196	52	4262	96.2597757149
1197	50	4266	96.3089557444
1198	55	4272	96.3083078798
1199	52	4279	96.2836078774
1200	54	4283	96.1850916296
1201	59	4283	96.1073239809
1202	63	4286	96.1730052626
1203	67	4287	96.1840197116
1204	64	4290	96.2051374228
1205	66	4292	96.188306352
1206	70	4294	96.106098278
1207	68	4295	96.053850093
1208	67	4300	96.1333286483
1209	71	4304	96.1970537389
1210	68	4309	96.1568861991
1211	71	4315	96.1714552006
1212	70	4319	96.2094750377
1213	66	4322	96.1378965623
1214	71	4326	96.0770775914
1215	73	4330	96.0066017183
1216	75	4335	96.0328326031
1217	70	4336	96.0395633411
1218	75	4336	95.9469700235
1219	77	4337	95.9376135023
1220	79	4339	95.9534016465
1221	79	4345	96.0444517116
1222	82	4346	96.0714352878
1223	82	4348	95.9745805794
1224	86	4353	95.9104965014
1225	81	4357	95.9547094264
1226	76	4362	95.9331974521
1227	74	4365	95.8923949007
1228	76	4371	95.8703277246
1229	79	4372	95.8891511069
1230	80	4372	95.9406910315
1231	84	4377	95.9860438268
1232	87	4378	96.0788597286
1233	92	4383	96.0718613384
1234	96	4387	96.0352784218
1235	101	4389	96.108535253
1236	99	4392	96.0432109487
1237	101	4395	96.1317322439
1238	101	4399	96.0380765428
1239	101	4399	96.0444186055
1240	97	4399	96.1000731663
1241	96	4406	96.0438563659
1242	97	4406	95.9843922136
1243	95	4407	95.9067100113
1244	94	4414	95.9451752022
1245	96	4415	96.0250589495
1246	99	4421	96.0633340502
1247	97	4424	96.0244077043
1248	99	4426	95.9321744677
1249	99	4429	95.9498328162
1250	96	4429	96.0485021094
1251	93	4434	96.1267001281
1252	95	4438	96.1078630579
1253	91	4445	96.1342919527
1254	90	4446	96.0640657348
1255	94	4451	95.9757528977
1256	89	4455	96.0504617361
1257	86	4458	96.1301361445
1258	91	4463	96.0435511239
1259	90	4468	96.0720264164
1260	90	4475	96.1032157096
1261	91	4481	96.0588355222
1262	94	4488	96.1193285949
1263	93	4490	96.1264370595
1264	88	4495	96.1736492782
1265	92	4496	96.1920437591
1266	96	4502	96.1826811299
1267	94	4504	96.1456599482
1268	96	4504	96.1596819676
1269	99	4505	96.1473326282
1270	102	4509	96.1895862042
1271	105	4515	96.1564910484
1272	108	4520	96.1318258987
1273	107	4527	96.0991265951
1274	111	4532	96.0349173671
1275	115	4533	96.1307406391
1276	115	4540	96.1238876238
1277	111	4544	96.2236365762
1278	106	4549	96.1263626511
1279	109	4550	96.1051242915
1280	111	4553	96.0320465799
1281	116	4559	96.1213108035
1282	115	4559	96.0833446932
1283	113	4563	96.1032677284
1284	114	4568	96.0394718184
1285	117	4569	96.0000559108
1286	119	4569	95.9006378348
1287	123	4575	95.9802126263
1288	123	4580	96.0622432888
1289	126	4582	96.0219580813
1290	128	4582	96.0236672523
1291	123	4584	96.0888632102
1292	126	4586	96.0294786487
1293	124	4592	96.053267245
1294	123	4593	96.0622493336
1295	118	4600	96.0125758519
1296	122	4600	96.052938158
1297	119	4601	96.1015675988
1298	119	4604	96.0871907231
1299	119	4607	95.9890985151
1300	120	4608	96.0820464842
1301	115	4608	95.9995407825
1302	111	4610	96.0850427897
1303	113	4614	96.0740303631
1304	110	4614	96.0921313364
1305	113	4616	96.0753125636
1306	112	4619	96.0779077967
1307	117	4620	95.9913750126
1308	119	4625	96.0897187345
1309	117	4629	96.0543900117
1310	118	4629	95.9719565536
1311	123	4635	96.00765649
1312	126	4636	96.0408259538
1313	125	4637	96.136249436
1314	126	4639	96.082088206
1315	129	4640	96.0427442933
1316	134	4641	95.9846648725
1317	132	4648	95.9232687784
1318	133	4652	95.837441042
1319	132	4653	95.8684198323
1320	134	4658	95.8373512325
1321	131	4664	95.9039986802
1322	135	4666	95.9399365841
1323	139	4673	95.8635134364
1324	135	4673	95.8201594446
1325	133	4680	95.7332769619
1326	132	4686	95.6356582973
1327	127	4692	95.5783313283
1328	123	4698	95.5137961905
1329	126	4699	95.4611197267
1330	129	4699	95.4013545055
1331	133	4704	95.4025994672
1332	135	4708	95.3759196679
1333	133	4710	95.412161756
1334	130	4716	95.3878708848
1335	135	4720	95.2998259552
1336	132	4726	95.2281937005
1337	135	4726	95.2920708361
1338	139	4731	95.3031702383
1339	139	4732	95.2672946703
1340	142	4734	95.1726712416
1341	140	4739	95.2347642025
1342	143	4745	95.2732129888
1343	139	4749	95.232104536
1344	136	4750	95.1870723468
1345	133	4752	95.1922367383
1346	136	4754	95.130041804
1347	137	4760	95.1212975723
1348	136	4763	95.1281818992
1349	135	4768	95.1176328481
1350	133	4771	95.1867537578
1351	136	4778	95.1881826987
1352	140	4780	95.2453642125
1353	139	4787	95.3119988152
1354	136	4791	95.3855894245
1355	136	4792	95.4004961377
1356	141	4794	95.4790283681
1357	138	4797	95.5708556161
1358	139	4803	95.5032505463
1359	134	4806	95.5336164669
1360	132	4810	95.4934692281
1361	131	4813	95.5855103817
1362	135	4814	95.6217610278
1363	136	4818	95.551971523
1364	136	4820	95.6011609689
1365	133	4825	95.5659852405
1366	130	4826	95.6298507816
1367	132	4832	95.6776826437
1368	130	4836	95.6074713489
1369	132	4840	95.5559675167
1370	128	4847	95.5713387264
1371	129	4847	95.6009225139
1372	133	4848	95.6647632338
1373	128	4852	95.5945434191
1374	123	4854	95.5208912973
1375	125	4859	95.5806021761
1376	125	4860	95.600274287
1377	127	4861	95.6733110917
1378	123	4862	95.7230780847
1379	128	4862	95.7047673416
1380	131	4864	95.6647966621
1381	135	4866	95.5814310022
1382	137	4870	95.5549594235
1383	137	4875	95.6281716966
1384	133	4879	95.5683825177
1385	131	4885	95.47678026
1386	131	4886	95.5287953976
1387	132	4891	95.4510993006
1388	135	4896	95.3786384946
1389	134	4899	95.4258983322
1390	136	4903	95.4378159826
1391	140	4906	95.5292558161
1392	140	4906	95.4737227323
1393	141	4909	95.4768401369
1394	143	4914	95.5051901615
1395	138	4916	95.5414250493
1396	139	4921	95.5038477451
1397	142	4926	95.4450401797
1398	140	4930	95.4504783227
1399	135	4935	95.384861978
1400	134	4938	95.4230554522
1401	134	4940	95.4233377359
1402	135	4941	95.5062820969
1403	130	4941	95.4433685161
1404	130	4948	95.3656955525
1405	135	4950	95.4453282051
1406	132	4955	95.3957117668
1407	135	4960	95.3937965295
1408	133	4962	95.3220775183
1409	136	4969	95.3010794991
1410	134	4970	95.2463702338
1411	139	4976	95.2902566277
1412	143	4980	95.3546006173
1413	140	4984	95.289707603
1414	144	4990	95.2189168826
1415	145	4990	95.2602065908
1416	150	4996	95.3553749289
1417	155	5001	95.3034441775
1418	158	5003	95.2594553028
1419	156	5003	95.2362293321
1420	155	5009	95.3129354395
1421	157	5013	95.2863614853
1422	162	5020	95.3862621959
1423	164	5023	95.3873489218
1424	166	5030	95.4615560887
1425	169	5034	95.4163700784
1426	167	5035	95.4227762112
1427	167	5040	95.419084648
1428	171	5040	95.45895163
1429	168	5044	95.4300897113
1430	164	5049	95.3796418828
1431	165	5053	95.3579412106
1432	169	5054	95.3562717561
1433	173	5055	95.3561256986
1434	171	5057	95.3965847047
1435	176	5059	95.3516981868
1436	177	5065	95.2736278246
1437	179	5065	95.3091516481
1438	181	5065	95.2887830269
1439	178	5070	95.3181849019
1440	183	5077	95.2764010502
1441	184	5082	95.2894077571
1442	189	5083	95.3260329536
1443	190	5083	95.3722412355
1444	187	5090	95.3026668153
1445	182	5095	95.3417094812
1446	179	5099	95.3253921422
1447	178	5103	95.3112005812
1448	174	5103	95.2448121106
1449	169	5104	95.3135321069
1450	166	5109	95.3856251194
1451	162	5111	95.3595827627
1452	159	5113	95.3759070725
1453	154	5118	95.4187411568
1454	157	5119	95.4988932825
1455	162	5122	95.5245385768
1456	166	5128	95.5475693953
1457	170	5130	95.4833376277
1458	175	5130	95.4690295316
1459	174	5136	95.5046650743
1460	179	5141	95.5142680616
1461	179	5145	95.530998187
1462	175	5148	95.5164068514
1463	170	5148	95.4243552956
1464	175	5152	95.4581044697
1465	180	5154	95.3745695372
1466	185	5161	95.3290460019
1467	185	5166	95.2446964226
1468	184	5171	95.2108615664
1469	182	5174	95.1801365809
1470	182	5178	95.2759014341
1471	183	5183	95.2728204865
1472	186	5190	95.2644231247
1473	183	5190	95.3156558146
1474	178	5195	95.2650184057
1475	178	5202	95.3631995095
1476	182	5208	95.374021229
1477	180	5215	95.4533715682
1478	176	5222	95.3904581971
1479	180	5227	95.3383729445
1480	181	5233	95.3927453439
1481	186	5233	95.3053278492
1482	182	5237	95.2375523346
1483	185	5244	95.2271111921
1484	182	5249	95.143995778
1485	177	5252	95.1450852624
1486	176	5259	95.1791079239
1487	171	5261	95.1577738015
1488	173	5265	95.2000974432
1489	172	5272	95.1816982251
1490	170	5273	95.0861881966
1491	165	5277	95.1093300061
1492	166	5284	95.0258283352
1493	170	5289	94.9788042052
1494	174	5291	94.9969664048
1495	174	5296	95.0147471615
1496	175	5301	94.9253681293
1497	179	5305	94.8903760531
1498	177	5307	94.8641202098
1499	178	5312	94.8179181547
1500	181	5318	94.7326606878
1501	176	5321	94.6944082327
1502	179	5326	94.7388413876
1503	178	5328	94.6533847145
1504	178	5333	94.6290917219
1505	180	5333	94.5993779603
1506	182	5333	94.6236971796
1507	180	5333	94.6680747204
1508	182	5336	94.6688965375
1509	182	5340	94.7605077975
1510	181	5345	94.7227981343
1511	185	5346	94.6715051536
1512	181	5347	94.6764432449
1513	177	5347	94.7429059974
1514	179	5349	94.6903955613
1515	178	5349	94.7493814956
1516	178	5351	94.6847080932
1517	180	5355	94.7282043347
1518	181	5357	94.7792402629
1519	178	5359	94.6931984937
1520	173	5360	94.5954086346
1521	174	5365	94.6798819634
1522	171	5370	94.6012401825
1523	176	5372	94.6956837477
1524	180	5373	94.7860751118
1525	179	5380	94.6917747091
1526	183	5382	94.7405762386
1527	187	5389	94.8315105516
1528	185	5392	94.7854818637
1529	188	5398	94.8787930738
1530	185	5398	94.9236871539
1531	185	5399	95.0002470546
1532	190	5402	95.0537616136
1533	194	5405	95.0336595131
1534	195	5410	95.0949712588
1535	198	5412	95.0359460777
1536	193	5415	94.9973849894
1537	196	5420	94.9561014588
1538	199	5421	94.9439189425
1539	199	5424	95.0010366415
1540	195	5426	95.0303499461
1541	192	5427	95.1141307036
1542	192	5432	95.1527666043
1543	193	5439	95.0641571319
1544	189	5443	95.1284083612
1545	188	5443	95.1887721632
1546	187	5447	95.1283008678
1547	191	5447	95.1567487994
1548	196	5454	95.1522150564
1549	195	5454	95.0846111384
1550	194	5457	95.1264297241
1551	199	5464	95.1642936004
1552	200	5465	95.2306527415
1553	200	5465	95.191160843
1554	200	5471	95.1360954027
1555	200	5477	95.13795648
1556	195	5480	95.0819302449
1557	200	5484	95.0768168342
1558	200	5491	95.0080223791
1559	198	5492	94.9877053629
1560	200	5494	95.0238204729
1561	196	5501	95.0302579544
1562	195	5503	95.1142247814
1563	191	5508	95.0534214869
1564	196	5515	94.962653226
1565	200	5515	95.0559462083
1566	200	5516	95.0226744078
1567	200	5517	95.0023080099
1568	196	5520	95.0340068676
1569	196	5527	95.0693478117
1570	200	5528	95.070516806
1571	200	5535	94.9732586126
1572	197	5539	94.8890569798
1573	192	5540	94.9081947606
1574	194	5540	94.9467971314
1575	197	5543	94.8915011052
1576	199	5545	94.8618075763
1577	200	5548	94.89130243
1578	200	5551	94.9052433959
1579	200	5555	94.8943996081
1580	197	5557	94.8676122336
1581	200	5560	94.932681012
1582	195	5566	94.9519475115
1583	198	5568	95.0380881636
1584	197	5575	94.9817846231
1585	200	5582	94.9469937208
1586	199	5587	94.9247488559
1587	194	5590	94.9901568088
1588	194	5596	94.9363499544
1589	198	5603	94.915051276
1590	200	5604	94.9754900141
1591	195	5610	94.9626040238
1592	194	5616	95.0382033602
1593	199	5622	95.1259061796
1594	198	5623	95.2086787875
1595	198	5628	95.1864671206
1596	200	5630	95.2460502186
1597	200	5631	95.3432625737
1598	195	5632	95.3691860275
1599	194	5633	95.3121981566
1600	199	5639	95.323042351
1601	200	5645	95.2324252129
1602	197	5647	95.2860524519
1603	193	5650	95.3294091653
1604	188	5655	95.3376394754
1605	191	5662	95.3397840664
1606	193	5663	95.3583677569
1607	198	5667	95.2758163738
1608	198	5669	95.2439382205
1609	200	5673	95.1860183376
1610	197	5673	95.1719681136
1611	194	5673	95.2177851117
1612	191	5679	95.2708899539
1613	190	5686	95.2443668148
1614	187	5693	95.3286930753
1615	185	5695	95.3658723671
1616	181	5699	95.4655029776
1617	180	5704	95.464079104
1618	176	5704	95.5422435854
1619	172	5704	95.633075511
1620	172	5706	95.6329747905
1621	167	5712	95.5698304126
1622	162	5715	95.4860760706
1623	160	5720	95.4574106429
1624	162	5726	95.4316745634
1625	164	5729	95.5047624109
1626	159	5731	95.4808015089
1627	157	5736	95.5043254536
1628	152	5741	95.5855343928
1629	147	5748	95.5998513814
1630	146	5754	95.5621997891
1631	143	5755	95.5294483982
1632	144	5757	95.5632955769
1633	149	5758	95.5321878883
1634	146	5762	95.6219864378
1635	151	5763	95.6544824212
1636	147	5768	95.6146893503
1637	145	5773	95.5606686091
1638	150	5773	95.5194589619
1639	154	5777	95.5327286761
1640	149	5780	95.5341769721
1641	149	5780	95.5442093775
1642	151	5783	95.5696862147
1643	152	5790	95.5702229926
1644	151	5791	95.6184889612
1645	155	5797	95.666475499
1646	153	5804	95.6414718677
1647	156	5804	95.5898725372
1648	152	5805	95.6392192999
1649	147	5805	95.6328004512
1650	148	5806	95.7002887169
1651	149	5809	95.7769374081
1652	151	5810	95.8605897435
1653	155	5812	95.9579148954
1654	150	5816	95.9188174022
1655	147	5817	95.9447776785
1656	144	5822	96.0402603639
1657	143	5828	96.0787189822
1658	146	5834	96.0047746703
1659	146	5834	95.9506491682
1660	142	5834	95.9516821856
1661	147	5835	95.9207126443
1662	146	5836	95.8252415094
1663	151	5836	95.8337288883
1664	148	5840	95.7369946415
1665	149	5844	95.815499606
1666	151	5846	95.873489747
1667	153	5849	95.7899704021
1668	151	5853	95.7446565457
1669	151	5856	95.7665339841
1670	148	5857	95.8222723654
1671	144	5864	95.844489502
1672	148	5866	95.8012986754
1673	147	5869	95.8567857904
1674	142	5875	95.8240802863
1675	140	5880	95.9142406075
1676	140	5882	95.920689322
1677	136	5889	95.8582258072
1678	136	5889	95.8974275019
1679	137	5892	95.9520793472
1680	140	5898	95.870304032
1681	141	5903	95.8582233423
1682	136	5905	95.9149264281
1683	136	5905	95.9037668933
1684	135	5908	95.9846134783
1685	136	5915	95.9956083538
1686	132	5920	95.9199394305
1687	129	5925	95.8412344386
1688	132	5932	95.8146389554
1689	130	5937	95.8071159037
1690	127	5944	95.7211215142
1691	122	5945	95.6365235989
1692	125	5945	95.5679089654
1693	120	5950	95.5729047422
1694	122	5955	95.6606258089
1695	127	5959	95.6982883881
1696	126	5959	95.7082621909
1697	124	5965	95.6987172521
1698	128	5968	95.6788467307
1699	128	5974	95.7725005259
1700	125	5981	95.8689137944
1701	125	5987	95.9479582105
1702	121	5993	95.9812733433
1703	123	5998	96.0722952856
1704	119	6001	96.0759634339
1705	118	6007	96.172529043
1706	119	6010	96.1371954479
1707	123	6016	96.0781229892
1708	124	6016	96.0156332092
1709	128	6018	95.9221900313
1710	124	6021	95.9073227904
1711	126	6028	95.8721963543
1712	121	6033	95.7980408445
1713	121	6036	95.8510564608
1714	119	6040	95.8665396387
1715	115	6041	95.8065748716
1716	111	6048	95.8150738124
1717	116	6055	95.851248235
1718	113	6058	95.8928434666
1719	110	6059	95.8996407617
1720	114	6062	95.8256344525
1721	111	6065	95.7809012073
1722	107	6070	95.828306768
1723	107	6070	95.7396570433
1724	107	6075	95.7931497978
1725	103	6077	95.7981308973
1726	104	6084	95.8744625062
1727	103	6089	95.8148694888
1728	103	6096	95.8664137024
1729	106	6097	95.8883406704
1730	101	6097	95.8105302966
1731	106	6103	95.7640856759
1732	111	6109	95.7555754089
1733	113	6109	95.7879376292
1734	115	6116	95.7876595854
1735	113	6123	95.8773476783
1736	118	6128	95.8061156511
1737	115	6132	95.8324670703
1738	117	6138	95.8375771174
1739	116	6145	95.7466516613
1740	112	6146	95.6494410383
1741	108	6146	95.7486063903
1742	104	6153	95.8349811549
1743	102	6156	95.7695049318
1744	97	6159	95.7189019156
1745	101	6163	95.7686816183
1746	101	6169	95.6711066181
1747	96	6170	95.5918070072
1748	91	6171	95.6514155012
1749	90	6174	95.680230285
1750	87	6174	95.6022380862
1751	91	6179	95.5585988459
1752	89	6179	95.6282868474
1753	91	6186	95.5870402292
1754	87	6191	95.5777788709
1755	92	6198	95.6418082805
1756	89	6203	95.7210688962
1757	87	6206	95.78698947
1758	89	6206	95.8273485394
1759	84	6206	95.7834256313
1760	87	6206	95.7816422223
1761	85	6206	95.7978351783
1762	82	6209	95.7598315694
1763	79	6215	95.7773714704
1764	81	6218	95.6810622407
1765	79	6218	95.7512829308
1766	83	6218	95.821103401
1767	79	6223	95.8894891921
1768	81	6227	95.8840616098
1769	80	6227	95.9582669914
1770	82	6228	96.0487274626
1771	86	6230	96.1462585551
1772	84	6230	96.1255612145
1773	81	6231	96.220445394
1774	86	6236	96.2480066133
1775	90	6243	96.1533737041
1776	86	6247	96.2251380992
1777	90	6253	96.2274606693
1778	95	6258	96.1303151786
1779	90	6259	96.0837509422
1780	94	6265	96.0587883444
1781	98	6265	96.0717541156
1782	99	6265	96.0265314872
1783	96	6267	96.0949232682
1784	98	6274	96.16039826
1785	98	6280	96.1570657006
1786	96	6286	96.0665723732
1787	99	6291	96.1198726081
1788	96	6291	96.0651772826
1789	95	6296	96.0235998646
1790	90	6297	96.0350630195
1791	93	6302	95.9937741747
1792	94	6309	95.9084996636
1793	94	6314	95.8905947963
1794	90	6317	95.9186073848
1795	95	6320	95.977924849
1796	92	6327	95.9692829612
1797	95	6331	96.0020445005
1798	94	6337	95.9150131763
1799	91	6337	95.8923618416
1800	90	6339	95.9920084862
1801	90	6342	96.0559150073
1802	94	6347	96.151464047
1803	90	6349	96.0726141292
1804	93	6353	96.1649598195
1805	92	6353	96.2148643088
1806	87	6358	96.1945180228
1807	91	6360	96.1834707822
1808	91	6360	96.231365137
1809	92	6362	96.2538307668
1810	92	6369	96.2263532227
1811	97	6375	96.2465989105
1812	96	6380	96.2829840697
1813	101	6387	96.2450829697
1814	104	6388	96.3409678357
1815	100	6388	96.2785503727
1816	99	6394	96.371982132
1817	100	6398	96.4498987666
1818	100	6403	96.5171526466
1819	101	6409	96.4841496533
1820	98	6410	96.5779771207
1821	93	6417	96.6508318902
1822	91	6420	96.643809717
1823	89	6423	96.5637709941
1824	86	6424	96.540490447
1825	84	6426	96.5341089661
1826	88	6433	96.4798778228
1827	88	6436	96.4073793005
1828	92	6439	96.3270260458
1829	95	6440	96.2644428904
1830	100	6440	96.276147422
1831	102	6442	96.2578498786
1832	98	6448	96.2330778762
1833	103	6450	96.2153773903
1834	103	6453	96.1582057704
1835	101	6459	96.2334998169
1836	106	6462	96.2240311475
1837	104	6468	96.28667869
1838	104	6469	96.3177537177
1839	105	6475	96.4167539214
1840	102	6479	96.4853332382
1841	97	6483	96.429172335
1842	101	6484	96.3519272704
1843	104	6488	96.2877668402
1844	100	6494	96.2056830942
1845	95	6501	96.283834592
1846	94	6508	96.2939480019
1847	98	6514	96.2311064641
1848	101	6517	96.3085953174
1849	102	6520	96.2170675508
1850	106	6526	96.1360531909
1851	109	6532	96.1549455981
1852	113	6538	96.1783758585
1853	112	6541	96.2169603703
1854	116	6542	96.2070582189
1855	117	6544	96.2232983329
1856	114	6547	96.2669963132
1857	111	6549	96.2576831582
1858	106	6554	96.1714185828
1859	105	6558	96.1043744619
1860	102	6560	96.0328176498
1861	98	6565	95.9885308659
1862	95	6571	95.9523482945
1863	100	6571	95.9236071957
1864	102	6574	95.9334396733
1865	106	6581	95.9692973472
1866	109	6585	95.9810511637
1867	112	6588	96.0126997821
1868	116	6594	96.0736540344
1869	119	6594	95.9914153579
1870	124	6601	96.0540878137
1871	122	6607	95.9620669483
1872	117	6614	96.009314137
1873	112	6617	96.0706859324
1874	116	6620	95.9872503682
1875	117	6621	95.9894132621
1876	115	6627	95.9477511488
1877	115	6630	95.8681919207
1878	119	6633	95.8159858761
1879	121	6637	95.7783488615
1880	116	6637	95.7100174793
1881	114	6644	95.6710913301
1882	116	6649	95.5801141987
1883	113	6651	95.6702135009
1884	115	6653	95.6907778792
1885	120	6659	95.6938736377
1886	121	6664	95.7496347635
1887	126	6666	95.7601811534
1888	122	6672	95.83715351
1889	120	6676	95.8756747153
1890	123	6680	95.7820311488
1891	122	6685	95.7494347933
1892	117	6690	95.8224092941
1893	120	6696	95.7755876115
1894	116	6699	95.7961245519
1895	121	6703	95.7477780937
1896	116	6708	95.7243863105
1897	114	6708	95.7447100644
1898	112	6712	95.82462779
1899	110	6717	95.9244859869
1900	109	6723	95.904216668
1901	111	6727	95.9254718017
1902	106	6733	95.9541681387
1903	103	6736	95.9074950563
1904	104	6736	95.8231350785
1905	102	6739	95.8463602059
1906	103	6745	95.8943693173
1907	104	6749	95.9883251715
1908	108	6754	95.8963541757
1909	113	6761	95.8261398441
1910	108	6768	95.7802695741
1911	113	6774	95.7886489864
1912	114	6779	95.7521505447
1913	118	6779	95.6914569165
1914	121	6783	95.7404320799
