1	127	2.46	4.768
2	127	1.99	4.435
3	130	2.47	5.381
4	129	1.98	5.319
5	130	2.91	5.507
6	131	2.14	5.400
7	128	2.23	5.309
8	127	2.81	4.902
9	125	2.77	4.342
10	127	2.78	4.521
11	127	2.29	5.059
12	127	2.42	4.549
13	130	2.43	4.685
14	131	2.55	5.389
15	128	2.73	4.816
16	130	2.71	5.421
17	131	2.11	5.489
18	130	2.83	4.862
19	133	2.71	5.347
20	133	2.24	5.218
21	135	2.42	5.969
22	136	2.63	6.034
23	135	2.82	6.079
24	134	2.98	5.872
25	134	2.33	5.882
26	133	2.10	6.084
27	134	3.06	5.327
28	134	2.92	5.316
29	136	3.06	5.914
30	133	2.88	5.449
31	136	2.98	5.811
32	138	2.59	6.222
33	138	2.59	6.936
34	135	2.67	5.865
35	136	2.38	6.383
36	139	2.44	6.871
37	137	3.19	6.646
38	140	3.26	6.851
39	143	3.05	7.474
40	145	3.50	7.659
41	144	2.93	7.383
42	141	2.45	7.434
43	139	3.21	6.157
44	140	3.05	6.589
45	143	3.00	7.656
46	142	2.57	6.997
47	145	2.92	8.356
48	145	3.03	8.327
49	147	3.08	7.927
50	144	2.70	7.803
51	143	3.12	7.778
52	145	2.63	7.775
53	143	2.90	7.773
54	140	3.28	7.072
55	142	3.10	7.742
56	143	2.55	7.364
57	143	2.45	7.822
58	140	2.32	6.827
59	137	3.12	6.605
60	138	2.68	6.584
61	141	2.93	6.688
62	143	3.32	7.477
63	146	3.07	8.068
64	144	2.80	7.294
65	146	3.50	8.419
66	147	2.81	8.658
67	148	3.20	8.937
68	150	3.51	9.048
69	148	2.92	8.730
70	150	3.44	8.839
71	153	3.11	9.477
72	151	3.07	9.130
73	149	3.65	8.678
74	149	2.94	8.458
75	151	3.71	9.506
76	151	3.41	9.152
77	148	3.60	8.206
78	147	2.69	8.032
79	145	2.60	7.695
80	143	2.66	7.557
81	145	3.50	8.277
82	147	3.37	8.490
83	144	3.29	8.069
84	147	3.24	8.525
85	149	3.45	9.106
86	147	2.94	8.488
87	150	3.29	9.428
88	153	3.69	9.962
89	151	3.39	9.325
90	148	3.05	8.649
91	145	2.70	7.548
92	142	3.13	7.554
93	142	2.93	7.462
94	142	2.39	6.955
95	139	3.23	6.552
96	137	3.08	6.073
97	140	3.22	7.303
98	137	2.20	6.173
99	138	2.75	6.318
100	141	2.57	7.131
101	141	2.57	6.862
102	140	3.00	6.623
103	142	2.43	7.399
104	145	2.77	7.434
105	148	2.75	8.821
106	146	2.91	8.333
107	148	3.10	8.261
108	148	3.02	8.893
109	150	3.57	8.700
110	147	3.14	7.911
111	148	3.28	8.345
112	148	2.71	9.012
113	150	2.95	8.629
114	150	2.99	8.909
115	153	3.33	9.986
116	150	3.22	8.795
117	150	3.54	9.156
118	151	3.60	9.421
119	149	3.53	8.984
120	148	3.60	8.692
121	146	3.43	7.804
122	146	3.44	8.146
123	145	3.18	7.912
124	143	2.55	7.147
125	140	2.82	6.385
126	137	2.46	6.601
127	134	2.77	5.397
128	137	2.99	6.559
129	134	2.25	5.503
130	133	2.11	5.637
131	134	2.33	5.339
132	136	3.01	6.583
133	136	3.12	6.005
134	138	2.26	6.041
135	139	2.58	6.642
136	139	2.61	6.936
137	136	2.18	5.800
138	134	2.83	5.505
139	133	2.70	5.416
140	135	2.39	5.901
141	132	2.21	5.449
142	133	2.40	5.884
143	134	2.93	5.644
144	133	2.56	5.222
145	131	2.85	5.104
146	131	2.41	4.952
147	132	2.99	5.907
148	135	2.43	6.028
149	138	2.86	6.430
150	140	2.65	6.651
151	138	2.74	6.260
152	137	3.06	6.219
153	135	2.52	5.777
154	138	2.58	6.524
155	138	3.07	6.566
156	141	3.01	6.775
157	144	2.68	7.329
158	146	3.17	8.471
159	146	2.97	8.263
160	143	3.08	7.572
161	144	2.73	8.161
162	146	2.74	8.425
163	148	3.04	8.703
164	145	3.27	8.142
165	148	2.72	8.735
166	147	3.50	7.860
167	150	3.01	8.668
168	148	2.83	8.402
169	150	3.43	9.045
170	149	3.45	8.623
171	151	2.82	9.391
172	151	3.00	9.620
173	150	3.63	9.414
174	148	3.58	8.938
175	146	3.00	8.344
176	147	3.41	8.627
177	145	2.56	8.331
178	143	2.94	7.180
179	141	3.14	7.241
180	141	2.48	6.647
181	142	2.58	7.322
182	145	2.87	7.671
183	148	3.31	9.009
184	146	3.16	8.561
185	147	3.08	8.456
186	147	2.92	8.611
187	144	3.21	7.586
188	142	3.04	7.669
189	141	2.92	7.442
190	142	3.19	7.058
191	141	2.87	7.027
192	141	2.70	7.181
193	140	2.63	6.545
194	141	2.98	6.619
195	144	3.02	8.045
196	145	2.61	7.470
197	142	2.85	7.213
198	139	2.76	6.351
199	142	2.41	6.996
200	142	3.19	7.536
201	142	2.39	7.124
202	140	2.77	7.271
203	141	3.18	6.744
204	143	3.00	7.309
205	145	3.21	8.343
206	146	3.38	8.348
207	144	2.63	7.902
208	145	2.87	7.732
209	147	3.34	8.489
210	146	2.97	7.953
211	147	2.85	8.372
212	150	2.75	9.529
213	148	2.73	8.982
214	145	2.83	7.470
215	144	2.54	7.409
216	147	2.81	8.566
217	146	3.27	7.681
218	148	3.63	8.904
219	146	3.28	8.281
220	147	2.70	8.195
221	149	3.02	8.579
222	149	3.00	8.680
223	152	3.25	9.489
224	152	3.65	9.990
225	153	2.89	10.129
226	151	3.20	8.901
227	149	2.81	8.458
228	149	3.21	9.148
229	148	3.14	8.823
230	148	3.09	8.273
231	148	2.75	9.068
232	151	3.33	8.895
233	151	3.00	9.217
234	148	2.87	8.892
235	146	3.44	8.017
236	144	3.12	7.164
237	142	3.37	6.828
238	141	3.24	6.618
239	143	3.08	7.297
240	140	2.91	6.636
241	141	2.45	6.651
242	144	2.99	7.499
243	143	3.28	7.201
244	140	2.63	6.730
245	137	2.49	6.261
246	140	2.37	6.410
247	140	2.98	6.575
248	137	2.24	6.407
249	135	2.99	5.570
250	133	2.81	5.250
251	135	2.70	6.084
252	134	2.61	5.477
253	132	2.82	4.975
254	129	2.07	5.034
255	126	2.57	4.266
256	129	2.25	5.353
257	128	2.42	4.719
258	130	2.27	5.439
259	130	2.20	4.720
260	128	2.58	5.124
261	129	2.63	4.939
262	127	2.21	4.407
263	126	2.77	4.452
264	125	2.69	4.424
265	123	2.42	4.114
266	123	1.77	3.946
267	126	2.77	4.360
268	129	1.97	4.618
269	130	2.70	4.855
270	132	2.13	5.579
271	129	2.67	5.313
272	128	2.59	4.509
273	125	2.77	4.147
274	127	2.21	4.796
275	126	2.06	4.698
276	125	1.94	4.046
277	126	2.49	4.807
278	124	1.81	4.825
279	121	2.09	4.339
280	122	1.94	4.020
281	120	2.48	3.532
282	123	1.92	3.832
283	123	1.80	4.208
284	120	1.75	4.323
285	120	2.58	4.116
286	121	2.54	4.425
287	120	2.30	4.123
288	119	2.33	3.715
289	120	2.50	4.228
290	123	2.32	4.135
291	124	2.48	4.678
292	126	2.31	4.236
293	124	2.52	4.774
294	121	2.20	3.609
295	121	2.61	4.042
296	121	2.65	4.354
297	124	2.41	3.977
298	124	2.43	4.723
299	125	1.87	4.991
300	126	2.10	4.994
301	123	2.13	4.528
302	125	2.03	4.970
303	126	2.68	4.547
304	127	2.45	4.900
305	127	2.21	4.295
306	126	1.97	4.730
307	125	1.81	4.764
308	125	2.76	4.245
309	126	2.78	5.114
310	123	1.94	4.182
311	125	2.60	4.685
312	126	2.14	4.568
313	126	2.17	4.965
314	129	2.43	4.775
315	127	2.63	4.480
316	125	2.64	4.747
317	124	2.07	4.738
318	122	2.61	4.226
319	120	1.71	3.476
320	118	2.12	3.339
321	120	2.19	4.367
322	118	2.29	3.965
323	115	1.96	2.981
324	112	2.27	3.488
325	111	2.00	3.395
326	112	1.62	3.196
327	113	1.77	2.995
328	111	1.93	2.990
329	109	1.67	3.262
330	108	2.26	3.346
331	110	1.68	2.922
332	107	1.73	3.302
333	105	2.01	2.622
334	104	1.69	2.792
335	105	1.47	2.472
336	108	2.20	3.199
337	107	2.15	3.138
338	108	1.41	3.039
339	106	2.11	2.395
340	105	1.36	2.307
341	104	1.93	2.925
342	103	2.01	2.534
343	103	1.91	2.495
344	105	1.69	3.135
345	108	2.20	2.738
346	110	1.57	2.787
347	107	1.93	2.570
348	109	1.74	2.936
349	111	2.32	3.605
350	112	1.98	2.795
351	109	1.59	2.897
352	107	1.67	2.679
353	105	1.29	2.974
354	108	1.42	3.216
355	111	1.45	3.549
356	109	2.01	2.544
357	107	2.09	2.439
358	105	2.27	2.793
359	107	2.19	2.448
360	108	1.76	2.497
361	109	2.26	3.341
362	112	2.16	3.182
363	114	2.48	2.948
364	115	2.15	2.979
365	118	2.18	3.785
366	119	2.50	3.464
367	122	2.29	4.378
368	120	2.30	3.446
369	119	2.06	3.850
370	116	1.55	3.706
371	114	1.78	3.809
372	113	2.29	2.784
373	110	1.67	2.826
374	113	1.59	3.732
375	114	2.11	3.710
376	113	2.38	2.839
377	115	1.55	3.888
378	117	2.00	3.678
379	117	1.87	3.562
380	115	1.68	3.569
381	115	2.09	3.214
382	118	1.90	3.474
383	116	2.36	3.243
384	116	1.93	3.873
385	116	2.45	3.647
386	113	2.10	3.028
387	111	1.97	3.373
388	109	2.32	3.270
389	108	1.65	2.969
390	108	2.27	3.390
391	106	1.64	2.548
392	103	2.24	2.236
393	101	2.13	2.775
394	104	1.65	2.889
395	103	1.57	2.236
396	101	1.89	2.553
397	103	1.35	2.988
398	101	1.25	2.844
399	98	1.37	1.878
400	98	1.43	2.001
401	99	2.11	1.936
402	98	1.56	2.618
403	98	2.11	2.255
404	98	1.85	2.718
405	99	1.41	2.764
406	102	1.64	2.678
407	99	1.94	2.151
408	102	2.16	2.549
409	103	2.00	2.485
410	104	2.24	2.721
411	106	1.94	2.749
412	108	1.88	2.661
413	108	2.27	2.734
414	109	1.94	3.033
415	107	1.51	2.715
416	107	1.57	3.314
417	105	1.29	2.648
418	102	1.89	2.764
419	100	1.68	2.590
420	101	2.19	2.725
421	104	2.09	2.205
422	107	2.05	2.671
423	105	2.28	2.792
424	106	1.99	2.612
425	104	1.95	2.205
426	101	1.79	2.438
427	102	1.26	2.534
428	103	1.39	2.833
429	104	2.02	2.412
430	104	1.87	2.859
431	104	1.30	2.649
432	103	2.06	2.786
433	100	1.62	2.291
434	97	1.54	2.200
435	100	1.61	2.095
436	103	1.92	2.109
437	104	2.03	2.178
438	105	1.38	2.348
439	103	1.34	2.201
440	101	2.17	2.498
441	101	1.60	2.477
442	103	1.48	2.916
443	102	1.37	2.399
444	100	1.47	2.453
445	97	1.27	1.933
446	99	1.41	2.504
447	99	1.46	2.409
448	99	1.23	2.141
449	102	1.72	2.912
450	101	1.85	2.849
451	101	2.00	2.024
452	102	1.36	2.764
453	99	1.27	1.897
454	100	1.76	2.341
455	100	1.82	2.090
456	98	1.65	2.318
457	95	1.49	2.174
458	92	1.70	1.768
459	91	1.28	2.045
460	91	1.04	1.992
461	89	1.45	2.024
462	91	1.22	2.391
463	93	1.70	2.460
464	94	1.68	2.316
465	92	1.47	2.057
466	93	1.31	1.753
467	92	1.79	1.981
468	93	1.74	1.592
469	93	1.55	2.070
470	94	1.89	1.632
471	96	1.27	1.843
472	98	1.89	2.506
473	101	1.25	2.762
474	101	1.38	2.506
475	101	1.64	2.550
476	103	1.60	2.565
477	101	1.48	2.322
478	100	2.01	2.773
479	103	1.43	2.800
480	106	1.33	2.767
481	108	1.56	2.878
482	107	1.96	2.697
483	107	1.55	2.779
484	108	2.07	3.114
485	108	1.73	2.697
486	108	2.21	2.442
487	105	1.66	2.968
488	106	2.02	3.144
489	106	2.25	2.437
490	108	2.11	3.081
491	105	1.54	2.739
492	107	1.63	3.300
493	108	1.86	2.834
494	108	2.03	2.545
495	107	1.94	2.874
496	107	2.05	2.388
497	109	2.06	3.422
498	109	1.70	3.054
499	111	2.14	2.709
500	108	1.48	3.378
501	108	2.14	3.262
502	109	1.50	3.433
503	110	2.08	2.910
504	112	2.23	3.258
505	115	1.55	3.652
506	114	2.36	3.362
507	112	1.67	2.732
508	113	2.25	3.748
509	110	2.12	2.760
510	109	1.93	2.469
511	109	2.24	2.821
512	107	1.92	2.337
513	107	1.88	2.371
514	110	1.79	3.365
515	110	1.64	3.462
516	108	1.53	2.507
517	110	1.44	3.462
518	110	1.98	2.555
519	107	1.43	3.098
520	109	2.12	2.680
521	107	2.25	3.288
522	106	1.85	2.474
523	104	1.82	2.427
524	103	2.21	2.447
525	103	2.22	3.043
526	106	1.63	2.604
527	106	1.96	2.996
528	109	1.44	2.741
529	106	2.23	2.942
530	103	1.53	2.909
531	104	1.59	2.727
532	105	1.55	2.336
533	107	2.25	3.130
534	104	1.81	2.987
535	106	1.95	3.143
536	109	1.89	3.150
537	107	1.84	2.687
538	109	2.08	2.574
539	107	2.22	2.768
540	105	2.13	2.828
541	107	1.95	3.301
542	105	1.31	2.721
543	104	1.55	2.437
544	104	1.93	2.963
545	107	1.52	3.140
546	105	1.46	2.946
547	104	2.03	2.381
548	107	1.39	2.598
549	108	2.28	2.413
550	105	1.62	2.797
551	104	1.88	2.485
552	103	2.00	2.914
553	105	2.23	3.090
554	107	2.27	2.737
555	105	1.96	2.831
556	102	2.14	2.525
557	102	1.98	2.458
558	102	1.34	2.837
559	105	1.74	2.993
560	106	2.29	2.344
561	104	1.38	2.487
562	101	1.61	2.839
563	100	1.97	1.920
564	98	1.74	2.733
565	97	1.37	2.498
566	94	1.53	1.733
567	97	1.43	2.170
568	100	1.33	2.701
569	103	1.37	2.959
570	105	2.15	2.545
571	102	1.81	2.407
572	102	1.38	2.318
573	99	1.86	2.622
574	96	1.45	2.464
575	94	1.22	2.190
576	97	1.40	2.660
577	97	1.42	2.324
578	98	1.45	2.569
579	97	1.78	1.902
580	94	1.28	2.321
581	97	1.53	2.072
582	99	1.83	2.699
583	100	1.76	2.423
584	99	1.18	2.018
585	96	1.39	2.442
586	97	1.22	2.118
587	98	1.99	1.905
588	98	1.22	2.693
589	100	1.87	2.034
590	98	1.23	2.444
591	96	2.03	1.901
592	95	1.25	1.804
593	96	1.57	2.343
594	93	1.84	1.612
595	94	1.15	2.193
596	96	1.17	1.797
597	97	2.02	2.234
598	97	1.49	1.947
599	100	1.56	2.802
600	100	1.49	2.616
601	98	1.41	2.207
602	98	1.90	1.933
603	99	1.58	2.196
604	100	1.62	1.937
605	102	1.47	2.429
606	102	1.30	2.769
607	100	1.24	2.841
608	101	1.95	2.544
609	101	2.10	2.442
610	100	2.16	2.226
611	101	1.77	2.486
612	98	1.55	2.337
613	96	1.75	1.665
614	93	1.63	2.195
615	92	1.48	2.268
616	93	1.12	1.714
617	94	1.54	1.971
618	95	1.68	2.468
619	95	1.23	1.963
620	97	1.32	2.006
621	94	1.30	2.217
622	95	1.12	2.434
623	98	1.47	2.524
624	95	1.77	2.113
625	93	1.54	1.761
626	91	2.00	2.154
627	89	1.11	2.199
628	88	1.78	1.342
629	85	1.33	1.961
630	83	1.51	1.823
631	80	1.68	1.679
632	82	1.78	1.764
633	81	1.25	1.467
634	84	1.43	1.778
635	87	1.19	1.312
636	88	1.28	2.014
637	85	1.42	1.326
638	82	1.77	1.363
639	79	1.17	1.991
640	81	1.60	1.591
641	78	0.90	1.104
642	79	1.05	1.745
643	81	1.44	1.483
644	82	1.17	1.360
645	82	0.99	1.924
646	82	1.61	1.693
647	81	1.68	1.369
648	78	1.77	1.709
649	80	1.30	1.307
650	81	1.48	1.460
651	81	1.26	1.598
652	82	1.44	1.648
653	80	1.64	1.589
654	77	0.89	1.496
655	75	1.62	1.711
656	77	1.40	1.342
657	79	1.38	1.784
658	77	1.01	1.369
659	74	1.09	0.922
660	75	0.80	1.664
661	78	1.05	1.278
662	78	1.09	1.652
663	79	1.60	1.307
664	81	1.83	1.238
665	81	0.92	1.446
666	79	1.80	1.703
667	77	0.96	1.084
668	79	1.79	1.745
669	79	1.80	1.818
670	80	1.64	1.062
671	83	1.40	1.240
672	81	0.88	1.467
673	80	1.16	1.127
674	81	1.48	1.079
675	80	1.13	1.427
676	80	0.97	1.856
677	78	1.72	1.810
678	79	1.21	1.439
679	76	1.71	1.752
680	74	0.87	1.398
681	75	1.35	1.204
682	77	1.10	1.159
683	75	1.74	1.238
684	72	1.68	1.724
685	71	1.62	1.145
686	74	0.93	1.060
687	77	1.09	1.830
688	75	0.88	0.996
689	76	1.77	1.302
690	75	1.29	1.277
691	76	1.05	1.639
692	78	0.92	1.046
693	77	1.21	1.064
694	76	1.75	1.831
695	79	1.22	1.204
696	80	1.72	1.291
697	83	1.03	1.154
698	81	1.57	1.353
699	79	1.82	1.141
700	78	1.47	1.664
701	80	1.81	1.739
702	78	1.59	1.374
703	78	1.52	1.467
704	76	1.03	1.902
705	75	1.14	1.029
706	74	1.52	1.342
707	71	1.50	0.969
708	71	1.05	1.391
709	73	1.70	1.003
710	76	1.64	1.449
711	79	1.68	1.779
712	76	1.00	1.549
713	73	1.31	1.164
714	71	1.60	1.521
715	74	1.15	1.187
716	73	0.76	1.118
717	71	1.42	1.065
718	69	1.59	1.643
719	70	1.64	1.195
720	73	0.97	0.973
721	71	0.92	1.489
722	68	1.42	0.932
723	65	1.58	0.939
724	66	1.17	1.624
725	69	0.84	1.302
726	72	1.53	1.232
727	70	1.14	1.566
728	71	1.68	1.057
729	68	0.84	1.256
730	69	0.92	0.794
731	71	0.93	1.626
732	69	1.03	1.096
733	72	1.48	1.649
734	70	0.87	1.553
735	71	1.05	0.888
736	73	1.17	1.006
737	76	1.17	1.570
738	75	0.92	1.373
739	74	1.76	1.682
740	76	1.29	1.392
741	77	1.14	1.504
742	76	1.76	1.060
743	74	1.07	1.139
744	74	1.51	1.575
745	72	1.34	1.217
746	75	0.91	1.051
747	78	0.85	1.876
748	80	1.25	1.826
749	82	1.87	1.969
750	81	0.87	1.634
751	84	1.68	1.382
752	81	1.24	1.665
753	78	1.40	1.786
754	78	1.19	0.999
755	80	1.16	2.003
756	80	0.87	1.135
757	82	1.19	1.963
758	83	0.95	1.671
759	85	1.39	1.821
760	82	1.14	2.083
761	84	1.28	1.560
762	86	1.62	1.571
763	87	1.80	2.022
764	88	1.54	2.122
765	91	1.44	2.389
766	94	1.30	1.704
767	97	1.52	2.333
768	97	2.05	2.075
769	95	1.84	1.986
770	97	1.38	2.428
771	100	1.25	2.574
772	97	1.17	1.834
773	96	1.15	2.034
774	97	2.11	1.889
775	98	1.97	1.911
776	98	1.99	2.363
777	98	1.78	2.082
778	99	1.42	2.265
779	97	1.28	2.607
780	98	1.22	2.117
781	101	1.51	2.164
782	103	2.21	2.056
783	104	2.12	2.283
784	107	1.39	2.491
785	108	1.76	3.168
786	110	1.44	3.110
787	109	2.05	2.703
788	106	2.12	2.942
789	103	1.26	2.570
790	100	1.29	2.168
791	98	1.93	1.896
792	96	1.74	2.562
793	97	1.26	2.255
794	96	1.93	2.152
795	94	1.30	1.809
796	95	1.74	1.859
797	94	1.11	1.651
798	96	1.18	2.078
799	99	1.44	2.703
800	98	1.56	2.224
801	95	1.33	1.755
802	93	1.72	2.161
803	94	1.23	2.214
804	91	1.33	2.273
805	88	1.00	1.729
806	88	1.73	2.153
807	86	1.71	2.203
808	88	1.09	1.864
809	90	1.36	1.670
810	92	1.06	1.805
811	90	1.30	1.847
812	91	1.69	2.089
813	92	1.54	1.692
814	91	1.05	2.232
815	92	1.37	1.931
816	89	1.01	1.606
817	90	1.26	1.478
818	87	1.27	2.150
819	90	1.83	1.426
820	89	1.67	1.866
821	89	1.92	2.223
822	87	1.87	2.150
823	88	1.03	2.125
824	89	1.93	2.188
825	92	1.27	1.455
826	91	1.10	2.338
827	92	1.33	2.358
828	91	1.17	1.551
829	90	1.06	1.458
830	93	1.53	2.268
831	96	1.15	1.767
832	98	1.33	2.538
833	96	1.96	2.242
834	97	1.41	1.738
835	99	1.39	1.796
836	101	1.61	2.273
837	104	2.21	2.780
838	101	1.49	2.188
839	102	2.09	2.599
840	101	1.61	2.452
841	103	2.21	2.503
842	101	2.07	2.054
843	104	2.09	2.366
844	104	2.17	2.808
845	101	1.57	2.154
846	102	1.71	2.032
847	100	1.83	2.140
848	102	2.17	2.207
849	99	1.79	2.018
850	101	1.84	2.047
851	99	2.07	2.755
852	100	1.28	1.879
853	102	1.85	2.407
854	100	1.45	2.806
855	100	1.40	2.383
856	100	2.16	2.403
857	103	2.08	2.970
858	105	1.83	2.782
859	102	1.48	2.637
860	102	2.17	2.855
861	102	1.72	2.343
862	103	2.20	2.940
863	102	1.53	2.544
864	103	2.17	2.477
865	104	2.03	2.998
866	103	1.34	2.711
867	106	1.45	3.002
868	108	1.98	2.841
869	105	2.04	2.458
870	107	1.84	2.960
871	105	1.90	2.463
872	108	1.52	2.413
873	107	2.21	2.783
874	105	1.50	2.502
875	102	1.54	2.567
876	100	1.56	2.475
877	97	1.76	2.111
878	100	1.20	2.744
879	103	1.35	2.069
880	100	1.51	2.613
881	97	1.89	1.794
882	98	1.76	2.075
883	99	1.69	2.016
884	102	1.52	2.055
885	102	1.67	1.967
886	102	1.75	2.443
887	99	2.13	1.946
888	97	1.45	1.956
889	97	2.03	1.988
890	99	1.63	2.036
891	100	1.41	2.227
892	98	1.17	2.121
893	95	1.77	1.945
894	97	1.99	2.071
895	94	1.35	2.482
896	92	1.08	1.974
897	92	1.84	1.764
898	95	2.01	1.616
899	93	1.09	2.015
900	94	1.72	2.270
901	92	1.15	2.385
902	94	1.22	1.813
903	94	1.28	1.976
904	95	1.35	2.132
905	93	1.51	2.310
906	93	1.40	2.467
907	93	1.54	2.253
908	96	1.71	1.695
909	96	2.08	1.996
910	93	1.49	2.286
911	90	1.58	1.517
912	88	1.61	1.757
913	90	1.29	1.803
914	88	0.97	1.832
915	91	1.57	2.363
916	93	1.39	1.658
917	90	1.97	1.788
918	93	1.59	1.823
919	93	1.94	2.040
920	95	1.89	1.809
921	95	1.16	2.377
922	95	1.56	1.926
923	97	2.05	2.461
924	98	1.59	2.205
925	97	1.48	1.705
926	95	1.23	2.336
927	92	1.54	1.633
928	94	1.76	1.550
929	91	1.89	1.486
930	88	1.05	1.310
931	89	1.44	2.248
932	86	1.50	1.513
933	88	1.11	1.321
934	91	1.72	1.966
935	88	1.58	1.898
936	90	1.27	1.799
937	91	1.86	1.654
938	91	1.46	1.932
939	91	1.59	1.794
940	94	1.38	2.324
941	91	1.13	1.772
942	90	1.69	2.026
943	91	1.03	2.255
944	88	1.07	2.044
945	85	1.35	1.874
946	88	1.31	2.166
947	86	1.14	1.551
948	86	1.05	1.913
949	88	1.32	1.391
950	88	0.98	2.271
951	91	1.18	1.870
952	89	1.57	1.719
953	92	1.85	1.494
954	89	1.16	1.432
955	91	1.82	1.863
956	93	1.46	2.168
957	95	1.62	1.840
958	98	1.24	1.854
959	95	1.53	2.021
960	93	1.43	2.008
961	95	1.49	1.822
962	98	1.68	1.807
963	99	1.67	2.584
964	102	1.78	2.701
965	105	1.35	3.023
966	106	2.01	2.494
967	108	1.88	2.402
968	108	2.34	3.291
969	109	2.02	2.576
970	109	1.62	2.465
971	108	2.00	2.834
972	107	2.07	3.232
973	106	1.60	2.259
974	106	1.95	2.203
975	103	1.94	2.829
976	100	1.85	2.543
977	100	1.83	2.675
978	100	2.08	2.401
979	100	1.86	2.564
980	103	1.92	2.107
981	106	1.92	3.168
982	106	1.47	2.688
983	104	1.38	2.622
984	105	1.52	2.374
985	106	1.62	2.445
986	104	1.43	2.717
987	107	1.76	2.783
988	104	1.77	2.288
989	102	1.31	2.346
990	99	1.94	2.105
991	99	1.88	1.868
992	99	1.75	2.230
993	96	1.47	1.848
994	93	1.81	2.451
995	94	2.04	2.138
996	97	1.97	1.787
997	98	1.70	2.653
998	99	2.10	2.741
999	96	1.55	2.460
1000	95	1.39	1.635
1001	98	1.96	2.545
1002	95	1.39	1.725
1003	98	2.06	2.578
1004	100	1.43	2.414
1005	99	1.42	2.684
1006	101	1.57	2.817
1007	100	1.52	1.957
1008	101	1.32	2.454
1009	102	1.94	2.137
1010	100	1.97	2.486
1011	99	1.47	2.386
1012	97	1.66	2.363
1013	96	1.15	2.106
1014	99	1.74	2.196
1015	102	1.71	2.141
1016	104	1.58	2.116
1017	107	1.78	2.426
1018	104	1.42	2.342
1019	105	2.11	2.931
1020	105	1.70	3.026
1021	106	2.17	2.267
1022	106	2.16	2.660
1023	103	1.54	2.644
1024	101	1.33	2.089
1025	99	1.54	1.990
1026	96	1.14	2.395
1027	93	1.82	2.045
1028	93	1.09	2.272
1029	90	1.02	1.994
1030	92	1.71	1.571
1031	92	1.53	2.239
1032	95	1.63	2.511
1033	92	1.19	1.743
1034	95	1.39	2.319
1035	93	1.81	1.616
1036	91	1.14	2.316
1037	91	1.57	2.233
1038	93	1.98	1.761
1039	96	1.55	1.976
1040	96	1.11	1.624
1041	96	1.63	1.637
1042	94	1.78	2.512
1043	95	1.84	1.630
1044	92	1.83	2.232
1045	93	1.63	1.833
1046	96	1.67	2.218
1047	96	1.84	2.360
1048	99	1.94	1.772
1049	96	1.26	2.439
1050	97	1.25	2.334
1051	94	1.75	2.019
1052	96	1.15	2.077
1053	97	1.47	2.204
1054	94	1.33	1.573
1055	95	2.01	1.617
1056	95	1.53	1.887
1057	96	1.70	1.804
1058	95	1.67	2.003
1059	92	1.04	2.062
1060	90	1.81	2.302
1061	91	1.38	1.675
1062	93	1.91	1.644
1063	93	1.33	1.693
1064	95	1.21	1.850
1065	98	2.07	2.132
1066	98	1.73	2.623
1067	97	1.16	2.454
1068	94	2.00	2.132
1069	97	1.14	2.111
1070	94	1.74	2.197
1071	95	1.43	2.482
1072	93	1.07	1.498
1073	95	1.97	2.365
1074	95	2.06	1.773
1075	97	2.06	2.131
1076	98	1.60	1.733
1077	96	1.45	2.502
1078	94	1.16	1.554
1079	97	1.23	2.149
1080	95	1.77	2.359
1081	95	1.14	2.331
1082	96	1.59	2.501
1083	95	2.03	2.350
1084	98	1.51	2.514
1085	99	1.66	2.408
1086	97	1.91	2.285
1087	99	1.83	2.303
1088	97	2.11	2.468
1089	95	1.28	2.001
1090	97	1.40	1.715
1091	99	1.64	2.532
1092	97	1.40	1.672
1093	99	1.76	2.632
1094	102	1.64	2.862
1095	104	1.89	2.201
1096	102	1.73	2.857
1097	99	1.56	2.626
1098	97	1.84	2.048
1099	98	1.25	2.687
1100	97	1.91	2.058
1101	100	1.62	1.847
1102	103	1.50	2.007
1103	104	1.95	2.298
1104	104	1.45	2.583
1105	104	1.97	2.092
1106	103	1.54	2.289
1107	106	1.92	2.859
1108	104	1.89	2.258
1109	107	2.16	2.430
1110	105	2.09	2.287
1111	104	1.69	2.124
1112	107	2.31	3.153
1113	108	1.52	2.671
1114	106	2.19	3.069
1115	105	1.94	2.338
1116	104	1.30	2.593
1117	102	1.59	2.236
1118	102	1.37	2.781
1119	102	1.23	2.323
1120	99	1.48	1.894
1121	100	1.25	2.017
1122	99	1.54	2.465
1123	98	1.60	2.448
1124	97	1.98	2.591
1125	100	1.22	2.268
1126	97	1.57	1.846
1127	100	1.55	2.353
1128	97	1.70	2.123
1129	96	2.08	1.911
1130	94	1.69	1.736
1131	93	1.68	2.460
1132	92	1.14	2.359
1133	93	1.08	2.048
1134	92	1.68	2.308
1135	90	1.70	2.281
1136	90	1.36	1.347
1137	89	1.51	1.807
1138	89	1.87	1.910
1139	92	1.68	2.182
1140	90	1.91	1.413
1141	91	1.06	2.023
1142	88	1.61	1.961
1143	86	1.77	2.148
1144	89	0.99	1.812
1145	88	1.11	1.424
1146	88	1.49	1.811
1147	88	1.55	1.774
1148	85	1.19	2.017
1149	86	1.85	2.140
1150	88	1.81	1.987
1151	88	1.02	2.010
1152	85	1.00	1.470
1153	88	1.50	2.053
1154	85	1.92	2.059
1155	85	1.09	1.839
1156	85	1.87	1.405
1157	88	1.75	1.403
1158	91	1.09	1.547
1159	92	1.13	1.615
1160	90	1.94	1.383
1161	91	1.35	1.869
1162	91	1.97	1.872
1163	93	1.30	1.959
1164	94	1.38	2.137
1165	95	1.35	1.802
1166	93	1.91	1.841
1167	96	2.03	2.583
1168	96	1.82	1.760
1169	99	1.23	2.010
1170	102	1.65	2.432
1171	104	2.10	2.886
1172	106	1.88	2.689
1173	105	1.87	2.385
1174	107	2.24	2.993
1175	110	2.23	2.873
1176	111	1.54	3.464
1177	113	2.38	3.344
1178	116	1.90	3.792
1179	116	2.15	3.859
1180	114	1.76	3.301
1181	112	2.14	3.565
1182	114	1.90	2.977
1183	115	1.75	3.787
1184	112	2.41	3.356
1185	110	1.86	3.231
1186	108	1.89	2.683
1187	107	2.27	2.567
1188	108	1.82	2.654
1189	110	2.18	2.604
1190	112	1.97	3.434
1191	114	1.88	3.086
1192	115	2.14	3.332
1193	115	2.47	3.792
1194	117	1.93	3.746
1195	115	2.20	3.346
1196	115	2.15	3.038
1197	112	2.34	3.047
1198	110	1.59	2.742
1199	108	2.22	3.118
1200	111	1.56	3.056
1201	111	2.02	3.351
1202	114	2.08	3.317
1203	111	2.32	3.398
1204	110	1.42	2.663
1205	110	1.56	2.760
1206	110	1.91	3.428
1207	108	1.95	2.532
1208	106	2.20	3.055
1209	108	1.39	3.228
1210	110	1.68	3.156
1211	109	2.19	2.561
1212	106	1.87	2.406
1213	109	2.06	2.652
1214	111	1.87	3.104
1215	111	1.71	2.968
1216	110	2.28	3.072
1217	110	2.14	3.050
1218	110	2.23	3.377
1219	111	1.83	2.850
1220	113	2.47	2.894
1221	112	1.48	2.969
1222	115	2.25	3.782
1223	112	2.05	2.809
1224	112	1.53	3.393
1225	113	1.67	3.262
1226	116	2.09	3.798
1227	118	2.58	3.527
1228	118	2.45	3.414
1229	120	1.93	3.614
1230	118	2.23	4.020
1231	115	2.43	3.447
1232	117	2.05	3.502
1233	118	1.97	3.825
1234	119	2.22	4.137
1235	119	2.30	3.553
1236	118	2.13	3.770
1237	116	1.61	3.913
1238	116	2.20	3.321
1239	114	2.25	3.367
1240	114	1.98	3.735
1241	116	1.60	3.446
1242	113	1.48	3.151
1243	113	1.69	3.370
1244	114	2.23	3.596
1245	116	2.32	3.127
1246	118	1.99	4.031
1247	120	2.31	4.311
1248	122	1.96	4.159
1249	124	2.43	3.859
1250	121	2.43	4.007
1251	118	2.56	4.052
1252	118	2.30	3.925
1253	115	2.01	2.885
1254	113	2.43	3.593
1255	114	1.52	2.869
1256	114	2.27	2.998
1257	112	2.36	3.115
1258	115	1.74	3.002
1259	113	1.68	3.084
1260	116	2.16	3.220
1261	117	2.09	3.068
1262	115	2.10	2.872
1263	113	2.30	2.698
1264	114	1.87	3.346
1265	111	1.83	2.961
1266	112	1.49	3.355
1267	112	2.39	2.892
1268	110	1.81	2.834
1269	108	1.40	3.018
1270	106	1.71	2.384
1271	104	2.21	2.807
1272	105	1.49	3.056
1273	108	2.33	2.685
1274	111	1.47	2.564
1275	114	2.23	2.909
1276	116	2.46	3.539
1277	118	2.40	3.303
1278	120	1.66	3.907
1279	120	1.91	4.028
1280	117	2.05	3.799
1281	116	2.52	3.917
1282	114	2.14	3.013
1283	115	2.07	3.840
1284	118	1.90	4.049
1285	117	2.05	3.606
1286	117	2.28	3.271
1287	118	1.65	3.257
1288	120	2.50	4.185
1289	121	1.77	3.811
1290	118	2.20	3.648
1291	116	1.66	3.176
1292	119	2.13	3.243
1293	120	2.43	3.675
1294	119	2.60	3.639
1295	117	2.42	3.805
1296	120	2.36	4.267
1297	123	1.84	4.323
1298	125	2.69	4.490
1299	124	2.49	4.094
1300	127	2.72	4.535
1301	127	2.60	4.467
1302	126	2.57	4.078
1303	124	2.75	3.966
1304	122	1.74	4.208
1305	123	2.05	4.179
1306	123	2.38	4.161
1307	125	2.37	4.679
1308	128	2.49	4.908
1309	130	2.09	5.395
1310	128	2.70	4.793
1311	131	2.60	5.651
1312	132	2.42	5.315
1313	135	2.34	6.050
1314	138	3.03	6.000
1315	140	2.72	6.553
1316	140	2.88	6.455
1317	140	3.08	6.954
1318	139	2.31	6.048
1319	138	2.40	5.874
1320	139	2.81	6.571
1321	139	2.99	6.093
1322	138	3.02	5.942
1323	141	2.39	7.174
1324	143	3.06	7.798
1325	145	3.30	8.091
1326	143	3.01	7.257
1327	142	2.65	6.875
1328	142	2.51	7.310
1329	143	2.94	7.287
1330	143	2.87	6.938
1331	143	2.91	7.434
1332	141	3.17	6.960
1333	143	2.44	7.503
1334	146	3.46	7.549
1335	144	2.83	7.949
1336	142	2.43	6.803
1337	139	3.06	6.499
1338	141	2.92	6.690
1339	142	3.27	6.628
1340	140	3.26	6.454
1341	138	2.96	6.341
1342	138	2.30	6.382
1343	136	2.89	6.008
1344	135	2.22	5.527
1345	137	3.03	6.085
1346	139	2.52	6.159
1347	139	2.51	6.490
1348	136	3.11	6.425
1349	139	2.50	6.370
1350	137	2.98	6.464
1351	136	3.13	6.433
1352	135	2.17	5.871
1353	133	2.97	5.511
1354	131	2.03	4.981
1355	133	2.67	5.194
1356	132	2.03	5.118
1357	135	2.15	6.144
1358	138	3.08	5.975
1359	141	2.83	7.218
1360	143	3.00	6.951
1361	140	3.29	6.618
1362	142	3.00	7.234
1363	142	2.57	7.129
1364	141	2.47	7.287
1365	143	3.23	7.207
1366	145	3.20	7.653
1367	143	2.63	7.773
1368	140	2.66	6.761
1369	137	2.40	6.381
1370	136	2.86	6.323
1371	133	2.53	5.763
1372	134	2.90	5.846
1373	136	2.48	5.703
1374	135	2.67	5.330
1375	133	2.08	5.601
1376	135	2.93	6.255
1377	136	2.40	6.020
1378	138	3.19	6.038
1379	136	2.58	6.436
1380	139	3.21	6.093
1381	139	3.08	6.899
1382	140	3.20	7.192
1383	143	2.96	7.286
1384	141	3.13	6.502
1385	139	2.60	6.675
1386	140	2.88	6.578
1387	142	2.65	7.183
1388	145	2.92	7.935
1389	142	2.57	6.783
1390	139	2.45	6.089
1391	139	3.12	6.626
1392	138	2.61	6.322
1393	136	2.79	6.210
1394	136	3.10	6.080
1395	134	2.25	5.677
1396	134	2.44	6.113
1397	132	3.00	5.245
1398	129	2.00	4.975
1399	130	2.14	5.496
1400	127	2.54	4.731
1401	124	2.26	4.529
1402	127	2.24	4.815
1403	127	1.88	4.552
1404	124	2.62	4.664
1405	126	2.39	4.880
1406	124	2.17	3.849
1407	125	2.07	4.546
1408	122	2.44	3.738
1409	121	2.48	4.378
1410	119	2.32	3.628
1411	116	2.30	2.946
1412	117	1.61	3.096
1413	117	2.53	3.973
1414	120	1.66	3.591
1415	120	1.76	4.088
1416	120	2.27	3.700
1417	118	1.93	3.595
1418	118	2.42	4.029
1419	115	1.69	3.495
1420	115	1.71	3.304
1421	117	1.86	3.968
1422	115	2.19	3.387
1423	117	2.10	3.409
1424	118	2.03	3.429
1425	116	1.61	3.546
1426	117	1.85	3.693
1427	117	1.76	3.744
1428	117	1.59	3.097
1429	115	2.03	3.038
1430	113	2.22	3.338
1431	110	1.43	3.169
1432	108	1.80	2.679
1433	108	1.88	2.356
1434	108	2.31	3.099
1435	111	1.77	2.516
1436	113	1.94	3.416
1437	112	1.65	2.885
1438	110	1.74	3.406
1439	110	1.88	3.011
1440	110	1.96	3.176
1441	107	1.42	2.432
1442	109	1.81	3.116
1443	111	1.56	2.577
1444	112	1.81	3.288
1445	113	1.62	2.817
1446	111	2.26	2.775
1447	108	1.71	2.376
1448	108	1.69	3.092
1449	105	2.28	2.698
1450	102	1.66	2.713
1451	102	1.36	2.012
1452	99	2.03	2.557
1453	100	1.72	2.135
1454	103	2.17	2.667
1455	100	1.37	1.883
1456	102	1.47	2.510
1457	104	1.32	2.212
1458	103	2.05	2.803
1459	100	1.98	2.614
1460	98	1.77	2.150
1461	101	1.86	2.386
1462	101	1.86	2.220
1463	100	1.39	1.924
1464	100	1.78	2.149
1465	102	1.83	2.782
1466	105	2.26	2.713
1467	105	1.72	2.173
1468	103	1.98	2.045
1469	102	1.64	2.167
1470	102	1.59	2.818
1471	100	1.65	1.840
1472	101	1.63	2.769
1473	104	1.32	2.775
1474	104	2.09	2.906
1475	107	1.87	2.232
1476	106	2.04	2.735
1477	109	1.80	3.027
1478	111	1.55	2.650
1479	109	1.97	2.937
1480	107	1.94	3.021
1481	110	1.54	2.738
1482	113	2.00	3.650
1483	113	2.07	2.793
1484	112	1.99	3.065
1485	114	2.09	3.135
1486	111	2.31	2.529
1487	109	2.31	3.213
1488	108	1.37	2.884
1489	105	1.86	2.260
1490	103	1.40	2.258
1491	102	1.28	2.864
1492	101	1.55	1.986
1493	99	2.08	2.484
1494	99	1.78	2.562
1495	98	1.82	1.842
1496	95	1.91	1.882
1497	95	1.83	1.611
1498	96	1.96	1.835
1499	95	1.44	1.592
1500	98	1.67	2.081
1501	99	1.34	1.844
1502	101	1.73	2.416
1503	101	2.10	2.503
1504	100	1.77	2.032
1505	101	2.05	2.308
1506	100	1.39	2.137
1507	103	1.42	2.861
1508	106	2.07	2.278
1509	107	2.28	3.152
1510	105	2.09	2.240
1511	102	1.72	2.773
1512	103	1.51	2.881
1513	101	1.24	2.182
1514	101	1.86	2.721
1515	99	1.26	2.711
1516	96	1.68	1.668
1517	96	1.53	1.874
1518	97	1.79	2.188
1519	99	1.41	2.253
1520	96	1.60	2.327
1521	99	1.97	2.478
1522	98	1.55	1.939
1523	98	2.04	2.408
1524	100	2.10	2.725
1525	103	2.13	2.220
1526	102	1.98	2.790
1527	105	2.04	2.535
1528	103	1.27	2.380
1529	101	1.36	2.738
1530	101	1.23	2.523
1531	103	1.89	2.052
1532	100	1.29	2.317
1533	102	2.05	1.966
1534	101	2.17	1.854
1535	99	1.42	2.177
1536	99	1.91	1.961
1537	97	1.71	1.693
1538	99	1.74	1.821
1539	99	1.76	2.682
1540	102	1.80	2.720
1541	105	1.58	2.721
1542	106	1.88	2.478
1543	107	2.13	3.173
1544	108	1.45	2.534
1545	106	2.23	2.260
1546	107	1.91	2.999
1547	110	1.68	3.373
1548	107	2.12	2.353
1549	107	2.32	3.094
1550	109	1.60	2.440
1551	110	2.09	3.135
1552	110	1.95	3.095
1553	107	2.14	2.645
1554	108	1.69	2.649
1555	106	1.39	3.042
1556	106	1.98	2.297
1557	103	1.84	2.028
1558	106	1.99	2.645
1559	108	2.27	3.217
1560	110	1.76	2.631
1561	113	1.99	2.983
1562	114	1.95	3.454
1563	116	2.08	3.386
1564	117	2.03	3.104
1565	115	2.05	3.582
1566	115	2.18	3.030
1567	114	2.29	2.959
1568	113	2.12	3.567
1569	110	1.67	2.931
1570	110	2.26	2.837
1571	111	1.85	3.057
1572	113	2.00	3.652
1573	110	2.27	2.948
1574	109	1.40	2.453
1575	112	2.16	2.916
1576	110	1.43	2.792
1577	111	2.39	2.640
1578	108	1.87	2.571
1579	105	1.93	2.298
1580	108	2.00	2.325
1581	105	1.61	2.185
1582	107	2.29	3.102
1583	108	1.76	3.214
1584	110	1.54	2.630
1585	112	2.38	3.159
1586	110	2.30	3.089
1587	113	2.33	3.540
1588	111	1.61	2.695
1589	108	2.00	2.323
1590	111	2.13	3.180
1591	109	1.54	3.133
1592	109	2.27	2.770
1593	111	1.59	3.434
1594	111	1.50	2.740
1595	108	1.86	3.114
1596	110	2.00	2.743
1597	109	1.58	3.048
1598	112	2.34	3.232
1599	111	2.40	3.245
1600	112	2.14	2.879
1601	113	2.20	2.770
1602	114	1.78	3.161
1603	115	2.30	3.615
1604	114	1.63	3.460
1605	116	1.89	3.814
1606	113	1.66	3.404
1607	110	2.32	3.368
1608	110	2.18	2.943
1609	113	1.98	2.716
1610	110	2.15	2.481
1611	109	2.14	2.820
1612	106	1.55	3.077
1613	103	1.77	2.261
1614	101	1.99	2.371
1615	104	1.70	2.647
1616	103	2.08	2.758
1617	105	1.83	2.869
1618	105	1.54	2.745
1619	108	1.64	2.960
1620	106	2.04	2.377
1621	106	1.62	3.076
1622	109	1.66	3.226
1623	108	1.59	2.956
1624	110	1.65	3.170
1625	110	1.44	3.000
1626	109	1.68	3.129
1627	109	1.52	2.992
1628	110	2.37	3.390
1629	108	1.77	2.419
1630	108	1.48	2.847
1631	109	2.26	3.341
1632	109	1.89	2.754
1633	109	1.59	3.113
1634	112	1.71	2.879
1635	115	1.52	3.123
1636	113	1.55	3.212
1637	116	2.44	3.666
1638	116	2.26	3.077
1639	117	2.31	3.305
1640	117	1.76	3.485
1641	116	1.92	2.984
1642	119	1.90	3.585
1643	122	2.15	4.319
1644	122	2.39	4.133
1645	125	2.42	3.897
1646	128	1.98	4.515
1647	128	2.51	5.032
1648	128	2.09	4.647
1649	127	2.30	4.942
1650	129	2.82	4.498
1651	131	2.90	5.528
1652	131	2.46	5.536
1653	129	2.16	4.511
1654	130	2.31	5.306
1655	132	2.31	5.062
1656	131	2.33	5.647
1657	128	1.95	4.890
1658	131	2.44	5.148
1659	129	2.15	4.446
1660	129	2.43	4.971
1661	130	2.65	5.491
1662	132	2.93	5.349
1663	129	2.74	4.880
1664	127	2.38	4.168
1665	126	2.80	4.459
1666	124	2.51	3.897
1667	126	2.81	4.616
1668	125	2.14	4.288
1669	122	2.16	3.706
1670	119	1.84	3.268
1671	117	1.64	3.958
1672	119	2.62	4.179
1673	118	2.29	3.398
1674	119	1.65	3.551
1675	122	2.55	3.553
1676	122	2.21	3.543
1677	123	2.53	4.327
1678	126	2.78	4.584
1679	124	2.19	3.821
1680	123	2.58	3.976
1681	125	2.13	4.444
1682	125	2.19	4.667
1683	124	2.46	3.908
1684	125	2.31	4.061
1685	128	2.07	5.237
1686	130	2.69	5.118
1687	133	3.02	5.735
1688	130	2.46	5.207
1689	130	2.68	4.878
1690	131	2.15	5.468
1691	130	2.65	4.561
1692	130	2.08	4.848
1693	133	2.45	5.754
1694	133	2.29	5.435
1695	133	2.64	5.655
1696	132	2.54	5.730
1697	135	2.96	5.606
1698	138	2.84	6.150
1699	135	2.98	6.084
1700	135	2.95	5.831
1701	133	2.07	5.581
1702	136	2.64	6.103
1703	136	2.48	6.139
1704	136	2.92	6.440
1705	139	2.35	6.431
1706	141	2.67	7.335
1707	141	2.72	6.698
1708	138	2.64	6.691
1709	139	2.88	6.933
1710	141	3.33	6.674
1711	142	2.46	7.573
1712	142	2.68	7.374
1713	140	2.65	6.320
1714	142	2.45	7.443
1715	144	2.82	7.317
1716	146	2.58	8.021
1717	149	3.52	8.650
1718	146	3.52	7.746
1719	146	2.90	8.025
1720	146	2.90	7.892
1721	144	3.41	7.100
1722	146	3.03	7.658
1723	149	2.88	8.865
1724	151	3.69	9.716
1725	149	3.54	8.988
1726	146	2.96	7.829
1727	145	3.19	7.304
1728	148	3.04	8.240
1729	147	3.27	8.522
1730	147	2.68	8.459
1731	150	3.71	9.434
1732	151	3.76	9.448
1733	149	2.94	8.984
1734	149	3.31	8.322
1735	146	3.04	7.462
1736	148	2.99	8.316
1737	147	3.57	7.746
1738	145	2.98	7.628
1739	145	3.32	8.050
1740	148	3.49	8.325
1741	148	2.78	8.721
1742	145	2.58	7.451
1743	144	2.77	7.114
1744	144	3.08	7.230
1745	144	3.09	7.236
1746	146	3.44	7.657
1747	149	3.38	8.915
1748	147	3.28	8.176
1749	147	3.30	8.486
1750	147	2.84	7.818
1751	146	3.20	8.094
1752	144	2.68	7.339
1753	143	2.59	6.877
1754	140	3.19	7.029
1755	138	2.52	6.405
1756	141	2.99	7.331
1757	140	2.73	6.596
1758	141	2.77	6.556
1759	139	2.69	6.811
1760	142	3.00	7.524
1761	145	3.25	8.055
1762	144	3.28	7.648
1763	144	3.46	7.680
1764	145	3.11	8.214
1765	146	2.80	8.252
1766	148	3.31	8.514
1767	150	3.37	9.135
1768	153	3.47	9.901
1769	150	2.94	9.393
1770	153	3.22	9.933
1771	152	3.66	9.779
1772	153	3.17	10.155
1773	151	2.96	9.545
1774	150	3.24	9.081
1775	148	3.06	8.149
1776	148	3.40	8.189
1777	151	3.07	9.397
1778	149	2.99	9.109
1779	151	2.88	9.568
1780	149	3.04	8.472
1781	148	3.00	8.748
1782	150	3.51	8.481
1783	153	3.51	10.287
1784	153	3.41	9.893
1785	154	3.59	9.936
1786	157	3.23	11.113
1787	154	3.27	10.403
1788	152	3.16	9.816
1789	152	3.52	9.682
1790	151	2.99	9.059
1791	149	3.66	9.028
1792	146	2.90	7.969
1793	145	3.24	8.220
1794	147	3.57	7.757
1795	150	2.92	9.417
1796	150	3.24	8.903
1797	150	3.03	9.140
1798	149	3.17	8.446
1799	147	2.76	8.171
1800	144	3.27	7.705
1801	143	2.83	7.065
1802	141	2.35	7.276
1803	139	3.21	6.707
1804	138	2.36	5.917
1805	138	2.72	6.057
1806	136	2.46	6.002
1807	134	2.82	5.577
1808	136	3.11	6.426
1809	139	3.13	6.883
1810	137	2.94	6.528
1811	140	2.44	6.520
1812	141	2.55	6.696
1813	142	2.98	7.054
1814	145	3.48	8.080
1815	147	2.75	8.238
1816	146	2.98	8.003
1817	143	2.99	7.162
1818	141	2.88	7.306
1819	143	2.59	6.890
1820	141	3.08	6.744
1821	142	3.27	6.724
1822	143	3.26	7.265
1823	142	2.47	6.790
1824	140	2.81	6.362
1825	137	3.00	5.957
1826	134	3.00	5.952
1827	136	2.40	6.071
1828	134	2.95	5.624
1829	136	2.39	5.689
1830	133	2.37	5.646
1831	134	2.96	5.218
1832	131	2.79	5.630
1833	134	3.04	5.590
1834	133	2.64	5.861
1835	134	2.25	5.434
1836	132	2.87	4.861
1837	132	2.41	5.741
1838	130	2.87	4.993
1839	128	2.31	4.818
1840	128	2.66	5.111
1841	129	2.76	5.050
1842	127	1.90	5.067
1843	130	2.47	4.632
1844	132	2.02	5.671
1845	130	2.93	5.223
1846	131	2.65	5.569
1847	134	2.56	5.590
1848	135	2.74	5.707
1849	134	2.29	5.586
1850	135	2.37	5.739
1851	134	3.03	5.334
1852	135	2.18	5.365
1853	137	2.41	6.379
1854	139	3.05	6.718
1855	141	3.28	6.599
1856	143	3.32	7.460
1857	144	2.58	7.699
1858	143	2.45	6.802
1859	144	3.12	7.908
1860	143	2.66	7.170
1861	140	2.43	6.696
1862	140	2.77	6.434
1863	140	2.88	6.622
1864	139	2.42	6.289
1865	137	2.43	6.380
1866	137	2.61	5.732
1867	138	2.62	6.001
1868	136	2.66	5.706
1869	133	2.74	5.635
1870	133	2.96	5.389
1871	131	2.56	4.767
1872	128	2.06	4.271
1873	129	2.78	4.615
1874	132	2.26	5.578
1875	132	2.12	5.233
1876	129	2.86	5.275
1877	126	2.54	4.775
1878	129	2.66	4.657
1879	130	2.39	4.876
1880	127	2.63	4.491
1881	127	2.76	4.186
1882	124	2.68	4.721
1883	122	1.90	3.756
1884	119	1.78	4.148
1885	120	2.45	3.460
1886	118	2.03	3.915
1887	120	2.02	3.336
1888	123	2.46	4.128
1889	122	1.84	4.035
1890	123	1.90	4.526
1891	126	2.34	3.970
1892	125	2.79	3.906
1893	126	1.94	4.039
1894	124	1.90	3.783
1895	121	1.78	3.722
1896	119	1.70	3.417
1897	118	2.53	3.791
1898	116	2.29	3.238
1899	118	2.53	3.246
1900	121	1.99	3.881
1901	122	2.42	3.567
1902	119	2.26	3.216
1903	119	2.24	3.962
1904	122	2.27	4.137
1905	120	1.79	4.079
1906	121	1.86	3.889
1907	123	2.35	4.547
1908	126	2.17	4.836
1909	124	2.75	4.521
1910	127	2.08	4.473
1911	126	2.54	4.915
1912	127	2.24	4.186
1913	126	2.70	4.435
1914	124	2.63	3.890
1915	125	2.66	3.985
1916	127	2.20	4.975
1917	127	2.06	4.585
1918	126	2.04	4.524
1919	126	1.99	4.727
1920	123	2.28	4.341
1921	121	2.44	3.927
1922	118	2.02	3.166
1923	117	2.24	3.147
1924	117	2.05	3.366
1925	118	1.72	3.359
1926	117	2.35	3.529
1927	116	1.56	3.332
1928	117	2.15	3.521
1929	115	1.55	3.284
1930	114	1.93	2.934
1931	115	1.67	3.731
1932	114	1.74	3.309
1933	117	2.14	3.842
1934	119	1.91	4.088
1935	120	2.02	3.878
1936	122	1.79	3.893
1937	125	1.92	4.105
1938	128	2.04	4.611
1939	128	2.15	4.913
1940	128	2.34	4.726
1941	125	2.47	4.017
1942	124	2.70	4.297
1943	126	2.52	4.247
1944	127	2.41	4.184
1945	124	2.54	3.935
1946	126	1.91	4.115
1947	124	2.44	4.107
1948	127	2.73	5.070
1949	129	2.59	5.039
1950	132	2.21	4.782
1951	132	2.23	5.165
1952	131	2.53	4.808
1953	132	2.78	5.576
1954	131	2.73	4.760
1955	130	2.64	5.180
1956	129	2.70	4.495
1957	128	1.92	4.701
1958	125	2.30	4.673
1959	127	2.02	4.720
1960	126	2.58	4.916
1961	124	2.60	3.787
1962	127	2.53	5.049
1963	128	2.09	5.204
1964	125	2.79	4.569
1965	127	2.39	4.754
1966	130	2.05	4.610
1967	131	2.23	5.355
1968	130	2.08	4.885
1969	130	2.31	5.165
1970	131	2.01	5.285
1971	132	2.03	5.297
1972	132	2.15	4.927
1973	134	2.12	5.365
1974	135	2.17	5.606
1975	133	2.65	5.645
1976	132	2.43	5.245
1977	133	2.52	5.682
1978	131	2.91	5.052
1979	134	2.68	5.891
1980	137	2.57	6.403
1981	135	2.15	6.003
1982	133	3.02	5.233
1983	134	2.43	6.070
1984	134	2.50	5.375
1985	132	2.18	4.784
1986	132	2.65	5.649
1987	130	2.53	5.078
1988	129	2.85	5.110
1989	127	2.78	4.776
1990	128	2.84	4.996
1991	125	2.49	3.962
1992	125	2.39	4.672
1993	125	2.63	4.203
1994	122	2.28	3.987
1995	121	2.47	3.415
1996	124	2.17	3.768
1997	124	1.87	4.641
1998	121	2.41	4.294
1999	120	2.07	3.841
2000	121	2.35	3.418
2001	123	1.77	3.699
2002	126	2.16	4.458
2003	125	2.71	4.035
2004	128	2.76	4.246
2005	127	2.76	4.239
2006	127	2.22	4.628
2007	124	2.10	4.151
2008	122	2.21	3.823
2009	123	1.95	3.651
2010	124	2.60	4.334
2011	124	2.33	4.581
2012	124	2.03	3.789
2013	125	2.58	4.480
2014	123	1.79	3.978
2015	121	2.61	3.917
2016	118	1.85	3.746
2017	120	2.12	4.112
2018	118	1.99	3.479
2019	120	2.51	3.968
2020	121	2.54	3.529
2021	121	1.75	3.907
2022	123	2.33	4.156
2023	125	2.59	4.242
2024	122	2.03	4.389
2025	124	2.42	4.140
2026	122	2.30	3.996
2027	123	2.70	3.706
2028	120	2.39	3.789
2029	123	2.65	4.033
2030	126	2.26	4.923
2031	123	2.65	4.464
2032	125	2.53	4.595
2033	123	2.43	4.346
2034	123	2.29	4.124
2035	122	1.91	4.444
2036	119	2.47	3.320
2037	116	1.76	3.329
2038	119	2.04	3.369
2039	120	1.85	3.419
2040	119	1.66	3.611
2041	117	1.78	3.055
2042	118	2.30	3.683
2043	115	2.34	3.357
2044	113	2.23	2.644
2045	111	2.00	2.552
2046	110	1.45	3.056
2047	110	1.48	3.361
2048	107	1.74	2.452
2049	106	1.63	2.607
2050	106	1.96	2.417
2051	109	2.16	2.393
2052	107	2.18	2.495
2053	108	2.34	2.327
2054	111	1.93	2.941
2055	113	2.07	3.269
2056	113	1.90	3.053
2057	113	1.99	3.070
2058	112	1.51	2.551
2059	112	2.43	3.181
2060	113	1.66	3.551
2061	113	2.39	3.577
2062	111	1.81	2.537
2063	108	1.39	3.093
2064	106	1.54	2.339
2065	107	1.92	2.551
2066	110	1.90	2.972
2067	113	2.02	2.883
2068	111	2.10	3.006
2069	112	1.97	3.144
2070	113	2.43	3.452
2071	115	2.07	3.303
2072	118	2.45	3.377
2073	115	2.49	2.804
2074	114	2.05	3.675
2075	113	2.02	2.697
2076	114	2.29	3.600
2077	111	2.28	2.990
2078	112	2.13	2.730
2079	115	2.52	2.982
2080	114	1.91	2.975
2081	113	1.70	3.479
2082	116	2.15	3.835
2083	118	2.46	3.084
2084	116	1.69	3.130
2085	114	2.14	2.948
2086	115	2.48	3.254
2087	115	2.24	3.684
2088	116	1.57	3.854
2089	115	1.66	2.912
2090	115	2.11	2.897
2091	118	1.80	3.138
2092	120	1.80	3.530
2093	123	1.95	4.157
2094	124	2.46	3.786
2095	123	2.60	4.293
2096	123	2.15	3.849
2097	121	2.03	3.847
2098	119	1.75	3.863
2099	117	2.20	3.249
2100	118	2.25	3.533
2101	119	1.70	4.094
2102	117	1.99	3.256
2103	114	1.61	2.904
2104	113	1.89	3.098
2105	116	2.26	3.215
2106	117	1.66	3.574
2107	116	1.75	3.255
2108	116	1.60	2.880
2109	116	2.51	3.216
2110	118	1.73	3.168
2111	120	2.62	4.236
2112	117	2.35	3.557
2113	115	2.19	3.763
2114	112	1.70	3.455
2115	112	2.04	3.095
2116	111	2.39	2.938
2117	110	1.90	2.650
2118	107	1.74	2.528
2119	107	1.35	2.767
2120	105	1.96	2.837
2121	105	1.66	2.436
2122	105	1.38	2.983
2123	104	1.93	2.341
2124	105	1.56	2.418
2125	108	2.09	2.496
2126	105	1.41	2.298
2127	105	2.00	2.528
2128	108	1.86	3.031
2129	107	2.16	2.817
2130	109	2.17	2.451
2131	109	2.25	2.615
2132	108	1.84	2.488
2133	109	1.57	2.799
2134	108	1.66	2.765
2135	110	1.43	2.981
2136	109	2.03	2.505
2137	107	2.30	2.502
2138	110	1.44	2.878
2139	108	1.82	2.618
2140	109	1.53	2.879
2141	111	1.54	3.314
2142	110	2.31	2.762
2143	108	2.16	2.544
2144	107	1.80	2.929
2145	110	2.38	2.553
2146	109	1.67	2.684
2147	111	1.56	2.957
2148	109	1.50	2.564
2149	108	1.35	2.304
2150	107	2.15	2.208
2151	107	1.36	3.032
2152	105	1.68	2.949
2153	107	1.96	2.247
2154	110	2.04	3.128
2155	108	1.88	2.618
2156	109	1.74	3.264
2157	112	1.63	2.656
2158	110	1.58	2.646
2159	109	2.10	2.443
2160	106	1.71	2.928
2161	107	1.81	2.190
2162	107	1.40	2.906
2163	107	2.18	2.727
2164	108	1.73	2.837
2165	107	2.03	2.406
2166	107	2.04	3.113
2167	104	1.98	2.388
2168	104	1.31	2.686
2169	102	1.76	2.210
2170	103	1.77	2.486
2171	104	1.80	2.675
2172	105	1.64	2.909
2173	106	1.96	2.636
2174	104	1.98	2.774
2175	107	2.17	3.061
2176	109	1.49	2.613
2177	108	1.89	3.095
2178	107	1.89	2.732
2179	107	1.58	3.040
2180	105	1.86	2.639
2181	104	1.38	2.116
2182	107	1.34	2.261
2183	110	2.01	3.351
2184	111	1.54	3.383
2185	112	2.21	3.178
2186	115	2.18	3.694
2187	116	1.63	3.755
2188	113	1.47	3.579
2189	116	1.61	3.570
2190	117	1.80	3.178
2191	118	1.91	3.352
2192	121	2.15	4.146
2193	121	2.16	3.953
2194	120	1.76	3.579
2195	122	2.49	4.151
2196	119	2.41	3.890
2197	116	2.20	3.081
2198	113	2.19	3.230
2199	114	2.18	2.890
2200	111	2.03	2.655
2201	114	2.43	3.077
2202	114	2.46	3.542
2203	111	1.70	2.598
2204	112	2.12	3.384
2205	113	2.17	2.681
2206	113	2.22	3.138
2207	111	2.36	3.042
2208	111	2.13	2.462
2209	114	1.74	3.621
2210	117	1.70	3.611
2211	116	1.90	3.519
2212	113	1.62	2.821
2213	116	1.87	3.808
2214	115	2.26	3.378
2215	114	1.82	2.736
2216	113	1.60	3.586
2217	116	1.58	3.427
2218	119	2.44	3.616
2219	116	1.69	3.122
2220	117	1.74	3.103
2221	117	1.81	3.617
2222	114	1.69	3.584
2223	111	2.26	3.134
2224	113	1.73	3.111
2225	115	2.37	3.035
2226	116	1.60	3.298
2227	119	2.07	3.241
2228	117	1.63	3.562
2229	116	1.71	3.821
2230	113	2.27	3.253
2231	116	1.77	3.157
2232	117	2.49	3.823
2233	118	2.27	3.833
2234	117	2.12	3.522
2235	114	1.99	2.818
2236	114	1.64	3.493
2237	111	1.58	3.380
2238	111	2.34	2.815
2239	110	2.11	2.663
2240	110	2.35	2.626
2241	108	2.12	2.516
2242	107	1.81	2.301
2243	109	1.59	3.053
2244	108	1.59	3.082
2245	108	1.86	2.670
2246	107	1.41	2.250
2247	107	1.71	2.345
2248	109	1.49	2.667
2249	111	2.08	2.461
2250	110	1.76	2.761
2251	108	2.13	2.685
2252	110	1.99	2.891
2253	108	1.62	2.237
2254	106	1.55	3.058
2255	104	1.61	2.757
2256	103	1.37	2.602
2257	101	1.34	2.604
2258	104	1.66	2.617
2259	103	1.66	2.663
2260	101	1.37	2.400
2261	100	1.59	2.361
2262	101	1.21	2.311
2263	103	1.96	2.351
2264	100	1.66	1.860
2265	97	1.22	2.274
2266	94	1.98	1.969
2267	93	1.94	1.802
2268	90	1.70	1.856
2269	88	1.58	1.284
2270	87	1.95	1.152
2271	85	1.91	1.265
2272	87	1.73	1.903
2273	86	1.46	1.563
2274	89	1.90	2.180
2275	88	1.88	1.417
2276	88	1.86	1.643
2277	89	1.06	1.670
2278	87	1.84	1.792
2279	88	1.47	1.877
2280	89	1.96	1.368
2281	91	1.29	1.674
2282	89	1.08	2.157
2283	86	1.60	1.129
2284	86	1.19	1.554
2285	85	1.86	1.143
2286	86	1.61	1.701
2287	88	1.59	1.220
2288	87	1.64	1.228
2289	86	1.05	1.309
2290	89	1.38	1.251
2291	86	1.17	1.756
2292	88	1.65	1.785
2293	86	1.85	1.396
2294	85	1.01	1.639
2295	88	1.86	1.170
2296	90	1.33	2.003
2297	93	2.01	1.657
2298	92	1.87	2.133
2299	89	1.28	1.829
2300	89	1.27	1.715
2301	91	1.06	1.365
2302	90	1.27	1.267
2303	90	1.96	1.246
2304	89	1.12	1.959
2305	86	0.98	2.025
2306	85	1.87	1.713
2307	85	1.22	1.123
2308	87	1.50	1.724
2309	85	1.64	1.044
2310	85	1.31	1.978
2311	88	1.65	1.513
2312	86	1.59	1.486
2313	83	1.49	1.008
2314	83	1.24	1.287
2315	86	1.04	1.860
2316	83	1.64	1.101
2317	83	1.56	1.822
2318	82	1.82	1.538
2319	83	1.87	1.805
2320	83	1.50	1.619
2321	85	1.66	1.966
2322	86	1.37	1.602
2323	89	1.77	2.002
2324	88	1.67	1.386
2325	90	1.91	1.439
2326	90	1.92	1.341
2327	88	1.28	1.955
2328	90	1.41	1.754
2329	88	1.50	1.930
2330	88	1.62	1.445
2331	91	1.47	1.817
2332	94	1.30	1.570
2333	94	1.93	2.317
2334	91	1.13	1.695
2335	89	1.08	1.187
2336	87	1.18	1.287
2337	90	1.38	2.081
2338	93	1.46	1.561
2339	95	1.45	2.030
2340	93	1.44	1.908
2341	96	1.64	2.262
2342	99	1.41	1.917
2343	99	1.30	1.743
2344	98	1.33	1.734
2345	98	1.39	2.510
2346	99	1.66	2.388
2347	102	1.60	2.432
2348	101	2.19	2.720
2349	104	1.98	2.773
2350	101	1.33	2.222
2351	99	1.27	2.459
2352	99	1.75	2.475
2353	102	1.28	1.820
2354	103	2.00	2.408
2355	102	1.57	2.426
2356	99	1.55	1.827
2357	98	1.85	2.271
2358	101	1.25	1.917
2359	100	2.12	2.520
2360	99	2.01	2.560
2361	99	2.11	2.251
2362	100	1.73	2.428
2363	101	1.46	2.549
2364	102	1.79	1.909
2365	101	1.44	2.158
2366	100	1.92	2.436
2367	97	1.29	1.602
2368	100	1.70	1.925
2369	100	2.14	2.590
2370	98	1.44	1.609
2371	96	1.59	1.876
2372	96	1.64	1.515
2373	93	1.99	1.574
2374	93	1.29	2.073
2375	91	1.02	1.839
2376	90	1.11	1.494
2377	88	1.37	1.808
2378	86	1.93	1.755
2379	86	1.13	1.857
2380	86	1.21	1.548
2381	89	1.63	1.633
2382	92	1.11	1.453
2383	95	1.85	1.520
2384	94	1.88	1.816
2385	91	1.51	2.095
2386	93	1.93	1.900
2387	95	2.07	1.633
2388	98	1.83	1.833
2389	97	1.64	2.263
2390	95	1.35	1.979
2391	95	1.75	2.001
2392	98	1.22	2.217
2393	97	1.35	2.375
2394	99	1.38	2.465
2395	100	2.13	1.917
2396	102	1.96	2.227
2397	100	2.13	2.420
2398	98	2.02	2.559
2399	97	1.77	1.627
2400	100	1.23	1.891
2401	103	1.84	2.570
2402	100	1.59	2.382
2403	98	1.59	1.928
2404	96	1.34	2.083
2405	97	2.11	1.680
2406	100	2.12	2.362
2407	102	1.80	2.357
2408	105	2.06	2.281
2409	107	1.52	2.595
2410	107	2.05	2.738
2411	110	1.96	2.871
2412	110	1.43	3.224
2413	107	1.72	2.211
2414	109	2.32	2.910
2415	110	1.75	2.614
2416	108	2.12	2.220
2417	105	2.22	2.515
2418	108	1.68	3.170
2419	111	2.41	3.052
2420	112	2.21	2.900
2421	109	1.44	2.887
2422	107	1.74	2.274
2423	106	1.91	2.541
2424	106	2.28	2.142
2425	106	2.03	2.869
2426	103	2.00	2.381
2427	104	1.59	2.550
2428	105	2.11	2.469
2429	107	2.05	3.050
2430	105	2.06	2.135
2431	107	2.08	2.312
2432	107	1.72	2.864
2433	107	1.46	2.443
2434	104	1.99	2.311
2435	106	1.69	2.624
2436	104	1.56	2.867
2437	102	1.48	2.365
2438	105	1.32	2.525
2439	105	1.88	2.123
2440	105	1.57	2.111
2441	103	1.85	2.830
2442	101	1.93	1.874
2443	103	2.00	2.615
2444	100	2.02	2.644
2445	99	1.20	1.828
2446	98	1.24	2.271
2447	100	1.68	1.977
2448	102	1.92	2.010
2449	99	1.71	2.180
2450	98	2.01	1.951
2451	101	2.09	2.521
2452	103	1.30	2.084
2453	102	2.00	2.126
2454	99	1.25	1.638
2455	98	1.59	2.259
2456	98	1.95	1.921
2457	100	1.22	2.292
2458	102	1.83	2.332
2459	104	1.87	2.464
2460	102	1.69	2.545
2461	104	1.27	1.961
2462	107	2.08	2.467
2463	109	1.67	2.343
2464	107	1.34	2.547
2465	104	1.87	1.994
2466	101	2.02	2.606
2467	104	1.81	2.076
2468	106	1.99	2.346
2469	106	2.28	3.033
2470	108	1.98	2.502
2471	108	1.79	2.724
2472	105	1.31	2.411
2473	107	2.13	2.817
2474	104	1.56	1.979
2475	106	2.01	2.660
2476	103	1.92	2.783
2477	103	1.64	2.293
2478	103	1.77	2.552
2479	103	1.76	2.854
2480	106	1.58	2.247
2481	105	1.39	2.243
2482	103	1.92	1.945
2483	103	1.25	2.777
2484	106	2.01	2.885
2485	108	2.21	2.625
2486	105	1.81	2.059
2487	104	1.56	2.621
2488	102	1.72	2.321
2489	102	1.83	2.293
2490	99	1.40	1.991
2491	102	2.15	2.418
2492	104	1.56	2.626
2493	104	1.94	2.592
2494	101	1.32	2.424
2495	100	1.57	1.752
2496	97	1.97	2.148
2497	98	1.58	2.221
2498	95	1.46	2.191
2499	98	1.59	1.743
2500	98	1.47	2.358
2501	101	1.95	1.935
2502	100	1.68	2.006
2503	98	1.34	2.219
2504	99	2.06	2.559
2505	102	1.24	2.343
2506	105	2.22	2.713
2507	107	1.47	2.332
2508	105	2.05	2.962
2509	104	2.14	1.985
2510	107	1.88	2.853
2511	107	1.34	2.121
2512	108	1.74	2.377
2513	111	2.28	2.778
2514	108	2.14	2.203
2515	111	1.97	3.180
2516	110	1.85	2.732
2517	113	2.21	3.245
2518	116	2.40	3.385
2519	115	1.83	2.863
2520	116	1.73	3.246
2521	119	2.41	3.121
2522	122	2.58	4.369
2523	124	2.07	4.435
2524	121	2.27	4.120
2525	121	2.64	3.447
2526	121	1.85	4.099
2527	123	2.20	3.932
2528	121	2.64	3.734
2529	124	2.55	4.447
2530	123	2.34	3.919
2531	124	2.44	4.567
2532	126	2.35	4.017
2533	128	2.15	5.060
2534	127	2.45	4.615
2535	127	2.13	4.582
2536	126	2.02	4.241
2537	125	1.89	3.993
2538	122	1.93	4.395
2539	119	2.41	3.242
2540	120	1.82	3.973
2541	121	1.84	3.703
2542	122	2.20	3.619
2543	119	2.04	4.092
2544	119	1.94	3.426
2545	121	2.39	3.758
2546	120	2.50	4.180
2547	123	1.84	3.588
2548	122	2.28	4.241
2549	125	2.11	3.816
2550	124	2.22	3.736
2551	124	2.54	3.909
2552	127	2.53	4.799
2553	127	2.14	4.046
2554	125	1.95	4.249
2555	128	2.76	4.902
2556	126	2.46	4.555
2557	128	2.40	4.329
2558	127	2.82	4.334
2559	129	2.14	4.692
2560	127	1.86	4.131
2561	127	2.57	4.133
2562	127	2.51	4.959
2563	127	2.54	4.899
2564	130	2.71	5.227
2565	128	2.46	4.621
2566	125	1.95	4.101
2567	123	1.98	4.194
2568	126	2.33	4.316
2569	124	2.08	3.916
2570	125	2.62	3.828
2571	122	2.12	4.107
2572	120	2.10	3.290
2573	122	1.98	3.884
2574	121	2.41	3.539
2575	122	2.41	4.296
2576	119	2.49	3.235
2577	122	2.52	3.795
2578	123	2.34	3.737
2579	123	2.20	4.126
2580	122	2.29	3.579
2581	125	2.08	4.470
2582	125	1.83	3.925
2583	124	2.54	4.144
2584	122	1.98	4.183
2585	123	2.48	4.056
2586	122	2.66	3.908
2587	119	1.90	4.019
2588	118	2.50	3.843
2589	119	1.71	3.446
2590	117	2.46	3.699
2591	116	2.15	3.713
2592	115	1.74	2.996
2593	116	2.54	3.457
2594	113	1.52	2.849
2595	111	1.58	2.485
2596	110	2.37	3.322
2597	112	1.68	3.473
2598	111	1.45	3.076
2599	108	2.17	3.054
2600	109	1.76	3.239
2601	109	1.39	2.487
2602	106	2.26	2.502
2603	103	1.57	1.953
2604	106	1.58	2.718
2605	108	1.93	2.551
2606	110	1.43	2.752
2607	110	1.63	2.922
2608	113	2.42	3.251
2609	115	1.81	3.694
2610	117	1.88	3.166
2611	117	1.67	3.544
2612	116	2.41	3.461
2613	114	2.36	3.637
2614	112	2.09	2.902
2615	114	1.59	3.028
2616	111	1.72	2.746
2617	112	1.45	3.437
2618	113	2.03	2.803
2619	113	1.66	2.718
2620	112	2.38	3.245
2621	109	1.96	2.322
2622	107	1.45	2.756
2623	110	2.04	2.833
2624	108	1.96	2.918
2625	110	1.79	3.159
2626	113	2.39	3.314
2627	111	1.64	3.230
2628	108	1.40	2.835
2629	111	1.72	2.550
2630	113	2.28	2.749
2631	115	1.70	3.172
2632	114	1.57	2.871
2633	112	2.44	2.762
2634	115	1.80	2.794
2635	112	2.36	3.019
2636	115	2.40	3.135
2637	118	2.59	3.027
2638	118	1.72	3.621
2639	116	1.73	3.772
2640	115	1.86	2.851
2641	113	2.13	3.310
2642	110	2.13	2.762
2643	112	2.26	2.967
2644	111	1.88	2.935
2645	109	2.05	2.785
2646	111	2.11	2.767
2647	112	1.51	2.474
2648	110	2.07	2.728
2649	112	1.70	2.982
2650	115	2.06	3.152
2651	116	1.81	3.710
2652	115	1.85	3.597
2653	114	1.53	2.952
2654	112	2.02	3.286
2655	115	1.76	3.627
2656	116	2.05	3.335
2657	117	1.89	3.688
2658	117	2.16	3.502
2659	116	2.38	3.697
2660	114	2.34	3.100
2661	112	1.80	3.464
2662	111	2.20	2.966
2663	109	2.11	3.122
2664	110	2.03	2.326
2665	109	1.50	3.209
2666	111	1.83	3.300
2667	112	2.15	2.878
2668	115	1.52	3.128
2669	117	1.62	2.931
2670	114	2.46	2.916
2671	116	1.57	2.894
2672	118	1.68	3.642
2673	120	1.75	3.574
2674	121	1.72	4.178
2675	120	2.43	4.181
2676	123	2.19	3.710
2677	122	2.17	4.022
2678	121	2.08	3.870
2679	124	1.96	4.536
2680	123	2.32	4.312
2681	123	2.12	3.540
2682	122	2.20	4.402
2683	119	2.26	3.284
2684	122	2.54	4.397
2685	120	2.25	3.768
2686	121	2.39	4.214
2687	118	2.05	3.975
2688	116	2.05	2.898
2689	115	2.27	2.875
2690	117	2.37	2.953
2691	120	2.51	3.678
2692	123	1.81	4.013
2693	122	2.30	3.921
2694	124	2.56	3.659
2695	121	1.75	3.443
2696	121	1.97	3.984
2697	121	2.19	3.307
2698	122	1.74	4.293
2699	119	2.02	3.747
2700	116	2.45	3.743
2701	115	1.96	3.720
2702	112	1.64	3.156
2703	114	2.08	3.065
2704	114	1.99	2.981
2705	111	2.00	2.777
2706	108	1.40	2.691
2707	109	2.07	2.853
2708	107	1.80	2.203
2709	105	1.32	2.097
2710	107	2.05	2.535
2711	104	1.69	2.170
2712	105	1.96	1.968
2713	104	1.94	2.396
2714	101	1.56	1.859
2715	103	2.21	2.309
2716	101	1.92	2.188
2717	104	1.28	2.402
2718	106	1.69	2.172
2719	105	2.05	2.780
2720	107	1.84	2.460
2721	107	1.81	2.714
2722	104	1.55	2.840
2723	102	2.02	2.589
2724	102	1.50	1.822
2725	101	1.76	2.699
2726	101	1.78	1.736
2727	103	1.92	1.898
2728	106	2.08	2.274
2729	109	1.87	2.828
2730	110	1.93	3.243
2731	109	2.09	2.253
2732	112	1.66	2.982
2733	112	2.10	2.576
2734	113	1.50	2.575
2735	110	1.75	3.263
2736	109	2.02	2.979
2737	107	1.61	2.891
2738	107	1.37	2.540
2739	104	1.64	2.600
2740	104	1.34	2.674
2741	104	1.49	2.001
2742	102	2.19	2.686
2743	103	2.08	2.790
2744	105	1.80	2.057
2745	102	2.21	2.085
2746	99	1.94	1.745
2747	96	2.03	2.124
2748	93	1.19	1.904
2749	96	1.29	1.490
2750	98	1.36	2.215
2751	100	1.95	2.649
2752	101	1.30	2.643
2753	103	1.94	2.120
2754	102	1.74	2.309
2755	105	1.30	2.190
2756	106	2.29	2.236
2757	108	1.88	2.521
2758	107	2.20	3.049
2759	108	2.27	2.339
2760	106	2.26	2.689
2761	105	2.08	2.926
2762	106	1.95	2.815
2763	105	1.37	1.976
2764	107	1.49	2.200
2765	107	1.60	2.499
2766	107	1.34	2.888
2767	106	1.60	2.110
2768	109	2.30	2.482
2769	110	1.72	3.265
2770	111	1.65	2.424
2771	110	1.64	2.421
2772	112	2.23	2.985
2773	109	2.19	2.289
2774	107	1.42	2.524
2775	108	1.72	2.577
2776	109	1.97	2.708
2777	109	1.78	2.648
2778	110	1.91	2.616
2779	111	2.06	3.100
2780	108	1.59	3.050
2781	110	1.92	2.844
2782	108	2.33	2.408
2783	109	1.74	2.292
2784	108	2.16	2.470
2785	105	1.74	2.768
2786	107	2.10	2.943
2787	106	1.38	2.032
2788	107	1.72	2.469
2789	109	2.11	3.145
2790	110	2.20	2.754
2791	110	1.71	2.313
2792	110	2.21	2.602
2793	107	2.14	2.320
2794	109	2.07	2.681
2795	112	2.00	2.851
2796	115	2.34	2.815
2797	118	1.98	3.910
2798	120	2.49	3.275
2799	123	2.13	3.981
2800	125	2.24	4.096
2801	123	2.15	4.370
2802	126	2.48	4.324
2803	128	2.83	4.620
2804	127	1.98	4.705
2805	127	2.47	4.164
2806	125	2.53	4.046
2807	128	2.86	4.838
2808	131	2.35	4.981
2809	133	3.03	4.962
2810	135	2.95	5.483
2811	138	3.00	6.507
2812	140	2.65	6.419
2813	143	3.27	7.417
2814	142	3.33	6.682
2815	142	3.18	7.304
2816	141	2.48	6.905
2817	142	2.83	7.392
2818	139	2.54	6.076
2819	139	2.42	6.409
2820	136	3.04	6.202
2821	138	2.91	6.349
2822	136	2.83	6.181
2823	134	2.69	5.755
2824	137	2.78	6.246
2825	134	2.20	5.225
2826	133	2.17	5.718
2827	135	2.98	5.596
2828	133	2.90	5.104
2829	133	2.89	5.350
2830	135	2.30	5.765
2831	136	3.12	5.820
2832	137	2.47	5.742
2833	140	3.17	6.169
2834	142	3.13	7.420
2835	145	2.74	7.487
2836	147	3.49	8.550
2837	145	3.02	7.841
2838	145	3.11	7.924
2839	148	3.17	8.154
2840	147	3.43	7.934
2841	148	2.72	8.079
2842	149	3.27	8.899
2843	150	3.07	8.628
2844	152	3.56	9.849
2845	154	3.58	10.006
2846	153	3.10	9.834
2847	152	3.35	9.062
2848	154	3.08	9.730
2849	157	3.28	11.136
2850	155	3.77	10.013
2851	153	3.05	9.860
2852	156	3.87	10.822
2853	157	3.48	11.118
2854	156	3.49	10.677
2855	155	3.89	10.327
2856	158	3.48	11.478
2857	155	3.50	9.832
2858	153	3.50	9.408
2859	156	3.67	10.546
2860	154	3.33	9.572
2861	156	3.08	11.037
2862	155	3.15	10.361
2863	154	3.33	9.879
2864	151	3.00	9.173
2865	153	3.19	9.798
2866	151	2.88	9.397
2867	148	3.58	8.662
2868	148	3.62	8.097
2869	147	3.19	8.550
2870	150	3.69	9.230
2871	152	3.27	9.241
2872	150	3.31	8.363
2873	149	2.95	8.837
2874	149	3.41	8.679
2875	152	3.68	8.974
2876	150	3.66	9.329
2877	149	2.75	8.540
2878	147	2.78	7.867
2879	148	3.42	8.564
2880	145	3.25	7.744
2881	142	2.45	7.197
2882	140	2.48	6.169
2883	143	2.89	7.568
2884	140	2.76	6.526
2885	138	2.49	5.963
2886	139	2.36	6.506
2887	138	2.74	5.883
2888	138	2.81	6.456
2889	138	2.28	6.499
2890	140	2.64	6.088
2891	138	2.54	5.791
2892	138	2.80	6.222
2893	140	2.41	7.034
2894	140	2.69	6.451
2895	140	2.80	6.149
2896	142	2.67	6.700
2897	141	3.15	6.851
2898	139	2.84	5.950
2899	138	2.69	6.500
2900	136	2.98	5.485
2901	139	2.58	6.858
2902	137	2.97	5.883
2903	136	2.83	6.009
2904	138	2.63	5.867
2905	140	2.91	6.462
2906	141	3.13	6.456
2907	144	3.15	7.805
2908	147	3.32	8.537
2909	144	3.34	7.459
2910	141	2.58	7.242
2911	141	2.57	7.219
2912	140	2.80	6.082
2913	141	3.24	6.318
2914	142	3.22	6.577
2915	140	2.54	6.635
2916	141	3.01	6.740
2917	144	3.39	7.514
2918	144	2.55	7.083
2919	145	3.20	7.960
2920	147	3.43	7.653
2921	149	3.33	8.623
2922	147	2.70	8.055
2923	149	3.48	8.728
2924	147	3.03	7.802
2925	144	2.64	7.266
2926	142	2.95	7.416
2927	139	2.83	5.895
2928	141	2.58	6.563
2929	140	2.68	6.484
2930	137	2.79	5.662
2931	137	2.57	5.838
2932	138	2.94	5.729
2933	136	2.32	6.097
2934	133	2.40	5.427
2935	130	2.86	4.618
2936	131	2.45	5.254
2937	134	2.93	5.304
2938	135	2.33	6.129
2939	133	2.33	5.707
2940	134	2.57	5.664
2941	132	2.18	5.198
2942	135	3.08	5.630
2943	134	2.95	5.862
2944	136	2.76	5.722
2945	139	3.25	6.269
2946	138	3.12	5.936
2947	139	2.39	6.487
2948	136	2.43	5.344
2949	138	2.30	5.893
2950	141	3.10	7.089
2951	140	2.37	6.610
2952	142	3.06	6.978
2953	141	2.94	6.702
2954	144	2.76	6.905
2955	144	2.87	7.661
2956	144	2.92	7.208
2957	141	3.12	7.162
2958	143	2.44	7.329
2959	143	2.44	7.038
2960	140	3.23	6.295
2961	137	2.31	5.756
2962	134	2.41	5.813
2963	136	2.40	6.294
2964	134	3.01	5.739
2965	135	3.09	5.467
2966	138	2.40	5.682
2967	136	2.99	5.635
2968	139	2.83	6.669
2969	138	3.23	5.928
2970	141	2.91	6.271
2971	141	2.84	6.862
2972	139	3.10	6.317
2973	139	3.05	5.871
2974	141	2.36	6.795
2975	142	2.99	7.298
2976	143	3.24	6.723
2977	146	2.76	7.523
2978	147	3.33	7.996
2979	147	3.48	7.787
2980	145	2.74	7.215
2981	148	3.08	8.424
2982	145	2.63	7.761
2983	145	2.80	7.127
2984	146	2.97	7.645
2985	148	3.09	8.478
2986	151	3.44	8.678
2987	152	3.49	9.320
2988	150	2.89	8.534
2989	147	3.12	7.809
2990	144	3.30	7.348
2991	145	3.07	7.975
2992	148	2.79	8.139
2993	150	3.70	9.273
2994	148	3.24	8.522
2995	149	2.78	8.901
2996	146	3.17	7.984
2997	149	2.82	9.000
2998	146	2.97	7.877
2999	145	2.60	7.534
3000	146	3.22	7.786
3001	149	3.14	8.837
3002	152	3.29	9.430
3003	155	3.69	10.189
3004	155	3.17	10.730
