1	127	4	95.0813164853
2	128	9	95.1306546601
3	129	12	95.1612491893
4	131	16	95.0840004546
5	128	20	95.1312546511
6	126	26	95.1671599579
7	127	32	95.2363501296
8	127	38	95.1712393584
9	132	41	95.1127220658
10	130	43	95.0575909467
11	135	47	95.0568016153
12	130	54	95.0894781907
13	132	57	95.1565184985
14	131	58	95.1054546736
15	133	65	95.0955584425
16	132	67	95.0351005329
17	129	69	95.090785426
18	129	70	95.1210689447
19	134	74	95.1082613755
20	132	77	95.2051058325
21	132	78	95.1533348424
22	130	82	95.1401460402
23	133	82	95.1431729211
24	135	88	95.2002600433
25	137	91	95.224674879
26	135	92	95.2298982047
27	138	95	95.3123388452
28	134	96	95.2548945875
29	130	103	95.2023189274
30	135	108	95.1316536824
31	137	115	95.1148915995
32	132	118	95.1213253289
33	136	118	95.0447413518
34	136	125	95.0190450288
35	133	130	95.029587219
36	128	134	94.9949005203
37	126	140	94.9945773646
38	124	141	94.927776407
39	120	146	94.8529577008
40	118	147	94.809908275
41	116	147	94.8659808042
42	112	154	94.8172775515
43	109	157	94.7612619658
44	112	164	94.7606025926
45	107	169	94.8164297649
46	110	176	94.8133146586
47	111	177	94.8520245804
48	111	182	94.7891087315
49	112	182	94.6930059818
50	110	186	94.6873361775
51	113	187	94.6921535739
52	118	190	94.7309348416
53	120	195	94.7850514943
54	121	199	94.8194447056
55	125	200	94.9174801079
56	122	206	94.9599957885
57	127	208	94.9399363776
58	122	214	94.9043318534
59	119	214	94.9382918938
60	121	217	95.0243051102
61	119	220	95.0229898934
62	121	222	95.0535104069
63	123	227	95.0011524225
64	118	230	94.9997816345
65	121	233	94.9461847208
66	122	239	94.9501651765
67	119	241	94.8618443382
68	117	246	94.9577176785
69	122	251	94.9071543117
70	118	251	94.9401021765
71	121	254	94.8436163638
72	126	257	94.9376249059
73	127	257	94.9452060426
74	129	261	94.9408069784
75	127	265	94.9242815819
76	130	269	94.9387842278
77	132	273	94.8892751812
78	128	280	94.8147973391
79	126	282	94.9140117158
80	121	288	94.9688707443
81	123	291	94.9395115121
82	126	292	95.003640878
83	128	295	95.1003207905
84	124	300	95.062480631
85	127	301	95.143329797
86	129	305	95.08339817
87	126	305	95.1107953857
88	126	311	95.1211989059
89	123	314	95.2104031133
90	124	320	95.1632376311
91	128	327	95.1960354037
92	128	332	95.144457914
93	123	332	95.0827833504
94	124	338	95.1083120444
95	123	340	95.1084709868
96	128	347	95.0337770131
97	132	348	94.9767563315
98	131	348	94.9013021756
99	132	354	94.8378274971
100	131	361	94.7853741292
101	128	365	94.8819970341
102	131	370	94.8415555258
103	128	374	94.9123944767
104	123	379	94.9632871163
105	124	383	94.9080525869
106	129	386	94.8358631438
107	133	393	94.8577138879
108	138	394	94.8974939063
109	140	396	94.8117813778
110	144	402	94.7823554435
111	145	402	94.7089681485
112	148	409	94.6557918117
113	148	414	94.5937405797
114	144	419	94.5309915857
115	145	423	94.4659288431
116	147	427	94.5610859293
117	148	429	94.5138656638
118	148	433	94.5810725622
119	153	438	94.5008844296
120	158	445	94.5057144034
121	163	451	94.5939953649
122	162	452	94.6634852419
123	164	454	94.7399759752
124	159	459	94.6637696268
125	158	466	94.5824173317
126	161	469	94.4990198403
127	157	471	94.4924407646
128	159	478	94.4942148578
129	155	482	94.5216463218
130	160	483	94.4799917706
131	162	484	94.4447773468
132	162	491	94.5286992703
133	164	493	94.492511369
134	168	498	94.4218571548
135	166	499	94.3722202466
136	168	500	94.3481335326
137	170	507	94.3326487369
138	165	511	94.2940086349
139	166	513	94.3772206975
140	162	517	94.4150059383
141	161	517	94.4251455514
142	157	521	94.4774075351
143	157	522	94.4346349448
144	157	525	94.4427496841
145	158	528	94.4593024473
146	155	535	94.3679305743
147	160	536	94.433705911
148	158	543	94.4881118775
149	159	544	94.571300392
150	161	551	94.519723721
151	160	551	94.5342696641
152	156	551	94.4392407187
153	156	558	94.3945827587
154	153	559	94.3245510578
155	153	559	94.4224543063
156	151	560	94.4529083727
157	150	560	94.5161255256
158	154	560	94.5498882305
159	152	564	94.4746961948
160	152	568	94.5459587455
161	155	569	94.5025509845
162	150	575	94.5895047292
163	146	578	94.5371569601
164	149	583	94.4919723087
165	151	583	94.4756738768
166	156	587	94.4909187079
167	161	587	94.4627585283
168	163	588	94.3880463999
169	164	591	94.4201423647
170	161	597	94.3688687522
171	158	599	94.4606574187
172	159	604	94.4607020852
173	155	608	94.4941356357
174	160	611	94.5082375707
175	162	611	94.5310166961
176	162	612	94.4968646041
177	164	616	94.4224498064
178	161	622	94.4498134789
179	163	623	94.4685194213
180	166	630	94.5046576093
181	162	630	94.4371499597
182	164	630	94.3428412896
183	166	634	94.3476401399
184	164	634	94.2783749219
185	160	638	94.2055278469
186	158	639	94.1758637815
187	153	646	94.2498516233
188	155	648	94.1530980547
189	160	654	94.2290772875
190	164	655	94.2720202595
191	161	662	94.3416182321
192	162	667	94.3488941886
193	164	674	94.4075737431
194	168	677	94.3545039913
195	165	684	94.3056686583
196	170	685	94.2354090084
197	173	688	94.2821231466
198	170	694	94.3573836284
199	168	696	94.2742756155
200	173	702	94.2495289502
201	178	704	94.247335878
202	180	708	94.1964997434
203	182	715	94.2919872446
204	187	720	94.2218632485
205	187	723	94.2840201597
206	192	729	94.3384597809
207	191	731	94.3511312499
208	192	731	94.325442695
209	187	738	94.4216761379
210	187	744	94.4943643465
211	191	750	94.520802825
212	186	750	94.5308915319
213	187	756	94.52127595
214	190	757	94.506670855
215	191	763	94.5606893926
216	190	765	94.5938150691
217	194	766	94.5364111734
218	189	773	94.590763017
219	186	780	94.6412025627
220	190	782	94.6666677968
221	194	784	94.6658649969
222	199	786	94.6707778895
223	196	789	94.5928553368
224	200	794	94.6913239176
225	197	795	94.747920244
226	195	795	94.6919712786
227	196	797	94.7582082054
228	195	797	94.797866626
229	197	800	94.7243834563
230	192	803	94.7054461945
231	194	808	94.6747029212
232	199	811	94.6974186098
233	197	811	94.7732909449
234	200	817	94.7222545705
235	200	820	94.7073687636
236	200	824	94.6933686838
237	198	829	94.6416375006
238	197	832	94.6544452062
239	198	837	94.6046024813
240	200	840	94.5586477855
241	199	841	94.5452578097
242	199	844	94.5006904303
243	197	844	94.4351174471
244	195	846	94.512238922
245	196	853	94.594347548
246	196	857	94.5652957683
247	198	858	94.5227040512
248	200	865	94.4739177674
249	200	866	94.5158251835
250	199	867	94.4471694758
251	200	873	94.347471778
252	200	878	94.3542013897
253	197	879	94.3494675358
254	200	880	94.4320416977
255	198	882	94.4318255316
256	200	883	94.3327734419
257	199	885	94.2664163289
258	200	890	94.3209118537
259	200	897	94.2735744787
260	200	902	94.2088017689
261	200	905	94.2089005021
262	200	909	94.3087862488
263	195	909	94.2543799104
264	192	916	94.2098709247
265	191	918	94.2076444343
266	188	918	94.1536379658
267	188	923	94.1685464435
268	184	924	94.1790741132
269	186	926	94.1935322387
270	185	928	94.1753459904
271	187	929	94.167474501
272	185	929	94.0938126916
273	184	936	94.0602296454
274	180	940	94.0455038031
275	176	947	94.1211021369
276	175	950	94.0889161402
277	177	956	94.0963034653
278	175	958	94.1197548543
279	170	965	94.099981828
280	167	967	94.0519535157
281	166	972	94.0760669477
282	170	979	94.073988468
283	175	986	94.1555702683
284	177	989	94.1187008177
285	177	991	94.1761167947
286	180	997	94.253494917
287	181	1001	94.2034243339
288	181	1006	94.1733149717
289	178	1007	94.1572342392
290	181	1007	94.2282885708
291	180	1007	94.285562925
292	176	1011	94.2462877863
293	177	1015	94.2507232579
294	176	1021	94.3434919962
295	173	1028	94.350586624
296	168	1035	94.4044076378
297	173	1035	94.3230566863
298	171	1039	94.234147744
299	168	1046	94.3248162794
300	167	1053	94.3521867674
301	168	1060	94.360779802
302	172	1067	94.398349755
303	171	1070	94.4878333714
304	170	1074	94.5725812294
305	172	1076	94.5060043187
306	172	1076	94.5172965466
307	169	1081	94.6086687345
308	165	1088	94.6119474043
309	165	1089	94.5775548263
310	168	1095	94.4823567184
311	163	1096	94.5647275363
312	161	1098	94.5526986016
313	163	1102	94.640613682
314	168	1107	94.5946524271
315	172	1112	94.5939358813
316	170	1115	94.5739862169
317	171	1119	94.6335053227
318	169	1124	94.5988151463
319	169	1124	94.6257328053
320	172	1127	94.7148870014
321	168	1134	94.772025806
322	164	1135	94.7159508918
323	164	1140	94.6678566089
324	161	1145	94.6426245752
325	166	1147	94.6522450073
326	169	1147	94.6467406766
327	168	1152	94.6874066288
328	166	1159	94.6044370207
329	164	1163	94.6209154484
330	167	1165	94.5589668689
331	167	1170	94.4692895301
332	163	1172	94.5436429576
333	161	1173	94.5390657075
334	166	1175	94.5809917152
335	169	1179	94.6187445647
336	173	1185	94.5873000477
337	171	1192	94.6265486341
338	170	1197	94.5364644907
339	166	1199	94.4987116233
340	161	1202	94.5219420687
341	156	1209	94.5726247687
342	156	1215	94.5679331627
343	154	1217	94.5050757036
344	157	1217	94.5151527201
345	160	1223	94.4684596586
346	164	1228	94.5243760546
347	167	1228	94.4918184041
348	166	1234	94.4601625387
349	168	1240	94.3655835465
350	166	1244	94.3425669109
351	170	1246	94.3163700551
352	166	1250	94.229231741
353	169	1254	94.1997137936
354	168	1261	94.2212355844
355	168	1263	94.2170162306
356	173	1269	94.1730377748
357	176	1275	94.2112181658
358	175	1282	94.237810844
359	180	1284	94.3222868049
360	179	1291	94.4168919476
361	182	1298	94.3384626924
362	179	1300	94.3748064935
363	178	1304	94.3163309557
364	178	1309	94.4114978822
365	181	1309	94.3410115916
366	177	1309	94.393758309
367	181	1313	94.3911016479
368	176	1315	94.3162616089
369	172	1316	94.2362832545
370	167	1316	94.212708665
371	171	1321	94.2503209932
372	168	1328	94.3406404849
373	170	1328	94.3810374534
374	169	1333	94.3804411141
375	168	1339	94.2930248899
376	173	1339	94.2788532569
377	172	1346	94.3686148355
378	169	1346	94.4032166723
379	166	1353	94.3193214138
380	169	1353	94.4080995181
381	166	1353	94.4559520514
382	170	1355	94.4074980169
383	166	1362	94.3834388185
384	167	1368	94.3437064942
385	172	1373	94.2511327966
386	169	1380	94.2625914994
387	173	1385	94.2205535043
388	178	1389	94.2790997428
389	178	1396	94.2459402988
390	176	1398	94.2665766074
391	171	1398	94.216509347
392	170	1403	94.2682909783
393	167	1410	94.1810197498
394	167	1415	94.1173392432
395	163	1420	94.1328238217
396	166	1423	94.037091844
397	166	1430	93.9430312044
398	164	1435	93.9725599712
399	166	1439	94.030345285
400	162	1441	94.1144012046
401	164	1447	94.1106677604
402	163	1449	94.0386868997
403	166	1456	93.9535054547
404	171	1456	94.0500213779
405	167	1461	94.0140561162
406	162	1468	93.9231334838
407	161	1472	93.8546365751
408	166	1478	93.9342279483
409	161	1480	93.9345868373
410	156	1487	93.9384636413
411	158	1487	93.8414108832
412	155	1487	93.764159898
413	158	1487	93.7744711802
414	162	1492	93.8388793132
415	165	1496	93.787113678
416	167	1501	93.7004604101
417	164	1502	93.7522755872
418	160	1507	93.7843019383
419	160	1507	93.8005442263
420	156	1510	93.8434507277
421	152	1514	93.7770777762
422	148	1517	93.8514909607
423	149	1517	93.7668017503
424	144	1520	93.8535771557
425	142	1523	93.8678153323
426	142	1528	93.9134621383
427	137	1529	93.9406850651
428	136	1533	93.8885845715
429	137	1534	93.9263264707
430	134	1537	93.8613564298
431	135	1542	93.930947105
432	131	1545	93.8821029794
433	135	1549	93.9170575413
434	140	1553	93.9130368856
435	140	1559	93.8684055001
436	141	1560	93.8496841118
437	141	1561	93.876030704
438	141	1562	93.7956079101
439	142	1563	93.7683625645
440	143	1569	93.8417369339
441	141	1576	93.7935391347
442	140	1577	93.8844230447
443	138	1578	93.81063638
444	136	1584	93.8650393713
445	137	1584	93.812601244
446	137	1586	93.7194818961
447	141	1590	93.6920457722
448	141	1590	93.6532459057
449	138	1590	93.5873643775
450	142	1592	93.5853650796
451	145	1594	93.5493130719
452	142	1599	93.5212225044
453	138	1603	93.4409748809
454	134	1607	93.363438451
455	135	1612	93.4275965873
456	131	1613	93.348596626
457	135	1620	93.345534453
458	131	1625	93.2486837201
459	130	1629	93.2794559427
460	126	1629	93.3346121404
461	126	1635	93.2972557511
462	129	1635	93.3964931594
463	125	1637	93.3285483645
464	130	1642	93.3917267536
465	129	1645	93.3553812934
466	126	1646	93.3214761111
467	123	1650	93.2538325511
468	122	1651	93.2390218353
469	120	1651	93.3290818874
470	120	1656	93.2320427607
471	115	1658	93.2950002112
472	114	1659	93.3608577924
473	115	1659	93.4025180815
474	117	1662	93.3912265564
475	119	1669	93.2920027391
476	119	1675	93.3886653981
477	114	1682	93.4464615563
478	113	1682	93.4421220025
479	117	1682	93.4278785125
480	122	1685	93.413426847
481	124	1687	93.4331832602
482	125	1694	93.4156085736
483	129	1698	93.5060805272
484	134	1698	93.4582096368
485	137	1703	93.3596186935
486	140	1707	93.3053160706
487	139	1713	93.3520632005
488	137	1718	93.2719971833
489	139	1724	93.2393122066
490	135	1731	93.2732298017
491	131	1736	93.318533437
492	131	1743	93.3594817209
493	133	1743	93.4322297957
494	129	1747	93.4488804341
495	125	1752	93.5475109001
496	120	1754	93.5618712577
497	121	1755	93.6613433388
498	119	1761	93.6977274345
499	120	1768	93.728574031
500	116	1768	93.7236225199
501	119	1772	93.7911580885
502	122	1776	93.8370279572
503	121	1781	93.8002361549
504	117	1782	93.816834771
505	116	1789	93.9143317624
506	119	1793	93.8160569253
507	122	1793	93.8601654376
508	118	1797	93.8239713288
509	120	1802	93.8300996083
510	123	1805	93.8884963682
511	127	1807	93.9036122277
512	127	1809	93.9782029882
513	132	1810	94.0629432064
514	136	1817	94.1500386818
515	131	1819	94.0570857969
516	136	1822	94.1244495189
517	134	1822	94.1052772932
518	138	1822	94.0499856503
519	143	1822	93.9899414717
520	143	1827	94.0437527088
521	146	1833	94.1013368378
522	143	1833	94.0688101465
523	146	1836	94.0241628622
524	149	1840	94.0407309147
525	147	1843	94.0038109615
526	151	1846	94.0649502533
527	156	1852	94.0903188233
528	154	1858	93.9928193896
529	159	1858	94.070072238
530	159	1865	94.0367575937
531	161	1872	93.9619730381
532	156	1879	93.8683129016
533	154	1881	93.8736922277
534	156	1885	93.9374333399
535	157	1888	94.0063333029
536	154	1891	93.9469163923
537	150	1895	93.9015228447
538	151	1898	93.8458964019
539	148	1902	93.8253128078
540	146	1903	93.9208318101
541	142	1904	93.8620799887
542	141	1904	93.8859184612
543	146	1904	93.9138284197
544	151	1910	93.8782776087
545	146	1911	93.7850152651
546	148	1916	93.86303997
547	144	1923	93.9062412011
548	146	1924	93.8299415324
549	141	1931	93.7799843048
550	137	1936	93.8469205666
551	132	1938	93.9175418025
552	136	1942	93.9713133097
553	138	1944	94.0024723847
554	135	1951	93.9505344309
555	135	1951	93.9913563775
556	134	1955	93.8919568598
557	138	1960	93.9312484747
558	137	1960	93.9767369544
559	133	1961	94.0317723697
560	128	1967	94.0174788349
561	125	1973	94.0683825359
562	128	1976	94.0410097562
563	131	1980	94.131456984
564	130	1980	94.1741391868
565	134	1980	94.1910374764
566	132	1982	94.1557448269
567	131	1986	94.1893283164
568	127	1989	94.1742357829
569	130	1996	94.2442601011
570	134	1996	94.1924133921
571	135	2001	94.2235722043
572	137	2008	94.3141144932
573	139	2012	94.2520163049
574	141	2015	94.3439108303
575	139	2015	94.2693296316
576	140	2020	94.3298208954
577	145	2021	94.2654393189
578	143	2027	94.3370967508
579	147	2028	94.3014544035
580	151	2029	94.357514776
581	153	2035	94.2987304907
582	149	2039	94.3199854808
583	150	2040	94.4115160734
584	149	2044	94.483709466
585	151	2046	94.5603243309
586	154	2047	94.6134982191
587	159	2052	94.6544833525
588	161	2052	94.5751073678
589	164	2056	94.5761941686
590	169	2060	94.5997779568
591	168	2065	94.5391115868
592	164	2068	94.5085697426
593	164	2071	94.4581381868
594	163	2072	94.4871034749
595	158	2075	94.4201244093
596	160	2075	94.4452773936
597	162	2079	94.3601620561
598	166	2084	94.3354354318
599	167	2091	94.388908382
600	168	2094	94.326021647
601	173	2095	94.4119709092
602	169	2096	94.4644733657
603	174	2100	94.454746034
604	173	2104	94.5546139217
605	174	2110	94.6259932887
606	172	2114	94.7126191258
607	171	2118	94.6841567445
608	166	2124	94.620589987
609	165	2128	94.5919903254
610	169	2131	94.6871938346
611	164	2134	94.7406871197
612	159	2136	94.8284447255
613	163	2136	94.7758075483
614	164	2138	94.7206898243
615	165	2141	94.8102229377
616	170	2146	94.821937217
617	167	2147	94.7932338758
618	172	2147	94.8054902116
619	171	2147	94.7844274265
620	172	2151	94.7870413264
621	175	2156	94.7623444703
622	176	2163	94.7999643838
623	172	2168	94.7418543503
624	169	2168	94.7424616066
625	166	2170	94.6614374279
626	170	2173	94.5643613356
627	174	2175	94.5429874963
628	177	2180	94.4673226495
629	180	2186	94.4147667235
630	178	2192	94.5113260652
631	177	2197	94.450602297
632	172	2200	94.4266338884
633	170	2203	94.4561186059
634	172	2203	94.4935319632
635	172	2207	94.5050625384
636	175	2207	94.4728012475
637	171	2210	94.5546686364
638	176	2216	94.5686142908
639	181	2216	94.6309504385
640	183	2216	94.7072534675
641	186	2217	94.7036367294
642	182	2218	94.7161405738
643	178	2221	94.646141794
644	174	2224	94.6972479734
645	178	2231	94.6444273576
646	179	2237	94.6158598954
647	180	2237	94.6550854005
648	176	2237	94.5937827373
649	172	2240	94.5474108648
650	172	2242	94.6287735317
651	169	2248	94.5594659816
652	170	2250	94.6574068688
653	168	2250	94.6598108601
654	171	2250	94.6687537155
655	166	2251	94.6744100653
656	165	2252	94.589244159
657	168	2259	94.5242305208
658	166	2262	94.5279689317
659	171	2267	94.6116772841
660	167	2269	94.6479983615
661	162	2271	94.6793348266
662	157	2273	94.7169879216
663	157	2273	94.7164645424
664	152	2276	94.7806004223
665	148	2283	94.8283716907
666	147	2288	94.7973428954
667	148	2290	94.8314339685
668	143	2294	94.8987952388
669	143	2295	94.8702624789
670	148	2296	94.8432366433
671	145	2299	94.7704316275
672	142	2301	94.6759100616
673	141	2302	94.6935076968
674	136	2309	94.6119166112
675	132	2313	94.5166913447
676	128	2313	94.5142129605
677	125	2320	94.4431400373
678	121	2320	94.4876017873
679	122	2323	94.4159673523
680	126	2326	94.4423811899
681	121	2327	94.4484420788
682	123	2332	94.4712614088
683	123	2332	94.5291074999
684	127	2336	94.4508749616
685	124	2341	94.4943593155
686	121	2348	94.4049532395
687	124	2354	94.3765295538
688	121	2357	94.4537245043
689	116	2360	94.4528100333
690	117	2365	94.4082681777
691	115	2368	94.4052129911
692	119	2370	94.3761902836
693	117	2372	94.2824593525
694	112	2379	94.3227591515
695	113	2384	94.2974959795
696	116	2389	94.2273115717
697	111	2391	94.2218391276
698	114	2394	94.1253981765
699	118	2398	94.1226114589
700	117	2405	94.1954819222
701	119	2412	94.235111983
702	114	2418	94.1894130307
703	110	2422	94.1525532414
704	109	2422	94.1165348999
705	106	2422	94.2009397463
706	104	2429	94.1453150422
707	101	2430	94.078967763
708	97	2437	94.0186283704
709	101	2437	93.9613733909
710	98	2444	93.9012798533
711	95	2448	93.8174182845
712	92	2448	93.7386634756
713	94	2450	93.7589677335
714	92	2456	93.7982713597
715	92	2458	93.8723638128
716	91	2464	93.9573207917
717	88	2469	93.8690200196
718	90	2475	93.847520121
719	91	2476	93.7758255386
720	95	2479	93.6855637251
721	97	2483	93.6749806962
722	96	2486	93.7329884423
723	101	2491	93.7472775758
724	97	2494	93.8078803921
725	99	2501	93.7514903815
726	98	2505	93.6846530746
727	103	2509	93.6795143814
728	103	2511	93.6974627745
729	98	2515	93.7691387785
730	102	2516	93.7268032568
731	97	2518	93.6710930361
732	94	2519	93.7504372674
733	96	2524	93.8132503403
734	96	2524	93.8673424567
735	96	2526	93.8339708027
736	100	2530	93.8547163481
737	97	2536	93.7998024068
738	100	2538	93.8617291275
739	97	2538	93.8541498121
740	97	2543	93.8387784255
741	99	2546	93.8127016401
742	101	2549	93.8181935461
743	105	2553	93.7745190736
744	104	2554	93.8379375244
745	102	2561	93.7419499038
746	101	2563	93.7215394498
747	104	2570	93.7109853576
748	108	2574	93.7481950905
749	108	2579	93.7016855936
750	104	2579	93.7585381029
751	103	2581	93.7482523507
752	103	2585	93.6641386156
753	108	2591	93.5716120751
754	112	2592	93.6696522434
755	108	2593	93.6149899963
756	104	2594	93.6301646502
757	100	2596	93.5488681989
758	97	2602	93.6065908447
759	99	2604	93.5977608488
760	100	2608	93.5887658582
761	101	2609	93.5470445341
762	99	2610	93.4515176449
763	98	2617	93.4911839902
764	101	2619	93.5380548279
765	106	2625	93.4576539431
766	106	2625	93.3615886868
767	109	2631	93.3462255121
768	107	2633	93.2823639044
769	111	2633	93.3499053903
770	107	2634	93.2697430481
771	105	2640	93.3394865101
772	109	2644	93.3386382601
773	112	2651	93.4305428197
774	110	2656	93.5162064391
775	111	2658	93.5716071747
776	107	2665	93.5844351452
777	110	2672	93.6264133367
778	105	2677	93.5589352191
779	102	2681	93.6522913109
780	101	2688	93.7000608561
781	96	2695	93.7495407423
782	96	2696	93.7019350976
783	95	2696	93.7432998165
784	93	2700	93.6979722755
785	96	2705	93.6410347549
786	96	2706	93.5470233924
787	97	2713	93.4893285636
788	102	2714	93.5479255128
789	99	2715	93.5261644379
790	100	2720	93.4990978296
791	100	2726	93.4458960966
792	101	2730	93.4520197877
793	102	2735	93.5412985711
794	101	2739	93.5781557994
795	96	2740	93.5917208561
796	100	2744	93.5343789955
797	100	2751	93.6263468932
798	95	2756	93.5998938421
799	97	2756	93.659682778
800	92	2761	93.6613795059
801	93	2765	93.6524862837
802	88	2766	93.571111939
803	87	2772	93.4878632264
804	87	2776	93.5431835591
805	88	2781	93.4957392547
806	92	2784	93.4178653589
807	93	2791	93.3296588068
808	90	2792	93.266708722
809	87	2793	93.2641893524
810	87	2800	93.2582770134
811	87	2805	93.3266583781
812	83	2806	93.2473664215
813	84	2809	93.2116523731
814	86	2810	93.1949968235
815	87	2811	93.2123978874
816	83	2811	93.2136868969
817	87	2811	93.2442667313
818	92	2817	93.1693183711
819	92	2824	93.2281659815
820	94	2831	93.2637724843
821	93	2836	93.2909468649
822	95	2836	93.3384603098
823	93	2841	93.2642156197
824	90	2842	93.2202062901
825	85	2842	93.2140124019
826	85	2843	93.2340773409
827	80	2849	93.1938702158
828	77	2849	93.2851343806
829	77	2850	93.3062958991
830	77	2850	93.2432271827
831	74	2856	93.28958264
832	76	2857	93.3447273325
833	81	2862	93.3440653766
834	77	2866	93.3166484731
835	77	2869	93.255244976
836	81	2872	93.1812045631
837	77	2872	93.1661347502
838	75	2879	93.1623536569
839	76	2884	93.0734434683
840	78	2885	93.0281008664
841	74	2889	92.9398063674
842	76	2895	92.8407470069
843	80	2896	92.7836579578
844	81	2901	92.8785415559
845	85	2905	92.9043893844
846	80	2910	92.9037762952
847	77	2913	92.959759313
848	79	2913	93.0438949246
849	83	2915	93.0068768199
850	86	2920	92.9396851124
851	88	2920	92.891149424
852	90	2925	92.8835186752
853	90	2927	92.7990241556
854	89	2928	92.772421494
855	92	2932	92.713576912
856	89	2938	92.6540331169
857	90	2944	92.7501567954
858	86	2950	92.7871024783
859	91	2956	92.7362232143
860	95	2956	92.7684289223
861	94	2958	92.7185295128
862	97	2960	92.6733617095
863	93	2965	92.6981033228
864	94	2968	92.6318875858
865	89	2975	92.5537688274
866	94	2980	92.6354659221
867	97	2982	92.582421962
868	92	2985	92.4893178515
869	96	2988	92.5552187437
870	100	2989	92.5624999909
871	97	2989	92.4887835743
872	97	2992	92.5770619671
873	102	2999	92.628030432
874	98	3002	92.5895538362
875	95	3003	92.593427836
876	93	3006	92.6658713006
877	95	3012	92.5757936861
878	98	3012	92.5728912182
879	98	3015	92.6454041626
880	94	3017	92.5502472903
881	91	3017	92.5806835545
882	91	3023	92.5815988671
883	93	3025	92.5397002898
884	95	3029	92.6393397101
885	91	3031	92.5756312068
886	87	3033	92.6097686153
887	91	3034	92.6218354261
888	86	3034	92.5600875236
889	84	3038	92.5897934922
890	82	3043	92.6351562891
891	80	3045	92.5704595217
892	78	3051	92.5449277263
893	82	3054	92.5312895819
894	83	3060	92.5263870196
895	79	3066	92.4639540313
896	84	3068	92.5267901694
897	81	3075	92.4500194219
898	78	3076	92.3755292255
899	78	3080	92.4441752992
900	79	3085	92.3794025221
901	74	3087	92.3818940681
902	74	3088	92.3560931837
903	78	3092	92.3370845201
904	77	3095	92.3412518029
905	81	3097	92.3999967811
906	77	3101	92.4613671472
907	78	3106	92.4970418924
908	77	3107	92.5449915383
909	77	3110	92.533237275
910	81	3114	92.4951306228
911	78	3120	92.5631428072
912	78	3124	92.6136928423
913	79	3130	92.705209431
914	74	3134	92.7239952903
915	72	3141	92.6438228691
916	68	3147	92.6518495958
917	63	3148	92.6591342159
918	59	3155	92.5929475887
919	63	3156	92.4952719319
920	68	3160	92.5620210793
921	66	3160	92.5289037621
922	69	3162	92.4513145435
923	69	3165	92.5232479965
924	67	3170	92.5697112141
925	64	3177	92.5090712606
926	63	3180	92.5908198665
927	64	3182	92.688809728
928	66	3187	92.724957082
929	62	3188	92.6467249038
930	60	3194	92.6320900276
931	55	3196	92.5987466284
932	60	3201	92.686458403
933	64	3205	92.6441844489
934	68	3212	92.6222555361
935	64	3218	92.671376573
936	65	3225	92.6481709176
937	63	3226	92.73757382
938	60	3229	92.650649612
939	65	3233	92.5539874559
940	69	3233	92.4875022786
941	73	3237	92.5480223531
942	72	3239	92.4517169281
943	77	3242	92.3958447617
944	78	3245	92.4876652455
945	83	3250	92.4321354433
946	80	3255	92.3790734311
947	78	3262	92.2862566092
948	83	3267	92.3732154144
949	88	3269	92.3417087843
950	84	3271	92.3212411564
951	80	3274	92.360907228
952	79	3278	92.3752252583
953	76	3280	92.4281174223
954	75	3282	92.4180716636
955	75	3288	92.3673450058
956	73	3295	92.3452815838
957	74	3300	92.2886500789
958	73	3307	92.2512296857
959	69	3311	92.156668915
960	72	3317	92.2036597543
961	75	3322	92.1125291566
962	70	3324	92.0879416132
963	68	3325	92.1550779928
964	64	3326	92.1376638675
965	59	3328	92.234690608
966	58	3330	92.1731553271
967	56	3333	92.1213478492
968	52	3336	92.1533396889
969	56	3340	92.1528319235
970	53	3340	92.1073859935
971	56	3341	92.1963859822
972	61	3344	92.1023278191
973	64	3349	92.1079174913
974	63	3355	92.0797983839
975	68	3358	92.1205959065
976	72	3365	92.0347781068
977	70	3370	92.0620733282
978	65	3373	92.1249541264
979	67	3379	92.1511105674
980	69	3386	92.0882580343
981	68	3386	92.1310751239
982	73	3386	92.1012812542
983	72	3392	92.0637875121
984	67	3392	92.152360205
985	64	3399	92.0571088524
986	69	3405	92.0524347013
987	66	3409	91.9776648643
988	67	3410	92.0349067884
989	70	3415	92.0406985356
990	69	3415	92.0677252771
991	65	3418	92.1182222686
992	68	3419	92.031397257
993	71	3421	91.9856439671
994	66	3421	91.8978474476
995	66	3424	91.8207966215
996	70	3428	91.7409547482
997	73	3428	91.7536484344
998	76	3434	91.6873584333
999	81	3437	91.73332015
1000	85	3443	91.8257777178
1001	87	3445	91.8697201786
1002	90	3448	91.8617343913
1003	93	3448	91.8183679354
1004	88	3448	91.8708257042
1005	84	3450	91.8940503915
1006	84	3457	91.8406003626
1007	83	3457	91.8610251506
1008	86	3457	91.7845111019
1009	85	3459	91.7893101552
1010	88	3461	91.8282409578
1011	84	3462	91.884810842
1012	85	3464	91.8219673472
1013	82	3464	91.8256500305
1014	78	3469	91.7268551597
1015	77	3475	91.7794086715
1016	78	3481	91.7123058798
1017	83	3486	91.6771223508
1018	88	3490	91.7678803189
1019	88	3495	91.6722493423
1020	91	3502	91.7347652409
1021	91	3504	91.8099323615
1022	95	3510	91.8577388068
1023	100	3514	91.8826595728
1024	97	3520	91.885071521
1025	98	3524	91.8562738224
1026	100	3530	91.7790644273
1027	100	3533	91.6859840603
1028	102	3540	91.6114801403
1029	99	3541	91.5940555505
1030	102	3547	91.5034655002
1031	99	3547	91.422320869
1032	103	3549	91.4340431093
1033	101	3556	91.5198531253
1034	105	3557	91.5362986264
1035	107	3563	91.4785224966
1036	112	3570	91.5506904507
1037	110	3574	91.6403208683
1038	110	3577	91.7195157127
1039	107	3583	91.7444709416
1040	111	3586	91.7467141341
1041	114	3586	91.7577718167
1042	111	3590	91.7845511163
1043	106	3593	91.7811200938
1044	106	3593	91.8789365886
1045	102	3596	91.818109562
1046	106	3596	91.7754299721
1047	101	3596	91.7048367906
1048	105	3598	91.7219153699
1049	110	3601	91.801100758
1050	105	3605	91.8826701122
1051	100	3610	91.8129841352
1052	99	3612	91.8963892061
1053	104	3619	91.9687598255
1054	99	3626	92.024917375
1055	100	3629	91.9750653421
1056	96	3633	92.006795032
1057	93	3637	91.9669287429
1058	97	3644	92.0358698768
1059	94	3648	91.9924287522
1060	91	3651	92.0557339378
1061	90	3653	91.9755637967
1062	89	3659	91.9297411452
1063	87	3660	92.01033281
1064	88	3664	91.9843261592
1065	92	3671	91.922537039
1066	96	3672	91.967829798
1067	95	3678	91.964004692
1068	91	3681	91.961498718
1069	92	3682	91.8964799512
1070	89	3685	91.8398914317
1071	84	3686	91.8441607381
1072	82	3690	91.814327728
1073	81	3690	91.7844932034
1074	76	3690	91.7150606288
1075	76	3696	91.7763098344
1076	71	3697	91.8740445906
1077	70	3698	91.9719075596
1078	74	3704	91.8851158163
1079	71	3706	91.7925872053
1080	69	3706	91.7930152465
1081	72	3710	91.8359645191
1082	72	3716	91.910580702
1083	72	3722	91.9668116018
1084	70	3724	91.9224713866
1085	75	3724	91.9996737827
1086	72	3729	91.9405767556
1087	68	3730	91.977987397
1088	68	3734	91.967732287
1089	69	3738	91.9513999506
1090	68	3743	91.9424452764
1091	70	3744	91.9532334225
1092	69	3744	91.8549706826
1093	74	3746	91.844843275
1094	73	3749	91.7467766338
1095	69	3750	91.7346356219
1096	67	3753	91.6437466519
1097	63	3753	91.5530715203
1098	65	3757	91.528099873
1099	70	3763	91.6208949508
1100	75	3768	91.5580014078
1101	77	3772	91.6083067301
1102	73	3773	91.659416875
1103	68	3774	91.7521362184
1104	69	3778	91.6723245608
1105	65	3779	91.7368547278
1106	66	3786	91.8345757708
1107	64	3787	91.8048778314
1108	61	3787	91.7657522422
1109	61	3790	91.6818637846
1110	60	3793	91.7432302425
1111	65	3797	91.6662601716
1112	69	3803	91.598275488
1113	67	3808	91.5605473954
1114	70	3809	91.5183172349
1115	73	3809	91.6107956129
1116	72	3812	91.628072132
1117	75	3813	91.6931404614
1118	75	3816	91.7631433169
1119	77	3822	91.742241325
1120	75	3824	91.6948713135
1121	80	3824	91.6519405115
1122	80	3824	91.7367137566
1123	80	3825	91.6489363542
1124	78	3832	91.705731214
1125	74	3838	91.7478783926
1126	73	3841	91.7182932054
1127	75	3845	91.6591652618
1128	76	3849	91.7484065127
1129	79	3849	91.820833002
1130	80	3852	91.7677641194
1131	77	3852	91.68678627
1132	80	3857	91.658158581
1133	80	3859	91.7408787534
1134	78	3863	91.6833724963
1135	81	3864	91.7088220691
1136	84	3868	91.6972915697
1137	85	3871	91.7502557425
1138	85	3876	91.7124086818
1139	87	3878	91.7044509525
1140	89	3881	91.7598171267
1141	84	3888	91.7742060215
1142	79	3895	91.6873654133
1143	74	3902	91.7160321698
1144	76	3904	91.6962650008
1145	80	3907	91.7828639911
1146	83	3914	91.782763969
1147	88	3916	91.8262656931
1148	83	3921	91.7936601107
1149	88	3924	91.8065447503
1150	92	3927	91.7339166876
1151	90	3932	91.7404873093
1152	93	3939	91.7438046058
1153	94	3943	91.7692071802
1154	91	3948	91.7424746092
1155	88	3955	91.7147186601
1156	90	3955	91.7776955284
1157	92	3959	91.6965857666
1158	96	3963	91.7938518438
1159	92	3970	91.8922326862
1160	91	3974	91.8040526543
1161	89	3978	91.8827368548
1162	87	3981	91.8611271353
1163	91	3986	91.8726025933
1164	88	3991	91.8365707595
1165	88	3997	91.7635550046
1166	91	4001	91.8083279429
1167	86	4004	91.7519832426
1168	84	4009	91.8482613598
1169	83	4009	91.8051696687
1170	79	4012	91.7673147053
1171	75	4019	91.8169075499
1172	78	4020	91.7897933909
1173	81	4025	91.7406430409
1174	83	4026	91.770370438
1175	83	4027	91.7042316255
1176	80	4030	91.7156527146
1177	77	4035	91.7571012503
1178	76	4039	91.6895722478
1179	71	4041	91.7167035231
1180	71	4043	91.6476519866
1181	74	4043	91.6930884721
1182	75	4049	91.7492524259
1183	79	4050	91.7660002197
1184	84	4057	91.734872246
1185	83	4057	91.7951251625
1186	82	4057	91.7163928286
1187	85	4058	91.6824361886
1188	85	4059	91.7347362828
1189	86	4059	91.768213332
1190	90	4065	91.6942606736
1191	90	4072	91.7500954235
1192	92	4072	91.7120481883
1193	91	4077	91.7931231913
1194	88	4078	91.8805977219
1195	89	4078	91.892521349
1196	84	4079	91.9787581774
1197	80	4079	91.918477159
1198	84	4084	91.9015489223
1199	89	4090	91.9939032259
1200	86	4094	92.072401426
1201	86	4101	92.0983263625
1202	89	4101	92.0670892795
1203	86	4105	92.0503616511
1204	83	4108	92.0592892972
1205	82	4112	92.0832801667
1206	83	4114	92.0878610318
1207	86	4120	92.0563768751
1208	91	4124	92.0600380953
1209	92	4125	92.056717788
1210	95	4130	92.0018039438
1211	95	4130	92.0716749154
1212	95	4133	92.139929019
1213	92	4137	92.1660455208
1214	97	4143	92.2016910515
1215	95	4143	92.2543199893
1216	95	4149	92.2990375273
1217	96	4152	92.3933741002
1218	101	4154	92.3876015856
1219	103	4157	92.3639387121
1220	105	4164	92.3689172358
1221	109	4171	92.3753303493
1222	106	4175	92.4554790386
1223	104	4181	92.5119904333
1224	108	4187	92.5521735175
1225	105	4190	92.5355773659
1226	110	4196	92.5748600938
1227	113	4202	92.5313690782
1228	117	4206	92.5760936345
1229	112	4212	92.5677812781
1230	114	4215	92.6242310565
1231	118	4220	92.6416437977
1232	120	4220	92.7186437693
1233	116	4226	92.6780570725
1234	112	4229	92.6085313138
1235	108	4236	92.5821399731
1236	105	4240	92.6030794512
1237	102	4241	92.6371244541
1238	99	4246	92.6325125085
1239	102	4252	92.6477684305
1240	100	4259	92.6104468455
1241	99	4263	92.6687075761
1242	95	4266	92.6841914531
1243	90	4267	92.6132111114
1244	87	4267	92.5982985051
1245	84	4267	92.6251232331
1246	84	4272	92.5811411802
1247	83	4272	92.5939077021
1248	85	4278	92.5418807914
1249	81	4282	92.4577389093
1250	84	4283	92.4370958365
1251	88	4287	92.4339159573
1252	93	4287	92.3794388934
1253	95	4293	92.4688831111
1254	95	4299	92.5415995884
1255	97	4306	92.4499530981
1256	101	4306	92.5331391522
1257	102	4313	92.4374653807
1258	106	4317	92.3993728931
1259	102	4320	92.3604586349
1260	106	4325	92.3000410515
1261	108	4328	92.2624732757
1262	110	4329	92.2963731946
1263	113	4332	92.3628315253
1264	114	4335	92.2888192017
1265	118	4337	92.338342509
1266	117	4344	92.3555426193
1267	122	4351	92.2700800785
1268	127	4357	92.1988916346
1269	130	4361	92.1915317556
1270	131	4365	92.2105655949
1271	126	4372	92.1297309991
1272	122	4377	92.2289271205
1273	126	4380	92.2603468257
1274	131	4383	92.2346543642
1275	128	4385	92.1562627242
1276	126	4391	92.1266768416
1277	130	4397	92.1094080388
1278	129	4402	92.0670470273
1279	134	4407	92.1153146142
1280	139	4411	92.0592203541
1281	134	4413	91.9766142057
1282	129	4416	91.8808270963
1283	124	4423	91.8077486189
1284	122	4427	91.8821489504
1285	122	4434	91.7851884232
1286	125	4439	91.8028379134
1287	122	4445	91.7858778265
1288	121	4451	91.7671559507
1289	121	4452	91.7925937554
1290	126	4455	91.8517498598
1291	125	4462	91.9013670149
1292	129	4465	91.8504892486
1293	124	4468	91.7559709428
1294	124	4469	91.8324022544
1295	124	4476	91.7622110597
1296	128	4481	91.7072233933
1297	131	4481	91.7071298018
1298	136	4488	91.7467085978
1299	135	4493	91.7002898624
1300	131	4500	91.6966896554
1301	126	4504	91.7132784001
1302	130	4509	91.8127890803
1303	134	4516	91.9008144918
1304	131	4520	91.9775286253
1305	129	4525	91.9842410897
1306	131	4531	91.9719256918
1307	136	4536	92.0369079876
1308	136	4539	91.9518576462
1309	131	4545	91.9578674721
1310	132	4549	91.9095857664
1311	135	4552	91.8173623049
1312	131	4558	91.8801104971
1313	131	4563	91.9521574916
1314	129	4566	91.8618991706
1315	128	4567	91.9170875838
1316	132	4573	91.9082857872
1317	132	4580	91.9900083979
1318	136	4582	91.9965088953
1319	136	4585	92.0019943345
1320	131	4587	91.9628895831
1321	135	4594	91.9554715575
1322	131	4601	92.0382925221
1323	135	4606	92.0728197528
1324	139	4608	91.9732332782
1325	142	4610	91.9655199202
1326	140	4613	91.9698068453
1327	135	4615	91.9606778935
1328	131	4615	91.9891865347
1329	135	4615	91.9330049049
1330	130	4622	91.8805667314
1331	125	4622	91.8106450091
1332	126	4622	91.8574818644
1333	129	4623	91.8226680599
1334	133	4623	91.8449453605
1335	128	4630	91.8862284796
1336	130	4631	91.8227868711
1337	125	4634	91.815412467
1338	121	4634	91.7909815082
1339	116	4634	91.8584066308
1340	116	4634	91.8234834006
1341	112	4634	91.7352397432
1342	117	4639	91.6414595687
1343	118	4639	91.6622556726
1344	119	4645	91.6897718217
1345	122	4651	91.6184934429
1346	123	4651	91.7084794718
1347	118	4658	91.6489544723
1348	113	4659	91.5654066221
1349	116	4660	91.507678478
1350	117	4661	91.4953608793
1351	114	4661	91.4603497447
1352	118	4666	91.3856681944
1353	114	4670	91.4023293326
1354	109	4674	91.3622988349
1355	106	4674	91.4131535731
1356	104	4677	91.444922034
1357	103	4680	91.5020116817
1358	104	4681	91.457183425
1359	104	4686	91.5237229215
1360	106	4690	91.5686511874
1361	110	4695	91.5687319298
1362	105	4699	91.6080068304
1363	106	4700	91.6145061557
1364	103	4705	91.5295054443
1365	103	4712	91.5888769354
1366	103	4718	91.4897937673
1367	104	4725	91.5804433107
1368	101	4732	91.6781505136
1369	102	4733	91.7199037009
1370	107	4739	91.7604595592
1371	107	4743	91.8464575659
1372	108	4750	91.8220684971
1373	107	4752	91.7336190608
1374	110	4752	91.6798567954
1375	106	4754	91.6282311131
1376	106	4757	91.599577224
1377	107	4762	91.6010007607
1378	108	4768	91.5195015649
1379	105	4772	91.5335103282
1380	110	4778	91.6179065541
1381	114	4783	91.6660678222
1382	117	4789	91.6235651142
1383	114	4790	91.6392641891
1384	110	4797	91.6132982763
1385	108	4802	91.535290734
1386	112	4804	91.5155028987
1387	115	4805	91.4808212925
1388	111	4811	91.5002230239
1389	114	4817	91.4005386904
1390	112	4823	91.4104570359
1391	109	4827	91.3811793602
1392	104	4833	91.3674978659
1393	107	4836	91.4066479751
1394	106	4836	91.457186302
1395	111	4836	91.3989561645
1396	112	4839	91.3953948865
1397	116	4843	91.3661271386
1398	121	4846	91.4641263873
1399	117	4848	91.3760733883
1400	115	4849	91.3456526707
1401	117	4856	91.3874225396
1402	122	4861	91.3745512914
1403	125	4867	91.3647475184
1404	124	4870	91.3131603287
1405	126	4875	91.2967598032
1406	129	4878	91.3199941457
1407	128	4885	91.364621382
1408	132	4886	91.4309591566
1409	133	4887	91.4295024513
1410	136	4893	91.4012108013
1411	135	4896	91.3138377803
1412	131	4899	91.411152534
1413	129	4901	91.4375720604
1414	131	4904	91.3910095841
1415	132	4904	91.4003668268
1416	135	4908	91.336296153
1417	131	4910	91.2639439115
1418	131	4917	91.3500638596
1419	131	4924	91.2824471737
1420	131	4931	91.2253650914
1421	135	4938	91.3104794963
1422	138	4944	91.4063366664
1423	138	4948	91.4554840924
1424	140	4955	91.5294264418
1425	136	4955	91.5688718129
1426	136	4958	91.5017730246
1427	139	4964	91.4794675165
1428	144	4964	91.4646347435
1429	149	4965	91.5000024865
1430	148	4972	91.5865831863
1431	144	4976	91.5610841072
1432	143	4980	91.6543578905
1433	145	4981	91.731117617
1434	147	4981	91.7643173793
1435	152	4985	91.8263407194
1436	149	4987	91.8180719928
1437	154	4989	91.7831283077
1438	159	4992	91.8135235102
1439	154	4996	91.7218997551
1440	159	4999	91.6736632103
1441	164	5001	91.6496351948
1442	164	5008	91.5947933038
1443	169	5008	91.5131126699
1444	165	5008	91.5873793363
1445	162	5012	91.6462518044
1446	160	5014	91.6451894054
1447	162	5020	91.6238753241
1448	167	5020	91.5360090985
1449	167	5026	91.4569782691
1450	168	5029	91.4643238058
1451	164	5033	91.4789619909
1452	161	5034	91.4851743027
1453	158	5038	91.5138388571
1454	153	5040	91.506409173
1455	158	5041	91.4930200607
1456	155	5044	91.5700969161
1457	159	5050	91.5668779042
1458	159	5052	91.5032931608
1459	159	5052	91.5072936756
1460	157	5053	91.4126190106
1461	162	5053	91.5065343997
1462	164	5056	91.5468170292
1463	164	5059	91.5043395613
1464	169	5061	91.5428505144
1465	170	5064	91.5945937585
1466	174	5071	91.6681766052
1467	172	5074	91.5689757478
1468	175	5076	91.6580146598
1469	176	5080	91.5756131274
1470	176	5087	91.4932483093
1471	175	5090	91.4187219359
1472	174	5093	91.3643714152
1473	178	5097	91.3516547583
1474	182	5102	91.4098230382
1475	178	5108	91.4145166922
1476	177	5115	91.3683062814
1477	176	5116	91.4060064891
1478	179	5121	91.4493951972
1479	181	5127	91.416330075
1480	185	5133	91.5099370682
1481	185	5139	91.5478207045
1482	184	5142	91.5735599592
1483	189	5144	91.5875519111
1484	192	5149	91.5035928896
1485	195	5154	91.5805612015
1486	191	5159	91.5077198263
1487	186	5163	91.5931859405
1488	186	5170	91.6446052934
1489	191	5172	91.5842015822
1490	190	5173	91.4896617373
1491	190	5178	91.4657776673
1492	193	5181	91.4871451926
1493	196	5188	91.5612499686
1494	198	5193	91.4984141797
1495	200	5193	91.5302921742
1496	196	5200	91.5090624493
1497	196	5204	91.4470283141
1498	197	5208	91.4954293403
1499	198	5213	91.4884962801
1500	199	5219	91.4506228109
1501	198	5220	91.4581606744
1502	200	5220	91.4730237263
1503	200	5225	91.5677619851
1504	199	5229	91.5170986367
1505	200	5234	91.458393204
1506	200	5238	91.5140553719
1507	196	5239	91.4463617032
1508	194	5241	91.4719271225
1509	192	5243	91.4986184709
1510	188	5243	91.408846197
1511	192	5246	91.4975845532
1512	195	5246	91.5837499654
1513	192	5246	91.5197234486
1514	192	5250	91.5981142385
1515	189	5252	91.5182709607
1516	186	5259	91.5973878564
1517	184	5264	91.5347486989
1518	187	5268	91.5630398198
1519	192	5269	91.5586057917
1520	194	5273	91.5209414199
1521	190	5276	91.4472851977
1522	185	5281	91.4367813348
1523	180	5286	91.4595664181
1524	177	5288	91.4121133992
1525	177	5295	91.4713124907
1526	173	5298	91.5373746647
1527	174	5301	91.5259619034
1528	171	5306	91.5945907223
1529	171	5308	91.6069781556
1530	176	5314	91.5731409222
1531	181	5319	91.6298096959
1532	185	5320	91.7176503706
1533	183	5327	91.6241185684
1534	183	5332	91.5988590828
1535	180	5334	91.6488834499
1536	181	5339	91.552892211
1537	183	5340	91.4955168262
1538	186	5347	91.4194352807
1539	185	5350	91.4321761431
1540	181	5356	91.5279075811
1541	182	5359	91.5339332376
1542	179	5363	91.5378288901
1543	184	5363	91.6216592176
1544	188	5367	91.5939473511
1545	190	5374	91.684580345
1546	187	5374	91.6648434346
1547	183	5381	91.7199453968
1548	183	5383	91.7157798563
1549	185	5383	91.6317206423
1550	185	5390	91.6539125369
1551	180	5396	91.6616356946
1552	178	5403	91.7324670616
1553	175	5406	91.6562841072
1554	170	5413	91.6755118856
1555	168	5416	91.6387767931
1556	171	5419	91.6926043656
1557	170	5425	91.7074187064
1558	170	5427	91.6291678117
1559	175	5429	91.5917176317
1560	173	5435	91.5023877895
1561	173	5441	91.4411842456
1562	172	5446	91.52307144
1563	173	5451	91.4499847606
1564	178	5457	91.4775198929
1565	183	5464	91.380559397
1566	181	5471	91.2875632809
1567	178	5475	91.3595523566
1568	175	5481	91.3225066633
1569	172	5485	91.3850908442
1570	170	5487	91.3716618173
1571	166	5491	91.3007818269
1572	169	5495	91.287795314
1573	167	5495	91.2795041325
1574	165	5499	91.2516737184
1575	166	5500	91.2203818369
1576	169	5500	91.3116541148
1577	171	5506	91.3461898015
1578	166	5512	91.4451516384
1579	167	5517	91.3892517855
1580	163	5518	91.4135787984
1581	167	5525	91.3720971201
1582	163	5532	91.3018610123
1583	167	5532	91.3168466039
1584	164	5533	91.2882602995
1585	162	5540	91.2191930303
1586	162	5540	91.1890367792
1587	165	5545	91.1968002565
1588	161	5548	91.2936141681
1589	161	5555	91.3564498501
1590	157	5557	91.3458315777
1591	156	5557	91.4201935294
1592	158	5558	91.3379681083
1593	160	5564	91.4258404293
1594	162	5567	91.4736237742
1595	157	5570	91.4222859769
1596	155	5573	91.4181874302
1597	151	5579	91.4167214525
1598	146	5585	91.4985943746
1599	150	5585	91.5640633382
1600	153	5589	91.4805086621
1601	153	5590	91.416312944
1602	154	5597	91.4506436372
1603	159	5599	91.4603453488
1604	154	5604	91.4930215737
1605	150	5610	91.5157393555
1606	151	5611	91.4993331311
1607	149	5614	91.5858310463
1608	146	5618	91.6768937777
1609	150	5623	91.6604043525
1610	155	5624	91.716009815
1611	157	5625	91.6365631311
1612	154	5625	91.6304426608
1613	149	5630	91.6903761795
1614	147	5633	91.5988621713
1615	144	5636	91.5055396889
1616	143	5636	91.4695779792
1617	146	5643	91.3951081622
1618	147	5648	91.47901264
1619	150	5650	91.4775525206
1620	148	5657	91.5157846164
1621	152	5657	91.4752871221
1622	155	5662	91.4022993622
1623	159	5668	91.4759396212
1624	163	5672	91.4882029632
1625	158	5678	91.4576626891
1626	156	5684	91.4757285036
1627	161	5684	91.5446154685
1628	159	5686	91.4882866418
1629	157	5689	91.4409494669
1630	161	5695	91.3852763117
1631	166	5702	91.4302259138
1632	163	5703	91.3599433283
1633	167	5709	91.2919675661
1634	162	5713	91.2370765234
1635	160	5720	91.1583629497
1636	158	5724	91.1983900608
1637	153	5725	91.26379457
1638	151	5730	91.2409883071
1639	147	5732	91.1885893077
1640	147	5738	91.1278412295
1641	147	5744	91.1489038473
1642	151	5744	91.1206020629
1643	146	5748	91.1251846788
1644	143	5752	91.0671031791
1645	139	5753	91.0159708403
1646	136	5757	90.9412107654
1647	131	5757	90.9147932495
1648	126	5764	90.8658512867
1649	123	5768	90.9262373093
1650	127	5768	90.897200653
1651	132	5771	90.939789196
1652	136	5772	91.0095686708
1653	131	5772	91.0336079069
1654	132	5779	91.0612273401
1655	131	5784	91.1610271077
1656	136	5790	91.0989899819
1657	136	5790	91.0620435275
1658	140	5796	91.1392216558
1659	142	5802	91.1553981634
1660	147	5808	91.2179989817
1661	145	5809	91.1188369918
1662	144	5814	91.166409474
1663	149	5818	91.1071543171
1664	144	5825	91.0811314286
1665	147	5832	91.0875201658
1666	147	5834	91.0266835553
1667	151	5834	90.9554740908
1668	149	5835	90.8887801674
1669	144	5841	90.9599556132
1670	144	5848	90.9084578029
1671	139	5852	90.9567662047
1672	134	5852	90.8856155631
1673	139	5852	90.9654731536
1674	134	5858	90.8783585461
1675	136	5863	90.8145341814
1676	138	5869	90.7409397763
1677	135	5873	90.7959157929
1678	133	5878	90.6975981622
1679	138	5880	90.6198071672
1680	141	5884	90.6862108673
1681	141	5885	90.6198231833
1682	139	5890	90.6203534904
1683	138	5891	90.713440101
1684	139	5896	90.8112529556
1685	137	5901	90.7148582459
1686	132	5908	90.6529312576
1687	135	5911	90.6702045659
1688	132	5914	90.704656264
1689	131	5920	90.7537891504
1690	127	5923	90.759181097
1691	131	5927	90.8394329587
1692	126	5927	90.8360830646
1693	123	5930	90.8935225818
1694	118	5936	90.8595461231
1695	113	5941	90.930398434
1696	112	5943	90.9010839037
1697	110	5944	90.8452205335
1698	108	5951	90.8966470511
1699	107	5952	90.973791123
1700	107	5954	90.8759797836
1701	106	5960	90.8272745844
1702	106	5965	90.8817659496
1703	102	5969	90.9074979621
1704	105	5970	90.9475942612
1705	102	5976	91.0424798132
1706	105	5976	91.1013137706
1707	101	5983	91.135492832
1708	97	5986	91.1086645301
1709	92	5991	91.2016616727
1710	94	5997	91.23867708
1711	96	5997	91.2695384464
1712	100	5998	91.3628033457
1713	99	6003	91.3774269455
1714	104	6004	91.3877745902
1715	108	6011	91.3227214943
1716	113	6018	91.3492784259
1717	116	6025	91.3606241695
1718	120	6032	91.4236452931
1719	124	6034	91.4219622301
1720	126	6038	91.4859270746
1721	122	6041	91.4193599047
1722	127	6048	91.3848154857
1723	132	6055	91.3218353655
1724	137	6055	91.3454923106
1725	142	6059	91.2674135792
1726	145	6064	91.3159315047
1727	145	6071	91.314791033
1728	149	6076	91.343703764
1729	146	6082	91.4289992724
1730	150	6082	91.3344734772
1731	147	6082	91.3946680692
1732	145	6086	91.4633477959
1733	150	6091	91.4612392852
1734	153	6098	91.5242768775
1735	150	6102	91.5044548349
1736	146	6107	91.4972074893
1737	151	6108	91.5221217533
1738	148	6108	91.5022624061
1739	145	6115	91.4695347739
1740	141	6115	91.4582375507
1741	142	6120	91.3846731693
1742	147	6120	91.2892987662
1743	151	6120	91.3600259892
1744	146	6122	91.3393113957
1745	150	6127	91.3257738294
1746	145	6128	91.331936034
1747	144	6133	91.418759134
1748	147	6137	91.4842352006
1749	152	6142	91.4544723918
1750	149	6147	91.4631828419
1751	154	6149	91.3956442622
1752	158	6155	91.3554187848
1753	154	6159	91.3484860594
1754	149	6166	91.294140656
1755	149	6171	91.3172600358
1756	153	6173	91.4113228307
1757	157	6178	91.465993094
1758	155	6185	91.435149367
1759	151	6186	91.3965862635
1760	152	6193	91.3960636998
1761	147	6197	91.3170009646
1762	148	6204	91.3649880676
1763	143	6205	91.4322672274
1764	144	6205	91.5064818601
1765	142	6205	91.5654328717
1766	139	6210	91.5636663978
1767	144	6213	91.5618074389
1768	145	6213	91.6114329935
1769	148	6213	91.71044593
1770	148	6214	91.7738986657
1771	153	6214	91.6985931753
1772	151	6216	91.7984761657
1773	146	6220	91.8845782192
1774	146	6226	91.9279587577
1775	149	6229	91.8426360668
1776	150	6230	91.8884092489
1777	148	6236	91.8292250355
1778	151	6237	91.7395104113
1779	146	6238	91.7598090529
1780	144	6238	91.8124074311
1781	147	6239	91.7443479162
1782	152	6242	91.7990300853
1783	148	6242	91.7789615536
1784	147	6243	91.7976164756
1785	145	6247	91.8005296421
1786	148	6248	91.8513418568
1787	143	6248	91.8030291452
1788	147	6251	91.7591555721
1789	150	6251	91.8009971546
1790	145	6258	91.8798763514
1791	149	6259	91.8053632897
1792	146	6261	91.7654327009
1793	142	6265	91.6657616496
1794	147	6269	91.6685330152
1795	144	6269	91.7449555285
1796	145	6274	91.6773983427
1797	149	6274	91.6128987734
1798	151	6279	91.6673615333
1799	156	6285	91.6347173827
1800	159	6288	91.6294887847
1801	155	6288	91.5359426617
1802	159	6295	91.5747473982
1803	160	6300	91.4936210198
1804	164	6306	91.5621734147
1805	165	6311	91.4725463421
1806	166	6311	91.5327943126
1807	166	6313	91.6302763542
1808	164	6320	91.7266339574
1809	159	6326	91.7226812827
1810	163	6332	91.8025922399
1811	158	6336	91.7846772649
1812	157	6342	91.794661179
1813	160	6347	91.8900290596
1814	159	6352	91.860776913
1815	157	6352	91.8916772106
1816	157	6354	91.9516170816
1817	161	6358	91.9627655556
1818	156	6363	91.9121712136
1819	153	6363	91.8644188913
1820	156	6363	91.8753974768
1821	153	6367	91.9651104953
1822	153	6368	91.9675496308
1823	153	6375	92.0348891228
1824	150	6377	92.1108620323
1825	146	6383	92.2045133786
1826	146	6386	92.224758628
1827	147	6392	92.1388840574
1828	143	6399	92.1717427039
1829	145	6404	92.1525265693
1830	140	6410	92.0867215092
1831	137	6415	92.0059874174
1832	138	6420	91.9119173467
1833	142	6425	91.9990166341
1834	139	6428	91.9173516833
1835	140	6435	91.8498044887
1836	138	6435	91.7932466902
1837	133	6442	91.7513420774
1838	128	6445	91.7721515087
1839	123	6450	91.8705803588
1840	125	6457	91.8802945311
1841	126	6463	91.8808610469
1842	128	6466	91.8855460793
1843	127	6472	91.8716054318
1844	128	6479	91.8505689592
1845	127	6481	91.9318577148
1846	129	6485	91.8750859882
1847	128	6491	91.8821941893
1848	124	6497	91.8586334249
1849	128	6498	91.8466311125
1850	124	6503	91.9445620162
1851	124	6505	91.9836067541
1852	119	6509	91.9198083852
1853	122	6510	91.9654530995
1854	121	6511	91.9613195608
1855	118	6512	92.0322224008
1856	113	6516	92.1227837905
1857	113	6520	92.0288906639
1858	118	6523	92.0791966045
1859	115	6527	92.0812563079
1860	111	6532	92.1794977281
1861	111	6539	92.0991133544
1862	109	6544	92.1797956482
1863	109	6551	92.1114130724
1864	106	6557	92.1073593481
1865	104	6564	92.1743617464
1866	106	6564	92.1766647351
1867	110	6568	92.2231169184
1868	107	6571	92.1484412954
1869	110	6572	92.0994420235
1870	113	6575	92.096102565
1871	108	6578	92.0888802618
1872	113	6580	92.1249673762
1873	117	6586	92.1863230941
1874	120	6593	92.2019151775
1875	115	6596	92.1809815399
1876	119	6603	92.1214418095
1877	123	6606	92.1326902361
1878	122	6606	92.2057942568
1879	117	6607	92.1426576373
1880	118	6608	92.2221481189
1881	113	6609	92.2231564128
1882	112	6612	92.2916777047
1883	114	6613	92.3073415717
1884	112	6614	92.328186265
1885	108	6614	92.2329268932
1886	112	6619	92.2197697484
1887	110	6620	92.2554369718
1888	105	6620	92.1766446904
1889	108	6623	92.0769414678
1890	105	6626	92.159326531
1891	110	6628	92.1156106532
1892	113	6628	92.1767271432
1893	109	6635	92.2510653257
1894	108	6635	92.1811928243
1895	111	6642	92.2556208
1896	114	6648	92.3344133798
1897	117	6648	92.3256269991
1898	113	6654	92.423135232
1899	113	6655	92.4576195797
1900	115	6655	92.3586452422
1901	113	6660	92.4103076556
1902	112	6667	92.4659007079
1903	114	6667	92.5170852098
1904	117	6670	92.4744957767
1905	112	6673	92.4928752379
1906	108	6680	92.5456574037
1907	113	6683	92.4995110833
1908	109	6689	92.5604325752
1909	110	6694	92.4800752859
1910	113	6694	92.4158750546
1911	108	6699	92.3810496074
1912	106	6702	92.431912413
1913	107	6703	92.5203703561
1914	102	6705	92.5966034496
1915	105	6709	92.5183219919
1916	101	6709	92.4986832207
1917	100	6713	92.5476443831
1918	95	6720	92.5051963833
1919	100	6720	92.5411714669
1920	99	6724	92.6352689229
1921	102	6724	92.5761657313
1922	101	6727	92.5667210803
1923	100	6727	92.5476948114
1924	98	6734	92.551631956
1925	97	6738	92.6395032239
1926	99	6739	92.684561353
1927	100	6740	92.6846199867
1928	100	6747	92.7629578207
1929	105	6751	92.7843767519
1930	103	6757	92.7145992175
1931	105	6760	92.6550667649
1932	107	6764	92.5686575442
1933	112	6766	92.6388951936
1934	108	6769	92.7175715404
1935	103	6775	92.6368475253
1936	108	6781	92.5528498341
1937	105	6784	92.6086708339
1938	100	6789	92.5277727022
1939	100	6794	92.5703005769
1940	100	6795	92.6014845634
1941	101	6796	92.5523283465
1942	100	6803	92.5500148287
1943	104	6807	92.6037715212
1944	106	6807	92.5333002174
1945	106	6810	92.4341232354
1946	108	6810	92.3374904914
1947	103	6810	92.4347269043
1948	106	6816	92.4449459867
1949	111	6820	92.350450667
1950	113	6827	92.2705704034
1951	110	6830	92.3362226669
1952	106	6833	92.2447007907
1953	104	6835	92.2611470275
1954	108	6835	92.3523133923
1955	112	6840	92.2891740324
1956	107	6847	92.3878535496
1957	107	6849	92.4853961661
1958	110	6855	92.5169639001
1959	114	6862	92.4394293744
1960	117	6868	92.374282118
1961	116	6871	92.4408602345
1962	116	6877	92.4286412168
1963	118	6882	92.4029656969
1964	113	6886	92.4859492035
1965	111	6891	92.4693668994
1966	112	6898	92.4690641508
1967	111	6901	92.5047934005
1968	111	6903	92.5802466576
1969	108	6906	92.5157025911
1970	106	6909	92.544746781
1971	108	6910	92.5037474964
1972	109	6913	92.4599966781
1973	107	6914	92.537185954
1974	107	6915	92.6063177168
1975	109	6919	92.6185135585
1976	114	6926	92.5984451584
1977	118	6928	92.571968678
1978	123	6933	92.616260063
1979	125	6939	92.5787363529
1980	127	6939	92.6346570397
1981	128	6946	92.6950770064
1982	123	6953	92.7014471267
1983	119	6955	92.7730279502
1984	124	6960	92.7834845659
1985	123	6960	92.6867487536
1986	122	6964	92.7011630305
1987	126	6967	92.7454924031
1988	124	6969	92.8189236858
1989	119	6969	92.7488032551
1990	117	6973	92.8028814382
1991	115	6976	92.8305853124
1992	119	6982	92.866388642
1993	122	6989	92.8709602939
1994	119	6993	92.7864369644
1995	118	6999	92.784686962
1996	113	7003	92.7055245198
1997	109	7008	92.6307152786
1998	111	7013	92.7118084025
1999	111	7014	92.7619650082
2000	115	7017	92.7742532911
2001	119	7019	92.7936581274
2002	116	7026	92.777359814
2003	113	7031	92.7893643057
2004	110	7034	92.7759361797
2005	112	7034	92.8099796643
2006	112	7039	92.7426751949
2007	110	7044	92.8347864133
2008	114	7049	92.7689582213
2009	112	7056	92.8007433408
2010	109	7060	92.8306690973
2011	105	7062	92.8328311591
2012	103	7063	92.8264084
2013	108	7068	92.8648727292
2014	110	7071	92.8942571809
2015	107	7073	92.8592205063
2016	109	7079	92.8073737632
2017	104	7082	92.8917771851
2018	100	7082	92.9349171318
2019	103	7087	92.8933531539
2020	99	7092	92.8051998847
2021	100	7092	92.9031035745
2022	99	7092	92.8867337507
2023	96	7099	92.834016868
2024	100	7105	92.9020505524
2025	101	7105	92.9793979241
2026	100	7105	93.0740178094
2027	104	7106	93.0490499858
2028	103	7111	92.9577781245
2029	107	7113	93.011711616
2030	112	7114	92.9207312482
2031	107	7117	92.9371697467
2032	106	7117	93.0323675417
2033	110	7119	92.9636315054
2034	111	7122	92.9821985109
2035	109	7125	92.924693397
2036	114	7129	92.9259594633
2037	119	7129	92.854961044
2038	123	7136	92.8964897322
2039	126	7137	92.8161146811
2040	128	7143	92.7229298437
2041	131	7149	92.6934074196
2042	136	7152	92.6964475397
2043	138	7158	92.7512453617
2044	134	7160	92.7967726469
2045	130	7163	92.81795899
2046	126	7165	92.8459385894
2047	124	7171	92.8573805795
2048	120	7176	92.8013896757
2049	123	7183	92.731266619
2050	119	7190	92.7299600021
2051	123	7191	92.7093657889
2052	119	7194	92.6603986492
2053	118	7199	92.6322858776
2054	119	7203	92.6012786559
2055	120	7210	92.6061644129
2056	115	7214	92.6353381122
2057	114	7216	92.5449316932
2058	118	7223	92.5183293875
2059	118	7228	92.5697010048
2060	119	7229	92.6359033043
2061	115	7235	92.7095459217
2062	114	7236	92.7125437587
2063	116	7241	92.6836047332
2064	118	7245	92.6347492893
2065	116	7247	92.6823183536
2066	113	7247	92.7505525105
2067	112	7249	92.687182857
2068	112	7250	92.6681206801
2069	111	7255	92.6576609411
2070	108	7260	92.7575250815
2071	112	7260	92.7559801053
2072	109	7263	92.7730567385
2073	114	7270	92.6891574888
2074	110	7277	92.6987919625
2075	112	7283	92.7600084523
2076	117	7284	92.8131972227
2077	122	7284	92.7345752569
2078	118	7286	92.6853748715
2079	119	7287	92.6014978979
2080	122	7290	92.5121918813
2081	121	7290	92.5978632485
2082	119	7297	92.6443292454
2083	121	7301	92.7212267291
2084	126	7305	92.6753468356
2085	123	7311	92.5782495583
2086	122	7315	92.5327496287
2087	118	7318	92.4606196982
2088	116	7325	92.4488442388
2089	115	7328	92.4679928113
2090	110	7330	92.4101487858
2091	106	7337	92.3554180273
2092	102	7344	92.4147204159
2093	100	7349	92.3509384985
2094	96	7356	92.3770797443
2095	100	7359	92.433535124
2096	98	7362	92.4040785447
2097	99	7364	92.3930213826
2098	98	7366	92.3203462265
2099	100	7372	92.2882471642
2100	105	7373	92.2652511102
2101	107	7373	92.365197992
2102	104	7378	92.3699356047
2103	101	7380	92.4244049361
2104	98	7384	92.4887545894
2105	93	7388	92.4286100175
2106	95	7394	92.3673671362
2107	98	7399	92.4275222177
2108	98	7402	92.4525659683
2109	101	7402	92.4682639283
2110	98	7406	92.4488757154
2111	103	7407	92.4855846972
2112	104	7409	92.5380761307
2113	101	7411	92.5000024129
2114	105	7413	92.4499248602
2115	102	7417	92.4547267998
2116	106	7418	92.5033669181
2117	102	7421	92.4161532138
2118	106	7423	92.4110458577
2119	110	7428	92.3271369872
2120	109	7435	92.2971548757
2121	111	7436	92.2165395362
2122	109	7437	92.1942531658
2123	114	7443	92.2415611665
2124	118	7444	92.2739994287
2125	120	7446	92.3460085321
2126	122	7448	92.3223483214
2127	127	7449	92.3901572581
2128	123	7453	92.3844121257
2129	122	7453	92.4809428446
2130	122	7453	92.5484384764
2131	119	7454	92.4816552921
2132	121	7456	92.4943886982
2133	119	7463	92.5926736791
2134	119	7465	92.5599710549
2135	114	7471	92.4775827189
2136	118	7475	92.5107655637
2137	118	7480	92.512577991
2138	120	7483	92.6001065768
2139	119	7489	92.6282577789
2140	116	7492	92.6117718154
2141	116	7496	92.6524801331
2142	120	7502	92.6247984337
2143	117	7506	92.6845061166
2144	122	7507	92.6309275351
2145	127	7509	92.6129100339
2146	125	7516	92.6068134997
2147	126	7517	92.7055985701
2148	127	7521	92.6850312722
2149	132	7526	92.6702609496
2150	132	7533	92.7466324384
2151	131	7540	92.8373759832
2152	130	7545	92.7820837674
2153	130	7546	92.8281860788
2154	128	7551	92.9223290447
2155	130	7557	92.9511108452
2156	134	7557	92.9798727317
2157	133	7559	93.0056631068
2158	134	7563	92.9672841042
2159	130	7568	93.0506099352
2160	135	7568	93.1347554849
2161	132	7573	93.1010232726
2162	129	7574	93.0401889013
2163	127	7578	93.0018973649
2164	127	7585	93.0247065279
2165	128	7591	92.944357447
2166	126	7591	93.0249670604
2167	124	7596	92.9443328905
2168	121	7596	92.9128385368
2169	121	7601	92.8241999451
2170	125	7608	92.7423305748
2171	128	7613	92.6575931297
2172	133	7613	92.6279030367
2173	133	7613	92.5733395291
2174	129	7614	92.6043351583
2175	127	7614	92.6028923314
2176	127	7621	92.60424454
2177	122	7628	92.5797331573
2178	122	7630	92.4931569137
2179	122	7633	92.4170773063
2180	121	7640	92.3289973955
2181	123	7641	92.2683952839
2182	121	7647	92.3011166457
2183	123	7651	92.2207808771
2184	120	7651	92.2585745775
2185	119	7655	92.3373597837
2186	114	7660	92.4074735084
2187	110	7663	92.4255240779
2188	105	7668	92.4028319637
2189	110	7668	92.3546599265
2190	105	7669	92.4070601619
2191	105	7675	92.3422586751
2192	101	7676	92.4348824017
2193	104	7683	92.4798205889
2194	109	7690	92.4528140072
2195	114	7693	92.4010000404
2196	112	7695	92.3188210317
2197	108	7700	92.3011337529
2198	107	7701	92.2234802914
2199	109	7704	92.2413693231
2200	104	7709	92.154455266
2201	104	7715	92.0955232175
2202	106	7720	92.0034071313
2203	107	7727	92.0937064952
2204	110	7734	92.0281738174
2205	114	7734	91.9696677366
2206	112	7736	91.9746342307
2207	114	7743	91.9737783955
2208	118	7746	91.9923112792
2209	122	7751	92.0613422421
2210	119	7755	92.064339205
2211	116	7757	91.9737007139
2212	118	7763	91.9540812503
2213	115	7768	92.0428476183
2214	117	7772	92.0767489247
2215	114	7779	92.1206118624
2216	116	7784	92.1026866867
2217	111	7788	92.036806563
2218	108	7790	92.0238771001
2219	110	7791	92.1053539077
2220	108	7791	92.1996119249
2221	108	7795	92.1912745766
2222	108	7799	92.1244696645
2223	109	7806	92.1333469892
2224	107	7808	92.1888587951
2225	102	7814	92.2552012105
2226	99	7819	92.1928967681
2227	102	7822	92.2104064089
2228	106	7827	92.1262857649
2229	101	7830	92.1335925881
2230	104	7830	92.0971611114
2231	107	7831	92.1049807125
2232	106	7838	92.0127713915
2233	109	7840	92.0247439273
2234	113	7846	92.0868678029
2235	116	7847	91.9901791182
2236	113	7853	92.03130393
2237	116	7860	92.0861711298
2238	116	7860	92.0532626586
2239	117	7862	92.0651148764
2240	114	7867	92.1164235684
2241	113	7869	92.0230940297
2242	112	7876	92.1216776745
2243	113	7879	92.1996286379
2244	115	7884	92.1176651365
2245	116	7886	92.1674358289
2246	113	7888	92.132072844
2247	118	7888	92.0870889766
2248	118	7893	92.0834265408
2249	117	7893	92.0642245752
2250	122	7898	92.0814829717
2251	126	7899	92.1131211855
2252	124	7904	92.0780128945
2253	125	7907	92.0307370516
2254	125	7911	92.0619541734
2255	121	7917	91.9992894202
2256	120	7920	92.0019729482
2257	115	7924	92.0003749994
2258	118	7930	91.9113726997
2259	120	7930	91.9872615283
2260	115	7930	91.9339403945
2261	116	7930	91.9735684067
2262	114	7934	91.8998687327
2263	110	7935	91.8285338193
2264	110	7940	91.8907430511
2265	107	7946	91.9343561241
2266	112	7949	91.9738850928
2267	114	7952	91.9890696353
2268	110	7956	92.0246560428
2269	109	7959	92.109997658
2270	107	7965	92.080867741
2271	111	7971	92.1215137511
2272	111	7976	92.1323998962
2273	108	7981	92.1073239074
2274	103	7984	92.087184677
2275	99	7990	92.1321268054
2276	94	7996	92.0990046487
2277	97	8003	92.0944371514
2278	97	8010	92.1929353902
2279	94	8011	92.2725124721
2280	94	8014	92.2924236741
2281	96	8017	92.3102494811
2282	97	8019	92.3122918389
2283	97	8019	92.3192605917
2284	100	8022	92.2205836105
2285	102	8024	92.3083960562
2286	106	8028	92.3209840499
2287	104	8034	92.32308958
2288	108	8041	92.2779023216
2289	107	8046	92.3556342321
2290	107	8047	92.2991437043
2291	110	8054	92.3752102414
2292	107	8058	92.3699515647
2293	112	8065	92.3697007376
2294	112	8068	92.3506093609
2295	111	8074	92.3876930441
2296	110	8081	92.3746318684
2297	109	8086	92.4634934962
2298	104	8093	92.5470310947
2299	108	8093	92.484053025
2300	105	8093	92.520256392
2301	104	8095	92.5845483729
2302	105	8101	92.5284839263
2303	102	8104	92.557558255
2304	100	8108	92.563160852
2305	97	8114	92.4889748687
2306	99	8114	92.4552826697
2307	102	8118	92.4291135835
2308	103	8119	92.4314923598
2309	99	8125	92.4675060485
2310	94	8128	92.4608526214
2311	92	8134	92.4943214934
2312	97	8139	92.4800903185
2313	93	8142	92.4191350037
2314	88	8145	92.3611801373
2315	87	8151	92.384791566
2316	84	8152	92.4244856776
2317	80	8152	92.4778245918
2318	84	8154	92.4940521821
2319	79	8160	92.4747449324
2320	81	8160	92.5280608949
2321	80	8161	92.5678732045
2322	77	8162	92.5123043355
2323	77	8168	92.5440305794
2324	81	8174	92.6088296529
2325	80	8175	92.6295605779
2326	81	8175	92.5354937947
2327	83	8177	92.5636255026
2328	78	8182	92.6266578542
2329	74	8183	92.6149443328
2330	78	8187	92.6851270851
2331	73	8189	92.6977608776
2332	75	8193	92.6394516466
2333	75	8194	92.7374361515
2334	71	8201	92.655132691
2335	76	8201	92.5969490567
2336	75	8205	92.6821221266
2337	80	8208	92.7601512723
2338	83	8211	92.8182362977
2339	81	8215	92.8167701674
2340	86	8219	92.8499915648
2341	81	8225	92.8582168394
2342	81	8230	92.8614314287
2343	80	8230	92.9235452273
2344	82	8236	92.9829357736
2345	82	8237	92.9048723264
2346	79	8242	92.9941555296
2347	74	8246	92.9046365773
2348	74	8250	92.8964590607
2349	75	8255	92.7966227947
2350	80	8262	92.7910960551
2351	77	8264	92.7584162411
2352	74	8268	92.8045465677
2353	72	8275	92.8544418052
2354	68	8282	92.9302760142
2355	72	8282	92.8381016835
2356	73	8286	92.8531494783
2357	75	8288	92.7838771421
2358	75	8292	92.8767831196
2359	75	8294	92.9623866357
2360	80	8301	92.9521131471
2361	80	8305	92.8624000895
2362	75	8305	92.9007255008
2363	70	8311	92.9369346741
2364	70	8316	93.0169874132
2365	68	8316	93.0988185279
2366	66	8320	93.0706441953
2367	65	8322	93.0087963431
2368	68	8327	92.9221225947
2369	69	8331	92.9341870055
2370	67	8337	92.8807593443
2371	65	8338	92.8331075841
2372	61	8344	92.8569958684
2373	56	8345	92.8688325635
2374	60	8352	92.7833601169
2375	62	8357	92.7856006861
2376	63	8363	92.7872816541
2377	66	8369	92.8242646983
2378	68	8371	92.8939862818
2379	66	8371	92.9821097803
2380	64	8377	92.8844446312
2381	64	8381	92.8433513237
2382	67	8386	92.9151271172
2383	71	8391	92.8596816523
2384	70	8395	92.8068770382
2385	73	8400	92.7893123106
2386	70	8400	92.8851933395
2387	72	8406	92.9742385338
2388	68	8406	93.0110149774
2389	72	8406	92.9633731702
2390	74	8412	92.8946929828
2391	76	8415	92.8347776028
2392	72	8420	92.7968166463
2393	76	8427	92.7694307595
2394	80	8433	92.8088805208
2395	79	8439	92.8660740021
2396	82	8439	92.7966957418
2397	84	8445	92.8091730055
2398	82	8452	92.7105845605
2399	81	8457	92.7101101179
2400	85	8461	92.6521526337
2401	83	8464	92.7445012978
2402	86	8470	92.7947766602
2403	89	8474	92.7836186394
2404	88	8479	92.7944193709
2405	85	8483	92.887967643
2406	80	8487	92.8863200181
2407	82	8487	92.7948243737
2408	87	8494	92.6954953046
2409	86	8497	92.6031574657
2410	91	8504	92.5750601269
2411	91	8507	92.485476391
2412	87	8508	92.5589497264
2413	89	8515	92.5951328673
2414	91	8517	92.5565842168
2415	86	8519	92.5037613955
2416	81	8524	92.4067859442
2417	84	8528	92.4075874224
2418	87	8528	92.3385527476
2419	83	8531	92.3243292319
2420	80	8534	92.2782205628
2421	78	8534	92.2305322949
2422	75	8541	92.2075846529
2423	78	8544	92.2207015564
2424	79	8550	92.1391341643
2425	80	8555	92.1090540517
2426	77	8555	92.1872127921
2427	81	8558	92.1901556613
2428	76	8558	92.1717597127
2429	71	8559	92.1348671069
2430	66	8566	92.1800207276
2431	63	8571	92.1831618005
2432	65	8571	92.2303013231
2433	62	8573	92.2834869926
2434	65	8580	92.294946379
2435	64	8582	92.2121681304
2436	69	8589	92.2886844399
2437	69	8590	92.2586074674
2438	71	8597	92.3572932588
2439	70	8600	92.3565477455
2440	68	8601	92.2661941201
2441	67	8604	92.343065121
2442	63	8609	92.2890833957
2443	61	8612	92.2090319908
2444	65	8613	92.188518365
2445	65	8615	92.1263875853
2446	63	8619	92.2111213293
2447	63	8625	92.1869242279
2448	66	8632	92.2775755435
2449	67	8633	92.1971794213
2450	72	8634	92.1677778163
2451	68	8637	92.2455872693
2452	69	8638	92.3413798548
2453	66	8638	92.2861250809
2454	69	8643	92.2020469139
2455	66	8646	92.153532044
2456	64	8652	92.1589375035
2457	60	8656	92.1681141436
2458	65	8662	92.0786633021
2459	65	8662	92.0586918946
2460	67	8667	92.0480593802
2461	63	8667	92.0422582074
2462	66	8671	91.9919837377
2463	68	8672	91.9760347813
2464	71	8672	91.8962502588
2465	66	8673	91.943455649
2466	67	8679	92.0064801653
2467	71	8679	91.9125901262
2468	72	8680	91.9749192736
2469	72	8685	92.0023203887
2470	67	8689	91.9751019627
2471	68	8694	91.9783497997
2472	66	8697	92.0189777054
2473	70	8698	92.0122519068
2474	72	8701	92.0839602043
2475	77	8704	92.1517095465
2476	74	8709	92.0536904152
2477	73	8716	91.9782216702
2478	74	8723	91.9329622616
2479	69	8725	91.937464388
2480	70	8731	91.9357493113
2481	69	8738	91.9865919542
2482	67	8742	92.0073448728
2483	62	8743	91.9729156891
2484	59	8749	92.0501619438
2485	58	8755	92.0646563086
2486	53	8761	92.0443774975
2487	51	8767	92.0809896903
2488	54	8767	92.1034743789
2489	56	8770	92.1052723147
2490	51	8770	92.1608109029
2491	50	8771	92.1096971404
2492	50	8775	92.1019899371
2493	55	8775	92.1130397492
2494	57	8775	92.1296417754
2495	61	8781	92.099044258
2496	57	8786	92.0531005157
2497	57	8786	91.972009396
2498	52	8786	91.9083309621
2499	50	8788	91.8738090432
2500	50	8792	91.9483591964
2501	50	8795	92.0090954907
2502	50	8796	92.0674262886
2503	50	8800	92.0567106188
2504	50	8801	92.1379444395
2505	52	8804	92.2365211289
2506	53	8807	92.2262970897
2507	50	8810	92.3252108154
2508	51	8811	92.3278165122
2509	50	8818	92.2513874404
2510	50	8824	92.2178459641
2511	54	8825	92.225465287
2512	58	8829	92.1692927404
2513	59	8835	92.2610541232
2514	64	8841	92.344367739
2515	67	8845	92.3980821981
2516	66	8846	92.3162134073
2517	61	8848	92.4047554863
2518	56	8853	92.4416094297
2519	54	8857	92.4456715221
2520	53	8860	92.3898542803
2521	53	8865	92.4721517206
2522	56	8869	92.3999158731
2523	55	8873	92.4674721109
2524	50	8878	92.3937350343
2525	51	8883	92.3830733762
2526	50	8883	92.3780717985
2527	50	8886	92.3714764764
2528	51	8888	92.2874188801
2529	54	8890	92.3852369936
2530	53	8890	92.4467034077
2531	50	8895	92.4548446669
2532	54	8897	92.3627267581
2533	56	8903	92.4583759916
2534	54	8905	92.3966899018
2535	58	8905	92.317598884
2536	57	8910	92.2808835462
2537	61	8913	92.3110499177
2538	60	8914	92.3185231653
2539	65	8918	92.3640331456
2540	64	8919	92.3013919759
2541	63	8925	92.370924576
2542	62	8930	92.2845954431
2543	61	8937	92.1962692215
2544	58	8940	92.1441859406
2545	58	8941	92.2133345094
2546	59	8943	92.1845744606
2547	60	8950	92.1796774057
2548	63	8957	92.1112310948
2549	67	8957	92.1491679588
2550	70	8957	92.0958104767
2551	73	8959	92.0351611829
2552	74	8964	92.0965791014
2553	78	8971	92.0626100879
2554	73	8978	92.1371219783
2555	74	8985	92.0376086166
2556	74	8989	92.1222561562
2557	74	8991	92.1063000974
2558	70	8994	92.0650203277
2559	65	9000	91.9997434383
2560	67	9002	92.0820011601
2561	62	9002	92.0634870345
2562	65	9007	92.0254975014
2563	61	9014	92.0919969496
2564	64	9017	92.144819078
2565	69	9021	92.1926578409
2566	69	9026	92.1816608763
2567	65	9028	92.2050220155
2568	65	9034	92.242565014
2569	63	9035	92.1592390497
2570	62	9041	92.1216768906
2571	66	9044	92.1318750666
2572	67	9047	92.2206529738
2573	67	9052	92.305961569
2574	72	9056	92.3468966908
2575	75	9056	92.2975575159
2576	80	9056	92.2569663078
2577	77	9056	92.2592950878
2578	80	9059	92.1802159299
2579	85	9062	92.1711123892
2580	80	9066	92.2553877889
2581	76	9069	92.2418687189
2582	74	9070	92.3194194304
2583	78	9072	92.3351108203
2584	82	9076	92.3727850344
2585	85	9077	92.3009368216
2586	81	9083	92.2121847042
2587	84	9084	92.2691634695
2588	84	9084	92.1732522088
2589	83	9091	92.2343578126
2590	82	9094	92.2410843552
2591	79	9100	92.1959359089
2592	84	9104	92.1451398533
2593	81	9111	92.0453117964
2594	83	9112	92.0289967717
2595	83	9117	92.0765719922
2596	83	9123	92.1247429749
2597	82	9123	92.1269913382
2598	85	9130	92.0463454395
2599	81	9135	91.9475112227
2600	77	9135	91.9505445903
2601	76	9141	91.9922483264
2602	73	9142	92.052938751
2603	71	9145	92.0326326998
2604	69	9145	92.0687757519
2605	64	9145	92.0475472668
2606	61	9147	91.9522130767
2607	63	9151	91.9731825705
2608	62	9152	91.9131919051
2609	62	9159	91.8555575645
2610	63	9161	91.9061687769
2611	66	9166	91.8871715732
2612	62	9169	91.9514811416
2613	63	9174	92.0491464344
2614	60	9177	92.0843504543
2615	57	9177	92.1058487248
2616	59	9184	92.0784288623
2617	62	9189	92.0020215148
2618	57	9194	91.9670457055
2619	52	9197	91.9621126839
2620	55	9203	92.0041998435
2621	57	9209	92.0968182893
2622	60	9216	92.171455861
2623	63	9223	92.2115462146
2624	58	9223	92.263459479
2625	57	9224	92.2067244654
2626	52	9230	92.3029444047
2627	50	9230	92.3804406819
2628	50	9231	92.3107069034
2629	55	9237	92.3082981306
2630	58	9239	92.3427491955
2631	60	9244	92.4145522696
2632	58	9244	92.3212899632
2633	60	9247	92.2352997803
2634	55	9251	92.3081147544
2635	55	9253	92.400486738
2636	50	9260	92.3144266826
2637	50	9260	92.2197510212
2638	50	9264	92.125853633
2639	50	9271	92.2223156936
2640	52	9273	92.1577080067
2641	50	9273	92.0846142532
2642	50	9275	92.0914196238
2643	50	9281	92.1172784655
2644	50	9283	92.1414148037
2645	55	9289	92.1438242866
2646	58	9292	92.1801136088
2647	63	9297	92.1688014425
2648	62	9300	92.2641335672
2649	67	9307	92.2477886195
2650	63	9312	92.3285068327
2651	66	9313	92.3559419626
2652	68	9318	92.4397166414
2653	65	9324	92.4944878394
2654	64	9330	92.5874728014
2655	62	9331	92.5797873356
2656	67	9336	92.6627659643
2657	67	9340	92.6615552859
2658	67	9347	92.6594301254
2659	65	9352	92.7082686535
2660	67	9357	92.6538457215
2661	69	9360	92.7211796924
2662	72	9363	92.7215185422
2663	75	9365	92.6787601599
2664	80	9367	92.6140217943
2665	81	9373	92.5984840321
2666	85	9379	92.5454136909
2667	90	9385	92.6431904322
2668	94	9389	92.7062093541
2669	89	9391	92.690657751
2670	90	9395	92.6946300389
2671	94	9395	92.7438094114
2672	97	9397	92.7920094026
2673	93	9397	92.780342057
2674	96	9401	92.7557058805
2675	91	9408	92.8122077303
2676	86	9415	92.7813521722
2677	83	9421	92.753689435
2678	88	9422	92.7832729936
2679	92	9425	92.7564174521
2680	89	9427	92.7130220122
2681	93	9427	92.6583406058
2682	88	9430	92.673063413
2683	84	9432	92.7390504675
2684	84	9434	92.7011921221
2685	85	9436	92.6507515271
2686	81	9439	92.6789342661
2687	84	9440	92.7674894542
2688	82	9440	92.6752628903
2689	83	9445	92.7307235878
2690	85	9452	92.7677261282
2691	80	9454	92.7148002705
2692	85	9456	92.7868388924
2693	80	9463	92.8202378223
2694	76	9470	92.8389829639
2695	76	9476	92.7625654258
2696	81	9477	92.7582580766
2697	80	9484	92.6838156074
2698	76	9485	92.6142301193
2699	73	9487	92.6538707241
2700	68	9489	92.5775065233
2701	71	9494	92.6103748272
2702	73	9500	92.6573326935
2703	71	9500	92.67369103
2704	67	9507	92.6148126372
2705	66	9513	92.6305339743
2706	66	9517	92.6170898898
2707	70	9518	92.6248075808
2708	75	9520	92.5349355231
2709	71	9525	92.491961191
2710	68	9527	92.4873639824
2711	65	9533	92.4472961665
2712	69	9535	92.4827625119
2713	71	9536	92.5430005812
2714	75	9539	92.4818560827
2715	79	9539	92.4509138611
2716	80	9543	92.3927718664
2717	82	9547	92.3986353971
2718	79	9547	92.3054125068
2719	78	9554	92.2775337595
2720	76	9555	92.3002491403
2721	76	9562	92.2318204152
2722	79	9562	92.1569285627
2723	83	9569	92.1151827471
2724	82	9572	92.1694105709
2725	80	9577	92.2376283641
2726	77	9577	92.2115262261
2727	73	9580	92.2207109398
2728	72	9581	92.1350223442
2729	69	9581	92.1759563637
2730	68	9581	92.2042299567
2731	63	9588	92.2745963829
2732	68	9592	92.2816888678
2733	67	9592	92.3749177856
2734	62	9592	92.4716052198
2735	65	9596	92.4838923693
2736	64	9598	92.5085406429
2737	65	9604	92.4124241549
2738	64	9604	92.4738961263
2739	65	9607	92.5111566399
2740	63	9607	92.5893015305
2741	60	9614	92.5146556791
2742	60	9618	92.460211623
2743	64	9618	92.5149038396
2744	63	9623	92.5511241449
2745	61	9624	92.6276436818
2746	56	9626	92.5537256269
2747	56	9627	92.6103121163
2748	60	9633	92.5229144366
2749	60	9633	92.551187913
2750	55	9638	92.4834279876
2751	59	9645	92.5426466186
2752	63	9647	92.5547416053
2753	60	9652	92.5084207464
2754	58	9658	92.4802106314
2755	55	9658	92.4159418965
2756	53	9660	92.3209988534
2757	50	9662	92.2469917567
2758	50	9669	92.2270638065
2759	50	9676	92.3039253338
2760	52	9682	92.3304363895
2761	52	9689	92.3656907258
2762	57	9692	92.2797742752
2763	54	9695	92.1817143321
2764	57	9695	92.1001666596
2765	53	9698	92.0996320143
2766	56	9699	92.0778615962
2767	55	9702	92.1088096099
2768	57	9702	92.0196977516
2769	60	9707	92.0699683594
2770	63	9709	92.0938446212
2771	63	9709	92.1582088981
2772	59	9715	92.1876122804
2773	55	9718	92.1884414488
2774	54	9723	92.2669517466
2775	50	9725	92.3084350683
2776	50	9730	92.2772466166
2777	54	9733	92.3702604548
2778	50	9733	92.3714549347
2779	53	9737	92.3455131091
2780	51	9742	92.2505533082
2781	50	9747	92.2889106231
2782	51	9754	92.2384346387
2783	50	9755	92.3206053294
2784	50	9760	92.2878980156
2785	50	9761	92.3237852027
2786	50	9767	92.3915424845
2787	50	9770	92.3271341951
2788	52	9770	92.3754518402
2789	53	9775	92.3271546024
2790	55	9781	92.377124428
2791	53	9788	92.4456681241
2792	54	9794	92.4682277033
2793	57	9801	92.4556544063
2794	61	9808	92.5546596335
2795	63	9808	92.6117208136
2796	59	9815	92.6856066441
2797	54	9815	92.6394684934
2798	50	9818	92.6480043927
2799	50	9819	92.5690679952
2800	50	9819	92.5270566068
2801	55	9825	92.5130377866
2802	55	9825	92.5349848413
2803	59	9830	92.494793148
2804	54	9833	92.4358248607
2805	58	9833	92.5334568913
2806	58	9838	92.56139416
2807	58	9843	92.5157597952
2808	59	9848	92.5648036399
2809	57	9853	92.4786337226
2810	54	9859	92.4554804155
2811	59	9865	92.5169964304
2812	59	9870	92.6085518123
2813	61	9875	92.6222282545
2814	58	9882	92.5579920085
2815	54	9882	92.6220584176
2816	51	9882	92.646996562
2817	50	9885	92.6384369784
2818	50	9890	92.6331531704
2819	50	9890	92.69954003
2820	50	9893	92.6398977756
2821	50	9895	92.6606272274
2822	53	9900	92.6261454109
2823	56	9906	92.6633705568
2824	56	9912	92.6369990614
2825	57	9919	92.7336733721
2826	62	9925	92.6421616887
2827	59	9926	92.6513864718
2828	62	9930	92.623271108
2829	61	9930	92.5735387213
2830	66	9930	92.6385307239
2831	68	9935	92.6071765441
2832	63	9937	92.6225049899
2833	60	9941	92.7217693357
2834	59	9946	92.7343460113
2835	55	9947	92.6847039323
2836	59	9950	92.776789867
2837	61	9957	92.7905565832
2838	64	9959	92.8439913009
2839	60	9959	92.872054158
2840	59	9959	92.7732729839
2841	63	9960	92.7017024728
2842	67	9964	92.6521373495
2843	66	9966	92.5561535057
2844	67	9970	92.6257585918
2845	72	9970	92.6646525006
2846	72	9973	92.6242006112
2847	70	9980	92.536314135
2848	72	9987	92.6160257262
2849	68	9990	92.6723116343
2850	63	9996	92.7659193658
2851	58	9999	92.7131299609
2852	63	10001	92.6267248442
2853	62	10004	92.643377936
2854	66	10009	92.6135336739
2855	68	10011	92.6794975105
2856	66	10015	92.6053388308
2857	69	10019	92.5682347776
2858	70	10020	92.4710546053
2859	71	10021	92.3714358435
2860	76	10028	92.3082442401
2861	81	10029	92.3470420968
2862	77	10032	92.4109651957
2863	78	10039	92.3468260333
2864	78	10042	92.401514708
2865	77	10044	92.4934226427
2866	75	10048	92.5775123775
2867	70	10051	92.6687251205
2868	74	10056	92.7561415766
2869	77	10063	92.8357267745
2870	82	10064	92.7687931979
2871	82	10071	92.8254712154
2872	85	10072	92.7433224731
2873	80	10075	92.7467106204
2874	85	10080	92.7007641639
2875	88	10080	92.6717491205
2876	92	10086	92.7351669049
2877	88	10092	92.7134071202
2878	93	10092	92.6818149224
2879	90	10093	92.6190955993
2880	94	10094	92.5901143783
2881	91	10100	92.5555608847
2882	89	10100	92.4717230571
2883	89	10101	92.5251177135
2884	94	10101	92.586997142
2885	94	10107	92.494769395
2886	90	10110	92.4649820909
2887	90	10115	92.4728032879
2888	90	10122	92.5033476458
2889	90	10123	92.4255759437
2890	91	10123	92.4029911348
2891	86	10126	92.3584266561
2892	83	10132	92.4562553171
2893	78	10132	92.35636347
2894	76	10139	92.2771688818
2895	78	10143	92.3000307055
2896	78	10148	92.2910760887
2897	78	10149	92.2378730828
2898	76	10153	92.1571418868
2899	74	10154	92.1375871461
2900	78	10160	92.1319900167
2901	74	10165	92.1882842485
2902	73	10167	92.2276028586
2903	71	10170	92.1758458976
2904	75	10173	92.2036549839
2905	70	10178	92.2480917852
2906	66	10179	92.1928972476
2907	61	10186	92.1401922491
2908	56	10190	92.2335610001
2909	55	10196	92.3065343968
2910	50	10201	92.2883409616
2911	52	10208	92.2511998291
2912	54	10210	92.290081412
2913	52	10216	92.3492798288
2914	50	10222	92.412488405
2915	52	10224	92.4124960566
2916	53	10230	92.3460513548
2917	50	10232	92.4136721992
2918	50	10239	92.3630275356
2919	50	10242	92.395149675
2920	54	10246	92.4147967955
2921	50	10253	92.4821506931
2922	52	10258	92.5148710303
2923	50	10258	92.5803382017
2924	50	10265	92.5361864861
2925	50	10267	92.5839901301
2926	50	10274	92.6583201127
2927	52	10278	92.5846232456
2928	50	10284	92.5527579755
2929	50	10284	92.6306628743
2930	53	10286	92.5872218456
2931	57	10293	92.552639461
2932	60	10295	92.4791884741
2933	60	10297	92.5273118995
2934	55	10302	92.5092518578
2935	51	10306	92.5630568467
2936	53	10311	92.5863726304
2937	56	10315	92.541610583
2938	59	10317	92.5198416425
2939	59	10320	92.5137434729
2940	56	10320	92.6137100751
2941	54	10327	92.5969289784
2942	52	10330	92.6114261158
2943	52	10335	92.6763967979
2944	54	10341	92.6378907138
2945	53	10347	92.5838956209
2946	51	10354	92.4930741396
2947	54	10357	92.504756625
2948	53	10358	92.4689291805
2949	50	10359	92.5065503051
2950	55	10361	92.4360663617
2951	50	10368	92.4835992489
2952	50	10371	92.5676845888
2953	51	10373	92.6590643902
2954	55	10378	92.628933499
2955	58	10378	92.6413583247
2956	59	10384	92.7354172744
2957	56	10387	92.6492370533
2958	60	10393	92.6741634738
2959	59	10395	92.6079916847
2960	58	10400	92.6483185698
2961	62	10402	92.5712231168
2962	57	10405	92.4828662969
2963	56	10408	92.3891897093
2964	56	10409	92.2900359406
2965	61	10411	92.2051858245
2966	57	10417	92.1784463089
2967	57	10420	92.1463472974
2968	55	10425	92.201424332
2969	57	10432	92.2451562492
2970	58	10433	92.1783640956
2971	62	10438	92.2752369511
2972	63	10441	92.1924380111
2973	58	10448	92.2763764173
2974	54	10448	92.310990153
2975	54	10448	92.2516969434
2976	58	10452	92.1597755548
2977	56	10452	92.1389835734
2978	60	10459	92.1571340141
2979	56	10460	92.0994883603
2980	60	10462	92.1345431991
2981	59	10465	92.0541895191
2982	59	10472	92.1131173007
2983	60	10474	92.044773761
2984	61	10481	92.1285965722
2985	59	10488	92.0983337163
2986	64	10491	92.0624836317
2987	66	10491	92.1118563139
2988	61	10491	92.1838605775
2989	58	10496	92.1045020951
2990	60	10499	92.0926890733
2991	61	10503	92.1118577134
2992	58	10508	92.0963142247
2993	61	10514	92.1300216909
2994	59	10515	92.1180994738
2995	64	10517	92.2037098902
2996	60	10518	92.2974087121
2997	57	10521	92.2473555244
2998	60	10521	92.2596823215
2999	62	10525	92.2661753774
3000	62	10526	92.2081309578
3001	61	10532	92.2212773331
3002	63	10532	92.2253244102
3003	66	10538	92.2586011896
3004	63	10539	92.2756566279
3005	65	10540	92.2043639054
3006	66	10544	92.2960683795
3007	66	10545	92.2300893053
3008	70	10549	92.2374630521
3009	68	10555	92.1946439737
3010	69	10556	92.1457076269
3011	65	10562	92.2341155116
3012	65	10568	92.1469092877
3013	69	10568	92.138300478
3014	74	10569	92.1722273938
3015	74	10571	92.1351820013
3016	71	10576	92.1377150757
3017	76	10583	92.1236824616
3018	73	10585	92.1388931799
3019	78	10586	92.1983104602
3020	78	10586	92.1340521504
3021	81	10593	92.1146933103
3022	79	10594	92.1822268039
3023	80	10601	92.1546789396
3024	76	10602	92.1773825931
3025	72	10605	92.1716483406
3026	75	10609	92.2011896606
3027	70	10614	92.2025432787
3028	68	10615	92.1619924638
3029	64	10618	92.1452468592
3030	62	10620	92.2146606843
3031	66	10621	92.1510058666
3032	71	10628	92.0910215022
3033	66	10632	92.1502993418
3034	70	10639	92.1322681144
3035	71	10643	92.1791518118
3036	76	10645	92.1552181696
3037	71	10649	92.1587012576
3038	69	10654	92.1990288712
3039	70	10658	92.1863556995
3040	66	10662	92.1381269479
3041	63	10663	92.104620099
3042	64	10669	92.0611475364
3043	61	10676	92.1219986034
3044	66	10683	92.0329483874
3045	67	10687	91.9478537095
3046	68	10692	91.9287369289
3047	69	10694	91.9858739604
3048	70	10700	91.8986989791
3049	65	10702	91.9455154215
3050	60	10703	91.9568342302
3051	56	10707	91.8901163662
3052	56	10712	91.9006995424
3053	54	10713	91.8702762849
3054	53	10713	91.9165087662
3055	51	10713	91.8680614961
3056	52	10714	91.7709718499
3057	56	10720	91.7007211815
3058	61	10723	91.6822175719
3059	62	10728	91.6778711102
3060	66	10732	91.7590575772
3061	61	10738	91.7664885858
3062	63	10743	91.7644240229
3063	65	10748	91.8273796466
3064	67	10750	91.7858864514
3065	70	10751	91.8777946787
3066	73	10756	91.8156828912
3067	74	10763	91.7906479996
3068	69	10768	91.7050120719
3069	65	10775	91.6718705203
3070	70	10780	91.7136203105
3071	70	10785	91.6608739499
3072	65	10790	91.563649518
3073	61	10794	91.6387281613
3074	63	10801	91.6251445133
3075	59	10807	91.6035261072
3076	61	10808	91.5817743171
3077	60	10809	91.6066840712
3078	60	10810	91.5563853309
3079	61	10812	91.5580214981
3080	58	10814	91.6100209944
3081	59	10816	91.6591941604
3082	58	10817	91.6353631816
3083	61	10820	91.5746809732
3084	58	10822	91.5005332574
3085	53	10826	91.5569448081
3086	55	10829	91.5231207026
3087	51	10830	91.5895647162
3088	51	10834	91.6877964334
3089	52	10838	91.6750467866
3090	50	10842	91.7738504917
3091	50	10842	91.8168597493
3092	50	10847	91.7526469592
3093	54	10849	91.7456825311
3094	50	10852	91.6826446844
3095	50	10856	91.7490083864
3096	51	10858	91.7751431575
3097	56	10862	91.6877039787
3098	59	10864	91.6757281622
3099	64	10870	91.6747309028
3100	59	10871	91.6179753529
3101	58	10874	91.5912252328
3102	57	10881	91.6430774676
3103	52	10884	91.7190011434
3104	53	10890	91.8020171152
3105	55	10890	91.7712213549
3106	58	10893	91.7377308795
3107	56	10894	91.8272162661
3108	54	10896	91.7922098514
3109	50	10900	91.8093952725
3110	50	10905	91.7811256078
3111	50	10906	91.7846604717
3112	50	10906	91.6916495227
3113	50	10910	91.7765524501
3114	50	10916	91.750202883
3115	54	10919	91.8148308516
3116	56	10924	91.8512413565
3117	52	10928	91.7920183828
3118	57	10935	91.8526544613
3119	56	10940	91.9172986854
3120	52	10946	91.8550210524
3121	55	10953	91.953097664
3122	54	10957	91.8944317077
3123	54	10959	91.9259383557
3124	51	10966	92.0133866697
3125	50	10971	92.0518089389
3126	55	10978	92.0881024233
3127	54	10983	92.1380934096
3128	57	10983	92.1555326584
3129	60	10989	92.0581520787
3130	59	10990	92.0219825866
3131	64	10994	91.9376198215
3132	68	10997	91.8853302247
3133	67	11002	91.8690400397
3134	71	11003	91.7801669518
3135	75	11009	91.8507121947
3136	73	11014	91.8236811862
3137	71	11014	91.8188996346
3138	71	11016	91.8897055774
3139	69	11018	91.9587176244
3140	72	11018	91.976605579
3141	72	11020	91.8876971477
3142	69	11021	91.82205866
3143	70	11023	91.7560970312
3144	71	11027	91.7164328038
3145	69	11030	91.7256877613
3146	74	11034	91.6546651953
3147	72	11037	91.5711343625
3148	77	11039	91.6022595969
3149	79	11039	91.6299345821
3150	77	11041	91.7294002882
3151	77	11043	91.7139853182
3152	79	11048	91.7578050111
3153	82	11048	91.8300903551
3154	81	11051	91.7423371983
3155	85	11054	91.7641095875
3156	80	11061	91.8619911253
3157	75	11065	91.8867193898
3158	74	11070	91.9378543481
3159	72	11071	92.0042540863
3160	67	11078	92.0162951507
3161	69	11079	91.9403233912
3162	70	11080	92.0389388526
3163	69	11082	91.9635207135
3164	71	11087	92.0156519341
3165	69	11091	91.9973824351
3166	66	11095	92.0003840783
3167	66	11097	91.9340252449
3168	61	11100	91.8370179402
3169	60	11102	91.8436130722
3170	61	11102	91.756820063
3171	66	11107	91.8487897955
3172	64	11107	91.9341508333
3173	62	11110	91.8603089842
3174	57	11113	91.9435674193
3175	61	11114	92.0176448741
3176	58	11117	91.9353509958
3177	61	11117	91.8483597713
3178	66	11118	91.9319866806
3179	66	11121	91.9301735789
3180	65	11125	91.9865160557
3181	66	11132	92.0173535965
3182	65	11136	92.0310528887
3183	65	11141	91.9723317271
3184	67	11141	91.9523746533
3185	62	11142	91.8993495942
3186	64	11145	91.8871259184
3187	59	11149	91.8402310498
3188	54	11156	91.8262754688
3189	58	11156	91.892783631
3190	53	11158	91.9734456074
3191	58	11164	91.9106444692
3192	58	11164	91.9911691762
3193	59	11168	91.9348783701
3194	59	11172	92.0150001747
3195	62	11172	91.9494306843
3196	63	11177	91.9983498965
3197	62	11181	91.9684259844
3198	61	11184	91.8732493229
3199	65	11185	91.8020548541
3200	66	11190	91.7732950805
3201	67	11195	91.8484104826
3202	64	11195	91.8788361282
3203	64	11198	91.8298494516
3204	67	11200	91.7502826496
3205	71	11206	91.7331894652
3206	72	11212	91.6832968095
3207	71	11219	91.6675607229
3208	73	11219	91.7090931938
3209	72	11220	91.6749585189
3210	71	11227	91.5866592102
3211	73	11234	91.5314483617
3212	76	11237	91.5372432702
3213	78	11241	91.5850359647
3214	83	11244	91.5752506117
3215	82	11249	91.566944663
3216	79	11249	91.4724052335
3217	82	11256	91.4669735498
3218	84	11257	91.4029780445
3219	86	11260	91.3281409884
3220	91	11264	91.4176045161
3221	91	11265	91.4511874298
3222	94	11269	91.3734837897
3223	98	11269	91.4330632776
3224	101	11274	91.4279805878
3225	106	11279	91.4570867188
3226	105	11286	91.4594404692
3227	103	11293	91.5294298898
3228	101	11297	91.4584455287
3229	100	11298	91.458347555
3230	97	11299	91.5544769311
3231	94	11304	91.4974817927
3232	94	11306	91.59117274
3233	95	11306	91.6286629604
3234	100	11306	91.5672840949
3235	97	11311	91.5101119829
3236	98	11314	91.5207125485
3237	95	11318	91.4245449404
3238	98	11320	91.4496364097
3239	95	11322	91.4464181227
3240	98	11325	91.4795006268
3241	102	11331	91.422563978
3242	100	11336	91.4753498092
3243	98	11339	91.4984250624
3244	99	11345	91.5115627938
3245	102	11345	91.5171358218
3246	101	11345	91.5729596516
3247	100	11349	91.5037099127
3248	99	11354	91.4306832482
3249	100	11354	91.4924983967
3250	95	11357	91.5181171659
3251	95	11361	91.4722373865
3252	91	11362	91.4102750537
3253	89	11366	91.3422623017
3254	94	11372	91.3725711559
3255	91	11375	91.2879839753
3256	88	11382	91.1980110831
3257	87	11382	91.2106472313
3258	83	11389	91.2854227184
3259	82	11391	91.3499225894
3260	79	11398	91.2749954448
3261	84	11404	91.311960392
3262	89	11406	91.4089494331
3263	90	11412	91.4457245035
3264	91	11414	91.4895975839
3265	90	11420	91.4974592586
3266	92	11426	91.5795815111
3267	96	11426	91.5680005474
3268	93	11429	91.6096402533
3269	96	11433	91.514422011
3270	92	11436	91.5511299825
3271	95	11438	91.6479409332
3272	96	11439	91.5793309869
3273	98	11443	91.6304977552
3274	96	11448	91.5649962259
3275	100	11455	91.5889948367
3276	104	11461	91.4915527043
3277	100	11466	91.4877806906
3278	105	11470	91.49498083
3279	101	11471	91.4335757049
3280	100	11476	91.3836901693
3281	98	11477	91.4284585727
3282	95	11477	91.4227281615
3283	95	11479	91.3862848479
3284	96	11482	91.4439139414
3285	93	11488	91.5230653069
3286	97	11494	91.576619836
3287	92	11499	91.5938084104
3288	93	11499	91.6377643051
3289	96	11502	91.5496982009
3290	97	11508	91.5311593903
3291	99	11510	91.5909725849
3292	100	11514	91.5672337804
3293	102	11519	91.5995314053
3294	100	11524	91.5887687804
3295	97	11528	91.5671989413
3296	100	11530	91.5649759849
3297	97	11534	91.5974261547
3298	99	11534	91.6176501648
3299	97	11539	91.6314337929
3300	98	11545	91.5713272299
3301	94	11545	91.6623877267
3302	90	11549	91.6606094509
3303	92	11550	91.6399348632
3304	94	11552	91.6138433782
3305	94	11558	91.5425370057
3306	97	11559	91.5815606683
3307	100	11565	91.6557953799
3308	99	11572	91.5836935002
3309	104	11573	91.549566743
3310	100	11575	91.6242108787
3311	105	11577	91.6206147726
3312	100	11580	91.6134385439
3313	99	11583	91.6825263487
3314	102	11584	91.5873814723
3315	98	11585	91.5349057749
3316	97	11588	91.5348787964
3317	97	11588	91.4486671387
3318	100	11590	91.4586713455
3319	96	11594	91.4160908921
3320	98	11595	91.4463122946
3321	93	11595	91.4717084846
3322	94	11601	91.4674632391
3323	90	11606	91.4892201022
3324	87	11609	91.411526258
3325	91	11612	91.4270157875
3326	92	11615	91.3788840896
3327	94	11616	91.3463395491
3328	99	11622	91.3448094568
3329	102	11627	91.3238548502
3330	101	11628	91.4221671807
3331	100	11633	91.4490373628
3332	100	11640	91.4931681386
3333	101	11645	91.507616235
3334	106	11651	91.553020663
3335	102	11652	91.4746837956
3336	102	11658	91.4606312862
3337	104	11659	91.4066271957
3338	104	11663	91.3239297495
3339	106	11666	91.4010875972
3340	108	11667	91.4095406594
3341	105	11672	91.3851547991
3342	105	11673	91.4558896386
3343	107	11679	91.5377611054
3344	112	11680	91.5338918231
3345	114	11686	91.571178336
3346	114	11692	91.6045011134
3347	112	11694	91.5427929972
3348	107	11695	91.5603302604
3349	108	11699	91.5550508504
3350	109	11699	91.5895542934
3351	112	11706	91.6884258377
3352	117	11711	91.7246531436
3353	122	11717	91.8012143873
3354	118	11724	91.8194980828
3355	117	11728	91.7291428288
3356	117	11734	91.6805052028
3357	118	11736	91.6276405446
3358	118	11741	91.5525073143
3359	113	11743	91.5436872655
3360	108	11748	91.6400465319
3361	108	11755	91.5904455785
3362	108	11757	91.6453417684
3363	103	11758	91.7390991438
3364	106	11764	91.7816088207
3365	107	11766	91.7994153051
3366	105	11770	91.7892947574
3367	103	11772	91.7847598054
3368	99	11778	91.7725381516
3369	96	11785	91.6924972535
3370	99	11786	91.7296425557
3371	99	11789	91.6335042057
3372	95	11793	91.6137545304
3373	100	11798	91.5781810429
3374	98	11800	91.5949665587
3375	101	11801	91.5900558655
3376	104	11803	91.6533824198
3377	101	11804	91.7020294301
3378	100	11809	91.6552522448
3379	100	11812	91.5956741293
3380	101	11817	91.5991371615
3381	101	11821	91.6232820899
3382	106	11825	91.6023379107
3383	101	11825	91.5534528677
3384	100	11830	91.5320222472
3385	104	11831	91.4375310586
3386	109	11836	91.4702383803
3387	105	11840	91.3877622235
3388	107	11844	91.4610774926
3389	104	11851	91.3918548692
3390	99	11854	91.3672685475
3391	95	11861	91.3424588229
3392	92	11863	91.2796321826
3393	87	11863	91.2307356543
3394	87	11865	91.2809163142
3395	88	11868	91.3629265734
3396	85	11868	91.4129111597
3397	82	11871	91.4799914013
3398	82	11871	91.4709250942
3399	79	11871	91.4316687165
3400	77	11874	91.5048452944
3401	73	11878	91.4237641593
3402	74	11884	91.46572763
3403	71	11890	91.4303165458
3404	75	11895	91.3857121551
3405	70	11897	91.4365826831
3406	72	11902	91.5001368497
3407	72	11905	91.4821131983
3408	68	11908	91.5465457385
3409	72	11913	91.4842591663
3410	74	11913	91.4032005538
3411	76	11919	91.3276475196
3412	77	11924	91.2464165114
3413	78	11930	91.3381751039
3414	76	11937	91.3029454463
3415	72	11938	91.3743595907
3416	71	11940	91.43967227
3417	71	11943	91.5093797222
3418	75	11944	91.6041860515
3419	70	11944	91.6899659421
3420	70	11947	91.7528728829
3421	71	11947	91.7561141535
3422	74	11952	91.8389020972
3423	71	11954	91.8376310473
3424	71	11954	91.8700647955
3425	74	11956	91.9511930344
3426	70	11958	91.8831848748
3427	70	11959	91.8836117393
3428	75	11963	91.824081862
3429	70	11965	91.7564977943
3430	75	11968	91.8368479038
3431	78	11973	91.8470285295
3432	83	11980	91.8660385641
3433	79	11980	91.901386219
