1	134	2	94.9120602606
2	129	6	95.006944124
3	126	7	95.0846471017
4	124	10	95.180200416
5	126	14	95.1415469649
6	127	20	95.1756374815
7	130	22	95.0785393676
8	129	27	95.0257362079
9	127	33	95.079323744
10	126	36	95.0101721041
11	128	36	95.0335615999
12	129	39	95.081482252
13	124	45	95.1591961556
14	124	49	95.1222622669
15	120	54	95.0230289312
16	125	60	95.0299430615
17	130	61	95.1176508648
18	130	64	95.1325577881
19	125	65	95.1217219347
20	127	65	95.1414218619
21	122	65	95.2089482683
22	122	66	95.2575512595
23	119	69	95.2210960491
24	121	71	95.2649864607
25	121	71	95.3493536316
26	126	71	95.4304320029
27	122	73	95.3348215139
28	125	79	95.2353834738
29	120	79	95.2197798754
30	120	86	95.1718254983
31	116	86	95.1514032099
32	118	88	95.2347250793
33	116	92	95.1727751965
34	121	92	95.119319327
35	123	97	95.1075739309
36	127	100	95.1850447979
37	128	104	95.1183057071
38	125	109	95.1412827722
39	128	109	95.1429251838
40	131	110	95.1406991838
41	126	113	95.212386858
42	126	113	95.1780424228
43	124	120	95.1044898919
44	124	124	95.0396125711
45	125	130	95.0291522354
46	130	130	95.0104526214
47	125	136	95.0409853811
48	129	140	95.1033227691
49	131	145	95.1105193519
50	131	148	95.1086986289
51	136	148	95.0539323949
52	132	150	95.1294659522
53	137	157	95.0487391875
54	137	160	95.0725525787
55	137	167	94.9817056264
56	141	167	95.0639776872
57	141	167	95.1277459119
58	146	174	95.0371438021
59	151	180	94.9399914206
60	148	185	94.9341864224
61	143	185	94.8640865455
62	144	191	94.8420080327
63	139	198	94.9020664757
64	138	204	94.8321027124
65	138	207	94.8155555279
66	134	211	94.7527403271
67	130	217	94.7494357592
68	127	221	94.7934116529
69	123	221	94.7010242262
70	125	221	94.7893306381
71	122	228	94.8877914296
72	127	230	94.9212959308
73	123	235	94.8766747036
74	122	236	94.9690113955
75	127	239	94.9111032664
76	124	245	94.9411912102
77	124	248	94.9415923131
78	119	250	95.0041545203
79	117	251	95.016550387
80	120	258	95.0746045444
81	116	260	94.987599439
82	119	266	95.0002137808
83	117	272	94.9149791193
84	119	277	94.82980027
85	117	281	94.8274383082
86	122	281	94.8406171204
87	117	286	94.7545387925
88	117	289	94.8453883489
89	117	289	94.8334814317
90	112	295	94.8523134302
91	115	297	94.7681555839
92	113	301	94.7594873015
93	115	308	94.7277193516
94	116	309	94.7399685404
95	116	314	94.802966365
96	114	318	94.8987222179
97	110	318	94.9476484201
98	110	318	95.0030928059
99	106	320	95.0338925145
100	103	323	94.9825645312
101	107	324	94.9037873741
102	108	330	94.9818139209
103	107	336	94.9380116933
104	108	338	94.9653553083
105	111	342	94.8850726651
106	108	347	94.9786817379
107	108	353	94.8800761065
108	112	354	94.8106766405
109	116	360	94.8208779487
110	117	362	94.741380506
111	120	363	94.7033467878
112	121	370	94.6500378615
113	118	375	94.6479247847
114	121	380	94.6878978208
115	118	386	94.6141590931
116	122	390	94.5997197038
117	126	390	94.5722968442
118	131	390	94.4909064183
119	126	397	94.3937081339
120	123	400	94.3082626239
121	128	406	94.2516567449
122	132	406	94.2852881866
123	130	408	94.3124426725
124	133	415	94.2984716228
125	138	416	94.2648187546
126	142	423	94.2744958663
127	141	429	94.2584891094
128	143	434	94.1645896028
129	145	434	94.2131323791
130	142	437	94.2900782322
131	139	437	94.3471939745
132	141	442	94.4178976346
133	146	449	94.4347419249
134	141	454	94.4276337852
135	141	456	94.4915107935
136	146	459	94.4219269301
137	141	460	94.458727012
138	145	460	94.4604821134
139	144	462	94.3934209204
140	147	467	94.4207461046
141	150	474	94.481414588
142	153	477	94.4500457712
143	153	483	94.5256341586
144	149	485	94.5038287702
145	144	491	94.5937817769
146	147	498	94.6879382692
147	147	503	94.6442115583
148	152	510	94.6050089185
149	154	511	94.5670070375
150	157	517	94.6561933595
151	157	523	94.6777663865
152	159	530	94.6629256183
153	160	537	94.7206668562
154	162	541	94.7597533732
155	157	541	94.8524178817
156	153	546	94.7960441186
157	150	548	94.7672997607
158	148	548	94.8306284608
159	153	548	94.8304930284
160	149	550	94.805702632
161	144	550	94.8952273215
162	143	554	94.8643748773
163	138	557	94.7826830738
164	140	559	94.7543264055
165	139	565	94.7074518669
166	142	566	94.73693827
167	144	571	94.7221405311
168	149	575	94.7285919562
169	146	582	94.7128830401
170	147	589	94.6279205851
171	151	594	94.5664739757
172	153	595	94.648051351
173	158	596	94.6328667285
174	162	600	94.6446429614
175	163	601	94.6486058554
176	161	605	94.6827918422
177	156	611	94.6201073628
178	160	617	94.68618826
179	163	623	94.7831722624
180	161	624	94.7687872383
181	158	631	94.7291078318
182	155	633	94.7876026825
183	151	640	94.7443965202
184	150	643	94.6595260643
185	153	645	94.6513664447
186	150	652	94.6900192639
187	153	652	94.7884732863
188	149	656	94.722147158
189	147	662	94.7570257635
190	151	662	94.8500286462
191	154	669	94.8312001819
192	150	676	94.8731158806
193	150	677	94.7952875531
194	154	683	94.8556337662
195	152	690	94.87376261
196	147	697	94.8997277069
197	144	704	94.838318732
198	139	711	94.8140314243
199	135	718	94.7174602809
200	135	718	94.6306788735
201	138	722	94.6216465714
202	142	726	94.559596331
203	145	726	94.5368909978
204	144	727	94.4905798721
205	149	732	94.5352540636
206	153	739	94.5898167447
207	151	742	94.5882462543
208	155	745	94.6178728465
209	159	745	94.6157722123
210	162	750	94.6579183122
211	160	751	94.6888513524
212	156	753	94.6096282864
213	152	755	94.7044966433
214	153	761	94.7772713508
215	149	766	94.733349695
216	144	772	94.7100072092
217	147	777	94.7480273559
218	149	778	94.7772080221
219	146	782	94.7819774702
220	146	789	94.7704231534
221	143	794	94.7461643506
222	141	801	94.7426423056
223	138	803	94.7246153462
224	140	803	94.7498104614
225	140	804	94.788164654
226	144	805	94.8288316942
227	139	805	94.810204095
228	144	809	94.8209904376
229	143	810	94.9064576926
230	141	811	94.8089024615
231	137	817	94.8135882384
232	134	820	94.7815692863
233	132	824	94.8781125577
234	133	830	94.8502770723
235	137	835	94.825347932
236	141	842	94.8843922888
237	136	846	94.8371347146
238	135	851	94.8687699461
239	136	854	94.8925431756
240	133	857	94.8035971521
241	130	860	94.8565723535
242	127	860	94.9199756804
243	130	863	94.9340236575
244	132	868	95.0212226671
245	127	871	95.0358327349
246	127	873	95.0894323414
247	126	876	94.9937641428
248	128	879	95.0392542839
249	129	879	95.0475099698
250	130	880	95.0894973373
251	134	880	95.0051320195
252	129	882	95.0310183719
253	133	882	95.0384946552
254	129	886	95.0443700436
255	134	891	94.9671149713
256	133	891	95.0615207095
257	131	898	95.0516787662
258	129	900	95.0398653543
259	131	901	95.0816831864
260	134	905	95.1696484936
261	138	905	95.0955780823
262	133	911	95.086821454
263	134	913	95.0651446235
264	133	913	94.9660679279
265	134	918	94.961709162
266	133	920	94.9029062753
267	134	920	94.931199223
268	138	922	94.8430782961
269	135	924	94.7497167668
270	138	929	94.7930952389
271	138	930	94.837010282
272	140	931	94.7694151218
273	140	936	94.8577761821
274	144	941	94.8278331605
275	147	948	94.9176740919
276	146	948	94.8707537578
277	144	948	94.8431075138
278	140	950	94.8866597807
279	135	950	94.8032320774
280	137	952	94.8070332145
281	134	954	94.8374339401
282	130	956	94.8108610878
283	126	959	94.7895838254
284	131	960	94.788976092
285	128	966	94.7760480404
286	133	968	94.8178803342
287	130	975	94.8050339102
288	133	976	94.8456985228
289	132	978	94.8089788882
290	132	981	94.8230819488
291	132	984	94.8901817541
292	128	985	94.7956662076
293	132	991	94.8231798289
294	136	997	94.7502448105
295	135	1003	94.735567127
296	135	1005	94.6735130345
297	132	1009	94.7588388268
298	128	1013	94.7178830316
299	123	1014	94.7412347714
300	126	1019	94.7477101925
301	125	1023	94.6746345451
302	127	1024	94.6197489492
303	130	1031	94.5994927806
304	128	1033	94.5020713335
305	124	1036	94.4392704382
306	129	1039	94.440016123
307	133	1045	94.3504752509
308	138	1052	94.3691590764
309	141	1055	94.3002448242
310	143	1057	94.3323212893
311	140	1058	94.2324114797
312	144	1064	94.1745807678
313	147	1070	94.12925305
314	142	1070	94.0773245867
315	140	1070	94.0810556168
316	137	1077	94.0442718485
317	140	1081	94.1366104717
318	139	1083	94.0542316133
319	140	1085	94.1191474856
320	136	1088	94.1995913349
321	131	1088	94.2056268875
322	134	1090	94.2487975455
323	133	1096	94.2204019915
324	137	1103	94.312467045
325	138	1109	94.3166288623
326	141	1109	94.3699475841
327	142	1114	94.4139460306
328	139	1121	94.4218361847
329	144	1121	94.5199473036
330	141	1126	94.5755473643
331	144	1132	94.5373335434
332	147	1136	94.5031502748
333	148	1138	94.5797600222
334	145	1143	94.4806043619
335	143	1150	94.4148505463
336	139	1156	94.4575184689
337	139	1162	94.4366613423
338	134	1162	94.4386237309
339	133	1163	94.4863629709
340	137	1165	94.5217081074
341	132	1165	94.537496954
342	137	1166	94.6061052905
343	135	1168	94.5170683368
344	134	1168	94.4588691199
345	129	1175	94.5547016188
346	128	1180	94.476562324
347	127	1184	94.425326792
348	128	1191	94.478141568
349	130	1197	94.3787083026
350	134	1199	94.373374221
351	131	1199	94.4032335263
352	136	1200	94.4435246801
353	131	1205	94.4687999857
354	133	1207	94.4952664693
355	134	1207	94.5774208119
356	136	1213	94.6007194374
357	132	1215	94.5655143516
358	134	1220	94.6531732568
359	139	1226	94.6070535862
360	137	1231	94.6600774241
361	135	1231	94.6563375666
362	130	1235	94.6657624391
363	128	1235	94.6370420459
364	128	1242	94.7298052447
365	129	1246	94.7917168536
366	129	1252	94.8861279621
367	126	1252	94.9306484884
368	121	1259	94.9325729182
369	120	1264	94.8978879071
370	123	1269	94.8717609251
371	125	1276	94.9167784725
372	121	1283	94.909871899
373	119	1286	94.8745800203
374	120	1289	94.8551590541
375	121	1296	94.7976950376
376	116	1298	94.8732949012
377	115	1302	94.7756460259
378	110	1306	94.6814330335
379	109	1306	94.7064780986
380	109	1309	94.7703757102
381	110	1310	94.6735152643
382	110	1317	94.704264446
383	109	1323	94.6659298051
384	109	1329	94.6901106677
385	108	1333	94.5911841449
386	109	1337	94.5596483947
387	113	1340	94.6112565421
388	113	1341	94.6174074632
389	111	1346	94.5852387904
390	109	1350	94.5814837691
391	110	1352	94.4943482697
392	113	1358	94.580503998
393	117	1358	94.6682593034
394	117	1358	94.7216640138
395	114	1359	94.675115754
396	115	1360	94.5974281575
397	112	1367	94.5154182984
398	113	1371	94.5045656966
399	109	1375	94.4832049142
400	112	1382	94.5162229318
401	111	1385	94.5881542955
402	106	1388	94.6397952596
403	105	1391	94.5561002141
404	109	1396	94.6132601098
405	110	1397	94.6261892445
406	109	1404	94.5316853827
407	105	1404	94.5695164079
408	107	1409	94.5309761086
409	104	1409	94.5950821543
410	101	1413	94.5740658273
411	97	1417	94.6405729885
412	92	1422	94.6038060774
413	88	1424	94.5808619892
414	87	1428	94.6270862997
415	92	1435	94.5603809313
416	91	1436	94.5035045875
417	90	1443	94.5338978923
418	91	1449	94.4564360547
419	89	1450	94.5396861564
420	91	1453	94.4626542865
421	88	1455	94.5446971359
422	90	1455	94.5342326878
423	95	1456	94.5252451749
424	100	1463	94.4517765601
425	99	1464	94.3928678412
426	99	1464	94.3244758905
427	101	1471	94.2353969077
428	105	1478	94.1762649533
429	106	1480	94.135196781
430	107	1480	94.0901138657
431	112	1485	94.0960810573
432	110	1489	94.1215997188
433	109	1490	94.2177755601
434	105	1494	94.1249264
435	110	1497	94.0655310464
436	109	1499	94.1519631658
437	112	1502	94.2043824676
438	107	1508	94.2417779764
439	103	1515	94.1897824436
440	106	1519	94.2238040604
441	107	1526	94.1289509662
442	108	1527	94.1945220495
443	105	1531	94.2911789815
444	100	1535	94.3822821968
445	97	1535	94.4556040282
446	95	1537	94.5231254026
447	100	1539	94.527573771
448	100	1545	94.4634523529
449	104	1552	94.4264821293
450	104	1554	94.450425411
451	102	1556	94.4614023402
452	107	1556	94.500103534
453	104	1558	94.5418631182
454	109	1561	94.5660249369
455	106	1563	94.4905923281
456	104	1564	94.5388681904
457	107	1564	94.5746959339
458	110	1570	94.5256976651
459	106	1570	94.623104759
460	111	1575	94.5287744521
461	116	1576	94.617976893
462	116	1578	94.6314575643
463	115	1580	94.7181256791
464	114	1581	94.8025993213
465	109	1582	94.7259736927
466	104	1583	94.7297722236
467	100	1586	94.8018877662
468	102	1590	94.7613479849
469	107	1597	94.7117894413
470	110	1603	94.7221259325
471	108	1604	94.7693878265
472	111	1604	94.7695299416
473	115	1609	94.7966554864
474	117	1613	94.7223524562
475	118	1619	94.8006466791
476	122	1626	94.8151402127
477	118	1631	94.7736563746
478	122	1631	94.7345272735
479	126	1636	94.6479229227
480	125	1641	94.7187435885
481	122	1641	94.7399457093
482	117	1648	94.7370922624
483	120	1652	94.729942
484	115	1652	94.6824827804
485	119	1655	94.6737878991
486	115	1657	94.6994608887
487	114	1657	94.6714438893
488	117	1659	94.7075509101
489	118	1660	94.6832179353
490	120	1666	94.6534007507
491	117	1673	94.6667103051
492	120	1679	94.6016424765
493	125	1682	94.5773707689
494	123	1689	94.5597161906
495	120	1694	94.596130055
496	119	1696	94.6704267136
497	123	1702	94.6130695129
498	128	1705	94.6191036766
499	128	1707	94.5399912133
500	130	1707	94.4670584672
501	127	1712	94.4313488066
502	129	1717	94.4089564236
503	131	1724	94.4348841478
504	126	1731	94.3516479514
505	126	1733	94.2860713426
506	121	1736	94.3150614091
507	118	1740	94.4010306323
508	123	1743	94.4630976485
509	128	1744	94.3898291507
510	131	1750	94.3853892914
511	136	1752	94.3174406537
512	132	1756	94.2466535875
513	129	1758	94.3037982162
514	129	1758	94.3880867439
515	134	1765	94.2907987338
516	136	1766	94.2706443809
517	136	1766	94.2340163487
518	133	1770	94.2284722363
519	130	1771	94.2003148769
520	135	1772	94.2471495548
521	135	1772	94.2835831395
522	132	1775	94.3151739487
523	129	1780	94.2408558831
524	128	1784	94.2038884051
525	133	1789	94.1592783986
526	132	1793	94.1894213961
527	135	1797	94.2453098051
528	140	1797	94.3246687498
529	137	1802	94.2453010274
530	132	1802	94.3006125875
531	136	1806	94.3715307008
532	134	1810	94.3713518898
533	138	1811	94.4470529285
534	137	1811	94.4162307985
535	138	1813	94.3753824654
536	139	1813	94.4076912932
537	136	1814	94.4235335579
538	140	1821	94.3656061094
539	135	1827	94.2993609962
540	139	1834	94.2662675489
541	139	1834	94.3415644919
542	143	1836	94.4189956192
543	148	1840	94.3910698222
544	145	1842	94.4330696532
545	149	1844	94.4278997759
546	149	1847	94.4067685789
547	149	1853	94.4579483998
548	150	1859	94.3945821625
549	146	1861	94.334242828
550	144	1861	94.3830607174
551	142	1868	94.2924590636
552	147	1871	94.2875128343
553	152	1871	94.3614702224
554	155	1874	94.3774020564
555	156	1878	94.4694318279
556	158	1882	94.4071823536
557	154	1883	94.3235300164
558	159	1888	94.3840786524
559	160	1889	94.3902796902
560	155	1894	94.2933037742
561	158	1901	94.3291566003
562	156	1906	94.3567513826
563	160	1911	94.4449770212
564	159	1915	94.4416778161
565	156	1922	94.4557344542
566	156	1923	94.4932835494
567	159	1928	94.4830415683
568	158	1930	94.5815337454
569	156	1930	94.6377252671
570	156	1931	94.5578845382
571	153	1936	94.6155084459
572	153	1939	94.5207493808
573	152	1939	94.4419929231
574	147	1942	94.4041050099
575	144	1944	94.441888853
576	139	1950	94.4898447497
577	142	1955	94.4088750659
578	147	1956	94.504939299
579	152	1956	94.5434028381
580	151	1963	94.5221255539
581	153	1970	94.5331941532
582	151	1974	94.6299003337
583	154	1975	94.6814071916
584	152	1981	94.6848598832
585	148	1986	94.5915164879
586	152	1991	94.6637379072
587	156	1993	94.5917548507
588	160	2000	94.5605707352
589	157	2007	94.4958452761
590	155	2009	94.5889975453
591	158	2009	94.5694272434
592	159	2011	94.5566397313
593	156	2013	94.4641280753
594	160	2019	94.4581969906
595	163	2023	94.5492459267
596	159	2024	94.5109662966
597	156	2029	94.4757176191
598	159	2031	94.3967122715
599	155	2031	94.3379515178
600	160	2034	94.2843149533
601	161	2038	94.3132846314
602	158	2042	94.3624831125
603	154	2048	94.3889609424
604	156	2050	94.3582547491
605	155	2054	94.273788571
606	159	2056	94.2786259794
607	163	2060	94.3768337498
608	161	2061	94.4159952371
609	156	2061	94.4328898996
610	158	2065	94.4864991102
611	158	2065	94.437779931
612	161	2066	94.4009594577
613	160	2071	94.4723234472
614	155	2074	94.4589247593
615	154	2080	94.3624401992
616	155	2086	94.353896256
617	155	2086	94.3217435292
618	157	2086	94.3120359192
619	152	2092	94.3481492044
620	154	2094	94.2982037933
621	158	2096	94.2637114743
622	157	2097	94.2693319989
623	153	2097	94.3483451731
624	158	2103	94.384640208
625	157	2108	94.4313167187
626	162	2108	94.3749504196
627	162	2114	94.332837717
628	165	2115	94.2642434047
629	165	2116	94.1664369289
630	168	2118	94.189878372
631	173	2124	94.2411963825
632	168	2130	94.1565600768
633	166	2130	94.1807480069
634	170	2134	94.1577343199
635	168	2141	94.1019680757
636	171	2147	94.1486684936
637	170	2150	94.1337209225
638	172	2153	94.1428427543
639	170	2157	94.084053334
640	172	2164	93.9844797531
641	176	2170	93.9983437772
642	181	2176	94.0567283486
643	177	2176	94.0262258096
644	176	2183	93.9636714122
645	180	2187	93.9307169198
646	175	2188	93.8499213636
647	170	2191	93.9128405736
648	175	2193	93.9455781515
649	175	2198	93.9271423478
650	180	2201	93.8444844939
651	178	2207	93.9251648812
652	183	2212	93.959593717
653	180	2212	93.9063466389
654	184	2215	93.9934604846
655	180	2218	94.0266070114
656	176	2223	93.943556701
657	177	2227	94.0386797201
658	173	2234	94.106832399
659	168	2234	94.1653504904
660	173	2240	94.1637778581
661	176	2241	94.1768264655
662	179	2243	94.2058142542
663	174	2244	94.2783307517
664	173	2251	94.3213815104
665	174	2253	94.2794755019
666	171	2258	94.2915676432
667	171	2258	94.234075266
668	169	2261	94.2493057719
669	168	2262	94.1556457303
670	173	2269	94.2035388216
671	172	2274	94.2382864154
672	170	2277	94.1504327214
673	167	2284	94.1365849065
674	169	2286	94.1641753084
675	169	2292	94.2532518275
676	174	2296	94.1802139036
677	170	2302	94.2499761763
678	170	2307	94.2786127506
679	170	2309	94.2620719139
680	171	2310	94.3614816251
681	166	2310	94.410604557
682	169	2311	94.4465218776
683	169	2314	94.3580434176
684	174	2316	94.2997104046
685	177	2316	94.3904252463
686	176	2319	94.2970371476
687	174	2325	94.2691874053
688	169	2329	94.2382381718
689	164	2336	94.2793242014
690	166	2337	94.2494614159
691	162	2340	94.3400259045
692	160	2342	94.2602341268
693	165	2343	94.173441907
694	167	2348	94.0948709445
695	170	2355	94.0603436093
696	172	2358	93.986845674
697	171	2362	93.959243281
698	166	2366	93.9215135304
699	161	2370	93.8317190454
700	166	2376	93.7604960095
701	164	2382	93.7385260352
702	169	2388	93.761771545
703	174	2395	93.8510790597
704	169	2398	93.9165144816
705	174	2405	93.9938987259
706	178	2406	94.0574682821
707	182	2413	94.1195999844
708	184	2420	94.0467356631
709	184	2425	93.9605196221
710	183	2426	94.053911068
711	187	2430	94.0958487227
712	189	2435	94.1794487252
713	191	2437	94.2258168077
714	188	2440	94.216336422
715	191	2445	94.2346636712
716	193	2452	94.2243005248
717	198	2454	94.2326017764
718	198	2455	94.2564210563
719	200	2458	94.2564879569
720	200	2462	94.2318972294
721	200	2468	94.2291563323
722	200	2469	94.2561425032
723	200	2470	94.3283940147
724	196	2473	94.2531450346
725	196	2473	94.2120919773
726	200	2475	94.2036610604
727	200	2482	94.156448633
728	200	2489	94.2263904789
729	197	2491	94.2111187293
730	194	2492	94.2399194026
731	194	2492	94.2066885203
732	197	2499	94.1979717038
733	195	2503	94.2902241491
734	193	2506	94.2165359213
735	188	2510	94.2594099105
736	187	2510	94.3417110316
737	187	2512	94.4128091659
738	188	2519	94.4259823562
739	186	2519	94.365124234
740	182	2520	94.2655528856
741	177	2523	94.1808070569
742	172	2526	94.1214254062
743	173	2531	94.1635190489
744	172	2538	94.1666163501
745	173	2545	94.2030587389
746	175	2547	94.1213455403
747	177	2553	94.1317884155
748	174	2559	94.1783971669
749	172	2559	94.1982340381
750	171	2565	94.1851518701
751	168	2572	94.2071012189
752	168	2574	94.2008495113
753	171	2578	94.1258944928
754	167	2584	94.0755719071
755	165	2585	94.0681318398
756	163	2589	94.113812467
757	160	2595	94.0887527688
758	161	2599	94.0048747542
759	162	2604	93.9319349417
760	158	2607	94.0175325227
761	155	2610	94.0954470991
762	160	2614	94.1019927404
763	165	2618	94.0563237854
764	170	2622	94.1159179807
765	167	2626	94.1560215005
766	170	2631	94.1131531538
767	165	2636	94.1561628669
768	163	2638	94.108618935
769	168	2639	94.0089428789
770	164	2644	93.9848026121
771	169	2647	93.8912888188
772	170	2652	93.974004802
773	168	2658	93.929421987
774	164	2659	93.8682045894
775	169	2659	93.9634386072
776	169	2663	93.9635484029
777	167	2668	93.9144872226
778	168	2670	93.8721768248
779	172	2675	93.8362087206
780	167	2680	93.7466066724
781	170	2681	93.7135207466
782	175	2684	93.7785382336
783	180	2686	93.847840186
784	182	2688	93.818900411
785	182	2689	93.7691240206
786	180	2692	93.8640957551
787	177	2692	93.7765485771
788	182	2694	93.8070287726
789	182	2697	93.7990472505
790	177	2703	93.8770596267
791	178	2706	93.8162112991
792	179	2711	93.8910971186
793	174	2714	93.8010609802
794	172	2715	93.8654974223
795	173	2716	93.809325771
796	170	2719	93.7513713223
797	173	2722	93.6695708505
798	178	2723	93.7267272084
799	180	2730	93.750991428
800	185	2735	93.7708854346
801	185	2741	93.8279059255
802	190	2746	93.8028794371
803	186	2753	93.8590346481
804	181	2754	93.8149659383
805	179	2760	93.716197846
806	176	2764	93.8136680488
807	177	2767	93.8881528645
808	176	2770	93.9637649403
809	181	2776	93.974603789
810	182	2779	94.0064927007
811	182	2782	93.9526453554
812	186	2785	93.9697713235
813	190	2785	93.9935645248
814	193	2789	94.0610443941
815	198	2792	94.0263428515
816	199	2792	93.9449863004
817	199	2794	94.0149048492
818	200	2798	94.0502812083
819	200	2801	94.1026215477
820	195	2808	94.0725685746
821	194	2813	94.1076892729
822	190	2815	94.1248985028
823	194	2818	94.0873189386
824	199	2820	94.1848110159
825	200	2821	94.2070048579
826	200	2828	94.1642891005
827	199	2834	94.1749392737
828	199	2840	94.194338773
829	200	2842	94.1460316188
830	200	2844	94.0900318122
831	197	2851	93.9992344852
832	200	2856	93.9330939454
833	199	2860	94.0027535527
834	198	2861	93.9882171409
835	195	2861	93.944132602
836	198	2865	93.9970514305
837	193	2871	94.0472617134
838	196	2877	93.9715824829
839	194	2880	93.9444660994
840	197	2881	93.9287749889
841	193	2882	93.8525220133
842	195	2883	93.7753965663
843	199	2889	93.7420350085
844	199	2894	93.7994296776
845	200	2897	93.7308333103
846	200	2904	93.6524513819
847	200	2906	93.6553789035
848	200	2911	93.557654458
849	200	2916	93.6343059549
850	200	2919	93.7118732894
851	199	2919	93.6935609743
852	200	2920	93.6260840203
853	200	2923	93.6607812165
854	195	2926	93.6185823468
855	199	2932	93.5970124974
856	194	2936	93.6554013981
857	190	2937	93.6664813061
858	194	2940	93.6930820127
859	198	2946	93.7407205589
860	198	2950	93.7526309518
861	194	2952	93.6982548403
862	191	2955	93.7511313787
863	194	2956	93.795368594
864	196	2959	93.8745568965
865	193	2964	93.9682680906
866	190	2966	93.9593456798
867	186	2970	93.9406113024
868	181	2971	94.0183785997
869	185	2973	94.1098748057
870	186	2980	94.0484200123
871	184	2986	94.0695119097
872	179	2990	94.0700467337
873	179	2997	93.990438648
874	181	2997	94.0068622118
875	186	2997	94.0484803584
876	183	2997	94.107161971
877	185	2998	94.1209220266
878	190	3000	94.0636844948
879	189	3000	93.9868813468
880	189	3003	94.0732369238
881	193	3010	94.1044692806
882	196	3016	94.1858795085
883	200	3020	94.0984380449
884	195	3027	94.1973303733
885	194	3034	94.1910773949
886	195	3035	94.2365756466
887	197	3039	94.3311190623
888	196	3040	94.2442990016
889	199	3046	94.2543083035
890	200	3049	94.3432434126
891	197	3055	94.4342998239
892	193	3058	94.3961645374
893	192	3060	94.4296002326
894	190	3066	94.3711072689
895	191	3071	94.4683231783
896	189	3073	94.4816875273
897	189	3076	94.5203928813
898	185	3082	94.4342606088
899	187	3086	94.4007389035
900	182	3090	94.4004714429
901	186	3091	94.4526915037
902	190	3092	94.4249470754
903	189	3095	94.3382618646
904	192	3100	94.2840444242
905	192	3102	94.3025182012
906	193	3107	94.2624752923
907	198	3109	94.1980827137
908	200	3115	94.2973323355
909	200	3120	94.3257720659
910	200	3121	94.3556496969
911	200	3123	94.3734880412
912	196	3128	94.3801537293
913	199	3135	94.3299479656
914	200	3135	94.4157394436
915	195	3136	94.3934727606
916	199	3139	94.3955418848
917	200	3141	94.3796061939
918	199	3147	94.281937962
919	200	3154	94.3021711953
920	200	3155	94.2606877452
921	195	3157	94.2883276626
922	191	3162	94.3104220443
923	188	3169	94.2313336616
924	190	3176	94.2312974486
925	194	3177	94.153941196
926	198	3181	94.1209697312
927	194	3186	94.0951435371
928	195	3190	94.1210049346
929	196	3194	94.1366580371
930	191	3194	94.1833086334
931	187	3197	94.2128682069
932	188	3203	94.2385883625
933	193	3203	94.2364999646
934	197	3203	94.3206590936
935	197	3207	94.3825730725
936	196	3209	94.4569126191
937	198	3213	94.4142023359
938	200	3215	94.5017526886
939	200	3220	94.4627961334
940	200	3226	94.3749755872
941	198	3229	94.4513362439
942	196	3233	94.522666196
943	196	3234	94.4648732934
944	195	3241	94.4748891797
945	192	3244	94.4605013062
946	188	3249	94.5293742586
947	183	3256	94.6013366443
948	186	3262	94.6902560539
949	190	3263	94.7438838026
950	185	3267	94.7376297183
951	188	3271	94.7878661409
952	188	3277	94.736501814
953	188	3280	94.825886853
954	184	3280	94.7413578675
955	183	3287	94.7485197784
956	178	3293	94.7374650246
957	176	3295	94.8066501333
958	178	3298	94.769703765
959	177	3298	94.7555184401
960	173	3300	94.7380183114
961	170	3303	94.8305935884
962	166	3310	94.822562832
963	167	3311	94.8532925177
964	167	3318	94.85437397
965	169	3319	94.8920823814
966	173	3326	94.8913213596
967	173	3328	94.8121617919
968	177	3329	94.7940241468
969	176	3333	94.8089308109
970	177	3337	94.8907120142
971	179	3340	94.9789003728
972	174	3347	94.952028183
973	170	3348	94.9825639162
974	175	3350	94.9820985463
975	171	3352	95.0444025275
976	167	3358	95.0694603255
977	168	3364	95.1056690969
978	165	3369	95.1804838457
979	165	3370	95.1452547685
980	164	3375	95.1180069343
981	166	3377	95.181661693
982	162	3380	95.1290686392
983	163	3384	95.0782852832
984	159	3386	95.0733832265
985	161	3390	95.1442065727
986	160	3394	95.1712398983
987	156	3394	95.122552304
988	158	3396	95.0320850302
989	154	3400	94.9712446158
990	151	3406	95.0223254383
991	150	3413	95.0967626178
992	145	3420	95.1447260385
993	140	3421	95.208955381
994	143	3427	95.2441674787
995	142	3432	95.2262302938
996	137	3435	95.1451719291
997	139	3436	95.1852233296
998	144	3438	95.1436275911
999	143	3443	95.1233211287
1000	146	3450	95.1352995947
1001	143	3453	95.2027401423
1002	140	3457	95.1096316445
1003	140	3458	95.1113188505
1004	144	3465	95.0842875779
1005	139	3469	95.0505412336
1006	136	3471	95.0462796242
1007	137	3476	95.1249355903
1008	137	3483	95.0671330532
1009	137	3490	95.0287533602
1010	142	3496	94.9485004737
1011	140	3503	94.906304721
1012	144	3507	94.8507424204
1013	148	3509	94.7587002253
1014	145	3516	94.7576534241
1015	145	3521	94.784217465
1016	149	3526	94.757639232
1017	147	3533	94.661808173
1018	143	3539	94.7243843731
1019	144	3546	94.7227126726
1020	148	3548	94.8177911698
1021	149	3553	94.8214682228
1022	146	3553	94.7233014868
1023	144	3560	94.8027142814
1024	149	3563	94.8419691488
1025	152	3566	94.7855819069
1026	153	3566	94.7513950141
1027	149	3570	94.6637374312
1028	147	3572	94.7409259049
1029	152	3579	94.7158408799
1030	149	3581	94.6806891932
1031	152	3586	94.7015745759
1032	152	3590	94.6990731543
1033	155	3594	94.7741150344
1034	157	3596	94.7485716046
1035	154	3600	94.6947365632
1036	154	3602	94.733643354
1037	153	3605	94.691747683
1038	157	3607	94.7691081644
1039	162	3614	94.6700441566
1040	166	3621	94.6522423327
1041	165	3625	94.6591104061
1042	170	3631	94.7083425968
1043	170	3634	94.7434608999
1044	175	3638	94.7794797846
1045	170	3643	94.867089483
1046	165	3647	94.923102678
1047	170	3647	94.8853075646
1048	175	3647	94.8616216381
1049	171	3649	94.8727274915
1050	166	3650	94.8083743821
1051	165	3654	94.7655456932
1052	165	3661	94.7639967993
1053	165	3667	94.7190604077
1054	168	3672	94.8083405622
1055	163	3672	94.8547700597
1056	160	3673	94.7926833763
1057	163	3677	94.7065719047
1058	167	3680	94.8043712734
1059	166	3685	94.878436251
1060	161	3692	94.8828696948
1061	159	3692	94.8789926238
1062	158	3699	94.8116989361
1063	158	3706	94.8869244006
1064	162	3711	94.8235645666
1065	159	3715	94.761375228
1066	161	3721	94.7368538707
1067	164	3723	94.8302722976
1068	165	3729	94.7446850653
1069	170	3730	94.7449786438
1070	168	3731	94.7523378145
1071	167	3732	94.8456432918
1072	162	3738	94.8688066326
1073	166	3739	94.7865449755
1074	171	3745	94.7186258287
1075	169	3749	94.7345857344
1076	166	3750	94.8267810253
1077	166	3757	94.8133326878
1078	161	3758	94.8417988963
1079	157	3758	94.8143771912
1080	158	3758	94.7159523115
1081	153	3760	94.8071317774
1082	153	3760	94.7351999813
1083	158	3765	94.6569643974
1084	159	3766	94.6064524668
1085	155	3768	94.557983943
1086	158	3770	94.5406637867
1087	157	3770	94.4613809771
1088	157	3770	94.3617643283
1089	158	3771	94.3115963574
1090	160	3777	94.3439265865
1091	161	3782	94.3850254104
1092	161	3787	94.4056168983
1093	164	3787	94.5000574628
1094	162	3794	94.4971100478
1095	157	3797	94.402073966
1096	154	3800	94.4133178139
1097	150	3806	94.4232722257
1098	153	3812	94.4075376494
1099	150	3812	94.468129645
1100	145	3818	94.388187482
1101	141	3823	94.3126243616
1102	141	3823	94.3176730981
1103	145	3828	94.2671103647
1104	150	3830	94.3120187458
1105	145	3832	94.3836920924
1106	149	3839	94.3551462734
1107	153	3840	94.2701930613
1108	158	3846	94.1709756565
1109	160	3850	94.2668639326
1110	160	3853	94.2204133563
1111	164	3856	94.3000581631
1112	165	3857	94.2216706373
1113	166	3860	94.1439447083
1114	167	3861	94.156745233
1115	169	3861	94.2232918062
1116	170	3863	94.3103165007
1117	170	3869	94.2425241974
1118	173	3876	94.302306706
1119	178	3882	94.2385138857
1120	177	3883	94.2862569277
1121	174	3884	94.3084053256
1122	169	3887	94.3588377663
1123	165	3890	94.3701452314
1124	167	3897	94.3024910484
1125	171	3899	94.3547317282
1126	175	3899	94.3383510203
1127	171	3902	94.4381930963
1128	173	3905	94.3741197518
1129	176	3908	94.305060276
1130	172	3913	94.2232177018
1131	168	3918	94.2293283539
1132	170	3921	94.1852077939
1133	172	3926	94.1430490147
1134	176	3929	94.2088025876
1135	176	3931	94.1894753874
1136	181	3938	94.277360868
1137	176	3945	94.2812112616
1138	180	3952	94.1886723178
1139	183	3956	94.1355876127
1140	178	3961	94.1673085301
1141	180	3967	94.2488712506
1142	178	3973	94.1784348384
1143	183	3974	94.1857972738
1144	182	3976	94.0975206924
1145	186	3976	94.0198073996
1146	183	3979	94.0584602728
1147	179	3980	93.9646626245
1148	179	3980	93.9809816969
1149	174	3982	93.8916817378
1150	173	3986	93.8843559712
1151	176	3992	93.7867417046
1152	176	3992	93.8077575171
1153	178	3992	93.8990102215
1154	173	3998	93.8266001942
1155	169	4000	93.7620728556
1156	168	4003	93.713557017
1157	165	4003	93.7785324102
1158	168	4006	93.8615665745
1159	172	4010	93.932521652
1160	167	4011	93.8753748622
1161	163	4014	93.8812488917
1162	164	4016	93.8257871035
1163	166	4023	93.7368901525
1164	161	4025	93.8338932374
1165	161	4031	93.8852186808
1166	162	4033	93.8012707698
1167	167	4040	93.7692872578
1168	165	4041	93.7059091478
1169	163	4042	93.7283104375
1170	161	4045	93.7631509713
1171	160	4045	93.808954102
1172	165	4051	93.8685478137
1173	170	4055	93.8956915748
1174	172	4058	93.9106151973
1175	170	4058	93.9695072257
1176	171	4063	93.8982073486
1177	172	4066	93.9969135724
1178	171	4073	94.0124473938
1179	166	4073	93.9596368356
1180	167	4080	93.8875413352
1181	165	4082	93.9473499713
1182	162	4089	93.9434261314
1183	160	4094	93.9612752219
1184	165	4095	94.0533185444
1185	162	4102	94.1076920761
1186	165	4102	94.1466299745
1187	169	4107	94.0735901782
1188	173	4114	94.0230534199
1189	174	4121	94.0065995691
1190	178	4123	93.9378342164
1191	177	4125	93.8989197293
1192	172	4129	93.9325870432
1193	174	4130	94.0028777239
1194	173	4130	94.0695055919
1195	168	4135	94.084796898
1196	163	4137	94.1809222139
1197	159	4144	94.2104160527
1198	156	4144	94.2496176986
1199	158	4148	94.2440253037
1200	155	4150	94.2574827023
1201	151	4154	94.276783344
1202	154	4158	94.3526823147
1203	153	4165	94.3898533214
1204	155	4168	94.3581153389
1205	158	4168	94.3215703101
1206	157	4170	94.3619311864
1207	152	4170	94.3732711524
1208	157	4174	94.4335324427
1209	152	4179	94.5163549349
1210	153	4181	94.5741772673
1211	154	4188	94.5833874662
1212	157	4189	94.6210958392
1213	162	4192	94.6859365842
1214	160	4194	94.6040411864
1215	158	4198	94.5522734608
1216	158	4203	94.6184270961
1217	163	4209	94.5977395808
1218	158	4210	94.6564155973
1219	158	4211	94.7018046638
1220	162	4212	94.6823489415
1221	163	4212	94.7489060514
1222	165	4214	94.8020268779
1223	169	4214	94.8469049568
1224	165	4221	94.7806904111
1225	169	4227	94.8048357546
1226	167	4231	94.7429469456
1227	163	4231	94.6836191455
1228	158	4235	94.7157876354
1229	163	4240	94.7420854107
1230	165	4243	94.7161296317
1231	164	4249	94.7965233996
1232	166	4254	94.8204481214
1233	169	4259	94.7402181308
1234	167	4260	94.7885382703
1235	164	4262	94.7947032104
1236	159	4269	94.7513217233
1237	157	4271	94.7429687737
1238	152	4275	94.7527790274
1239	150	4278	94.7236134285
1240	149	4281	94.6653411875
1241	150	4287	94.7090408941
1242	149	4289	94.6153040247
1243	151	4289	94.6568811823
1244	151	4291	94.5699953425
1245	151	4298	94.5945536301
1246	156	4301	94.6118084082
1247	156	4302	94.625161291
1248	159	4305	94.6534670575
1249	159	4306	94.6392895118
1250	162	4310	94.6224621201
1251	163	4315	94.7096853805
1252	166	4316	94.6700215225
1253	169	4317	94.6221896807
1254	167	4324	94.6346873191
1255	166	4324	94.7304795335
1256	162	4331	94.7048640223
1257	167	4331	94.7503595235
1258	168	4336	94.7926273142
1259	168	4342	94.7641603737
1260	173	4344	94.7452765574
1261	175	4345	94.7561722688
1262	176	4349	94.8428939419
1263	181	4356	94.8134822748
1264	179	4361	94.7154779716
1265	178	4366	94.618289986
1266	173	4373	94.7102507459
1267	171	4379	94.6989065097
1268	175	4383	94.6949922854
1269	180	4383	94.7098942126
1270	179	4388	94.6211423054
1271	178	4391	94.5866462525
1272	179	4397	94.5151375426
1273	182	4398	94.4637941995
1274	182	4403	94.4369335873
1275	180	4410	94.4547795196
1276	180	4415	94.4746140721
1277	180	4421	94.4865285601
1278	178	4427	94.3929467728
1279	173	4434	94.3993562622
1280	174	4438	94.4242143945
1281	169	4438	94.4754678588
1282	169	4445	94.5114975382
1283	168	4445	94.5340216081
1284	168	4447	94.5202612794
1285	168	4450	94.461269844
1286	173	4457	94.4345018807
1287	176	4457	94.3376358674
1288	180	4460	94.3295175167
1289	184	4464	94.2773745565
1290	182	4469	94.1953079626
1291	187	4476	94.1449594536
1292	189	4482	94.1575690532
1293	186	4482	94.1541258821
1294	181	4487	94.0656490909
1295	176	4487	94.0714946271
1296	176	4493	94.0105407316
1297	181	4496	94.0969236684
1298	177	4499	94.0786988909
1299	182	4499	94.0532377543
1300	182	4505	93.976817262
1301	184	4512	93.9225935271
1302	186	4515	93.995112157
1303	188	4519	94.0706625038
1304	188	4520	94.0447778579
1305	183	4520	94.0306188374
1306	183	4522	94.021311046
1307	180	4522	93.9949391147
1308	178	4528	94.0570574695
1309	174	4530	94.1442809228
1310	169	4536	94.2200184776
1311	170	4537	94.1911620701
1312	171	4538	94.1799130139
1313	168	4539	94.2064012344
1314	168	4543	94.1688064925
1315	168	4549	94.1084364411
1316	168	4554	94.0536076437
1317	170	4559	94.0409318559
1318	165	4565	94.1175714726
1319	166	4567	94.0358628133
1320	171	4571	93.9887194818
1321	171	4572	94.0058035518
1322	168	4577	94.0000145356
1323	164	4579	93.9296581599
1324	168	4582	93.9007619198
1325	170	4583	93.9327119358
1326	167	4585	93.9982265088
1327	170	4589	93.9674751078
1328	165	4594	93.99528958
1329	168	4595	93.9750858898
1330	163	4598	93.9338915284
1331	160	4599	93.9807165797
1332	157	4604	94.0108049672
1333	155	4610	94.05311683
1334	159	4616	94.1404859746
1335	158	4617	94.1160484141
1336	157	4624	94.1128391095
1337	161	4626	94.1789668285
1338	160	4627	94.1397502726
1339	164	4633	94.1144051521
1340	164	4634	94.0973117358
1341	160	4637	94.1053677301
1342	162	4643	94.0967799294
1343	160	4649	94.1519832793
1344	159	4655	94.0913711368
1345	161	4657	94.1865786286
1346	160	4664	94.1007917154
1347	157	4667	94.1921961707
1348	153	4668	94.2032887172
1349	152	4669	94.198273022
1350	147	4674	94.116302384
1351	151	4681	94.0717631898
1352	147	4681	94.1040441309
1353	148	4682	94.0903365414
1354	153	4688	94.0415291802
1355	152	4694	94.1115298997
1356	150	4698	94.0366172785
1357	152	4701	94.0994443493
1358	151	4704	94.1913186294
1359	155	4708	94.2803484266
1360	154	4711	94.2296139254
1361	149	4713	94.2329154434
1362	153	4719	94.23704214
1363	157	4723	94.2107477487
1364	152	4730	94.2295383797
1365	153	4736	94.2016778535
1366	153	4739	94.1689228068
1367	149	4740	94.1111247271
1368	152	4740	94.2000339685
1369	153	4746	94.2253595249
1370	148	4746	94.275344864
1371	153	4748	94.3727636548
1372	156	4752	94.3532672904
1373	159	4753	94.4306280728
1374	163	4757	94.3420423068
1375	162	4759	94.4417499789
1376	165	4760	94.5106658916
1377	168	4764	94.5817431844
1378	169	4768	94.6742209313
1379	174	4773	94.6264099829
1380	171	4773	94.6402493717
1381	167	4774	94.568615907
1382	166	4775	94.6386933688
1383	162	4779	94.6050800369
1384	162	4780	94.514907386
1385	164	4782	94.5967902869
1386	167	4785	94.503831504
1387	168	4790	94.4721505446
1388	170	4790	94.5316737906
1389	174	4795	94.6051275751
1390	172	4797	94.6022398802
1391	173	4797	94.5499221776
1392	176	4804	94.4671961574
1393	177	4804	94.4468694
1394	178	4806	94.528663686
1395	181	4813	94.4841476611
1396	181	4820	94.431271801
1397	177	4825	94.5303817603
1398	177	4826	94.4863844918
1399	180	4827	94.4314695345
1400	183	4827	94.4118847018
1401	179	4833	94.4395446116
1402	181	4839	94.5055761516
1403	186	4843	94.6027668885
1404	189	4845	94.5146220344
1405	185	4849	94.5224507082
1406	188	4853	94.5631421628
1407	190	4855	94.551645567
1408	187	4862	94.490348765
1409	182	4862	94.5293127745
1410	183	4869	94.5079821165
1411	180	4876	94.5746081043
1412	180	4879	94.6270833187
1413	175	4883	94.5324879325
1414	175	4885	94.5356408566
1415	176	4887	94.5432874105
1416	176	4889	94.450360357
1417	178	4890	94.5491104223
1418	175	4890	94.4991210108
1419	171	4890	94.5526138121
1420	173	4894	94.6110506931
1421	176	4896	94.6985126131
1422	180	4896	94.6648561062
1423	179	4902	94.6264484985
1424	183	4902	94.6665063061
1425	180	4906	94.6600592614
1426	180	4906	94.6843055194
1427	185	4911	94.6782530883
1428	183	4916	94.6075504099
1429	187	4918	94.5427839458
1430	183	4918	94.5611478865
1431	184	4922	94.6313328447
1432	185	4926	94.5640736009
1433	181	4928	94.6361663466
1434	179	4931	94.6820988893
1435	179	4933	94.7040400491
1436	184	4935	94.7731872058
1437	181	4935	94.6899648002
1438	183	4939	94.6191123743
1439	187	4941	94.5902927398
1440	182	4948	94.68370596
1441	180	4950	94.7339221338
1442	185	4954	94.7309403536
1443	188	4954	94.7775780627
1444	186	4954	94.7033294913
1445	182	4957	94.7540781962
1446	178	4964	94.773126925
1447	182	4966	94.7062923761
1448	178	4966	94.6489684526
1449	179	4973	94.6910321189
1450	180	4973	94.7046819255
1451	177	4979	94.7866719038
1452	175	4986	94.8419383588
1453	176	4992	94.8588991727
1454	172	4996	94.8670490858
1455	172	4999	94.9008753561
1456	168	5002	94.8551912952
1457	168	5007	94.8306058628
1458	173	5007	94.8444112369
1459	176	5008	94.8757089092
1460	181	5011	94.8311169325
1461	178	5013	94.7951531444
1462	179	5019	94.8079890819
1463	179	5024	94.8732754671
1464	178	5024	94.8713450881
1465	174	5026	94.774492776
1466	173	5026	94.8661429526
1467	175	5030	94.933155458
1468	171	5033	94.8997272207
1469	167	5037	94.8148598135
1470	165	5042	94.8545082996
1471	167	5043	94.7926615064
1472	171	5049	94.867789582
1473	166	5056	94.7687250269
1474	166	5063	94.7072850706
1475	171	5066	94.6178821606
1476	167	5067	94.5695084558
1477	163	5068	94.6546615895
1478	162	5071	94.6614581685
1479	167	5075	94.7171046395
1480	172	5080	94.6331018919
1481	170	5087	94.727909182
1482	167	5094	94.7460756369
1483	162	5099	94.7669204256
1484	157	5104	94.7846055436
1485	159	5104	94.8308561817
1486	163	5106	94.7845572693
1487	158	5108	94.7880671624
1488	161	5115	94.7068510729
1489	166	5119	94.6901217633
1490	167	5123	94.6365016879
1491	168	5128	94.720350206
1492	169	5132	94.6654608998
1493	164	5136	94.6542646292
1494	164	5139	94.7020443452
1495	166	5145	94.611046966
1496	165	5147	94.6070259144
1497	161	5151	94.6583727837
1498	158	5153	94.6250640113
1499	153	5158	94.6985567756
1500	153	5163	94.7316843715
1501	154	5164	94.6586573317
1502	150	5167	94.6634741529
1503	147	5174	94.5689800118
1504	151	5176	94.5023534472
1505	149	5176	94.4253576255
1506	144	5179	94.3347410081
1507	143	5185	94.298025141
1508	146	5191	94.3424583431
1509	141	5197	94.2508554544
1510	146	5200	94.1820879709
1511	142	5206	94.1971132574
1512	146	5211	94.1364559243
1513	141	5214	94.2023612915
1514	141	5221	94.1587548402
1515	144	5226	94.08611927
1516	149	5226	94.0956620023
1517	145	5231	94.0100832456
1518	140	5232	94.0572609111
1519	145	5234	94.1083514785
1520	149	5234	94.1402730468
1521	151	5238	94.2228051467
1522	149	5239	94.1477258989
1523	151	5246	94.1290184367
1524	151	5252	94.1872224722
1525	150	5254	94.1537812927
1526	154	5257	94.0626899249
1527	153	5264	94.097576121
1528	151	5264	94.0485061019
1529	154	5269	94.0032535449
1530	158	5274	93.9746328453
1531	161	5280	94.0096116777
1532	164	5285	94.1060856195
1533	166	5291	94.1140252708
1534	163	5291	94.0375488318
1535	166	5297	94.061199925
1536	161	5298	94.0007112734
1537	163	5302	93.9983598516
1538	164	5309	93.9446414816
1539	165	5313	93.9983096687
1540	166	5314	93.9041158672
1541	162	5320	93.9568458105
1542	164	5322	93.9348194575
1543	163	5326	93.8821692318
1544	166	5327	93.853953554
1545	168	5332	93.8077496876
1546	169	5333	93.8998539762
1547	166	5339	93.9915026458
1548	168	5343	94.0235379238
1549	172	5343	94.0237009292
1550	167	5349	94.0775840997
1551	166	5351	94.0722838418
1552	166	5353	94.0681707961
1553	167	5358	94.0957922135
1554	166	5361	94.0574204475
1555	167	5364	94.0791036246
1556	171	5366	94.0961725221
1557	172	5366	94.1855143648
1558	170	5372	94.1371836917
1559	166	5372	94.1921113048
1560	163	5375	94.1336251961
1561	160	5382	94.0845284626
1562	161	5382	94.0142483721
1563	165	5387	93.9747378949
1564	162	5394	94.0530296751
1565	162	5397	94.1102117769
1566	162	5397	94.0275851598
1567	161	5403	94.1085193467
1568	161	5408	94.0097654476
1569	161	5412	94.0538220899
1570	164	5412	94.0992823687
1571	161	5417	94.1652236334
1572	158	5417	94.0987879181
1573	159	5424	94.0800079264
1574	157	5428	94.1135292008
1575	161	5435	94.0623140138
1576	161	5441	94.0012542905
1577	166	5441	94.0696593751
1578	171	5445	94.0986478846
1579	169	5447	94.1717379943
1580	166	5452	94.2481921313
1581	170	5455	94.1603441516
1582	170	5462	94.1110389113
1583	165	5466	94.1785374261
1584	164	5471	94.0870461486
1585	167	5475	94.1053807729
1586	172	5477	94.1653612184
1587	174	5477	94.0751139079
1588	176	5478	94.0064714956
1589	179	5479	94.0548307123
1590	174	5485	93.9643517633
1591	176	5491	93.8829210948
1592	181	5498	93.8501747082
1593	186	5504	93.8604448753
1594	181	5508	93.8961179347
1595	179	5509	93.9421805398
1596	181	5516	94.0310232393
1597	178	5519	94.1047328579
1598	182	5522	94.1905677413
1599	177	5525	94.2697898092
1600	175	5530	94.3231164435
1601	171	5534	94.4201940039
1602	174	5535	94.4624095438
1603	177	5537	94.3861593607
1604	178	5542	94.4410893182
1605	173	5548	94.4144665295
1606	175	5555	94.380520447
1607	179	5560	94.4576087362
1608	181	5561	94.3623912448
1609	179	5563	94.427962235
1610	175	5564	94.3639290051
1611	170	5565	94.3247703443
1612	165	5572	94.2352100184
1613	163	5576	94.2982345518
1614	160	5581	94.3599391502
1615	165	5584	94.4146725705
1616	165	5591	94.4563062014
1617	169	5592	94.5079695149
1618	169	5599	94.545458481
1619	168	5602	94.5334699706
1620	165	5609	94.6172936774
1621	160	5611	94.6066765785
1622	160	5616	94.6503557193
1623	160	5623	94.7054127268
1624	163	5625	94.7398720088
1625	159	5626	94.8196870197
1626	155	5630	94.7507831863
1627	156	5633	94.7134226418
1628	156	5640	94.6684738849
1629	156	5641	94.7114059412
1630	159	5642	94.7585960931
1631	156	5644	94.7184078819
1632	153	5651	94.6568704925
1633	148	5656	94.7387725077
1634	153	5658	94.7957046089
1635	155	5664	94.851766347
1636	152	5671	94.8834045164
1637	149	5673	94.9828710447
1638	144	5676	94.9939048919
1639	147	5678	95.048992707
1640	151	5679	94.9864604286
1641	146	5685	94.9860463319
1642	144	5687	94.9561490762
1643	147	5688	94.8670455037
1644	143	5694	94.9649758646
1645	144	5700	95.0074096171
1646	144	5701	95.0513522799
1647	142	5702	95.0428075019
1648	141	5709	94.9723539069
1649	142	5711	94.9830512213
1650	139	5716	95.0189496184
1651	137	5723	94.9934265043
1652	132	5728	95.0863338567
1653	128	5735	94.9895051764
1654	133	5739	94.9435785016
1655	133	5746	95.0017890355
1656	137	5753	94.9199608484
1657	141	5754	94.9780683066
1658	143	5760	95.05661015
1659	147	5763	94.9717673565
1660	147	5766	94.9163900764
1661	151	5770	94.8977368384
1662	153	5774	94.9734223515
1663	156	5780	94.9838136988
1664	158	5780	95.0834469883
1665	158	5785	95.1560087968
1666	156	5790	95.209466828
1667	156	5792	95.1807805849
1668	151	5799	95.2350805334
1669	155	5799	95.3305058065
1670	155	5805	95.3437052722
1671	154	5812	95.43480574
1672	159	5815	95.3684018696
1673	161	5817	95.369480842
1674	163	5823	95.4033372039
1675	165	5825	95.3355148887
1676	162	5827	95.4289481096
1677	160	5828	95.4956833353
1678	158	5834	95.4955750756
1679	163	5835	95.4193681663
1680	160	5842	95.4130602818
1681	163	5849	95.3801094187
1682	166	5849	95.4050747603
1683	170	5849	95.4636118495
1684	165	5850	95.4733026595
1685	161	5857	95.5519114776
1686	162	5860	95.5804434371
1687	160	5860	95.6461709908
1688	160	5860	95.6810165195
1689	161	5867	95.5958180381
1690	156	5874	95.5602033744
1691	161	5874	95.621358166
1692	161	5881	95.5220699444
1693	162	5887	95.5911502349
1694	167	5893	95.6293393765
1695	169	5893	95.6687735357
1696	168	5900	95.6664862856
1697	171	5904	95.715018648
1698	171	5905	95.709788296
1699	176	5905	95.7426903742
1700	179	5906	95.731986324
1701	184	5913	95.7923019134
1702	183	5915	95.8188371881
1703	187	5922	95.7484206606
1704	187	5925	95.7748685902
1705	187	5927	95.7042450535
1706	192	5930	95.7114484198
1707	196	5932	95.7094813369
1708	192	5933	95.7136415841
1709	187	5934	95.7639835964
1710	186	5938	95.7135740665
1711	191	5940	95.764463472
1712	193	5941	95.8495435648
1713	190	5947	95.8469181217
1714	192	5954	95.7603965014
1715	193	5954	95.6798172812
1716	188	5957	95.7094463184
1717	186	5962	95.7674970694
1718	187	5968	95.7962343538
1719	182	5968	95.7305572381
1720	178	5975	95.6604494002
1721	175	5977	95.7577803703
1722	173	5978	95.6626419849
1723	178	5984	95.6473793248
1724	178	5987	95.6052610035
1725	179	5989	95.520787423
1726	180	5992	95.6034019316
1727	182	5999	95.530376999
1728	177	6000	95.6146709575
1729	180	6002	95.683236862
1730	184	6009	95.6270758696
1731	188	6011	95.683996181
1732	187	6011	95.780516151
1733	192	6011	95.7152117242
1734	188	6018	95.6904330028
1735	187	6022	95.7620218966
1736	192	6029	95.857979232
1737	193	6031	95.789520275
1738	189	6038	95.7921072146
1739	185	6041	95.7979672928
1740	183	6041	95.8446378947
1741	186	6047	95.8174596194
1742	185	6052	95.8253979952
1743	187	6054	95.7887465851
1744	183	6060	95.8184086495
1745	182	6061	95.8023149104
1746	186	6062	95.7683858169
1747	188	6065	95.8493638167
1748	185	6071	95.8991361598
1749	188	6076	95.8200706679
1750	193	6083	95.8230498244
1751	189	6086	95.8651965975
1752	191	6086	95.9012595948
1753	196	6092	95.9362599069
1754	200	6094	95.8787210764
1755	200	6099	95.9665853031
1756	199	6100	95.9783039638
1757	197	6103	95.9406544576
1758	200	6109	95.8423443939
1759	200	6113	95.8622206445
1760	200	6116	95.7660113969
1761	197	6119	95.7492444552
1762	198	6126	95.8069290447
1763	196	6128	95.7420728346
1764	191	6133	95.7547466315
1765	196	6139	95.8471454622
1766	193	6143	95.9383601387
1767	197	6143	96.0170758952
1768	194	6145	96.0903520198
1769	189	6148	96.0851856586
1770	189	6153	96.0899455535
1771	194	6158	96.0005930869
1772	192	6165	95.9351776293
1773	194	6172	95.9073304233
1774	192	6178	95.9818284271
1775	197	6183	95.9189126195
1776	199	6187	95.8758104295
1777	194	6193	95.8261507664
1778	199	6194	95.8082103355
1779	194	6200	95.8678842589
1780	194	6202	95.8254236695
1781	194	6206	95.8336734888
1782	199	6212	95.8127001951
1783	200	6216	95.783155108
1784	200	6221	95.7510480399
1785	200	6228	95.822624418
1786	196	6232	95.8220268315
1787	197	6236	95.8992784442
1788	198	6239	95.9494913831
1789	198	6242	96.0240330829
1790	193	6242	95.928901985
1791	193	6242	95.9424752875
1792	189	6247	95.9000740133
1793	187	6249	95.9850918729
1794	188	6252	95.9186724178
1795	191	6256	95.9859288421
1796	193	6256	95.9652373916
1797	193	6259	96.0223563801
1798	196	6259	95.9460635714
1799	199	6261	95.8978243259
1800	198	6267	95.9874669435
1801	199	6273	96.0809169209
1802	200	6278	96.1796684407
1803	199	6283	96.0898354585
1804	200	6284	96.1309701969
1805	198	6288	96.1477419379
1806	199	6291	96.0845688624
1807	200	6292	96.1761190128
1808	200	6293	96.1987776179
1809	199	6294	96.26610228
1810	200	6295	96.2260615756
1811	200	6297	96.1709974598
1812	200	6298	96.2533146361
1813	195	6299	96.2689180433
1814	195	6304	96.3413268519
1815	193	6308	96.2718861114
1816	191	6312	96.1934422558
1817	186	6317	96.1190749347
1818	189	6323	96.0520297978
1819	190	6325	96.0918991421
1820	187	6330	96.1610628143
1821	184	6332	96.1666820773
1822	184	6333	96.0838461229
1823	186	6336	96.174802867
1824	186	6343	96.1822901121
1825	186	6350	96.2377392328
1826	186	6356	96.2169190563
1827	187	6356	96.2248345081
1828	182	6357	96.2401923351
1829	181	6360	96.1771670013
1830	179	6362	96.2317186502
1831	179	6367	96.3091872103
1832	177	6367	96.4087639016
1833	173	6367	96.3093545884
1834	175	6368	96.2510645725
1835	176	6374	96.1845749223
1836	179	6380	96.159444573
1837	184	6380	96.1042051956
1838	185	6386	96.0305716131
1839	187	6388	96.0723054713
1840	190	6390	96.0141865737
1841	188	6394	96.1131539091
1842	191	6394	96.1446041043
1843	186	6398	96.2364283271
1844	184	6402	96.1565063439
1845	179	6403	96.1045216043
1846	176	6410	96.0775106043
1847	174	6414	95.9830118603
1848	178	6415	96.0664965999
1849	178	6421	96.1558365998
1850	183	6425	96.1023465435
1851	183	6430	96.1477577618
1852	182	6432	96.2236365901
1853	177	6433	96.3195925323
1854	176	6438	96.377041209
1855	175	6444	96.448038853
1856	174	6446	96.4557075716
1857	169	6450	96.3846605154
1858	170	6453	96.3097926443
1859	173	6457	96.2865981278
1860	172	6463	96.3861821411
1861	177	6469	96.3940381944
1862	179	6472	96.4313832305
1863	182	6477	96.3664425381
1864	178	6478	96.344999642
1865	177	6478	96.3968978282
1866	177	6482	96.3832015889
1867	176	6484	96.3508598681
1868	177	6490	96.2583606734
1869	172	6496	96.2021683753
1870	167	6496	96.1728238708
1871	172	6503	96.175947587
1872	177	6506	96.2125774157
1873	181	6509	96.3026644136
1874	176	6516	96.3598069746
1875	180	6516	96.3292232554
1876	176	6516	96.4214391422
1877	173	6520	96.4114382137
1878	174	6527	96.4752171685
1879	172	6527	96.506774804
1880	174	6527	96.5699278956
1881	176	6528	96.6414518932
1882	173	6532	96.6813120589
1883	171	6535	96.6645108158
1884	166	6537	96.5864041383
1885	165	6538	96.5717918794
1886	162	6544	96.6404669657
1887	167	6546	96.6300462754
1888	172	6551	96.5693438338
1889	171	6551	96.6420171886
1890	174	6557	96.5857334398
1891	174	6561	96.5093062451
1892	170	6562	96.4420201935
1893	168	6568	96.5209256859
1894	173	6571	96.5841200436
1895	168	6573	96.6247083209
1896	171	6579	96.6201021132
1897	170	6579	96.6436251576
1898	169	6579	96.6201389739
1899	170	6580	96.6354158107
1900	167	6583	96.5899803304
1901	165	6589	96.5847480254
1902	166	6591	96.683180938
1903	166	6597	96.6608121717
1904	167	6599	96.7489296148
1905	162	6599	96.6711459859
1906	166	6604	96.597172914
1907	164	6607	96.604247018
1908	163	6609	96.5858297302
1909	160	6611	96.6036916586
1910	158	6618	96.5411769372
1911	157	6619	96.4991113933
1912	159	6625	96.5070929664
1913	157	6630	96.5067925126
1914	157	6634	96.5978942664
1915	161	6640	96.6120635409
1916	166	6640	96.6837725864
1917	170	6641	96.6499746134
1918	168	6644	96.7377016113
1919	164	6645	96.7809488472
1920	162	6652	96.8713044544
1921	157	6655	96.8587448521
1922	157	6656	96.8399636282
1923	152	6659	96.9236295928
1924	150	6665	97.0131057235
1925	146	6667	96.9268621831
1926	144	6667	96.8533370344
1927	142	6668	96.9527078724
1928	138	6669	96.9212986827
