1	129	2	95.0563765506
2	125	3	94.9749381945
3	125	10	95.0591366476
4	123	15	95.0523139406
5	120	18	95.1057524102
6	125	20	95.0338394507
7	124	24	95.0945014427
8	124	26	95.1798657676
9	121	31	95.118524069
10	126	34	95.0715965976
11	128	38	95.1450079363
12	130	41	95.0477785947
13	135	44	95.0143223983
14	131	50	94.9918738906
15	128	54	94.928510196
16	131	59	94.9765115326
17	128	61	95.0143220158
18	127	67	95.0218436081
19	123	68	95.1183379219
20	118	70	95.1609322584
21	113	74	95.2027381951
22	110	81	95.2041629407
23	114	87	95.127028527
24	114	91	95.1464447145
25	112	92	95.119692041
26	107	96	95.1328236507
27	109	100	95.1117335755
28	105	106	95.0416975463
29	104	109	94.968465552
30	108	112	94.9340024976
31	113	119	94.8861319065
32	113	125	94.9489978876
33	110	125	95.0069378645
34	109	126	95.0771660918
35	114	127	95.0076609324
36	111	133	95.1054420564
37	109	138	95.1959409229
38	113	138	95.2667656883
39	117	141	95.3125278794
40	114	141	95.2737849078
41	115	143	95.2682825862
42	114	149	95.2936190786
43	113	150	95.2435975697
44	111	150	95.2731860863
45	113	155	95.2547032865
46	113	157	95.2395527622
47	114	161	95.2777805343
48	112	162	95.2173743605
49	114	165	95.2891793924
50	109	169	95.2582734761
51	112	171	95.3553394921
52	114	171	95.3470728784
53	115	176	95.3332016844
54	114	177	95.3964958635
55	111	182	95.4890816278
56	115	185	95.4041902567
57	111	189	95.3423681182
58	107	193	95.3992933281
59	102	197	95.3139342748
60	106	197	95.4127860294
61	107	203	95.3643058328
62	103	208	95.3018570641
63	105	211	95.2419548621
64	108	217	95.2248203997
65	110	218	95.2193637019
66	107	224	95.1801166864
67	102	230	95.2173775582
68	104	232	95.234663089
69	100	238	95.2101038878
70	97	244	95.1484088327
71	102	246	95.2386531986
72	101	246	95.3264449028
73	101	247	95.2847631639
74	98	248	95.2560780349
75	99	253	95.2320796259
76	99	254	95.2579651126
77	94	255	95.1619235858
78	93	261	95.2239062573
79	90	267	95.2923946997
80	95	270	95.2724313518
81	90	274	95.2733585781
82	87	281	95.3220624342
83	85	287	95.3190636115
84	86	290	95.2411434557
85	90	294	95.1634796403
86	89	294	95.1491138644
87	92	301	95.1211829351
88	92	304	95.2094348288
89	90	306	95.2805785528
90	86	306	95.200076567
91	91	312	95.2172331917
92	86	312	95.2770710348
93	86	314	95.3032500078
94	89	321	95.3900961188
95	84	325	95.4426404493
96	88	332	95.4918454056
97	87	335	95.4551799234
98	84	342	95.4062526845
99	86	343	95.4916710996
100	81	347	95.5388314066
101	86	351	95.4632230299
102	86	353	95.5424764809
103	81	359	95.6339216094
104	76	363	95.6338301169
105	77	369	95.5427030321
106	78	373	95.4572492632
107	79	378	95.4367998031
108	81	381	95.399025425
109	78	387	95.3929633872
110	81	387	95.4239555619
111	82	388	95.4519380237
112	87	393	95.5293755113
113	92	396	95.5690121016
114	87	402	95.6220570528
115	92	408	95.6420538011
116	91	414	95.5666821176
117	89	414	95.4875836274
118	84	414	95.4185754587
119	85	418	95.5063916224
120	86	418	95.4209299734
121	85	419	95.3365445216
122	81	421	95.4179553379
123	77	426	95.4474028649
124	80	428	95.4224138153
125	82	435	95.5087288755
126	87	440	95.5909053852
127	90	446	95.6197768503
128	94	446	95.5741883529
129	97	452	95.5337483748
130	99	459	95.5561786287
131	104	464	95.5173720817
132	99	465	95.595615074
133	104	468	95.5395910445
134	104	470	95.5103619151
135	107	471	95.6013287044
136	108	475	95.629384947
137	111	477	95.5934507058
138	112	479	95.6685931713
139	113	480	95.5814004274
140	113	485	95.5104405768
141	111	489	95.4387771768
142	113	491	95.4682593252
143	116	492	95.3981997353
144	113	492	95.4250811201
145	111	495	95.3894906203
146	110	498	95.465487853
147	109	505	95.4882994457
148	106	512	95.5744272742
149	111	516	95.5260408096
150	115	522	95.4725657354
151	113	523	95.4157900127
152	109	523	95.3579710941
153	110	525	95.3657018435
154	106	527	95.2882000889
155	101	532	95.3759173534
156	97	538	95.4735396746
157	97	540	95.445540668
158	93	541	95.3912196695
159	96	547	95.3660035333
160	95	547	95.3944319196
161	92	548	95.3147944402
162	94	548	95.2241156565
163	96	555	95.2919588248
164	99	558	95.2924489037
165	104	558	95.2934561788
166	107	562	95.3000885373
167	102	562	95.2598319478
168	102	564	95.3526634579
169	97	568	95.2717151292
170	102	571	95.1851437417
171	101	571	95.1485712743
172	103	578	95.0693511162
173	100	584	95.0948100534
174	104	589	95.1856406629
175	106	596	95.2673771263
176	105	602	95.3276281923
177	104	606	95.4195321634
178	106	610	95.3627241184
179	107	616	95.2779845019
180	106	617	95.3370438664
181	108	620	95.4351435344
182	107	621	95.4383247277
183	103	628	95.4181033721
184	107	632	95.3502745542
185	112	633	95.3658250956
186	117	639	95.3162600227
187	119	641	95.3693155081
188	114	644	95.4361032865
189	111	644	95.4543963513
190	111	651	95.456415062
191	115	656	95.3998575129
192	113	659	95.3251933436
193	113	662	95.3993786605
194	113	662	95.4748919523
195	109	663	95.4345132457
196	109	664	95.5008975619
197	114	666	95.4316844995
198	115	671	95.4157960733
199	119	672	95.358890571
200	120	679	95.3510780994
201	118	679	95.2701207683
202	120	685	95.3480530502
203	125	692	95.4475754107
204	123	699	95.5448003025
205	120	701	95.519697659
206	124	706	95.4597882737
207	129	710	95.4279921812
208	127	715	95.4130220853
209	122	715	95.4357618166
210	126	721	95.518808026
211	128	721	95.5005238637
212	125	726	95.4650514696
213	127	730	95.4002398296
214	131	730	95.3265704422
215	135	730	95.3771384631
216	130	736	95.3054614775
217	135	739	95.3001350781
218	140	741	95.3548747785
219	143	747	95.3867398273
220	141	748	95.4148695525
221	138	751	95.397298776
222	137	753	95.4073959919
223	134	756	95.3536478446
224	129	760	95.2836094733
225	127	764	95.2041845365
226	131	767	95.1706810829
227	131	770	95.2529417161
228	132	770	95.1816127983
229	127	775	95.204910356
230	124	777	95.2076339346
231	123	777	95.2044990998
232	124	783	95.2430665554
233	129	789	95.3152401217
234	132	794	95.2582942014
235	133	795	95.2861215463
236	137	802	95.3821098198
237	140	806	95.4239461525
238	138	808	95.422348238
239	140	809	95.4646940869
240	139	815	95.3921594318
241	138	817	95.4561328035
242	134	822	95.5496069517
243	129	829	95.6022839026
244	131	832	95.6935297522
245	136	835	95.6017491618
246	134	836	95.6596910749
247	139	843	95.6987379851
248	143	850	95.7719961276
249	146	855	95.7707391727
250	143	861	95.7882843636
251	142	861	95.8722601077
252	144	864	95.8294437362
253	140	866	95.8874670896
254	145	870	95.9208061857
255	144	872	95.9856378532
256	142	878	95.9732219253
257	142	878	96.0209438948
258	141	884	96.0123048869
259	138	886	95.9955963034
260	133	893	96.0384484735
261	132	896	96.1040201587
262	127	898	96.107814242
263	126	900	96.1243993584
264	130	906	96.1381674727
265	125	910	96.2330665613
266	125	912	96.2956936354
267	121	912	96.3682273504
268	123	913	96.2779030683
269	125	920	96.3099183201
270	128	921	96.2964737815
271	123	927	96.2772334133
272	123	928	96.2345179491
273	126	930	96.2806654263
274	124	934	96.2106644402
275	121	936	96.1320419567
276	117	940	96.1953251473
277	115	945	96.1286363845
278	119	949	96.058524682
279	116	952	96.0740278918
280	119	955	96.1255342742
281	116	961	96.1018779248
282	112	966	96.0757985996
283	107	970	96.1019403602
284	104	971	96.0209349615
285	104	978	96.0653518944
286	100	980	95.9983626672
287	99	985	96.0087421217
288	103	985	95.9667735313
289	102	991	95.9871170012
290	99	997	96.0533183146
291	101	1000	96.0080406166
292	105	1005	95.9604736766
293	108	1007	95.9563294376
294	110	1011	96.0177844701
295	106	1015	96.0933811326
296	107	1021	96.0320790997
297	103	1022	96.0289364943
298	101	1024	96.0502366126
299	103	1030	96.1275590775
300	104	1033	96.0595661398
301	104	1034	96.0403323598
302	107	1034	95.9642112342
303	103	1040	95.930536638
304	99	1041	95.9230688881
305	102	1041	95.9492764498
306	100	1047	96.0193563706
307	104	1049	96.0943696165
308	103	1055	96.0542954235
309	103	1059	96.1013744398
310	102	1064	96.0336139738
311	104	1070	96.1083416738
312	103	1077	96.0352331806
313	101	1080	96.0538102562
314	103	1081	96.0655765435
315	104	1087	96.0664484954
316	99	1089	96.1102676438
317	98	1092	96.1863780761
318	102	1095	96.1475303156
319	97	1097	96.0695033772
320	97	1102	96.1124290444
321	101	1107	96.0254847269
322	101	1110	95.9882355329
323	99	1116	96.0357397456
324	100	1123	96.0342207209
325	104	1129	95.9957340399
326	109	1133	95.9153655912
327	105	1135	95.9602318215
328	110	1136	95.9461607373
329	107	1136	96.0276616872
330	112	1141	96.0233113994
331	107	1142	96.1215995824
332	109	1148	96.073890471
333	105	1152	96.0679500725
334	102	1159	96.1565201134
335	100	1163	96.1505452124
336	96	1164	96.0914477245
337	100	1171	96.14858141
338	101	1171	96.0583847687
339	96	1171	95.988516513
340	101	1176	95.9226885673
341	99	1180	95.8627717008
342	98	1181	95.9357924124
343	94	1187	95.8871031138
344	93	1188	95.9342511561
345	94	1192	95.9816904828
346	91	1197	96.0086319413
347	96	1197	95.963863486
348	94	1199	96.0474708451
349	97	1202	96.0603529432
350	100	1203	96.0041375976
351	103	1208	95.931488577
352	106	1214	96.0097005966
353	106	1219	96.0369495352
354	105	1221	96.0242892758
355	104	1227	96.0860969953
356	101	1227	96.1042203586
357	96	1230	96.1494246832
358	98	1235	96.1419621344
359	98	1238	96.079338813
360	102	1244	96.1583890601
361	107	1247	96.1480125906
362	103	1250	96.1657541242
363	103	1257	96.1195714834
364	108	1264	96.1327139316
365	106	1267	96.12514744
366	109	1272	96.2102575932
367	105	1274	96.2635678584
368	104	1277	96.2530382866
369	101	1278	96.3146152421
370	101	1280	96.3687762559
371	103	1285	96.4416976519
372	108	1290	96.4281125777
373	113	1297	96.3946111492
374	108	1299	96.3826488222
375	104	1304	96.4452496689
376	101	1305	96.4591555827
377	97	1306	96.5588127681
378	100	1313	96.4801277407
379	99	1319	96.401117446
380	100	1323	96.3103662128
381	101	1327	96.2221400759
382	106	1331	96.3128711084
383	104	1337	96.3750998144
384	105	1339	96.4362277125
385	101	1340	96.450460692
386	106	1346	96.5369043199
387	101	1346	96.6061374824
388	105	1351	96.5863201906
389	102	1354	96.6792191182
390	100	1354	96.7603808003
391	102	1360	96.8471268375
392	102	1363	96.7624296386
393	100	1367	96.8461264654
394	101	1374	96.9364458303
395	103	1377	96.9583417924
396	102	1380	96.8895385302
397	104	1380	96.8925168618
398	108	1386	96.9030510461
399	103	1393	96.9548401179
400	98	1393	96.8742838333
401	103	1398	96.8583771218
402	105	1399	96.8453903761
403	103	1406	96.7931303656
404	104	1410	96.8852049266
405	100	1414	96.9234219381
406	100	1418	97.0054777539
407	105	1418	97.0410696159
408	100	1418	96.9914256661
409	103	1419	97.084092912
410	106	1426	97.0706312238
411	111	1431	97.0110717082
412	106	1433	97.0444246513
413	107	1436	97.0328031349
414	104	1440	97.0822516406
415	103	1443	97.1192595572
416	104	1443	97.1474008001
417	105	1448	97.2310594641
418	108	1452	97.1475167384
419	105	1459	97.2458430983
420	110	1464	97.2620134857
421	111	1464	97.2340227326
422	116	1469	97.2496378277
423	119	1475	97.3017685804
424	121	1480	97.2046304647
425	126	1480	97.2689053999
426	128	1486	97.2950953101
427	129	1491	97.2198021721
428	128	1491	97.2467462365
429	129	1495	97.2712489413
430	127	1496	97.3606263355
431	129	1502	97.3216411844
432	127	1504	97.3828568253
433	127	1504	97.4558121738
434	130	1507	97.3882130493
435	133	1514	97.3173007831
436	133	1518	97.2453610451
437	137	1523	97.1736828088
438	137	1523	97.1013325722
439	140	1523	97.1666129988
440	135	1523	97.0845819674
441	135	1527	97.1703467805
442	137	1528	97.1116830667
443	138	1529	97.0245892948
444	136	1535	97.0570610882
445	135	1535	97.0798950146
446	139	1540	97.0526723095
447	140	1545	97.0977281569
448	145	1547	97.0268385305
449	146	1550	97.1203117201
450	143	1552	97.140982765
451	141	1555	97.2160879927
452	145	1558	97.1638087732
453	150	1563	97.231240648
454	147	1567	97.210063724
455	142	1571	97.2788697288
456	146	1577	97.2189253254
457	148	1580	97.2240288582
458	146	1583	97.3181740006
459	142	1584	97.3967557983
460	137	1588	97.462128675
461	132	1589	97.4858918803
462	127	1593	97.4118324782
463	128	1596	97.446288027
464	124	1600	97.5144785567
465	125	1607	97.4909577528
466	124	1607	97.487220755
467	122	1612	97.5316219636
468	119	1617	97.5493520133
469	121	1623	97.5749982823
470	125	1626	97.5786405472
471	126	1628	97.6679418762
472	122	1635	97.5764070599
473	122	1641	97.6677755867
474	119	1645	97.6423313598
475	124	1652	97.6184589164
476	123	1653	97.6384797179
477	128	1660	97.6422337089
478	125	1663	97.6656550223
479	121	1664	97.6135702452
480	121	1666	97.6285914138
481	120	1667	97.6183064595
482	122	1673	97.6448277589
483	126	1680	97.7429969553
484	126	1687	97.759267296
485	122	1690	97.6990173126
486	125	1696	97.7571619224
487	121	1702	97.6737414688
488	116	1702	97.6758677365
489	119	1707	97.7017314938
490	123	1711	97.7073781059
491	128	1717	97.7089472507
492	130	1720	97.7955033282
493	132	1723	97.8237080333
494	137	1730	97.8430410058
495	140	1731	97.9212350268
496	140	1733	97.9100857534
497	136	1740	97.8271928567
498	131	1742	97.9094955777
499	127	1742	97.9614082169
500	129	1744	97.8704528969
501	132	1750	97.891994453
502	132	1755	97.9881795504
503	135	1758	97.8927849843
504	132	1759	97.9911143081
505	135	1760	97.923834366
506	134	1761	98.0208238191
507	132	1765	97.9741348315
508	129	1772	97.9480332441
509	129	1772	97.9813521864
510	131	1778	98.0234873593
511	131	1784	98.0813796851
512	129	1790	98.0234308091
513	126	1791	97.9500588475
514	130	1795	97.9547251365
515	129	1801	97.9663516323
516	134	1808	98.0635149849
517	132	1809	98.1031123394
518	129	1810	98.1121632364
519	129	1810	98.1954184909
520	129	1810	98.2231656276
521	130	1811	98.2345487602
522	132	1813	98.3109715543
523	131	1816	98.3105513405
524	130	1819	98.3315471126
525	125	1824	98.2740038651
526	120	1826	98.25717492
527	122	1828	98.3454120455
528	117	1830	98.2483301047
529	113	1830	98.2113499435
530	113	1831	98.305525331
531	114	1833	98.4045413105
532	118	1840	98.3136737397
533	114	1844	98.3955615902
534	115	1844	98.4692776224
535	116	1849	98.4691582261
536	117	1850	98.4509459569
537	121	1855	98.5149039983
538	116	1856	98.5484453636
539	118	1860	98.5871147705
540	122	1867	98.6025267246
541	123	1869	98.6294889906
542	128	1873	98.7144355925
543	130	1873	98.6270968669
544	126	1879	98.5979884706
545	125	1880	98.6843500448
546	128	1882	98.6951928268
547	133	1888	98.6956019711
548	131	1888	98.6680762304
549	130	1892	98.7573444947
550	125	1893	98.7053272935
551	124	1899	98.6436104564
552	122	1906	98.6234483814
553	126	1909	98.6802010838
554	122	1914	98.7362598575
555	126	1921	98.8313072365
556	129	1921	98.8348989155
557	125	1922	98.7762296682
558	126	1928	98.781801747
559	122	1928	98.7993515668
560	121	1935	98.7219063715
561	117	1940	98.7121282058
562	119	1941	98.6889808278
563	119	1946	98.6005182131
564	116	1953	98.5641882768
565	114	1956	98.5305331454
566	109	1956	98.6155975258
567	114	1960	98.6684732772
568	117	1963	98.6625150082
569	115	1964	98.7451966967
570	114	1966	98.771687689
571	113	1969	98.7331591487
572	111	1975	98.825312467
573	108	1982	98.8659285433
574	105	1982	98.8844229586
575	100	1986	98.868168835
576	96	1993	98.9454285364
577	101	1993	98.9248580886
578	97	2000	98.888833535
579	99	2000	98.818084791
580	94	2003	98.8821185222
581	95	2009	98.9247633503
582	90	2014	99.0076855981
583	94	2016	98.9584940089
584	91	2020	98.9846860421
585	93	2026	99.0277906499
586	98	2028	99.0428382892
587	94	2028	99.0235835977
588	92	2034	99.0745520823
589	88	2040	99.1482422226
590	89	2040	99.2148090896
591	93	2046	99.2412237461
592	94	2052	99.1466423159
593	91	2055	99.1584727099
594	86	2060	99.1153582703
595	82	2063	99.1818691577
596	86	2067	99.1810716489
597	83	2073	99.0879187288
598	80	2077	99.0595919176
599	78	2082	99.0999233072
600	77	2087	99.1026842965
601	75	2089	99.0750381483
602	70	2094	99.0725460882
603	66	2101	99.0611281044
604	69	2102	98.9824370522
605	65	2108	98.9381212859
606	69	2110	98.8551664643
607	70	2115	98.8143761565
608	66	2122	98.794777437
609	64	2127	98.6976976932
610	66	2129	98.6864900151
611	71	2129	98.6613720397
612	74	2132	98.6381123358
613	70	2138	98.5927532831
614	73	2141	98.5006579733
615	68	2144	98.4440972751
616	66	2147	98.5236440176
617	69	2150	98.5179535232
618	67	2153	98.4268798193
619	72	2153	98.3611664789
620	70	2154	98.3683306515
621	69	2156	98.3459130379
622	66	2157	98.4410176684
623	70	2159	98.3988548971
624	71	2163	98.4859867708
625	74	2166	98.5435065605
626	70	2169	98.4523173836
627	65	2174	98.5480614046
628	62	2178	98.5852364926
629	58	2180	98.6441131876
630	63	2182	98.7289707258
631	63	2184	98.782128787
632	60	2184	98.707784066
633	56	2191	98.762667281
634	59	2198	98.8147903995
635	63	2204	98.7800685912
636	58	2209	98.7294010973
637	60	2209	98.7089399199
638	58	2210	98.7380081663
639	55	2212	98.6631331651
640	60	2219	98.6300364421
641	63	2221	98.6112263952
642	58	2224	98.6683831116
643	59	2227	98.6874583646
644	64	2234	98.6731938868
645	66	2235	98.6195071359
646	70	2239	98.7094229594
647	69	2244	98.6479321209
648	72	2251	98.6162965199
649	71	2251	98.5522487346
650	75	2255	98.6199127001
651	79	2256	98.7165026968
652	81	2256	98.6747365663
653	81	2257	98.6982709446
654	76	2259	98.7183871824
655	77	2264	98.8035020625
656	75	2271	98.8614802137
657	72	2274	98.9504499668
658	71	2280	99.0357917825
659	72	2287	98.938990002
660	76	2291	99.0013882261
661	81	2293	99.0924244312
662	86	2294	99.1078534126
663	88	2300	99.0999203765
664	93	2306	99.0038513349
665	91	2311	98.9300274696
666	86	2314	98.9293226422
667	85	2319	99.0174416314
668	90	2322	99.0701426971
669	90	2322	99.0477394674
670	95	2322	99.0245276503
671	90	2328	99.0950249309
672	91	2331	99.0377603927
673	90	2335	99.1256496015
674	94	2336	99.1067810465
675	96	2340	99.0582171976
676	93	2344	99.0616590434
677	98	2349	99.161580268
678	100	2356	99.2109094723
679	95	2360	99.2327538303
680	92	2363	99.2335076339
681	96	2369	99.2108288561
682	91	2375	99.1149149649
683	90	2377	99.0637082876
684	92	2379	99.0776003913
685	94	2384	99.093420201
686	95	2389	99.0530876465
687	91	2389	99.1461577171
688	95	2390	99.2157110876
689	95	2396	99.3042732216
690	96	2398	99.263735265
691	93	2401	99.2954462374
692	93	2407	99.2402303611
693	89	2408	99.3098144469
694	88	2415	99.262225732
695	83	2417	99.3372318923
696	85	2421	99.4206083186
697	89	2424	99.4960691582
698	89	2427	99.5819500886
699	85	2429	99.5288747721
700	89	2435	99.5803527344
701	94	2437	99.6709800133
702	97	2440	99.7287859214
703	100	2446	99.7094182304
704	99	2446	99.6638260151
705	95	2453	99.6499294107
706	100	2453	99.7379695802
707	99	2456	99.7999381296
708	103	2456	99.8044046599
709	104	2461	99.789720195
710	108	2464	99.7928250144
711	110	2469	99.7180100155
712	112	2476	99.7543771869
713	113	2481	99.7102470204
714	115	2485	99.6529769865
715	117	2489	99.629589724
716	117	2492	99.5340119153
717	114	2497	99.6273782858
718	119	2502	99.6467643156
719	122	2506	99.6644805758
720	124	2506	99.7314201691
721	128	2506	99.7041121558
722	129	2512	99.6723185743
723	124	2515	99.6600266613
724	121	2517	99.6090648925
725	124	2523	99.610560691
726	129	2526	99.666129793
727	128	2527	99.5882963863
728	133	2530	99.6338707787
729	133	2531	99.6457669405
730	132	2533	99.5885588305
731	127	2536	99.6053905714
732	130	2536	99.5071646955
733	130	2538	99.4592285847
734	125	2540	99.3732491116
735	125	2547	99.4589200445
736	130	2550	99.4491816085
737	135	2552	99.4872435324
738	134	2554	99.4982505925
739	138	2555	99.4888965087
740	136	2561	99.5350571163
741	132	2566	99.6210385533
742	131	2572	99.6908519084
743	126	2576	99.708829967
744	130	2581	99.7948826829
745	126	2586	99.7233961309
746	130	2588	99.7414629755
747	127	2592	99.737474951
748	130	2593	99.8369363423
749	135	2600	99.7640524497
750	136	2602	99.6812240059
751	132	2602	99.6169331666
752	130	2609	99.5558837776
753	131	2611	99.6190052928
754	126	2612	99.6545275672
755	127	2615	99.5608137856
756	130	2620	99.5118797703
757	126	2620	99.4488312866
758	129	2622	99.5336485754
759	128	2629	99.4720989871
760	125	2633	99.4543186627
761	121	2633	99.4206507422
762	116	2633	99.3366410285
763	121	2636	99.3283276136
764	119	2638	99.301534073
765	114	2640	99.3372617869
766	113	2646	99.3354641503
767	108	2650	99.2668530395
768	111	2657	99.1853737657
769	114	2657	99.2039542343
770	111	2661	99.2464065362
771	107	2662	99.1699287948
772	109	2665	99.2237042311
773	111	2667	99.2268398264
774	111	2669	99.207844268
775	114	2673	99.1920674812
776	117	2673	99.1948214384
777	116	2673	99.1713634223
778	112	2678	99.1353186704
779	115	2678	99.1333109729
780	115	2683	99.1252170871
781	114	2685	99.1597087895
782	119	2692	99.0669732843
783	117	2696	99.0136430474
784	115	2698	99.0263302318
785	112	2698	99.090932167
786	113	2698	99.1185485158
787	112	2699	99.1560313246
788	107	2699	99.2129205587
789	104	2704	99.2915958133
790	105	2705	99.2469264089
791	101	2706	99.1917939217
792	98	2706	99.1621279067
793	99	2708	99.2262796811
794	95	2715	99.2089179631
795	95	2720	99.2767852255
796	98	2721	99.2419211856
797	98	2722	99.3045042469
798	95	2725	99.3503228782
799	99	2729	99.3455997688
800	96	2732	99.2720735459
801	99	2735	99.2462448241
802	96	2737	99.237684195
803	94	2738	99.1464195117
804	99	2742	99.2166097927
805	96	2748	99.2951015225
806	100	2749	99.2681754028
807	101	2750	99.2284533442
808	99	2756	99.189403579
809	98	2761	99.1061958933
810	96	2767	99.1935586076
811	97	2770	99.1602419844
812	99	2772	99.0975502499
813	103	2774	99.1121015497
814	104	2779	99.1117222604
815	102	2780	99.0194284115
816	98	2783	99.0931478766
817	103	2783	99.1395621899
818	100	2790	99.1112588786
819	102	2790	99.0897817849
820	103	2794	99.0835620827
821	101	2798	98.9871238447
822	99	2802	99.0005688895
823	103	2803	98.9049306737
824	106	2805	98.8688195872
825	101	2807	98.7984941422
826	106	2811	98.707679447
827	108	2813	98.6746064102
828	106	2814	98.7518253132
829	107	2815	98.7122291353
830	109	2819	98.7442705122
831	113	2821	98.7693929251
832	114	2822	98.7616784409
833	109	2822	98.7923461307
834	111	2823	98.7662236536
835	111	2824	98.7850772958
836	109	2827	98.7960287405
837	105	2834	98.868249226
838	107	2834	98.7775688974
839	105	2838	98.819343633
840	107	2841	98.745291055
841	112	2848	98.7644637977
842	113	2855	98.8359516419
843	110	2859	98.83910577
844	113	2861	98.8275602045
845	110	2868	98.921660606
846	114	2872	98.9931893676
847	111	2879	98.9767255498
848	111	2886	98.9360534385
849	109	2889	98.9879461036
850	109	2895	98.9514684206
851	107	2898	99.015944034
852	111	2902	99.0042526824
853	106	2903	99.0019673521
854	111	2903	98.9822324169
855	106	2908	98.9608148677
856	106	2913	98.9250580012
857	103	2914	98.855594746
858	101	2919	98.8327619021
859	103	2926	98.7500215813
860	99	2927	98.8066321161
861	97	2932	98.7787274272
862	102	2938	98.7469132117
863	98	2943	98.8061218146
864	100	2946	98.7066470396
865	95	2948	98.733159209
866	94	2953	98.6483009188
867	94	2960	98.6937081905
868	99	2962	98.6341462473
869	96	2962	98.5448293634
870	95	2969	98.5842833706
871	93	2975	98.5764770442
872	94	2977	98.5021898885
873	93	2983	98.4849496259
874	97	2986	98.3958987145
875	99	2986	98.4834284383
876	100	2989	98.4055865405
877	103	2994	98.4526888852
878	98	2997	98.3671135015
879	98	2999	98.4035060222
880	102	3004	98.361932294
881	102	3009	98.3220615779
882	98	3009	98.271112335
883	101	3012	98.1816321733
884	100	3013	98.1045468837
885	100	3014	98.080325875
886	97	3021	98.1730745921
887	99	3026	98.0738857536
888	102	3033	98.1015268362
889	106	3040	98.1607958033
890	104	3043	98.0985084316
891	101	3050	98.0765692024
892	105	3051	98.0625520422
893	104	3054	98.1382780701
894	107	3054	98.1068104872
895	112	3058	98.0708172777
896	116	3061	98.1593828901
897	111	3068	98.1749443018
898	111	3072	98.1423178978
899	110	3079	98.1294768413
900	111	3085	98.1937974996
901	107	3087	98.1968469344
902	110	3088	98.1913000669
903	112	3089	98.15517255
904	115	3090	98.2419344793
905	110	3096	98.2571394091
906	115	3099	98.1595741192
907	116	3103	98.1388623286
908	115	3110	98.1737978687
909	110	3110	98.0898798905
910	109	3111	98.1414445275
911	107	3118	98.0634916701
912	109	3124	98.000358063
913	104	3130	98.043118372
914	108	3131	98.0544408217
915	103	3132	98.1299687562
916	106	3133	98.2070794968
917	104	3133	98.2963180745
918	106	3134	98.3543307104
919	106	3134	98.276691258
920	101	3141	98.2803870653
921	96	3142	98.2129903616
922	98	3146	98.1599654835
923	102	3151	98.1938918756
924	99	3153	98.1523587989
925	103	3158	98.1136651745
926	108	3163	98.051618165
927	112	3165	98.0535224976
928	111	3169	98.1040681765
929	110	3170	98.0589322853
930	106	3175	98.1434598072
931	110	3182	98.1202323735
932	107	3184	98.103955298
933	105	3190	98.007376591
934	100	3197	98.0509258735
935	105	3203	97.9844596718
936	108	3204	97.9064617485
937	106	3208	97.8272531211
938	108	3209	97.7646032417
939	106	3213	97.83583744
940	107	3213	97.9228407934
941	104	3213	97.8809980988
942	101	3214	97.9714910405
943	104	3219	97.9281101263
944	109	3225	98.0032545717
945	104	3228	98.0443084467
946	100	3229	97.994929586
947	95	3235	97.9360502545
948	90	3240	97.854206683
949	85	3240	97.7949387136
950	81	3241	97.8194401774
951	78	3247	97.9088416828
952	82	3252	97.9588227147
953	81	3252	97.9947854257
954	77	3258	97.9231104503
955	72	3263	97.9478707759
956	71	3270	97.896156594
957	67	3275	97.8469771767
958	64	3277	97.8108957971
959	69	3281	97.8098786244
960	74	3282	97.8649108774
961	69	3283	97.8441034888
962	69	3285	97.9306037907
963	72	3285	97.8915839356
964	76	3286	97.8368820084
965	80	3292	97.8013788177
966	81	3294	97.7627377781
967	79	3295	97.70270973
968	74	3296	97.6517941425
969	69	3303	97.5690170782
970	66	3303	97.5685594056
971	68	3310	97.5769677398
972	65	3310	97.5117697294
973	65	3314	97.5550239959
974	66	3320	97.5506313222
975	62	3323	97.6114634535
976	61	3325	97.6214537059
977	64	3329	97.695778187
978	60	3331	97.7553063393
979	64	3333	97.74368805
980	61	3334	97.708819791
981	59	3335	97.7488446563
982	55	3335	97.702161735
983	60	3340	97.7669391972
984	56	3343	97.7209819695
985	58	3347	97.6837950151
986	60	3353	97.7298194969
987	59	3355	97.7245469136
988	56	3356	97.7019246086
989	55	3358	97.7517446227
990	53	3360	97.8412415157
991	58	3366	97.7615786476
992	59	3371	97.8035849811
993	61	3377	97.7991353107
994	60	3379	97.7654345745
995	59	3380	97.8116303691
996	54	3384	97.8062467072
997	57	3388	97.8735799629
998	59	3392	97.9186926501
999	61	3394	97.8476534386
1000	60	3394	97.7727694944
1001	61	3394	97.8128896485
1002	60	3398	97.8642444878
1003	56	3399	97.8024195184
1004	60	3404	97.7039721724
1005	61	3408	97.7617865499
1006	64	3415	97.7863060941
1007	65	3418	97.7385143204
1008	64	3424	97.7199161074
1009	65	3430	97.6293105531
1010	65	3434	97.6315671192
1011	63	3434	97.6260085523
1012	64	3441	97.557042179
1013	59	3443	97.4920057167
1014	61	3448	97.4608342787
1015	63	3454	97.4172657954
1016	62	3454	97.3288166088
1017	62	3461	97.2896508604
1018	65	3467	97.3664110557
1019	66	3471	97.4409456863
1020	63	3472	97.3713531061
1021	58	3474	97.4248873918
1022	62	3474	97.4302450273
1023	67	3477	97.5113189611
1024	72	3483	97.6058201669
1025	77	3486	97.6415074552
1026	80	3486	97.6578587659
1027	76	3491	97.6627126845
1028	76	3496	97.7597376534
1029	75	3502	97.6910168304
1030	78	3504	97.6752523673
1031	79	3505	97.7205624539
1032	76	3507	97.7094976924
1033	71	3512	97.6783848613
1034	76	3518	97.7109912956
1035	75	3524	97.7787891897
1036	78	3524	97.8462353136
1037	79	3526	97.9318015406
1038	77	3532	97.969994201
1039	79	3533	98.0281552602
1040	81	3535	97.9814423947
1041	82	3541	97.9946649299
1042	81	3546	98.0472062677
1043	86	3548	98.1402875814
1044	82	3555	98.1225004469
1045	85	3560	98.1688734715
1046	80	3560	98.2566856397
1047	79	3564	98.3246860776
1048	80	3570	98.294198885
1049	76	3575	98.2042825351
1050	79	3579	98.1704937109
1051	80	3584	98.1514553524
1052	81	3587	98.146522878
1053	79	3589	98.2207732438
1054	83	3595	98.2855919104
1055	81	3602	98.2177316338
1056	81	3605	98.2381878375
1057	86	3606	98.3045469683
1058	86	3611	98.3396227741
1059	91	3615	98.3570781603
1060	91	3619	98.4222831244
1061	88	3621	98.3716749398
1062	88	3626	98.3276418709
1063	84	3629	98.3667867685
1064	80	3633	98.3448396178
1065	82	3635	98.2951998002
1066	82	3642	98.2015367854
1067	84	3645	98.2719590229
1068	79	3650	98.3635082016
1069	77	3655	98.3680187201
1070	76	3656	98.4602774261
1071	71	3657	98.4670393559
1072	71	3657	98.4020357735
1073	71	3660	98.4140353773
1074	73	3662	98.3824295299
1075	75	3662	98.3472384801
1076	75	3666	98.3777576131
1077	78	3673	98.3014410311
1078	76	3677	98.3428254667
1079	75	3682	98.4293919488
1080	78	3689	98.3950310622
1081	79	3692	98.4237502691
1082	82	3695	98.3998815644
1083	86	3695	98.4138311062
1084	85	3696	98.4576381614
1085	86	3697	98.5029462232
1086	84	3700	98.4599409579
1087	88	3702	98.5272335098
1088	93	3706	98.5681633772
1089	90	3710	98.4876972548
1090	85	3710	98.4470698325
1091	82	3715	98.5178790256
1092	81	3720	98.4583737119
1093	80	3723	98.5432560466
1094	82	3725	98.4546914381
1095	77	3726	98.3779608786
1096	80	3729	98.2993671601
1097	82	3734	98.2420156337
1098	79	3734	98.2694884717
1099	80	3737	98.3039609117
1100	84	3744	98.3116888108
1101	89	3746	98.3115250026
1102	89	3746	98.3661087326
1103	89	3747	98.4215209344
1104	87	3748	98.3690453543
1105	85	3751	98.2809479383
1106	87	3752	98.3061417134
1107	88	3753	98.2767197476
1108	89	3757	98.3457491946
1109	89	3762	98.3087933593
1110	85	3762	98.230263251
1111	85	3766	98.2569509008
1112	83	3766	98.1750338507
1113	88	3771	98.2665270665
1114	91	3773	98.3330688104
1115	93	3774	98.3243081123
1116	88	3774	98.2769097403
1117	91	3780	98.2096683246
1118	93	3787	98.2539032753
1119	90	3794	98.2359254795
1120	90	3794	98.2035589696
1121	91	3797	98.2338848159
1122	88	3802	98.1948677519
1123	88	3805	98.2670159266
1124	84	3811	98.2373238414
1125	79	3818	98.3199027365
1126	75	3822	98.2202740926
1127	80	3823	98.1772520857
1128	85	3826	98.173835178
1129	83	3832	98.084610044
1130	83	3837	98.0701190456
1131	87	3842	97.9871506933
1132	86	3842	97.9224500686
1133	91	3848	97.8966876223
1134	93	3851	97.9549930674
1135	93	3858	98.0088013903
1136	88	3863	98.0117504357
1137	91	3869	97.9577167797
1138	88	3875	98.0088329696
1139	86	3882	98.0001379357
1140	85	3888	98.0355983492
1141	85	3892	98.0191058026
1142	89	3894	97.9948868769
1143	87	3900	98.0311967437
1144	90	3906	97.9631036579
1145	89	3913	97.9468329079
1146	93	3916	97.8503509264
1147	93	3917	97.8897186621
1148	96	3924	97.8445770268
1149	95	3931	97.7822667526
1150	90	3938	97.7360647838
1151	88	3944	97.7385711293
1152	84	3947	97.8354295685
1153	81	3951	97.8002732423
1154	80	3958	97.7194397367
1155	83	3958	97.7339839852
1156	78	3964	97.6834401574
1157	77	3966	97.6814270422
1158	77	3968	97.7367647197
1159	73	3970	97.6981187248
1160	68	3972	97.6548114371
1161	69	3977	97.752806309
1162	70	3979	97.826475368
1163	73	3980	97.8592289824
1164	68	3981	97.8670344366
1165	65	3985	97.8578820529
1166	70	3985	97.8016529323
1167	69	3989	97.7279568112
1168	69	3994	97.760000153
1169	65	3995	97.8290332964
1170	61	3997	97.8678705232
1171	60	4001	97.856229586
1172	56	4005	97.9162542828
1173	55	4010	97.9778266793
1174	58	4016	97.936151763
1175	61	4016	98.0214863369
1176	56	4018	98.0882854057
1177	57	4020	98.041684788
1178	55	4020	98.0758250179
1179	55	4020	98.0884651995
1180	50	4025	98.1569345798
1181	55	4031	98.1819309709
1182	52	4035	98.1454953897
1183	51	4036	98.0606375734
1184	50	4042	98.0886591821
1185	50	4048	98.148472553
1186	50	4050	98.0518775945
1187	50	4056	98.1032718129
1188	50	4058	98.1178909648
1189	50	4062	98.0567583804
1190	50	4062	98.0354354141
1191	52	4064	97.9652957076
1192	50	4064	97.9762972223
1193	55	4070	98.0573296902
1194	58	4072	98.1450822832
1195	58	4074	98.1227151164
1196	55	4081	98.1711667644
1197	55	4083	98.2578822314
1198	55	4084	98.2770063124
1199	60	4088	98.1846954489
1200	62	4095	98.1624659166
1201	64	4100	98.0940113721
1202	63	4105	98.0084460564
1203	63	4110	98.0618471236
1204	62	4111	98.0588237617
1205	60	4116	97.9946792153
1206	62	4117	97.9055551939
1207	58	4118	97.9958714325
1208	55	4121	97.9108419961
1209	60	4128	97.9130470515
1210	57	4130	97.9519399591
1211	62	4134	97.9457075551
1212	60	4140	97.9090966809
1213	55	4146	97.8912491209
1214	52	4150	97.9002575544
1215	50	4153	97.9179107897
1216	50	4159	97.8340450661
1217	53	4161	97.7651024431
1218	53	4162	97.8405872887
1219	53	4169	97.7460139313
1220	52	4175	97.7286772131
1221	50	4179	97.6713248029
1222	50	4183	97.7158499692
1223	50	4183	97.7584996576
1224	50	4190	97.8388773316
1225	50	4192	97.8025159681
1226	54	4196	97.7110565201
1227	52	4201	97.6857536765
1228	50	4204	97.6400902211
1229	52	4211	97.5892265315
1230	50	4218	97.6724564728
1231	53	4224	97.6875248351
1232	56	4231	97.7727933243
1233	56	4234	97.6925524531
1234	60	4234	97.6810889137
1235	55	4238	97.7628520919
1236	51	4242	97.6827964595
1237	56	4247	97.6102777276
1238	59	4251	97.6949779276
1239	59	4256	97.7253117806
1240	59	4256	97.7866173363
1241	57	4261	97.7316305521
1242	55	4263	97.7662415091
1243	50	4269	97.7927265092
1244	53	4270	97.7113239333
1245	55	4277	97.6227540047
1246	53	4280	97.5422850366
1247	53	4282	97.6166029191
1248	55	4286	97.5186288406
1249	55	4286	97.598084805
1250	55	4292	97.5593630724
1251	55	4299	97.5615641573
1252	50	4305	97.4703784441
1253	50	4306	97.5236015308
1254	50	4313	97.4612934789
1255	54	4318	97.4750044305
1256	59	4323	97.4355315626
1257	56	4328	97.4382807154
1258	56	4335	97.5049165264
1259	58	4342	97.508107054
1260	53	4347	97.5662392241
1261	55	4353	97.5657575187
1262	54	4360	97.5638674717
1263	55	4364	97.5144521625
1264	60	4367	97.4230762984
1265	64	4368	97.4350887807
1266	63	4368	97.4485648501
1267	58	4372	97.515503764
1268	56	4373	97.4467837911
1269	55	4380	97.4349517988
1270	50	4385	97.4778847628
1271	52	4386	97.3936581136
1272	56	4391	97.3894162943
1273	59	4393	97.409512411
1274	59	4400	97.3341810026
1275	58	4407	97.3223786928
1276	62	4412	97.2655649609
1277	65	4419	97.3653778329
1278	68	4422	97.4601362613
1279	63	4422	97.4052224368
1280	66	4427	97.4657316176
1281	63	4430	97.5425718632
1282	67	4433	97.4981966159
1283	62	4437	97.4632785213
1284	62	4443	97.3715886387
1285	63	4449	97.4067126058
1286	62	4455	97.4590894647
1287	59	4461	97.4701004964
1288	54	4467	97.4004096204
1289	56	4471	97.4709163886
1290	51	4471	97.3767883142
1291	54	4475	97.3507744596
1292	55	4480	97.4303321791
1293	60	4487	97.4762430065
1294	64	4493	97.4913986262
1295	66	4493	97.5655051161
1296	70	4495	97.5956444419
1297	72	4498	97.5343670223
1298	75	4505	97.5227931416
1299	71	4505	97.4508180365
1300	66	4509	97.3802540588
1301	68	4514	97.4457815276
1302	73	4521	97.4179700588
1303	68	4527	97.450535902
1304	73	4529	97.4529836988
1305	71	4536	97.451013552
1306	72	4540	97.4675788772
1307	70	4544	97.4466864323
1308	71	4549	97.528555642
1309	76	4554	97.5382563219
1310	76	4555	97.5564333211
1311	71	4559	97.536535415
1312	76	4566	97.5757931126
1313	72	4572	97.6501020398
1314	76	4573	97.658236207
1315	75	4574	97.6393454869
1316	72	4574	97.5698797105
1317	75	4579	97.633646467
1318	79	4579	97.6571180558
1319	81	4582	97.6664097856
1320	77	4585	97.7537155304
1321	72	4585	97.7845162613
1322	68	4585	97.8489444147
1323	63	4592	97.8628117229
1324	62	4597	97.861848984
1325	60	4603	97.9072319333
1326	61	4605	97.8643640126
1327	57	4608	97.8206903355
1328	52	4614	97.8679203827
1329	53	4621	97.9118951288
1330	50	4628	97.9256675216
1331	50	4630	97.8852227707
1332	51	4636	97.8049283832
1333	56	4638	97.7064685319
1334	54	4645	97.6323540954
1335	54	4647	97.6050037948
1336	50	4653	97.6408851017
1337	53	4654	97.5978428607
1338	51	4659	97.5063235281
1339	54	4665	97.5255973244
1340	50	4666	97.551381213
1341	54	4666	97.5354430193
1342	53	4667	97.4563353191
1343	53	4670	97.4241835115
1344	50	4675	97.4550811154
1345	50	4680	97.3944553023
1346	50	4687	97.2988721539
1347	50	4689	97.3530454026
1348	50	4692	97.3652295501
1349	53	4697	97.4518638119
1350	56	4701	97.4452871134
1351	54	4706	97.3652736706
1352	53	4712	97.4069379328
1353	54	4715	97.4390113521
1354	50	4722	97.4927387285
1355	54	4728	97.4975502932
1356	58	4730	97.5380765653
1357	62	4737	97.6330046509
1358	66	4741	97.7323446959
1359	65	4745	97.7560682038
1360	67	4749	97.6872396155
1361	71	4754	97.680838357
1362	70	4757	97.7097681586
1363	68	4762	97.7541304717
1364	66	4765	97.6820692293
1365	66	4771	97.700831955
1366	61	4773	97.7582627558
1367	59	4777	97.8483923372
1368	64	4780	97.9411551882
1369	64	4781	98.0005939312
1370	64	4781	98.0239662053
1371	61	4781	97.9538254691
1372	65	4781	97.9345691159
1373	69	4784	97.8911179581
1374	73	4791	97.8936067059
1375	68	4796	97.910580023
1376	70	4797	97.8921641066
1377	75	4804	97.8922460415
1378	77	4809	97.8346072845
1379	80	4810	97.8465844288
1380	82	4810	97.8986851931
1381	78	4817	97.8738645007
1382	75	4822	97.9643884052
1383	75	4825	97.9585400986
1384	76	4826	97.9322598555
1385	75	4827	97.8817158733
1386	80	4833	97.8521392116
1387	81	4838	97.8714575337
1388	77	4838	97.9071868408
1389	76	4841	97.9188690881
1390	73	4844	97.8554441344
1391	78	4847	97.8815689395
1392	73	4852	97.8771330971
1393	75	4856	97.9135413794
1394	77	4860	97.9251294621
1395	77	4862	97.8648845415
1396	78	4868	97.8060648473
1397	81	4873	97.8072281278
1398	86	4880	97.7454751704
1399	88	4887	97.6955788249
1400	91	4887	97.6041837039
1401	96	4887	97.6885059245
1402	92	4891	97.722514245
1403	92	4897	97.8069567823
1404	95	4898	97.7420340044
1405	91	4904	97.8083254815
1406	95	4908	97.8995807335
1407	96	4911	97.8005145449
1408	96	4916	97.7547518714
1409	98	4917	97.8026006871
1410	99	4923	97.7700475294
1411	99	4923	97.6842208228
1412	98	4927	97.6114237789
1413	97	4931	97.6096949598
1414	97	4931	97.6073327747
1415	96	4934	97.5959111401
1416	100	4941	97.5419368982
1417	102	4945	97.4477236676
1418	102	4948	97.352080762
1419	107	4953	97.3724350852
1420	110	4956	97.2749165487
1421	107	4962	97.3511232846
1422	103	4967	97.3902635024
1423	102	4970	97.4781047377
1424	99	4971	97.4987608604
1425	96	4971	97.5978416546
1426	100	4975	97.6029080688
1427	105	4980	97.5721403751
1428	105	4987	97.5502055874
1429	108	4993	97.601448795
1430	111	4998	97.5887460808
1431	111	4998	97.5158962531
1432	109	5000	97.5068457932
1433	105	5005	97.5986903184
1434	101	5006	97.5245237097
1435	99	5013	97.6239449286
1436	98	5020	97.670818157
1437	93	5026	97.6981713696
1438	97	5028	97.7253894403
1439	95	5034	97.721271529
1440	94	5035	97.7354290166
1441	92	5041	97.7556171341
1442	96	5045	97.7905943632
1443	99	5051	97.7558610079
1444	104	5057	97.7826734317
1445	103	5061	97.7461642272
1446	107	5063	97.7766146127
1447	111	5067	97.801589486
1448	113	5071	97.7787944071
1449	113	5073	97.8525048171
1450	111	5079	97.7757950965
1451	111	5081	97.8309351975
1452	106	5085	97.884755911
1453	109	5085	97.8124842653
1454	104	5092	97.9013419458
1455	101	5097	97.9409845518
1456	100	5099	98.00814637
1457	95	5100	98.0382371179
1458	93	5106	97.939920854
1459	91	5108	97.868314658
1460	90	5108	97.7831891975
1461	91	5115	97.7374430421
1462	90	5119	97.7417357658
1463	91	5123	97.7632989894
1464	90	5124	97.8518476301
1465	92	5130	97.8804790502
1466	91	5134	97.9347546418
1467	93	5138	97.8718579527
1468	98	5141	97.9671785003
1469	93	5148	97.8903143088
1470	95	5152	97.8540338284
1471	98	5152	97.9012430353
1472	100	5156	97.8151638845
1473	101	5162	97.7410286252
1474	96	5168	97.7853530661
1475	91	5169	97.7641156026
1476	93	5175	97.7879599907
1477	90	5176	97.7216184838
1478	93	5180	97.808736497
1479	94	5185	97.8537853424
1480	89	5191	97.8180070187
1481	88	5191	97.9097191818
1482	93	5195	97.9947671479
1483	97	5195	98.0003935519
1484	98	5202	97.9127911122
1485	94	5206	97.8545523623
1486	96	5209	97.8734781875
1487	95	5215	97.7808215078
1488	100	5217	97.7360494732
1489	102	5218	97.7141129908
1490	104	5221	97.7005991547
1491	104	5224	97.7611843053
1492	104	5227	97.8202242586
1493	109	5229	97.7889242287
1494	114	5235	97.8488281446
1495	116	5235	97.8920571795
1496	118	5241	97.9543082763
1497	117	5247	97.8730927251
1498	120	5250	97.8201084367
1499	122	5250	97.8480223326
1500	126	5250	97.8736098426
1501	127	5250	97.87992439
1502	129	5257	97.9225909558
1503	126	5264	97.8464072404
1504	121	5266	97.7609332173
1505	118	5271	97.7766782794
1506	116	5277	97.7054116174
1507	111	5280	97.6959020882
1508	116	5280	97.7842736441
1509	112	5281	97.7001321664
1510	114	5285	97.7799884664
1511	113	5285	97.8673857212
1512	111	5288	97.9262002208
1513	116	5294	97.8615919113
1514	111	5294	97.8175605279
1515	113	5295	97.8311661065
1516	111	5299	97.9175233052
1517	115	5299	97.9172016514
1518	114	5304	97.9366013705
1519	113	5309	97.8762681009
1520	114	5313	97.8848117468
1521	118	5314	97.791262586
1522	117	5319	97.7973368777
1523	118	5322	97.8869041075
1524	121	5322	97.8906996143
1525	119	5328	97.8386150602
1526	122	5335	97.8340395089
1527	127	5341	97.8162156952
1528	125	5347	97.765248389
1529	129	5349	97.8638083643
1530	132	5355	97.8064068404
1531	135	5362	97.8532031526
1532	139	5369	97.9507132038
1533	135	5375	97.9161054973
1534	140	5382	97.8862414284
1535	140	5388	97.8646500309
1536	135	5392	97.8457429282
1537	135	5399	97.8032060832
1538	135	5403	97.717910149
1539	139	5405	97.7970210453
1540	143	5410	97.87360939
1541	139	5414	97.8786357494
1542	140	5420	97.9616076816
1543	143	5427	98.0203235384
1544	139	5434	97.9894125163
1545	144	5439	98.0807663491
1546	139	5445	98.1394227971
1547	139	5447	98.1877173591
1548	137	5452	98.0878319038
1549	134	5459	98.0559760866
1550	129	5465	98.0496368459
1551	127	5472	98.0622756811
1552	124	5475	98.0278326989
1553	121	5475	97.9392355479
1554	117	5481	97.9509888296
1555	120	5482	98.0018899352
1556	119	5484	97.9517518256
1557	120	5484	97.8686315126
1558	117	5490	97.9094477576
1559	118	5497	97.8116538887
1560	116	5503	97.772330751
1561	121	5508	97.8676866384
1562	119	5514	97.9397811616
1563	123	5515	97.9062914995
1564	126	5518	97.9121051816
1565	131	5522	97.8673093781
1566	134	5527	97.8825154712
1567	137	5531	97.9045139728
1568	135	5538	97.8704866256
1569	131	5540	97.8473507046
1570	127	5542	97.7776350601
1571	124	5546	97.6923213517
1572	129	5547	97.6933076541
1573	131	5551	97.7357945338
1574	129	5553	97.7097258052
1575	133	5558	97.7174237209
1576	129	5562	97.6956720098
1577	124	5565	97.7312978048
1578	128	5572	97.7555801324
1579	128	5574	97.790394454
1580	132	5575	97.8464197291
1581	135	5579	97.831221451
1582	135	5579	97.7886712361
1583	137	5585	97.8326225617
1584	137	5591	97.7799213487
1585	138	5595	97.8004761261
1586	134	5599	97.7474248604
1587	131	5605	97.8445112292
1588	126	5606	97.879752641
1589	127	5611	97.9614112687
1590	132	5615	97.9502865931
1591	135	5616	97.8743892223
1592	139	5616	97.799476845
1593	144	5617	97.8604850123
1594	148	5618	97.8245987562
1595	145	5622	97.8331697009
1596	141	5628	97.7959844006
1597	146	5631	97.8295482429
1598	144	5633	97.9018003547
1599	148	5633	98.0007659238
1600	150	5636	98.0515877298
1601	149	5638	98.1155803412
1602	144	5640	98.1910471088
1603	139	5641	98.1060912536
1604	134	5647	98.0563878738
1605	129	5653	98.1013952624
1606	125	5656	98.1462957992
1607	122	5656	98.2054616302
1608	124	5663	98.1740753601
1609	129	5667	98.0850726756
1610	124	5674	98.0369188514
1611	119	5675	97.9639600496
1612	123	5677	97.9727293396
1613	121	5678	98.0473085775
1614	126	5680	98.0628423123
1615	127	5681	98.0443525471
1616	132	5688	98.1375132786
1617	127	5692	98.0415180493
1618	129	5692	98.0058804792
1619	132	5693	98.0106634495
1620	130	5697	98.0392322245
1621	134	5700	98.0925474022
1622	136	5701	98.0154199577
1623	131	5703	98.0082892532
1624	131	5709	98.1016668343
1625	134	5709	98.1254769385
1626	137	5715	98.1594582152
1627	132	5719	98.1318305109
1628	136	5726	98.1948784768
1629	134	5729	98.1063790102
1630	131	5736	98.0422588114
1631	131	5738	98.0521130801
1632	129	5739	98.0300251883
1633	129	5740	98.1090366283
1634	124	5744	98.0779632929
1635	127	5745	97.9916936189
1636	124	5747	97.920342538
1637	122	5749	97.9080454485
1638	124	5752	97.8477459603
1639	125	5759	97.9291124777
1640	127	5759	97.9748631647
1641	127	5766	97.9425127904
1642	125	5768	97.9725361935
1643	129	5774	97.9580789605
1644	134	5779	97.9962776847
1645	135	5786	98.0933385536
1646	130	5792	98.0247775597
1647	127	5794	98.0882352353
1648	126	5795	98.0698716213
1649	127	5801	98.1256523973
1650	131	5801	98.0439778732
1651	130	5805	98.0587042368
1652	127	5810	98.097441851
1653	131	5816	98.0720959054
1654	127	5817	97.9780262124
1655	129	5823	97.8940842941
1656	128	5825	97.856197726
1657	131	5825	97.8290226948
1658	134	5827	97.8230931775
1659	132	5831	97.7333193504
1660	128	5832	97.6499069912
1661	123	5836	97.6172238219
1662	120	5836	97.7168926135
1663	117	5838	97.6352423354
1664	122	5845	97.5626055928
1665	117	5848	97.4794289183
1666	121	5850	97.4387033467
1667	119	5857	97.381817842
1668	118	5859	97.4807890613
1669	119	5863	97.4712601639
1670	114	5863	97.5252901998
1671	111	5869	97.4699523345
1672	108	5872	97.5579525583
1673	108	5878	97.6517197061
1674	104	5878	97.677387248
1675	100	5881	97.5818819778
1676	98	5882	97.5926913698
1677	95	5885	97.5100775768
1678	91	5886	97.519274354
1679	89	5887	97.5469266744
1680	84	5894	97.4559944098
1681	84	5900	97.4727278304
1682	81	5903	97.381998697
1683	80	5910	97.4232845067
1684	85	5916	97.3821573865
1685	89	5920	97.3674625607
1686	86	5922	97.4125233897
1687	82	5929	97.3879369235
1688	83	5933	97.2896734064
1689	88	5937	97.1928137146
1690	84	5938	97.0963672132
1691	87	5945	97.1060338518
1692	87	5947	97.047074263
1693	92	5949	97.0335419569
1694	87	5953	96.995542248
1695	88	5953	97.0939079014
1696	89	5953	97.0369643337
1697	91	5956	97.1296327017
1698	93	5959	97.1512849101
1699	93	5964	97.2137558768
1700	93	5965	97.2337992804
1701	91	5965	97.2046804905
1702	88	5967	97.1391884905
1703	83	5969	97.2129079843
1704	78	5971	97.2353671643
1705	82	5975	97.2363605179
1706	78	5976	97.3290004768
1707	82	5983	97.3324898717
1708	86	5983	97.289043036
1709	90	5987	97.3335328642
1710	85	5991	97.2606423697
1711	84	5991	97.2186499191
1712	82	5991	97.1254171346
1713	81	5998	97.1447034545
1714	82	5998	97.1017390745
1715	85	6003	97.0936899917
1716	81	6010	97.1487240334
1717	80	6012	97.191667599
1718	77	6018	97.1576711542
1719	72	6019	97.0925854222
1720	70	6026	97.0872678045
1721	73	6033	97.0716137227
1722	68	6040	97.015052897
1723	73	6040	97.0831951621
1724	70	6045	97.1737233746
1725	74	6052	97.1829746491
1726	76	6053	97.1136903209
1727	79	6060	97.1212466321
1728	78	6061	97.2208582724
1729	79	6068	97.2674009317
1730	74	6073	97.3588649429
1731	77	6080	97.2969989433
1732	79	6081	97.2412304816
1733	75	6086	97.2477306875
1734	71	6088	97.3256629882
1735	73	6092	97.2710547219
1736	71	6097	97.2757890495
1737	68	6099	97.2130582671
1738	71	6105	97.2387508035
1739	67	6109	97.2264267193
1740	66	6110	97.1925152623
1741	65	6110	97.2291215748
1742	64	6110	97.2080746535
1743	63	6114	97.1464300079
1744	59	6117	97.1546103418
1745	60	6118	97.2429460196
1746	56	6119	97.3297863296
1747	55	6119	97.376893965
1748	56	6120	97.3793404805
1749	57	6121	97.3025995401
1750	62	6126	97.2078031971
1751	59	6129	97.2999523788
1752	63	6135	97.2912602913
1753	68	6135	97.1918187767
1754	72	6138	97.120925345
1755	68	6139	97.0353857055
1756	64	6140	97.0486954399
1757	64	6143	97.1226581004
1758	68	6148	97.0362642187
1759	63	6148	97.1207375651
1760	65	6152	97.1939745677
1761	63	6158	97.2805514338
1762	64	6158	97.3664894041
1763	64	6161	97.3710126418
1764	64	6161	97.421764339
1765	59	6163	97.4897844624
1766	64	6165	97.5297408981
1767	63	6168	97.5949417756
1768	61	6175	97.6904365752
1769	57	6178	97.6033966204
1770	59	6182	97.6382558534
1771	61	6184	97.5557383835
1772	56	6187	97.6333740582
1773	58	6188	97.6824354143
1774	55	6190	97.6781918071
1775	50	6191	97.6408108265
1776	52	6197	97.6236969879
1777	50	6201	97.6876270256
1778	50	6206	97.7126849786
1779	50	6210	97.7833065947
1780	50	6214	97.858309849
1781	54	6221	97.7649600667
1782	50	6227	97.7873274279
1783	50	6234	97.7916940208
1784	50	6237	97.7798913862
1785	50	6237	97.7499336995
1786	50	6242	97.8235435698
1787	53	6248	97.8737630521
1788	50	6249	97.9368892511
1789	54	6255	97.8742353306
1790	52	6256	97.8049850281
1791	53	6263	97.8284323163
1792	50	6269	97.8611232874
1793	52	6276	97.8173501543
1794	53	6280	97.9164977939
1795	50	6287	97.8570074413
1796	50	6294	97.8396580298
1797	51	6300	97.8453622419
1798	54	6301	97.8999872855
1799	58	6305	97.9928048296
1800	54	6310	97.9772849
1801	55	6313	98.0127698573
1802	54	6316	98.0204778094
1803	55	6322	98.0844554079
1804	52	6323	98.0335554639
1805	50	6325	98.0852504789
1806	54	6326	98.0389377656
1807	50	6332	98.1352573159
1808	54	6336	98.2092424566
1809	54	6338	98.2646380824
1810	52	6342	98.2046733879
1811	57	6343	98.1727912727
1812	58	6348	98.0756445827
1813	53	6350	98.0509053779
1814	56	6356	98.0596962138
1815	55	6360	98.0283601806
1816	55	6360	98.0387586108
1817	60	6362	98.0660949796
1818	58	6366	97.9954446271
1819	60	6369	97.9421678032
1820	61	6376	97.9283149193
1821	62	6380	98.0166316536
1822	67	6382	98.0968075114
1823	72	6387	98.1911887837
1824	75	6392	98.2661082141
1825	75	6395	98.3043514485
1826	73	6395	98.274829573
1827	73	6398	98.3507446912
1828	74	6404	98.3028263384
1829	70	6410	98.3623512807
1830	66	6412	98.3457688407
1831	62	6414	98.3071877183
1832	60	6418	98.2485086794
1833	60	6423	98.2810685086
1834	65	6426	98.2761775988
1835	62	6426	98.3067531243
1836	67	6433	98.2531544575
1837	71	6433	98.3018828295
1838	76	6439	98.3366986022
1839	73	6444	98.2596283644
1840	70	6451	98.3503766712
1841	75	6455	98.3155986966
1842	79	6459	98.349031172
1843	74	6465	98.3162627533
1844	73	6470	98.3977741472
1845	78	6477	98.3064859994
1846	77	6483	98.2210689304
1847	81	6489	98.1879229286
1848	83	6489	98.2187196363
1849	82	6489	98.2172894792
1850	84	6493	98.2214319531
1851	89	6496	98.125056977
1852	94	6502	98.0781259514
1853	96	6503	98.0717984874
1854	91	6509	98.1257042741
1855	92	6514	98.07486663
1856	90	6517	98.0344982995
1857	87	6517	98.1204291074
1858	82	6521	98.0572823047
1859	80	6523	98.0069056794
1860	75	6527	97.9999913143
1861	80	6534	97.9244373909
1862	85	6540	97.9815384693
1863	85	6540	97.9397353462
1864	87	6547	97.8899410861
1865	85	6549	97.9831416279
1866	89	6552	97.9593490643
1867	89	6553	98.0106828838
1868	94	6559	98.0839410294
1869	93	6566	98.1311389616
1870	93	6571	98.0546079459
1871	89	6572	97.971601471
1872	94	6572	98.0327882284
1873	90	6576	97.9456203702
1874	91	6582	97.9290830784
1875	92	6587	97.8652082858
1876	94	6594	97.8448001525
1877	90	6596	97.8700934034
1878	89	6602	97.9428641324
1879	84	6606	97.9381439598
1880	81	6608	97.8385289553
1881	81	6614	97.7403413354
1882	86	6617	97.7110952147
1883	88	6617	97.7228655945
1884	84	6622	97.8193087964
1885	79	6628	97.8731046274
1886	80	6628	97.9454467767
1887	76	6631	97.979803472
1888	77	6633	98.0431494999
1889	82	6634	98.0965639819
1890	81	6640	98.1065099882
1891	86	6645	98.0778983107
1892	83	6648	98.0863366549
1893	78	6653	98.0768964059
1894	82	6655	98.1170954187
1895	84	6655	98.0919929831
1896	81	6657	98.0071560622
1897	84	6660	97.925410928
1898	81	6660	97.8519863045
1899	78	6660	97.8794155414
1900	73	6666	97.880512223
1901	68	6669	97.7837426147
1902	70	6669	97.8209818609
1903	72	6675	97.7394369356
1904	73	6679	97.7876190378
1905	70	6680	97.6878954415
1906	65	6685	97.6021058416
1907	70	6685	97.6661150174
1908	74	6690	97.6942493308
1909	74	6694	97.7246388367
1910	74	6698	97.7278452564
1911	76	6699	97.7564494494
1912	74	6699	97.676485134
1913	77	6701	97.6737201854
1914	73	6701	97.7546008009
1915	78	6706	97.7662520335
1916	76	6709	97.8065346
1917	71	6709	97.775715895
1918	73	6710	97.6865447494
1919	74	6716	97.6992836598
1920	79	6716	97.601783437
1921	83	6718	97.5605090338
1922	79	6725	97.6338217621
1923	75	6730	97.6735880061
1924	70	6733	97.738306619
1925	69	6738	97.7351213866
1926	70	6742	97.6564802623
1927	74	6742	97.75146823
1928	70	6744	97.6525977224
1929	72	6747	97.6949171067
1930	76	6749	97.6015689566
1931	76	6754	97.5534375348
1932	71	6754	97.4556662925
1933	66	6757	97.4490698895
1934	68	6761	97.451281386
1935	67	6767	97.54068106
1936	65	6773	97.6096594034
1937	64	6776	97.5920528611
1938	64	6779	97.6390878284
1939	69	6782	97.5455979167
1940	73	6788	97.465397856
1941	72	6788	97.460756262
1942	73	6794	97.4587391795
1943	70	6800	97.4717824603
1944	75	6806	97.425810654
1945	76	6806	97.5100175501
1946	73	6808	97.4891610056
1947	76	6808	97.5872293999
1948	76	6808	97.6149585937
1949	72	6809	97.6622801069
1950	68	6816	97.5803333299
1951	70	6821	97.6450725605
1952	74	6821	97.7160307338
1953	75	6823	97.6374003343
1954	73	6826	97.5557756021
1955	72	6832	97.6314010473
1956	74	6833	97.6800823504
1957	73	6835	97.6607545344
1958	78	6839	97.6077705375
1959	80	6842	97.687258304
1960	78	6849	97.6901951058
1961	78	6849	97.7204965857
1962	80	6852	97.6644487854
1963	80	6853	97.6512510901
1964	80	6857	97.5741629244
1965	76	6861	97.6074402311
1966	75	6861	97.6134446903
1967	75	6861	97.5662277244
1968	78	6861	97.4692835007
1969	73	6861	97.5603157599
1970	72	6861	97.4675226798
1971	76	6868	97.3676666849
1972	80	6870	97.3892633689
1973	79	6876	97.3051596621
1974	80	6883	97.2651199716
1975	75	6889	97.2228367653
1976	80	6893	97.1915177633
1977	79	6897	97.2170881873
1978	74	6897	97.2718101605
1979	73	6902	97.3514046143
1980	69	6902	97.2653484391
1981	69	6908	97.3342465475
1982	72	6912	97.3306194006
1983	77	6917	97.4221084945
1984	80	6924	97.4509853443
1985	82	6924	97.4456429424
1986	82	6929	97.5432079285
1987	82	6933	97.5428770109
1988	85	6934	97.5397608729
1989	89	6935	97.4526223379
1990	90	6935	97.525026645
1991	89	6942	97.6202335615
1992	94	6942	97.6898215869
1993	98	6948	97.630034175
1994	96	6951	97.5935078056
1995	95	6952	97.5948228582
1996	93	6953	97.6128222972
1997	88	6958	97.6975037381
1998	93	6965	97.6799070424
1999	96	6969	97.5856312205
2000	92	6969	97.555242625
2001	95	6974	97.5370235713
2002	97	6974	97.5130411362
2003	97	6978	97.4453158933
2004	101	6984	97.3933990046
2005	102	6988	97.4627530068
2006	100	6991	97.5008834597
2007	95	6991	97.5177161171
2008	96	6996	97.5785386652
2009	91	6998	97.5717057808
2010	86	6999	97.6005225612
2011	87	7001	97.549531032
2012	88	7003	97.531729817
2013	90	7003	97.6049871195
2014	86	7005	97.6730527005
2015	81	7005	97.694259898
2016	86	7012	97.6379742921
2017	86	7016	97.6712725848
2018	85	7019	97.5910569861
2019	81	7022	97.5923795391
2020	82	7023	97.524430281
2021	83	7024	97.4348580167
2022	88	7030	97.5065141894
2023	84	7037	97.427667761
2024	86	7042	97.5269213285
2025	84	7047	97.4722239304
2026	85	7049	97.5225294485
2027	82	7054	97.5027834707
2028	80	7061	97.4306747114
2029	82	7062	97.4183970784
2030	86	7069	97.3270843692
2031	81	7073	97.2424528056
2032	76	7073	97.1478589874
2033	76	7079	97.1571820851
2034	73	7082	97.0647268565
2035	74	7084	97.136046959
2036	79	7087	97.1114333256
2037	82	7093	97.1582239362
2038	86	7100	97.1967439949
2039	91	7100	97.1164170743
2040	93	7103	97.077149311
2041	89	7106	97.0591950201
2042	88	7109	96.963141419
2043	85	7111	96.8985418982
2044	83	7111	96.9357318091
2045	87	7113	96.9402896694
2046	86	7117	97.0338791892
2047	89	7122	97.0720043454
2048	85	7128	97.1389584881
2049	85	7133	97.066149554
2050	84	7134	97.118104519
2051	82	7134	97.0344606092
2052	87	7138	96.9772514185
2053	83	7144	97.0171501327
2054	82	7151	96.9188541504
2055	77	7157	96.8514119615
2056	80	7158	96.8972334536
2057	78	7161	96.8497944967
2058	80	7165	96.7954670741
2059	75	7168	96.772801048
2060	79	7173	96.7022148959
2061	78	7177	96.6147198967
2062	73	7180	96.5960515288
2063	69	7183	96.6955663494
2064	65	7183	96.7435070921
2065	68	7186	96.8285870871
2066	73	7186	96.7793553909
2067	73	7189	96.8732285478
2068	71	7190	96.7976586227
2069	74	7191	96.7886024603
2070	72	7198	96.8717367755
2071	68	7202	96.8648297168
2072	65	7205	96.8647322405
2073	68	7210	96.7964758846
2074	71	7211	96.8925779479
2075	67	7218	96.9795095642
2076	69	7218	96.9253641619
2077	64	7224	96.8914153685
2078	62	7228	96.9236257178
2079	63	7232	96.8295392318
2080	63	7233	96.9137104088
2081	62	7239	96.9756612404
2082	58	7242	96.9123651934
2083	60	7249	96.868623906
2084	58	7253	96.9560723824
2085	58	7260	96.9493761773
2086	61	7265	97.0422198532
2087	61	7271	97.0706193162
2088	61	7274	97.154422233
2089	60	7275	97.1599817403
2090	58	7279	97.1790172814
2091	55	7286	97.2788237169
2092	51	7293	97.3015364972
2093	50	7298	97.2214942887
2094	50	7303	97.2808331983
2095	50	7306	97.3331063392
2096	54	7312	97.3523533605
2097	50	7319	97.3582622481
2098	50	7320	97.3615114761
2099	50	7326	97.4136401866
2100	50	7327	97.352565518
2101	53	7327	97.4211061283
2102	53	7329	97.3642364717
2103	51	7334	97.3034590325
2104	51	7337	97.2792397677
2105	55	7343	97.3174686172
2106	50	7348	97.228896386
2107	50	7353	97.2168919633
2108	52	7354	97.2363138057
2109	57	7356	97.1556677095
2110	52	7357	97.1491896328
2111	51	7362	97.2093897717
2112	53	7366	97.1237770909
2113	55	7372	97.0700029098
2114	56	7376	97.165644163
2115	60	7377	97.1015595659
2116	57	7379	97.1110253991
2117	55	7382	97.0738154518
2118	53	7385	96.9963026231
2119	52	7390	96.9224040911
2120	50	7390	96.859551883
2121	51	7395	96.8779124924
2122	53	7402	96.9664031399
2123	50	7408	96.9117546132
2124	53	7413	96.8196086188
2125	56	7417	96.9148195514
2126	59	7422	96.9532690776
2127	56	7423	97.0452608709
2128	53	7427	97.06369954
2129	52	7430	97.1021764328
2130	57	7437	97.0858313547
2131	54	7442	97.1159539703
2132	59	7444	97.020150472
2133	62	7450	96.9746695582
2134	58	7452	96.884242258
2135	58	7453	96.9742135147
2136	59	7460	97.0175068406
2137	60	7467	97.0495223296
2138	64	7472	97.0182403469
2139	63	7472	97.058083911
2140	62	7479	97.0257792063
2141	67	7484	96.9290889574
2142	65	7485	96.8802794586
2143	65	7485	96.8110091937
2144	70	7489	96.7159760398
2145	68	7492	96.7430949891
2146	63	7496	96.6988180348
2147	58	7500	96.6631963543
2148	53	7501	96.6930588535
2149	50	7506	96.6639126173
2150	50	7511	96.5776952787
2151	50	7515	96.5916365933
2152	55	7518	96.5458588378
2153	55	7521	96.5685707531
2154	59	7524	96.4717263566
2155	62	7531	96.422628438
2156	67	7532	96.4915928917
2157	64	7538	96.5580162847
2158	64	7543	96.5242162473
2159	65	7544	96.447378818
2160	60	7548	96.4421610864
2161	57	7553	96.4021393909
2162	55	7554	96.3721090407
2163	54	7559	96.3035930081
2164	50	7562	96.3592243025
2165	53	7564	96.3344606141
2166	53	7564	96.4321697563
2167	58	7569	96.4783827989
2168	63	7570	96.4169009749
2169	59	7575	96.3745490667
2170	62	7581	96.400456802
2171	65	7582	96.4704211581
2172	69	7584	96.5571163718
2173	74	7585	96.4965639925
2174	78	7588	96.5683163853
2175	76	7590	96.4894119839
2176	79	7593	96.4221094723
2177	84	7596	96.3286912014
2178	87	7603	96.3953675891
2179	88	7605	96.3143726959
2180	93	7607	96.2514590981
2181	96	7607	96.2092131298
2182	100	7611	96.2784798243
2183	103	7614	96.2599754292
2184	105	7617	96.3507744886
2185	102	7620	96.4404812568
2186	104	7623	96.4813809433
2187	106	7626	96.5361980845
2188	108	7633	96.4980150008
2189	110	7636	96.4110617057
2190	114	7643	96.5051478966
2191	113	7648	96.405917446
2192	117	7655	96.330500751
2193	117	7657	96.2384638002
2194	119	7660	96.1810451584
2195	116	7662	96.1285398307
2196	118	7662	96.1173855578
2197	117	7667	96.0388191007
2198	121	7667	96.0188150161
2199	125	7671	96.0326945352
2200	129	7671	96.0110428049
2201	126	7672	96.0878384782
2202	127	7672	96.0667509555
2203	131	7672	96.1325465871
2204	126	7675	96.2278839031
2205	130	7681	96.2115306648
2206	134	7682	96.2405253632
2207	129	7689	96.3202445149
2208	129	7690	96.3067137765
2209	126	7695	96.3786065896
2210	128	7701	96.4173054766
2211	124	7705	96.355721127
2212	129	7705	96.3924524831
2213	129	7708	96.4400420453
2214	133	7711	96.4321444849
2215	131	7718	96.4345496722
2216	127	7722	96.4707019887
2217	129	7724	96.420671598
2218	128	7727	96.4770346393
2219	125	7731	96.5119125216
2220	121	7732	96.5795593789
2221	123	7735	96.5589301584
2222	125	7739	96.6528885141
2223	121	7744	96.7351188426
2224	118	7745	96.7244987743
2225	115	7747	96.6371030422
2226	118	7753	96.5625199468
2227	114	7757	96.4988410452
2228	115	7763	96.4429389306
2229	114	7766	96.5291183835
2230	112	7773	96.505487677
2231	112	7774	96.580275283
2232	111	7776	96.5544907741
2233	108	7781	96.6099821326
2234	110	7783	96.5937151526
2235	107	7787	96.5687895152
2236	105	7790	96.5314319468
2237	106	7793	96.5330472492
2238	108	7800	96.6140969971
2239	107	7803	96.5767902814
2240	107	7804	96.4807886254
2241	102	7809	96.523556014
2242	99	7813	96.5570458463
2243	101	7816	96.5409295078
2244	98	7823	96.579216319
2245	101	7830	96.5553999202
2246	99	7830	96.4581700867
2247	103	7836	96.4369894014
2248	108	7840	96.3729527212
2249	108	7847	96.323888555
2250	110	7853	96.2896773619
2251	114	7856	96.2875334278
2252	116	7858	96.281140708
2253	121	7860	96.3020110567
2254	122	7867	96.3543237763
2255	117	7872	96.3149215576
2256	117	7879	96.260369259
2257	112	7881	96.1809967565
2258	110	7886	96.0889493396
2259	113	7893	96.1293782213
2260	117	7898	96.072715038
2261	122	7901	96.1330861461
2262	126	7904	96.1571019594
2263	126	7911	96.1987306567
2264	123	7913	96.293400251
2265	126	7916	96.3459930747
2266	131	7917	96.343713107
2267	130	7923	96.258364855
2268	127	7923	96.347574865
2269	129	7925	96.2503714329
2270	126	7928	96.2875241986
2271	125	7933	96.2966354009
2272	124	7934	96.3899675377
2273	119	7939	96.3943789947
2274	119	7944	96.490984481
2275	116	7950	96.432127506
2276	115	7950	96.3688245298
2277	118	7950	96.4175579062
2278	119	7953	96.4462690585
2279	115	7953	96.5369277796
2280	115	7960	96.6216154971
2281	111	7963	96.6343518539
2282	114	7963	96.7255168879
2283	118	7963	96.7319537819
2284	121	7966	96.76589587
2285	126	7970	96.6744432101
2286	130	7970	96.7144078141
2287	133	7974	96.6230420682
2288	129	7981	96.5946839229
2289	134	7984	96.583221553
2290	136	7990	96.5548743194
2291	132	7995	96.6396693845
2292	132	8002	96.5978339951
2293	128	8002	96.618834021
2294	132	8003	96.67627587
2295	136	8005	96.5773966498
2296	132	8005	96.5365441593
2297	133	8011	96.578555463
2298	134	8018	96.5494709816
2299	133	8020	96.489238334
2300	134	8023	96.492433349
2301	132	8030	96.4235719648
2302	128	8030	96.4437616757
2303	128	8036	96.3622769121
2304	131	8042	96.3699051238
2305	133	8046	96.4249147447
2306	137	8047	96.4257796525
2307	135	8052	96.4292072533
2308	134	8058	96.4017125777
2309	129	8061	96.4389991754
2310	129	8067	96.3668662451
2311	132	8074	96.3075916942
2312	129	8080	96.2855689448
2313	125	8081	96.2616630956
2314	130	8083	96.1767926449
2315	125	8090	96.197830973
2316	128	8095	96.1609010138
2317	125	8095	96.1161148481
2318	130	8096	96.1433394479
2319	132	8102	96.163835565
2320	127	8105	96.0940065042
2321	123	8107	96.1232824878
2322	120	8109	96.0246040077
2323	121	8113	96.0806338828
2324	120	8113	95.984336123
2325	121	8115	95.9381047578
2326	122	8116	95.8388127546
2327	118	8121	95.7694237397
2328	116	8122	95.8204364204
2329	118	8124	95.7629469116
2330	122	8130	95.8500564781
2331	127	8134	95.8667461076
2332	132	8138	95.7928371648
2333	130	8138	95.6973742632
2334	126	8144	95.7210116507
2335	125	8147	95.7580653058
2336	130	8149	95.8472250533
2337	127	8149	95.8385305119
2338	130	8152	95.8517670201
2339	134	8156	95.8904762663
2340	131	8159	95.9377075171
2341	129	8163	95.9542212573
2342	133	8163	95.9107479703
2343	129	8166	95.9159649955
2344	130	8171	95.8685097672
2345	129	8173	95.8045337199
2346	132	8177	95.8129463831
2347	133	8177	95.8407584027
2348	133	8183	95.8039687697
2349	135	8189	95.7286576518
2350	132	8196	95.7669410711
2351	133	8197	95.6685985787
2352	130	8202	95.6368605703
2353	130	8208	95.5480693681
2354	133	8212	95.5696573759
2355	138	8216	95.5343392015
2356	141	8221	95.5719924468
2357	139	8225	95.5056100071
2358	144	8226	95.4183005366
2359	149	8227	95.4416030219
2360	153	8228	95.3972347094
2361	158	8234	95.4862722682
2362	160	8235	95.4875618967
2363	161	8236	95.5026534071
2364	163	8243	95.5935273293
2365	162	8249	95.6586085927
2366	164	8254	95.5953265409
2367	167	8260	95.5426599337
2368	164	8266	95.5610640344
2369	159	8270	95.593057123
2370	154	8275	95.6042156749
2371	155	8275	95.5837667892
2372	152	8282	95.6439805408
2373	147	8288	95.5867395157
2374	151	8293	95.5176267598
2375	154	8299	95.6022823966
2376	155	8300	95.544566603
2377	154	8305	95.5358351493
2378	151	8307	95.5066286124
2379	155	8308	95.515291474
2380	150	8309	95.6125513461
2381	154	8309	95.6489133925
2382	159	8313	95.6662398909
2383	161	8313	95.684047205
2384	160	8320	95.6062981282
2385	159	8323	95.6145396075
2386	155	8328	95.7072685795
2387	152	8335	95.6364645716
2388	154	8338	95.5654087027
2389	154	8344	95.588224155
2390	156	8345	95.5993882045
2391	153	8346	95.664714412
2392	148	8351	95.7167451524
2393	147	8355	95.6185180873
2394	142	8361	95.689909811
2395	143	8366	95.711054384
2396	148	8368	95.7171778409
2397	144	8374	95.6657275717
2398	144	8375	95.6549635384
2399	144	8377	95.5757388739
2400	149	8380	95.5645419568
2401	148	8386	95.5859815554
2402	150	8392	95.6459013706
