1	131	2.92	5.576
2	131	2.70	5.586
3	134	2.50	5.883
4	133	2.36	6.071
5	131	2.36	5.157
6	131	2.79	5.219
7	134	2.68	5.868
8	133	3.05	6.066
9	135	2.50	6.068
10	132	2.13	5.289
11	131	2.20	5.132
12	128	1.97	4.609
13	130	2.38	5.458
14	133	2.10	5.819
15	134	2.92	6.223
16	134	2.23	5.576
17	131	2.10	5.006
18	133	2.25	6.097
19	135	2.63	5.704
20	138	3.03	6.421
21	139	2.84	7.070
22	136	2.72	5.781
23	138	2.76	5.976
24	140	3.19	7.292
25	137	2.43	6.319
26	139	3.12	6.285
27	142	3.05	6.846
28	141	3.20	7.072
29	144	3.10	7.925
30	144	3.24	7.625
31	147	2.89	8.521
32	145	2.95	7.757
33	143	2.87	7.827
34	140	2.42	6.812
35	137	3.02	6.150
36	137	2.56	5.877
37	134	2.31	5.881
38	132	2.15	5.831
39	129	2.28	5.514
40	126	2.41	4.812
41	125	2.00	4.327
42	125	1.85	4.423
43	125	2.44	4.545
44	124	2.59	4.709
45	124	2.16	4.610
46	124	2.11	4.239
47	127	2.55	5.021
48	129	2.21	4.881
49	127	2.30	5.194
50	126	1.96	4.649
51	123	1.95	4.131
52	122	2.34	3.986
53	123	2.56	4.459
54	122	2.31	4.379
55	125	2.60	4.752
56	127	2.07	5.038
57	126	1.97	4.183
58	126	2.41	4.876
59	123	1.80	4.405
60	120	1.79	4.375
61	119	1.74	4.321
62	118	2.01	4.013
63	118	2.17	3.439
64	115	1.91	3.321
65	118	1.87	3.793
66	120	2.24	4.374
67	119	2.00	4.318
68	120	2.03	4.037
69	118	2.21	3.424
70	115	1.98	3.729
71	116	1.79	3.536
72	117	2.14	3.166
73	114	1.78	3.527
74	114	1.76	3.091
75	116	2.53	3.395
76	114	2.16	2.924
77	114	2.38	3.064
78	111	2.42	3.495
79	109	2.33	3.278
80	108	1.52	2.721
81	107	2.29	3.048
82	107	2.30	2.599
83	109	2.09	2.582
84	106	1.32	3.071
85	108	2.34	2.462
86	107	1.66	3.029
87	110	1.84	2.635
88	112	1.95	3.483
89	114	1.61	3.558
90	112	1.86	3.296
91	113	1.96	2.863
92	113	1.57	2.979
93	113	2.26	3.255
94	115	2.13	3.660
95	117	2.53	3.641
96	119	2.20	3.363
97	121	1.69	4.500
98	120	2.53	4.192
99	122	2.00	4.458
100	124	2.16	4.678
101	124	2.47	4.537
102	122	2.57	4.562
103	121	1.84	3.980
104	123	2.59	4.296
105	122	1.85	4.413
106	124	2.47	4.395
107	125	2.39	4.276
108	126	1.88	4.612
109	123	2.16	4.266
110	123	2.56	4.045
111	121	2.48	3.719
112	124	2.19	4.555
113	126	2.75	5.016
114	127	2.31	5.066
115	124	2.64	4.188
116	123	2.25	4.404
117	123	1.78	4.541
118	124	1.78	4.703
119	122	2.16	4.212
120	120	2.15	4.220
121	123	2.59	4.343
122	122	2.40	4.371
123	122	1.90	3.799
124	120	1.83	3.734
125	118	1.93	3.788
126	118	2.10	3.964
127	115	2.26	3.363
128	114	1.77	3.419
129	114	2.45	3.461
130	113	1.81	2.833
131	112	1.53	3.656
132	111	2.22	3.358
133	113	1.99	2.864
134	110	2.21	3.324
135	111	2.03	3.496
136	108	2.32	2.741
137	105	1.70	2.737
138	107	1.50	3.320
139	109	1.51	3.022
140	108	2.08	2.584
141	110	1.92	3.100
142	113	1.87	3.248
143	110	1.42	3.545
144	109	1.90	3.147
145	109	2.05	2.847
146	108	2.04	2.660
147	106	2.05	2.815
148	105	1.63	2.462
149	103	1.97	2.510
150	104	1.75	2.723
151	102	1.98	2.401
152	105	1.79	2.307
153	108	1.50	3.074
154	111	2.41	3.594
155	114	2.13	2.946
156	114	2.47	3.327
157	116	2.13	3.980
158	116	2.21	4.025
159	119	2.01	3.956
160	122	2.63	4.230
161	122	2.46	4.013
162	125	2.08	4.071
163	123	1.96	4.351
164	124	2.39	4.034
165	121	1.75	4.435
166	123	2.24	4.207
167	122	1.97	4.467
168	121	2.28	3.614
169	121	2.52	3.890
170	123	2.05	3.896
171	125	1.96	4.241
172	128	2.57	5.043
173	125	2.26	4.889
174	127	2.30	5.112
175	129	1.94	5.002
176	132	2.04	5.215
177	133	2.37	5.638
178	136	3.00	5.914
179	133	2.37	5.863
180	132	2.37	5.848
181	131	2.85	4.816
182	134	2.10	5.561
183	134	3.06	5.791
184	133	2.29	5.767
185	132	2.24	5.955
186	129	2.71	5.155
187	127	2.22	4.620
188	128	2.02	4.768
189	129	2.84	4.863
190	127	2.22	5.082
191	127	2.72	4.970
192	128	2.73	4.974
193	129	2.61	5.203
194	130	2.20	5.396
195	127	1.97	4.756
196	124	2.25	4.418
197	125	1.89	4.708
198	128	1.89	4.974
199	125	1.94	4.581
200	128	2.54	5.344
201	125	2.27	4.017
202	125	1.93	4.759
203	126	1.83	4.634
204	127	2.66	5.216
205	127	2.85	5.204
206	128	2.12	4.450
207	127	2.80	4.275
208	127	1.98	5.185
209	129	2.05	4.780
210	130	2.61	5.630
211	133	2.78	5.283
212	130	2.86	4.976
213	128	2.44	4.628
214	131	2.29	5.719
215	134	3.00	5.881
216	131	2.05	4.837
217	130	2.88	5.550
218	132	2.15	5.107
219	130	2.24	4.857
220	128	2.84	4.880
221	131	2.66	4.973
222	133	2.22	5.830
223	133	2.41	5.141
224	135	2.41	5.616
225	136	2.53	6.019
226	138	2.85	6.050
227	138	3.10	6.307
228	139	2.71	7.096
229	141	2.57	7.040
230	141	3.32	7.429
231	142	2.60	7.560
232	139	3.21	6.214
233	141	3.32	6.533
234	139	2.64	6.680
235	142	3.00	7.184
236	144	3.05	8.014
237	147	2.94	8.213
238	145	3.26	7.449
239	143	3.29	7.678
240	140	2.36	7.107
241	140	2.88	7.046
242	142	2.73	7.063
243	142	2.83	7.075
244	143	2.43	6.983
245	140	2.39	6.989
246	141	3.28	7.146
247	142	2.80	7.688
248	139	2.45	6.699
249	141	2.76	7.265
250	144	2.82	7.819
251	141	2.82	6.589
252	141	3.28	6.744
253	138	2.61	6.407
254	136	2.72	6.426
255	138	2.89	6.772
256	139	3.06	6.232
257	141	3.29	7.211
258	142	2.90	7.482
259	140	3.19	7.038
260	138	2.39	6.267
261	137	2.52	6.029
262	135	2.38	5.964
263	138	2.56	6.785
264	135	2.89	5.573
265	133	2.18	5.403
266	131	2.11	4.867
267	134	2.74	5.294
268	133	2.55	5.804
269	130	2.65	5.630
270	129	2.10	4.528
271	129	2.16	4.715
272	131	2.14	5.141
273	130	2.65	5.614
274	133	2.29	5.471
275	136	2.28	6.146
276	137	2.20	6.641
277	136	2.24	5.845
278	135	2.43	5.643
279	133	2.58	5.580
280	132	2.46	5.560
281	132	2.91	5.363
282	130	2.69	4.722
283	129	2.26	5.242
284	128	2.18	5.320
285	125	2.33	4.451
286	126	2.51	4.551
287	125	2.23	4.542
288	122	1.76	3.926
289	125	2.30	4.430
290	125	2.45	4.138
291	126	2.20	4.943
292	124	2.34	4.448
293	125	2.44	4.599
294	122	2.67	3.978
295	121	2.64	3.790
296	118	1.85	3.363
297	119	2.40	3.358
298	120	1.97	3.991
299	118	1.79	3.544
300	121	2.33	3.745
301	122	2.61	4.011
302	121	1.99	4.327
303	123	1.81	4.393
304	121	2.00	4.015
305	124	2.15	4.640
306	126	2.23	4.935
307	123	2.60	3.796
308	125	2.39	4.365
309	126	2.61	4.489
310	125	2.33	4.511
311	125	1.85	4.778
312	124	2.41	4.562
313	127	2.74	4.678
314	129	1.99	5.032
315	132	2.12	5.007
316	129	2.28	5.251
317	131	2.87	5.559
318	133	2.74	5.477
319	136	2.51	5.650
320	134	2.28	5.588
321	137	2.89	6.596
322	134	2.86	6.221
323	136	3.00	6.135
324	136	3.13	6.110
325	136	2.33	5.592
326	137	2.47	6.306
327	135	2.98	5.952
328	138	2.95	6.269
329	139	2.90	6.352
330	137	2.57	6.349
331	137	2.61	6.017
332	139	2.56	7.054
333	142	2.95	7.296
334	144	2.85	7.755
335	142	2.83	7.621
336	144	3.01	7.333
337	141	2.62	7.051
338	141	3.28	6.541
339	139	2.37	6.228
340	138	2.74	6.561
341	139	2.77	7.080
342	140	2.76	6.536
343	140	2.77	6.735
344	140	3.10	7.289
345	141	2.62	7.333
346	139	2.57	6.203
347	141	3.05	7.307
348	142	3.09	6.745
349	140	2.51	7.284
350	138	3.18	6.215
351	138	2.53	6.556
352	135	2.93	5.449
353	138	2.45	6.267
354	139	2.44	6.234
355	141	2.98	6.905
356	144	3.16	7.892
357	147	3.03	8.455
358	150	3.60	9.113
359	148	3.53	8.876
360	146	2.57	7.949
361	148	3.05	8.946
362	149	3.28	9.005
363	148	3.33	8.832
364	151	3.37	9.763
365	151	2.91	9.346
366	152	3.11	9.635
367	155	3.35	10.861
368	152	3.30	9.517
369	152	3.12	9.168
370	152	3.38	10.124
371	149	3.29	8.518
372	149	2.72	8.360
373	151	3.28	9.256
374	150	2.83	9.242
375	153	3.32	10.008
376	151	3.07	9.012
377	150	3.15	9.441
378	147	3.51	7.899
379	147	2.79	8.136
380	149	2.87	8.501
381	146	3.39	7.908
382	146	3.14	8.448
383	146	2.60	7.633
384	147	2.95	8.313
385	146	2.61	8.082
386	145	3.14	8.039
387	142	3.30	6.712
388	139	2.77	6.261
389	139	3.01	6.752
390	141	2.70	7.340
391	140	3.24	7.147
392	137	2.94	5.755
393	135	2.80	5.999
394	138	2.51	6.135
395	138	2.47	6.323
396	135	3.02	6.206
397	137	2.20	6.099
398	137	2.75	6.484
399	139	3.05	6.547
400	137	2.50	6.729
401	138	2.94	6.275
402	138	2.24	6.392
403	139	2.33	7.104
404	136	2.63	6.294
405	133	2.39	6.023
406	131	2.11	4.898
407	134	2.66	5.353
408	131	2.17	5.138
409	133	2.75	6.020
410	134	2.39	5.335
411	133	2.41	5.817
412	130	2.46	5.488
413	128	2.74	4.561
414	130	2.32	4.976
415	127	2.22	4.494
416	128	2.73	5.254
417	129	2.48	4.944
418	130	2.45	5.057
419	127	2.10	5.084
420	129	2.17	4.999
421	127	2.36	4.783
422	130	2.55	4.762
423	127	2.54	4.841
424	129	2.40	4.973
425	128	2.46	5.187
426	131	2.21	5.431
427	132	2.23	5.062
428	133	2.63	6.059
429	135	2.96	6.289
430	132	2.89	5.139
431	131	2.29	5.011
432	132	2.69	5.601
433	130	2.87	5.526
434	130	2.86	4.695
435	131	2.48	5.571
436	129	2.11	4.825
437	129	2.53	4.682
438	130	2.10	4.674
439	133	2.91	5.151
440	136	2.60	6.357
441	134	3.01	5.990
442	131	2.45	5.620
443	134	2.20	6.190
444	136	2.71	5.961
445	133	2.10	5.838
446	135	2.23	5.737
447	135	2.42	5.681
448	136	2.79	5.840
449	135	2.47	5.707
450	132	2.72	5.392
451	132	2.55	5.494
452	130	2.75	5.150
453	128	2.24	4.829
454	126	2.08	4.151
455	123	2.28	4.275
456	120	2.20	3.941
457	121	2.13	3.965
458	121	2.25	3.543
459	121	1.82	4.075
460	123	1.98	4.508
461	125	1.91	4.842
462	122	2.21	3.733
463	121	2.51	4.077
464	118	1.93	3.714
465	115	2.35	3.032
466	113	1.66	2.993
467	111	2.23	2.995
468	108	1.36	3.234
469	110	1.82	3.492
470	113	1.68	3.530
471	115	2.37	3.414
472	112	1.71	3.160
473	109	2.02	2.583
474	107	2.18	2.649
475	108	1.88	2.802
476	111	2.21	2.930
477	113	2.06	3.197
478	111	2.38	3.205
479	111	2.42	2.765
480	114	2.02	3.643
481	112	1.84	2.850
482	112	1.63	2.904
483	112	2.43	3.630
484	112	2.42	3.503
485	109	1.53	2.992
486	112	2.32	3.141
487	113	1.50	3.424
488	113	2.25	3.766
489	115	2.49	3.390
490	116	2.26	3.769
491	115	2.35	3.089
492	115	2.36	2.968
493	112	2.37	3.427
494	111	1.77	2.794
495	108	1.59	2.589
496	111	1.98	3.118
497	112	2.17	2.755
498	110	1.43	2.651
499	109	2.03	2.877
500	110	2.30	3.082
501	107	1.72	2.495
502	108	2.01	2.636
503	107	2.10	3.057
504	110	1.61	3.316
505	113	2.35	3.629
506	114	1.69	3.391
507	112	1.90	3.177
508	110	1.41	3.102
509	112	2.13	3.191
510	109	2.35	3.240
511	110	1.83	2.894
512	110	1.40	2.860
513	107	1.65	2.977
514	109	2.15	3.106
515	111	2.00	3.552
516	111	1.68	3.271
517	112	1.58	2.770
518	114	2.47	3.550
519	112	1.55	2.912
520	110	1.92	2.588
521	111	2.38	3.112
522	108	2.30	3.132
523	106	1.39	2.704
524	106	1.88	2.252
525	106	1.67	2.434
526	107	1.98	3.052
527	106	2.26	3.172
528	106	1.42	2.708
529	105	1.83	2.614
530	106	2.04	2.895
531	106	2.04	3.136
532	106	1.63	2.339
533	106	1.65	3.123
534	106	2.23	3.109
535	107	2.10	3.276
536	108	1.75	2.948
537	111	2.18	2.994
538	109	1.61	2.972
539	108	2.04	2.949
540	108	1.98	3.208
541	110	1.80	3.222
542	113	2.29	2.787
543	114	2.01	3.043
544	113	1.69	3.513
545	114	2.27	2.999
546	115	2.43	3.816
547	115	1.93	3.042
548	113	1.53	3.008
549	115	1.66	3.685
550	117	2.47	3.322
551	119	2.19	3.671
552	122	2.22	4.040
553	125	2.22	4.318
554	128	1.97	4.866
555	128	2.75	4.777
556	131	2.53	5.457
557	130	2.78	5.293
558	127	2.63	4.584
559	125	1.99	4.579
560	122	2.20	4.137
561	124	2.02	3.968
562	127	2.50	4.689
563	127	2.20	4.495
564	129	2.78	5.083
565	128	2.50	4.621
566	127	2.85	4.641
567	129	1.98	5.205
568	130	2.03	4.919
569	127	2.31	4.522
570	124	2.01	4.764
571	123	2.52	3.799
572	120	2.56	3.431
573	122	1.84	3.699
574	122	2.29	3.854
575	120	1.97	3.745
576	120	2.54	3.473
577	119	2.22	3.426
578	120	1.95	4.282
579	122	1.90	3.906
580	120	1.68	3.739
581	119	1.74	3.475
582	118	1.67	3.422
583	117	1.87	3.457
584	117	2.22	3.747
585	118	2.16	3.285
586	120	2.05	4.303
587	123	2.33	3.992
588	120	2.51	3.704
589	122	2.03	3.689
590	119	2.26	3.983
591	116	2.45	3.034
592	113	1.61	2.882
593	113	2.23	3.382
594	116	1.66	3.372
595	117	1.92	3.864
596	115	2.38	3.279
597	117	2.55	3.676
598	114	1.72	3.319
599	116	1.69	3.296
600	113	2.19	3.066
601	111	1.48	3.362
602	108	1.95	3.317
603	107	1.93	3.060
604	106	1.59	2.568
605	109	1.62	2.594
606	109	1.52	2.921
607	107	1.83	2.903
608	107	1.96	3.052
609	106	1.35	3.225
610	103	1.68	2.395
611	103	2.02	2.171
612	104	1.67	2.690
613	101	1.29	2.120
614	101	2.10	2.756
615	104	2.12	2.663
616	103	1.38	2.687
617	100	1.27	2.308
618	102	1.33	2.848
619	104	1.77	2.497
620	102	1.62	2.704
621	104	1.50	2.177
622	102	1.77	2.031
623	99	2.16	2.123
624	97	1.57	2.708
625	94	1.91	2.466
626	91	1.36	2.290
627	88	1.19	1.650
628	88	1.04	1.753
629	85	0.99	1.779
630	82	1.43	1.734
631	85	1.41	2.173
632	83	1.03	1.697
633	80	1.48	1.296
634	83	1.46	1.279
635	84	1.63	1.261
636	82	0.96	1.870
637	79	1.23	1.701
638	82	1.65	1.121
639	79	1.12	1.870
640	82	1.55	1.969
641	85	0.94	1.503
642	85	0.95	1.598
643	83	1.49	1.858
644	85	1.44	1.646
645	82	1.44	1.983
646	81	1.81	1.240
647	78	1.31	1.818
648	79	0.93	1.358
649	81	1.35	1.985
650	81	1.74	1.591
651	83	1.37	2.125
652	84	0.99	1.577
653	84	1.76	1.999
654	86	1.28	2.006
655	86	1.87	1.884
656	85	1.11	1.949
657	84	1.63	1.414
658	86	1.04	1.737
659	88	1.02	1.449
660	86	1.93	1.879
661	85	1.39	1.237
662	84	1.54	2.130
663	86	1.56	1.445
664	87	1.16	1.639
665	89	1.30	1.466
666	92	1.14	2.147
667	90	1.04	1.419
668	90	1.03	1.505
669	91	1.88	2.085
670	92	1.96	2.399
671	90	1.01	1.502
672	93	1.31	2.460
673	91	1.28	2.137
674	94	1.75	2.022
675	94	1.93	2.539
676	91	1.44	1.722
677	89	1.82	1.622
678	90	1.53	2.080
679	88	1.69	2.154
680	85	1.91	1.757
681	86	1.32	1.966
682	86	1.08	1.780
683	89	1.57	2.286
684	86	1.48	1.765
685	88	1.16	1.667
686	88	1.79	1.863
687	85	1.33	1.927
688	88	1.76	1.921
689	91	1.14	1.645
690	93	1.36	2.090
691	95	1.18	2.195
692	92	1.98	1.653
693	90	1.28	1.902
694	88	1.39	1.410
695	90	1.32	1.793
696	88	1.58	1.990
697	85	1.02	1.941
698	84	1.57	1.498
699	83	1.49	2.097
700	85	1.84	1.362
701	87	1.86	2.090
702	85	0.95	1.511
703	83	1.60	1.316
704	84	1.62	1.734
705	87	1.47	1.531
706	84	1.77	1.256
707	82	1.44	1.506
708	83	1.76	1.953
709	80	1.46	1.472
710	81	1.64	1.206
711	79	1.33	1.792
712	80	1.50	1.724
713	81	1.00	2.031
714	84	1.31	1.352
715	85	1.39	1.804
716	83	1.86	1.457
717	80	1.55	1.397
718	80	1.84	2.025
719	83	1.89	1.757
720	81	1.70	1.351
721	81	1.70	1.830
722	84	0.99	1.618
723	87	1.20	1.383
724	90	1.92	1.960
725	93	1.97	1.639
726	95	1.64	2.521
727	93	1.56	1.977
728	94	1.89	2.171
729	95	1.24	2.195
730	98	2.01	2.412
731	98	1.17	2.216
732	100	1.66	2.599
733	101	1.29	2.570
734	104	1.52	2.466
735	105	1.61	2.359
736	104	2.16	2.952
737	103	2.18	2.296
738	103	1.97	2.404
739	100	1.30	2.497
740	101	1.92	2.131
741	98	1.37	2.710
742	99	2.09	1.871
743	101	2.12	2.821
744	101	1.71	2.697
745	102	1.38	2.182
746	105	1.99	2.774
747	102	1.35	2.056
748	102	1.29	2.601
749	101	1.68	2.558
750	98	1.18	2.538
751	99	1.94	2.045
752	97	1.39	2.371
753	100	2.06	2.211
754	99	1.19	2.496
755	101	1.32	1.944
756	101	1.58	2.821
757	101	1.83	2.851
758	102	1.85	2.918
759	99	1.37	2.202
760	100	2.04	2.494
761	102	1.25	2.224
762	105	1.34	2.365
763	103	1.79	2.037
764	106	1.87	2.828
765	105	1.53	2.606
766	104	1.94	2.771
767	101	1.99	2.661
768	104	1.45	2.171
769	106	2.11	2.249
770	109	1.88	3.158
771	111	1.84	3.123
772	110	2.17	3.220
773	113	2.37	3.647
774	112	1.77	2.930
775	109	2.02	2.665
776	109	1.79	2.597
777	107	2.16	2.534
778	108	1.44	3.108
779	107	2.30	3.182
780	106	2.07	2.512
781	103	2.01	2.890
782	103	2.01	2.047
783	104	2.03	2.489
784	106	1.77	2.749
785	106	1.76	2.696
786	106	1.89	2.596
787	103	2.13	3.020
788	105	2.07	2.811
789	102	1.53	2.046
790	99	2.13	2.184
791	99	1.63	2.424
792	100	1.85	1.858
793	102	1.33	2.049
794	104	1.35	2.968
795	103	1.29	2.185
796	103	1.97	2.837
797	101	1.26	2.793
798	100	1.49	2.010
799	102	1.75	2.311
800	100	1.38	2.414
801	103	1.26	2.819
802	105	1.93	3.119
803	102	1.32	2.028
804	101	2.13	2.829
805	100	1.70	2.817
806	98	1.99	2.541
807	95	1.69	2.186
808	92	1.92	2.440
809	90	1.83	1.731
810	92	1.06	1.832
811	95	1.40	2.335
812	98	1.72	2.000
813	101	1.68	2.611
814	99	1.62	2.363
815	101	1.59	2.312
816	102	1.43	2.817
817	99	1.45	1.838
818	97	2.01	1.751
819	96	1.62	2.181
820	94	2.07	1.586
821	93	1.38	2.431
822	96	1.14	1.854
823	94	1.26	2.003
824	94	1.66	2.164
825	93	1.81	2.108
826	95	1.91	2.200
827	97	2.05	2.084
828	99	1.80	2.047
829	96	1.79	2.014
830	94	1.52	2.192
831	91	1.72	1.456
832	90	1.22	2.031
833	91	1.53	2.282
834	93	1.21	1.618
835	90	1.61	1.795
836	91	1.50	1.507
837	91	1.11	2.043
838	92	1.32	1.848
839	93	1.92	2.307
840	96	1.63	2.000
841	98	2.07	1.835
842	99	1.53	2.029
843	98	1.34	2.524
844	101	2.00	2.522
845	104	1.79	2.660
846	105	1.50	2.684
847	108	1.52	2.838
848	109	2.24	3.326
849	110	2.37	3.031
850	113	1.80	3.399
851	110	1.55	3.040
852	112	1.64	3.339
853	113	1.86	3.703
854	113	1.71	3.669
855	112	1.94	2.895
856	111	2.28	3.145
857	114	1.51	3.772
858	111	1.82	3.455
859	112	2.36	3.535
860	111	1.55	2.887
861	108	2.20	2.939
862	110	1.96	2.629
863	112	1.70	3.348
864	113	1.82	3.012
865	111	1.98	2.790
866	114	1.53	2.932
867	114	1.95	3.064
868	114	2.16	3.440
869	113	1.89	2.827
870	114	1.82	3.647
871	111	1.90	2.614
872	108	1.52	2.872
873	106	1.92	2.855
874	108	1.85	2.669
875	111	2.12	2.729
876	114	1.52	2.943
877	115	2.10	3.480
878	118	2.26	3.425
879	119	1.66	3.933
880	119	2.38	3.885
881	119	2.55	3.888
882	119	2.31	3.900
883	121	2.10	4.331
884	118	2.29	3.315
885	120	1.95	3.457
886	123	2.27	4.595
887	125	2.69	4.131
888	124	2.14	4.661
889	121	2.52	3.581
890	121	2.61	3.610
891	120	2.01	3.785
892	119	1.83	3.851
893	121	1.82	4.225
894	122	2.10	4.247
895	123	2.18	4.654
896	126	2.81	4.973
897	129	2.45	4.712
898	129	2.27	5.323
899	129	2.58	5.250
900	131	2.52	5.659
901	132	3.00	4.964
902	130	2.36	5.229
903	127	2.23	4.461
904	124	2.45	4.614
905	127	2.14	4.431
906	126	2.44	4.170
907	125	1.83	4.397
908	128	2.21	5.022
909	131	2.96	5.629
910	133	2.39	5.454
911	134	2.76	5.337
912	135	2.89	6.025
913	134	2.75	5.371
914	132	2.21	5.381
915	135	2.86	6.180
916	133	2.19	5.063
917	133	2.94	5.544
918	134	3.02	5.773
919	136	3.15	5.694
920	138	2.91	6.515
921	141	2.44	6.581
922	139	2.99	6.266
923	139	2.99	6.210
924	138	2.75	6.862
925	135	2.53	5.569
926	133	2.52	6.005
927	135	2.41	6.248
928	133	2.34	5.091
929	130	2.73	5.355
930	133	2.39	5.127
931	136	2.50	5.876
932	136	3.06	6.080
933	139	3.04	6.078
934	137	2.67	6.283
935	136	3.09	5.838
936	135	2.69	6.086
937	132	2.21	5.121
938	133	2.46	5.339
939	136	2.22	6.001
940	139	3.23	6.081
941	141	3.09	7.276
942	144	3.42	7.816
943	143	3.05	7.398
944	142	2.44	7.587
945	142	3.13	7.105
946	139	3.08	6.669
947	141	2.58	6.892
948	144	3.14	7.235
949	142	3.23	7.273
950	143	3.26	7.765
951	142	2.88	6.913
952	141	2.94	7.147
953	138	2.80	6.093
954	135	2.98	5.811
955	136	2.23	6.268
956	133	2.82	5.692
957	134	2.10	5.442
958	134	2.48	5.805
959	133	2.98	5.282
960	130	2.87	4.756
961	128	2.23	5.236
962	131	2.11	5.501
963	131	2.00	5.442
964	129	1.98	5.352
965	126	1.88	4.474
966	125	2.35	4.357
967	127	1.89	4.274
968	127	2.61	4.870
969	129	2.58	5.137
970	126	2.45	4.234
971	127	2.12	4.450
972	125	2.21	4.783
973	125	1.97	4.024
974	127	2.67	4.271
975	125	2.40	4.492
976	128	1.89	4.971
977	131	2.95	4.935
978	128	2.31	4.797
979	127	2.11	5.146
980	125	2.55	4.409
981	127	1.86	4.651
982	127	2.38	4.593
983	124	2.27	4.733
984	123	2.47	4.671
985	126	2.33	4.133
986	128	2.81	5.021
987	127	2.15	4.689
988	130	2.25	5.400
989	131	2.58	5.499
990	133	2.28	5.196
991	131	2.12	5.196
992	129	2.01	5.192
993	126	2.58	4.668
994	128	2.20	4.903
995	130	2.82	4.903
996	130	2.50	4.937
997	128	2.60	4.747
998	129	2.34	5.439
999	130	2.06	5.425
1000	130	2.08	5.449
1001	133	2.26	5.103
1002	130	2.11	5.118
1003	129	2.58	5.135
1004	131	2.96	5.088
1005	132	2.79	5.753
1006	131	2.22	5.594
1007	134	2.29	5.913
1008	131	2.83	5.190
1009	132	3.02	4.932
1010	129	2.42	5.356
1011	131	2.45	5.312
1012	130	1.96	5.158
1013	132	2.10	5.377
1014	130	2.74	4.667
1015	133	2.64	5.140
1016	132	2.61	4.980
1017	130	2.66	4.898
1018	128	2.49	4.427
1019	130	2.07	5.509
1020	129	2.90	4.686
1021	127	1.97	4.693
1022	128	2.07	4.777
1023	129	2.29	5.344
1024	128	2.63	4.907
1025	127	2.27	4.771
1026	129	2.73	5.366
1027	131	2.57	5.210
1028	131	2.62	5.280
1029	130	2.70	5.568
1030	128	2.65	5.009
1031	130	2.00	5.524
1032	129	2.71	5.364
1033	127	2.86	4.743
1034	129	2.19	5.343
1035	126	1.89	5.020
1036	125	2.64	4.873
1037	127	2.72	4.926
1038	129	2.47	4.828
1039	126	2.61	4.978
1040	126	2.31	4.277
1041	124	2.32	4.171
1042	127	2.56	4.456
1043	127	2.39	5.069
1044	128	2.64	4.413
1045	129	2.25	4.501
1046	131	2.89	5.644
1047	129	2.71	5.380
1048	130	2.10	5.021
1049	128	2.44	4.439
1050	128	2.71	4.813
1051	131	2.05	5.559
1052	131	2.98	5.697
1053	133	2.77	5.570
1054	132	2.80	5.687
1055	132	2.75	5.043
1056	130	1.99	4.938
1057	127	2.40	4.236
1058	125	2.12	4.808
1059	127	2.59	4.248
1060	127	2.24	4.326
1061	126	2.26	4.824
1062	123	2.63	4.218
1063	120	2.29	4.126
1064	122	2.01	4.465
1065	121	2.25	4.086
1066	120	1.71	3.592
1067	117	1.96	3.838
1068	115	2.21	3.871
1069	114	1.99	3.780
1070	117	1.73	3.441
1071	117	1.73	3.970
1072	119	1.67	4.105
1073	118	2.24	3.711
1074	120	2.49	3.586
1075	119	1.95	3.979
1076	117	2.11	3.124
1077	120	2.41	3.555
1078	117	2.19	3.505
1079	118	1.62	4.054
1080	121	1.99	3.914
1081	119	1.99	3.962
1082	119	2.07	3.876
1083	116	2.42	3.818
1084	118	1.67	4.013
1085	119	2.22	3.874
1086	121	2.33	3.889
1087	119	2.61	4.013
1088	119	2.36	4.226
1089	119	1.68	4.231
1090	122	2.41	4.499
1091	119	2.24	3.755
1092	122	2.42	4.528
1093	119	2.60	4.249
1094	121	2.23	4.056
1095	124	2.04	4.652
1096	121	2.43	3.515
1097	124	1.83	4.462
1098	126	2.54	4.720
1099	126	2.17	4.402
1100	126	2.49	4.715
1101	129	2.78	5.293
1102	129	2.31	4.607
1103	131	2.10	4.788
1104	134	2.83	5.972
1105	136	2.37	6.293
1106	133	2.37	5.094
1107	131	2.97	4.966
1108	132	2.42	5.009
1109	134	2.77	5.971
1110	131	2.42	4.730
1111	130	2.17	5.336
1112	129	2.18	5.342
1113	126	1.84	4.622
1114	128	2.12	4.667
1115	126	1.93	4.256
1116	126	2.31	4.055
1117	126	2.50	4.508
1118	124	2.52	4.295
1119	123	2.68	4.442
1120	125	2.34	4.235
1121	127	2.85	4.952
1122	128	2.18	5.173
1123	125	1.83	4.915
1124	123	2.17	4.015
1125	123	1.76	3.988
1126	123	2.05	4.295
1127	125	2.19	4.199
1128	124	2.15	4.540
1129	126	2.37	4.240
1130	124	2.27	4.191
1131	124	2.15	4.653
1132	126	2.35	4.977
1133	123	1.96	4.383
1134	123	2.29	4.155
1135	122	1.86	4.040
1136	122	2.56	3.673
1137	119	2.04	3.949
1138	118	1.78	3.294
1139	117	1.83	3.631
1140	114	2.06	3.752
1141	114	2.39	3.300
1142	112	2.35	3.441
1143	112	1.58	2.843
1144	113	1.69	2.968
1145	115	1.68	2.970
1146	116	1.95	3.819
1147	119	2.34	3.660
1148	119	1.82	3.807
1149	122	2.45	3.582
1150	123	2.04	3.920
1151	120	2.15	3.986
1152	123	1.82	4.493
1153	121	1.71	4.367
1154	119	2.59	3.724
1155	122	2.25	4.006
1156	123	2.57	4.500
1157	122	2.67	3.722
1158	119	2.03	3.812
1159	117	1.63	3.972
1160	118	1.83	3.656
1161	118	2.25	3.408
1162	119	2.47	4.076
1163	117	1.96	3.373
1164	116	1.75	3.372
1165	116	1.65	3.935
1166	113	2.11	3.135
1167	112	2.25	3.601
1168	113	2.27	2.838
1169	115	1.97	3.802
1170	116	1.87	3.223
1171	115	1.71	3.333
1172	113	1.60	3.422
1173	112	1.81	2.723
1174	109	2.18	3.068
1175	106	2.02	2.567
1176	109	1.63	2.956
1177	112	1.83	2.970
1178	112	1.77	2.720
1179	115	1.91	3.417
1180	118	2.02	3.257
1181	118	1.76	4.138
1182	118	2.28	3.259
1183	116	2.32	3.635
1184	116	1.69	3.505
1185	118	1.61	3.365
1186	115	2.47	3.310
1187	117	1.94	3.319
1188	115	2.00	3.837
1189	118	2.31	4.035
1190	121	2.41	4.219
1191	123	2.60	4.205
1192	125	2.34	4.371
1193	124	1.95	4.282
1194	125	2.04	4.352
1195	122	1.79	4.371
1196	121	2.38	3.671
1197	122	1.76	4.413
1198	125	2.11	4.220
1199	124	2.64	4.678
1200	123	2.73	4.626
1201	126	2.45	4.628
1202	126	2.77	4.531
1203	129	1.93	4.727
1204	127	2.42	5.127
1205	126	2.80	5.028
1206	129	2.01	5.064
1207	132	2.82	5.555
1208	134	3.08	5.535
1209	136	2.71	5.925
1210	136	2.46	5.565
1211	135	2.93	5.612
1212	132	2.60	5.438
1213	130	2.19	4.655
1214	130	2.40	5.208
1215	133	2.20	5.756
1216	130	2.08	4.991
1217	127	2.38	4.707
1218	125	2.75	4.835
1219	127	2.75	5.141
1220	125	2.20	4.160
1221	124	2.63	4.046
1222	125	2.70	4.554
1223	122	2.59	4.439
1224	122	1.78	4.376
1225	125	2.33	4.889
1226	123	1.83	4.310
1227	120	2.16	3.909
1228	117	2.47	3.863
1229	115	2.21	3.211
1230	112	1.60	2.996
1231	114	1.61	2.798
1232	111	1.68	3.383
1233	113	1.62	3.588
1234	113	2.11	3.374
1235	114	1.87	2.874
1236	111	1.67	3.382
1237	111	1.66	2.629
1238	109	2.23	3.095
1239	110	1.84	3.430
1240	108	1.87	2.902
1241	105	1.56	2.562
1242	108	1.70	3.278
1243	105	1.96	3.070
1244	102	1.96	2.237
1245	100	1.54	2.205
1246	98	1.90	1.897
1247	101	1.85	2.177
1248	100	1.74	2.436
1249	99	1.16	2.390
1250	97	2.08	2.545
1251	95	2.05	2.452
1252	94	1.75	2.197
1253	97	2.00	1.899
1254	97	1.70	2.250
1255	95	1.86	2.336
1256	96	1.99	1.863
1257	93	1.27	1.685
1258	93	1.29	1.943
1259	91	1.77	2.320
1260	89	1.93	1.490
1261	90	1.76	1.405
1262	88	1.39	1.438
1263	91	1.48	1.440
1264	88	1.61	1.306
1265	91	1.60	2.110
1266	94	1.71	2.127
1267	92	1.34	2.119
1268	91	1.69	1.862
1269	90	1.58	1.521
1270	90	1.03	1.639
1271	93	1.50	2.116
1272	95	1.22	2.240
1273	96	2.03	2.329
1274	96	1.63	2.104
1275	99	1.52	2.458
1276	97	1.24	2.129
1277	94	1.41	2.396
1278	91	1.28	1.881
1279	90	1.52	1.702
1280	92	1.87	2.021
1281	90	1.49	1.856
1282	93	1.06	1.817
1283	94	1.62	1.954
1284	96	1.19	2.040
1285	95	1.16	1.642
1286	93	1.26	2.256
1287	96	2.04	1.780
1288	93	1.14	1.830
1289	94	1.48	2.035
1290	97	1.48	1.996
1291	96	1.58	2.150
1292	93	1.72	1.461
1293	90	1.00	1.341
1294	88	1.81	1.463
1295	85	1.81	1.149
1296	88	1.11	1.525
1297	88	1.34	2.218
1298	85	1.23	1.580
1299	87	1.27	1.343
1300	84	1.29	1.866
1301	86	1.73	1.409
1302	85	1.88	1.985
1303	88	0.99	1.300
1304	91	1.55	1.379
1305	90	1.50	2.303
1306	88	1.79	1.678
1307	90	1.53	1.345
1308	92	1.71	1.534
1309	89	1.84	1.589
1310	89	1.51	1.794
1311	91	1.43	2.196
1312	90	1.53	2.232
1313	93	1.06	2.310
1314	93	1.52	1.776
1315	95	1.22	1.751
1316	98	1.61	2.017
1317	101	1.53	2.845
1318	103	2.04	2.549
1319	100	1.31	2.718
1320	103	1.89	2.255
1321	104	1.55	2.589
1322	103	1.92	2.138
1323	101	1.24	2.048
1324	103	1.43	2.888
1325	102	2.00	2.268
1326	101	1.37	2.318
1327	102	1.53	2.219
1328	101	1.57	2.678
1329	104	2.00	2.480
1330	107	1.56	3.206
1331	104	1.74	2.055
1332	107	2.07	2.589
1333	104	1.44	2.227
1334	106	2.16	2.307
1335	106	1.31	2.863
1336	106	2.27	2.870
1337	103	2.00	2.208
1338	106	1.47	2.200
1339	109	1.90	2.798
1340	106	1.73	2.205
1341	108	1.79	2.933
1342	105	1.77	2.625
1343	105	1.50	2.786
1344	107	2.08	3.079
1345	110	2.21	3.261
1346	107	1.40	3.106
1347	105	1.39	2.896
1348	105	2.04	2.773
1349	108	2.20	2.790
1350	111	1.43	2.571
1351	114	2.26	3.290
1352	115	2.40	3.533
1353	113	2.15	3.061
1354	115	1.73	3.132
1355	117	1.95	3.827
1356	120	2.14	4.215
1357	118	1.84	3.211
1358	116	2.24	2.990
1359	116	2.46	3.579
1360	118	1.60	3.993
1361	121	1.75	4.225
1362	123	1.95	4.619
1363	125	2.45	4.558
1364	128	2.41	4.439
1365	125	2.72	4.517
1366	127	2.06	5.045
1367	126	2.80	4.837
1368	124	2.15	4.001
1369	121	1.72	3.756
1370	123	2.47	4.433
1371	126	2.49	4.112
1372	126	2.53	4.976
1373	128	2.60	4.443
1374	129	1.94	4.794
1375	128	2.60	4.447
1376	131	2.89	5.094
1377	131	2.41	5.224
1378	132	2.75	5.326
1379	131	2.74	4.844
1380	128	2.47	4.887
1381	131	2.83	5.234
1382	132	2.94	5.608
1383	135	3.06	5.410
1384	136	2.66	6.102
1385	137	2.30	5.994
1386	140	2.68	6.339
1387	137	2.69	5.842
1388	135	2.57	6.274
1389	137	2.24	6.559
1390	137	2.23	5.996
1391	135	2.34	5.487
1392	134	2.25	5.189
1393	133	2.91	5.789
1394	133	3.03	5.945
1395	136	2.56	5.856
1396	138	2.44	6.734
1397	135	2.76	5.725
1398	132	2.10	5.277
1399	130	2.68	5.003
1400	133	2.46	5.347
1401	132	3.00	5.086
1402	130	2.63	5.240
1403	130	2.92	5.031
1404	130	2.72	4.782
1405	130	2.76	5.047
1406	130	2.88	5.383
1407	127	2.36	4.894
1408	125	2.21	4.301
1409	123	2.22	4.342
1410	121	1.76	4.039
1411	121	2.01	3.603
1412	123	2.16	4.643
1413	122	2.22	3.605
1414	122	2.06	3.595
1415	120	2.44	3.470
1416	123	2.27	4.586
1417	120	2.08	3.359
1418	120	2.24	3.922
1419	118	2.15	3.967
1420	115	2.47	3.199
1421	116	1.55	2.989
1422	119	2.23	3.561
1423	121	1.91	3.958
1424	119	1.98	4.036
1425	121	1.76	4.225
1426	120	1.90	4.237
1427	122	2.70	4.478
1428	124	2.72	4.209
1429	122	2.69	4.433
1430	119	1.74	3.856
1431	116	1.74	3.450
1432	117	2.24	3.668
1433	118	1.65	3.965
1434	121	2.45	3.524
1435	121	2.47	3.743
1436	120	1.91	3.846
1437	119	2.24	3.720
1438	120	2.02	3.881
1439	117	1.99	3.382
1440	117	2.35	3.630
1441	114	1.60	3.663
1442	112	1.85	3.106
1443	111	1.89	2.795
1444	111	2.33	3.171
1445	108	1.59	3.099
1446	111	2.38	2.785
1447	111	2.16	2.623
1448	112	2.36	3.171
1449	115	1.99	3.086
1450	112	1.79	2.774
1451	112	1.53	2.612
1452	110	1.57	2.628
1453	112	2.14	2.618
1454	111	1.44	2.979
1455	114	1.94	2.968
1456	113	2.44	3.457
1457	112	2.39	3.568
1458	110	2.23	3.222
1459	111	1.59	2.904
1460	112	1.76	2.954
1461	112	1.57	3.296
1462	111	1.85	2.667
1463	112	1.63	2.791
1464	114	1.66	3.434
1465	116	1.76	3.316
1466	119	2.07	3.987
1467	119	1.84	3.427
1468	118	2.19	3.612
1469	116	1.55	3.336
1470	113	2.23	3.008
1471	115	2.08	3.592
1472	116	2.51	3.682
1473	119	2.24	3.827
1474	122	2.58	3.625
1475	119	2.21	3.969
1476	121	2.06	4.057
1477	121	2.32	3.965
1478	119	2.55	3.729
1479	119	1.75	3.457
1480	119	2.28	3.779
1481	122	2.09	4.124
1482	125	2.00	4.746
1483	125	1.80	4.799
1484	123	2.19	3.771
1485	122	1.89	4.181
1486	120	2.62	4.182
1487	122	2.28	4.415
1488	120	2.35	4.318
1489	121	2.16	4.034
1490	122	1.77	3.702
1491	124	1.84	3.804
1492	121	1.91	3.521
1493	118	2.35	3.207
1494	119	1.90	3.950
1495	120	1.72	4.219
1496	120	2.00	4.012
1497	122	1.96	3.653
1498	125	2.11	4.537
1499	128	2.41	4.728
1500	131	2.14	5.568
1501	129	2.18	4.479
1502	126	2.15	4.559
1503	129	2.35	4.760
1504	131	2.32	5.103
1505	134	2.36	5.708
1506	132	2.17	5.351
1507	134	2.74	5.317
1508	135	2.79	6.004
1509	135	2.60	5.923
1510	134	2.44	5.958
1511	134	2.63	5.639
1512	135	2.75	6.177
1513	135	2.56	5.687
1514	134	2.38	5.624
1515	131	2.16	5.021
1516	128	2.88	4.999
1517	125	2.32	4.502
1518	122	2.36	3.799
1519	120	2.18	3.731
1520	121	2.53	3.691
1521	120	1.78	4.276
1522	122	2.39	4.113
1523	125	1.85	4.461
1524	124	2.47	4.634
1525	123	2.46	3.782
1526	120	1.75	4.276
1527	117	2.34	3.904
1528	115	2.30	3.241
1529	115	2.28	3.606
1530	117	2.21	3.925
1531	116	2.22	3.915
1532	116	1.76	3.709
1533	113	1.86	2.729
1534	116	1.86	3.081
1535	118	2.19	3.402
1536	118	1.61	3.273
1537	115	1.67	3.676
1538	118	2.40	3.361
1539	119	2.12	3.593
1540	119	2.14	3.222
1541	119	2.18	3.814
1542	118	1.79	3.453
1543	119	2.03	3.805
1544	119	2.04	3.610
1545	117	2.34	3.815
1546	119	1.93	3.408
1547	116	2.06	3.811
1548	117	2.25	3.387
1549	118	2.40	4.064
1550	116	1.90	3.838
1551	116	2.10	3.790
1552	115	2.35	2.937
1553	118	2.44	3.788
1554	115	2.34	3.302
1555	112	1.86	2.745
1556	110	1.96	3.097
1557	107	2.00	2.523
1558	107	2.04	3.153
1559	104	1.40	2.105
1560	101	1.95	2.742
1561	102	1.46	1.900
1562	99	1.31	2.049
1563	101	1.94	2.766
1564	100	1.60	2.316
1565	102	1.95	2.361
1566	104	1.34	2.755
1567	102	1.61	2.684
1568	101	1.49	1.969
1569	104	1.76	2.754
1570	105	1.72	2.787
1571	102	1.36	1.931
1572	105	2.20	2.674
1573	102	1.50	2.512
1574	100	1.31	2.321
1575	99	1.17	2.643
1576	100	1.71	2.154
1577	102	1.34	1.998
1578	101	1.82	2.302
1579	98	1.76	2.394
1580	95	1.97	2.140
1581	97	1.23	1.837
1582	94	1.85	1.581
1583	91	1.16	1.475
1584	91	1.83	2.078
1585	89	1.11	1.477
1586	88	1.88	1.837
1587	91	1.72	1.534
1588	90	1.80	1.310
1589	93	2.02	2.048
1590	91	1.44	1.594
1591	93	1.65	1.704
1592	95	1.80	1.749
1593	95	1.19	2.155
1594	98	1.51	2.293
1595	96	1.78	1.945
1596	96	1.68	2.069
1597	98	2.07	1.681
1598	101	1.61	2.066
1599	99	2.12	2.407
1600	101	1.51	2.151
1601	99	1.98	2.156
1602	101	1.63	1.961
1603	100	1.70	2.150
1604	100	1.31	1.896
1605	98	1.21	2.475
1606	100	1.94	1.964
1607	99	1.32	2.241
1608	98	1.17	2.165
1609	95	1.12	2.206
1610	98	1.30	2.519
1611	96	1.63	2.212
1612	97	1.88	2.447
1613	99	1.84	1.834
1614	96	1.22	2.306
1615	95	1.87	2.361
1616	97	1.16	1.752
1617	97	2.06	2.161
1618	100	1.34	2.167
1619	102	1.27	2.602
1620	101	1.94	2.317
1621	101	1.64	2.193
1622	100	1.25	2.431
1623	98	1.84	1.835
1624	97	1.40	2.475
1625	99	1.86	2.123
1626	99	1.64	1.884
1627	96	1.18	1.722
1628	93	1.15	1.522
1629	96	1.28	2.129
1630	94	1.79	1.953
1631	91	1.10	1.688
1632	94	1.35	2.158
1633	97	1.65	2.082
1634	97	1.21	1.855
1635	100	1.45	2.323
1636	100	1.39	2.299
1637	98	1.70	2.655
1638	98	1.39	1.784
1639	96	1.14	2.381
1640	97	1.58	1.971
1641	96	1.21	1.576
1642	98	1.25	2.292
1643	101	2.17	1.863
1644	99	1.94	2.287
1645	97	2.01	2.269
1646	95	2.00	1.997
1647	97	1.44	1.626
1648	98	1.38	2.627
1649	97	1.86	1.694
1650	96	1.23	1.874
1651	98	2.07	1.813
1652	100	1.59	2.573
1653	100	1.99	2.137
1654	98	1.32	1.659
1655	100	1.90	2.627
1656	99	1.59	2.184
1657	102	1.86	2.502
1658	104	1.50	2.053
1659	101	1.94	2.374
1660	98	2.04	2.150
1661	101	1.32	2.228
1662	103	2.06	2.867
1663	102	2.16	2.838
1664	103	1.84	2.829
1665	102	1.79	2.410
1666	100	1.40	2.563
1667	98	1.47	2.102
1668	96	1.90	2.038
1669	98	1.53	2.041
1670	100	1.61	2.455
1671	100	1.63	2.056
1672	97	1.36	1.873
1673	95	1.91	1.940
1674	97	1.81	2.128
1675	97	1.82	2.226
1676	100	1.35	2.432
1677	98	1.56	1.708
1678	99	1.79	1.938
1679	99	1.36	1.888
1680	101	1.53	1.999
1681	104	1.46	2.206
1682	107	1.70	3.077
1683	109	1.61	2.982
1684	112	1.59	2.843
1685	112	1.54	3.063
1686	114	1.99	3.380
1687	117	2.43	3.172
1688	120	1.86	3.712
1689	123	2.73	4.269
1690	125	2.18	4.824
1691	123	2.09	4.052
1692	123	2.63	3.850
1693	125	1.96	4.250
1694	123	2.19	4.078
1695	125	2.78	4.246
1696	122	2.07	4.056
1697	121	2.58	3.580
1698	122	1.96	4.187
1699	125	2.77	4.597
1700	128	2.11	5.131
1701	128	2.29	5.000
1702	129	2.51	4.574
1703	131	2.44	5.588
1704	132	2.99	5.480
1705	133	2.46	5.675
1706	136	2.50	5.580
1707	136	2.47	5.486
1708	135	2.16	5.360
1709	138	2.38	6.420
1710	138	2.38	6.559
1711	141	3.30	7.367
1712	141	3.27	6.738
1713	140	2.54	6.249
1714	140	2.75	7.133
1715	140	2.47	6.979
1716	141	2.69	7.173
1717	142	2.82	6.907
1718	145	2.87	8.219
1719	145	3.46	7.772
1720	146	3.45	7.583
1721	143	2.61	7.708
1722	141	3.11	6.391
1723	144	2.64	7.112
1724	143	2.81	7.149
1725	142	2.88	7.125
1726	142	3.31	7.384
1727	145	2.74	7.696
1728	142	2.65	7.554
1729	143	3.27	7.630
1730	140	2.81	6.968
1731	139	2.61	6.784
1732	139	2.47	6.723
1733	138	3.19	6.170
1734	141	2.92	6.728
1735	141	2.89	6.822
1736	140	2.46	7.150
1737	140	2.59	7.118
1738	138	2.74	6.546
1739	137	2.87	6.275
1740	134	3.04	5.113
1741	131	2.55	4.851
1742	128	2.49	4.813
1743	130	2.61	4.698
1744	131	2.17	5.646
1745	130	2.35	4.954
1746	133	2.21	5.821
1747	135	2.45	5.426
1748	137	3.19	6.031
1749	134	2.24	5.123
1750	134	3.01	5.521
1751	131	2.40	5.289
1752	130	2.35	5.102
1753	128	2.65	4.464
1754	131	2.61	5.108
1755	131	2.97	4.762
1756	131	2.29	4.930
1757	133	2.63	5.394
1758	132	2.17	5.391
1759	133	2.43	5.179
1760	132	2.72	4.834
1761	135	3.04	5.967
1762	133	2.71	5.493
1763	135	3.00	5.305
1764	138	2.73	5.989
1765	135	2.57	5.578
1766	137	2.77	6.188
1767	137	2.30	5.820
1768	137	2.21	6.271
1769	137	2.90	6.084
1770	137	2.26	5.907
1771	138	2.38	5.815
1772	140	3.20	7.004
1773	139	3.05	6.924
1774	139	2.69	6.151
1775	140	2.47	6.657
1776	143	2.86	6.955
1777	140	3.29	6.699
1778	137	3.12	6.464
1779	134	2.82	5.912
1780	132	2.43	5.380
1781	131	2.96	5.305
1782	128	2.62	4.702
1783	126	2.10	4.786
1784	129	2.35	4.868
1785	131	2.84	5.545
1786	129	2.20	4.575
1787	131	2.01	5.407
1788	130	2.95	5.302
1789	129	2.69	4.477
1790	132	2.74	5.242
1791	131	2.89	5.551
1792	134	2.43	5.387
1793	134	2.48	5.770
1794	133	2.87	5.813
1795	131	2.52	4.897
1796	129	2.56	4.399
1797	132	2.76	5.786
1798	131	2.25	5.331
1799	130	2.82	4.848
1800	132	2.87	5.303
1801	132	2.49	4.906
1802	129	2.62	4.721
1803	129	2.11	4.369
1804	132	2.37	5.124
1805	133	2.69	5.781
1806	136	2.46	5.713
1807	136	2.16	5.481
1808	133	2.77	5.290
1809	135	2.25	5.716
1810	138	2.76	6.088
1811	141	3.27	6.413
1812	141	2.40	7.057
1813	141	3.12	7.199
1814	142	3.27	6.892
1815	142	3.28	6.642
1816	145	3.49	7.934
1817	146	3.32	8.245
1818	147	2.85	8.377
1819	150	3.60	8.660
1820	153	3.16	9.551
1821	155	3.86	10.150
1822	156	3.43	10.521
1823	154	3.74	10.471
1824	151	3.20	9.023
1825	153	3.02	9.646
1826	152	3.28	9.171
1827	154	3.51	10.511
1828	154	2.92	9.976
1829	155	3.94	9.958
1830	156	3.03	10.410
1831	157	3.20	10.983
1832	158	3.56	11.492
1833	158	3.64	11.682
1834	161	3.55	12.044
1835	160	3.38	12.553
1836	158	4.05	11.025
1837	155	3.49	10.303
1838	152	3.18	9.748
1839	153	3.36	9.364
1840	153	3.51	9.592
1841	155	3.54	10.257
1842	154	3.79	10.005
1843	154	2.93	10.030
1844	153	3.12	10.042
1845	151	3.23	8.781
1846	153	3.28	9.550
1847	155	3.13	10.874
1848	152	3.20	9.048
1849	150	3.31	9.336
1850	147	2.62	7.913
1851	145	2.81	7.948
1852	148	3.53	8.670
1853	150	3.52	9.359
1854	151	2.89	8.915
1855	148	3.43	8.749
1856	146	3.40	7.594
1857	143	2.68	7.330
1858	140	3.02	6.534
1859	138	3.11	6.672
1860	138	3.13	6.289
1861	137	3.17	6.494
1862	138	3.00	6.284
1863	137	2.48	6.019
1864	134	2.53	5.902
1865	132	2.12	4.849
1866	135	2.22	6.202
1867	137	3.19	6.409
1868	138	3.16	6.759
1869	141	3.34	6.734
1870	141	2.83	6.674
1871	141	2.93	6.765
1872	138	2.61	6.536
1873	141	2.86	6.999
1874	138	3.03	6.643
1875	139	3.12	6.230
1876	139	3.07	6.523
1877	138	2.55	6.355
1878	135	2.44	6.019
1879	133	2.71	4.981
1880	136	2.74	5.561
1881	134	2.50	6.070
1882	132	2.43	5.728
1883	132	2.71	5.383
1884	134	3.07	5.157
1885	133	2.59	5.006
1886	133	2.24	5.023
1887	131	2.42	5.226
1888	130	2.30	5.347
1889	131	2.14	5.238
1890	134	2.15	5.416
1891	136	2.90	5.862
1892	134	2.85	5.841
1893	136	2.60	5.624
1894	139	2.64	6.398
1895	140	2.92	6.866
1896	138	2.31	6.144
1897	140	2.89	6.775
1898	140	2.77	6.548
1899	142	3.34	7.024
1900	142	2.99	7.184
1901	142	2.82	6.729
1902	142	2.75	7.450
1903	143	3.29	6.950
1904	145	2.62	7.778
1905	148	2.68	8.133
1906	146	3.20	7.965
1907	147	2.74	8.406
1908	150	3.72	8.486
1909	150	3.64	9.052
1910	147	3.43	8.462
1911	144	3.45	7.929
1912	143	2.47	7.541
1913	142	2.72	7.100
1914	145	2.69	8.076
1915	143	3.27	7.410
1916	142	2.85	6.806
1917	145	3.25	7.661
1918	144	2.56	7.229
1919	146	3.40	8.310
1920	148	3.07	8.035
1921	151	3.54	9.330
1922	150	3.63	8.802
1923	152	2.84	9.136
1924	151	3.04	9.702
1925	154	3.17	9.884
1926	152	3.56	9.155
1927	155	3.71	10.822
1928	156	3.76	10.266
1929	156	3.19	10.341
1930	154	2.98	10.306
1931	155	3.85	9.926
1932	155	2.98	10.649
1933	156	3.83	10.986
1934	157	3.20	11.110
1935	160	3.97	12.319
1936	159	3.97	11.664
1937	160	4.19	11.971
1938	157	3.24	11.145
1939	155	3.76	10.672
1940	158	3.47	11.844
1941	156	3.86	10.485
1942	153	3.43	9.912
1943	152	3.49	9.278
1944	154	3.39	10.144
1945	152	3.04	9.843
1946	149	3.67	8.848
1947	151	3.69	9.106
1948	151	3.63	9.472
1949	151	3.22	9.479
1950	152	2.90	9.441
1951	155	3.94	10.533
1952	152	3.05	9.401
1953	149	3.31	8.873
1954	146	3.53	8.335
1955	144	3.08	7.632
1956	146	2.59	7.814
1957	148	3.33	8.295
1958	150	3.12	8.806
1959	153	3.02	9.613
1960	151	3.13	9.353
1961	153	3.69	10.114
1962	154	3.27	10.370
1963	155	3.68	10.885
1964	157	3.21	10.890
1965	155	3.16	10.790
1966	155	3.16	10.686
1967	158	3.45	11.388
1968	155	3.92	10.135
1969	154	3.61	9.872
1970	157	3.76	10.756
1971	155	2.99	10.291
1972	153	3.18	9.690
1973	150	3.07	9.281
1974	153	3.14	9.732
1975	150	3.03	9.103
1976	153	3.21	10.227
1977	152	3.69	9.450
1978	154	3.15	9.897
1979	154	3.50	9.929
1980	154	3.51	10.254
1981	153	3.73	10.003
1982	150	2.82	8.834
1983	153	3.48	9.942
1984	156	3.60	10.330
1985	157	3.21	10.768
1986	159	3.74	12.007
1987	161	4.23	12.824
1988	161	4.25	12.270
1989	164	3.54	14.117
1990	166	4.34	14.894
1991	165	4.23	14.288
1992	163	3.43	13.735
1993	164	4.18	13.538
1994	167	3.71	14.724
1995	166	4.11	14.743
1996	166	4.21	14.472
1997	168	4.31	15.530
1998	171	4.38	16.916
1999	174	4.22	18.335
2000	176	4.77	19.973
2001	176	4.78	19.683
2002	175	4.54	18.965
2003	178	5.09	21.587
2004	177	4.95	20.770
2005	180	4.73	22.236
2006	178	5.19	21.339
2007	175	5.06	18.783
2008	172	3.97	17.856
2009	169	4.29	16.382
2010	172	3.99	17.827
2011	175	4.23	19.557
2012	172	4.17	17.872
2013	173	4.32	17.750
2014	176	4.63	19.797
2015	178	4.78	21.449
2016	175	4.82	19.464
2017	174	4.30	18.563
2018	171	4.68	17.164
2019	168	4.00	15.785
2020	171	4.76	16.802
2021	174	4.76	18.318
2022	176	4.44	20.256
2023	178	4.89	21.556
2024	177	4.64	20.744
2025	180	4.53	22.208
2026	178	4.74	20.792
2027	178	4.55	20.848
2028	179	4.69	21.970
2029	178	4.89	20.866
2030	177	4.93	20.902
2031	177	4.62	20.009
2032	174	4.55	18.544
2033	171	3.99	16.818
2034	168	3.92	15.941
2035	171	4.66	17.431
2036	172	3.96	17.541
2037	175	4.98	19.660
2038	176	4.76	19.469
2039	173	4.65	18.039
2040	172	4.91	17.540
2041	173	4.77	18.133
2042	170	4.34	16.793
2043	173	4.06	18.072
2044	176	4.75	19.433
2045	175	4.58	19.586
2046	172	4.92	17.176
2047	173	4.96	17.953
2048	172	4.68	17.169
2049	171	4.18	17.320
2050	174	4.66	18.849
2051	177	4.41	20.851
2052	174	5.00	19.030
2053	174	4.47	18.721
2054	176	4.89	19.399
2055	175	4.69	19.380
2056	174	4.87	18.873
2057	174	4.42	19.020
2058	171	4.11	16.882
2059	170	3.93	16.905
2060	170	4.56	15.970
2061	167	3.94	15.225
2062	168	4.21	15.875
2063	169	4.20	16.444
2064	166	4.43	15.032
2065	166	4.55	14.120
2066	164	4.02	13.831
2067	164	4.16	13.248
2068	162	3.83	12.970
2069	163	3.80	13.744
2070	163	3.85	12.781
2071	164	3.56	13.898
2072	166	3.91	14.179
2073	165	4.19	14.071
2074	166	4.21	14.806
2075	167	4.19	14.786
2076	169	4.51	15.720
2077	167	4.30	15.414
2078	164	4.40	13.176
2079	164	3.69	13.851
2080	163	3.45	13.502
2081	162	3.51	12.977
2082	164	3.83	14.148
2083	161	3.29	12.241
2084	163	3.94	13.278
2085	160	3.74	11.882
2086	157	3.82	10.741
2087	155	3.16	10.755
2088	152	3.54	9.290
2089	150	3.45	9.334
2090	149	3.52	8.597
2091	147	2.84	8.586
2092	148	2.89	8.499
2093	149	3.25	8.949
2094	152	3.33	9.424
2095	154	3.63	10.157
2096	154	3.84	10.088
2097	156	3.30	11.188
2098	153	3.64	9.813
2099	150	3.25	8.491
2100	149	3.66	8.554
2101	146	2.87	7.747
2102	144	3.42	7.942
2103	144	2.72	7.358
2104	141	3.01	6.919
2105	142	2.83	6.722
2106	140	2.40	6.358
2107	138	2.73	5.865
2108	139	3.03	6.767
2109	136	2.85	6.118
2110	137	2.51	6.572
2111	137	2.67	6.194
2112	137	3.01	5.965
2113	140	3.11	7.122
2114	139	2.30	6.485
2115	141	2.97	6.950
2116	139	2.44	6.533
2117	138	2.89	6.332
2118	140	2.37	7.083
2119	137	2.31	6.394
2120	134	2.42	5.187
2121	133	2.38	5.190
2122	135	3.07	5.822
2123	134	2.64	5.077
2124	137	2.91	6.565
2125	137	2.21	5.983
2126	138	3.22	6.693
2127	137	2.66	6.338
2128	134	2.72	5.989
2129	136	2.54	6.187
2130	134	2.66	5.435
2131	135	2.62	5.569
2132	135	2.53	6.064
2133	135	2.60	5.565
2134	137	2.39	5.898
2135	134	2.82	5.373
2136	134	2.53	5.980
2137	135	2.63	5.609
2138	134	2.72	5.407
2139	132	2.31	4.798
2140	132	2.82	5.243
2141	131	2.63	4.916
2142	131	2.27	4.964
2143	128	1.95	4.877
2144	130	2.42	4.667
2145	129	2.21	4.348
2146	127	2.75	4.343
2147	128	2.61	5.124
2148	127	2.71	4.076
2149	124	1.77	4.597
2150	122	2.61	4.171
2151	119	2.11	3.237
2152	122	1.86	3.852
2153	121	1.94	3.379
2154	118	2.42	3.700
2155	119	2.28	4.011
2156	122	2.11	4.260
2157	123	2.21	3.711
2158	120	2.41	3.818
2159	121	2.53	3.677
2160	119	2.60	3.790
2161	117	1.98	3.259
2162	114	2.40	3.404
2163	111	1.53	3.007
2164	114	1.53	3.424
2165	115	2.47	3.768
2166	114	1.73	2.729
2167	112	1.74	3.261
2168	114	1.70	2.773
2169	116	2.16	3.331
2170	118	2.37	3.449
2171	116	2.53	3.608
2172	117	2.27	3.039
2173	116	2.49	3.501
2174	119	1.77	3.498
2175	122	2.36	3.641
2176	122	1.91	3.534
2177	122	2.11	3.467
2178	121	2.05	3.441
2179	121	2.08	3.456
2180	120	2.37	3.895
2181	120	2.02	3.387
2182	120	2.47	3.506
2183	117	2.52	3.136
2184	118	2.37	3.577
2185	119	1.96	3.267
2186	118	1.82	3.746
2187	118	2.16	3.455
2188	116	1.91	2.869
2189	113	1.94	3.497
2190	111	2.29	2.706
2191	113	1.53	3.252
2192	111	2.30	2.579
2193	114	1.76	2.850
2194	111	1.67	3.343
2195	114	1.97	3.000
2196	116	1.79	3.579
2197	119	2.35	3.442
2198	120	2.31	3.389
2199	119	1.82	3.349
2200	119	1.93	3.409
2201	122	2.66	3.945
2202	121	2.64	4.203
2203	122	2.26	4.361
2204	123	2.56	4.532
2205	120	2.44	3.408
2206	123	1.84	4.000
2207	123	2.49	4.107
2208	126	2.34	4.344
2209	124	1.78	4.611
2210	121	2.37	4.218
2211	120	2.24	3.796
2212	120	2.45	3.582
2213	122	2.16	3.586
2214	120	1.65	4.014
2215	119	2.32	3.477
2216	118	1.89	3.599
2217	117	2.21	3.057
2218	117	1.57	3.833
2219	119	1.88	3.854
2220	122	2.46	3.742
2221	123	1.89	3.942
2222	124	2.37	4.572
2223	125	1.85	4.774
2224	127	2.21	5.040
2225	124	1.79	3.837
2226	121	1.72	3.710
2227	118	2.13	3.360
2228	116	1.90	3.725
2229	118	2.40	3.865
2230	115	2.21	3.546
2231	113	1.96	3.403
2232	114	2.23	3.293
2233	115	1.92	3.530
2234	112	1.75	3.241
2235	112	1.52	2.516
2236	112	1.79	2.650
2237	112	2.43	3.079
2238	110	2.25	2.485
2239	112	2.13	3.003
2240	111	1.78	2.642
2241	113	2.00	3.108
2242	115	2.05	3.575
2243	113	2.11	3.166
2244	110	1.96	2.945
2245	109	2.06	3.135
2246	107	1.58	2.694
2247	104	2.17	1.985
2248	104	1.83	2.353
2249	102	1.88	2.716
2250	103	1.86	2.151
2251	104	1.48	2.321
2252	102	1.25	2.117
2253	102	1.37	1.845
2254	105	1.80	2.184
2255	107	1.97	2.274
2256	110	2.05	2.571
2257	108	1.91	3.077
2258	111	1.70	3.030
2259	113	1.58	3.196
2260	112	1.62	3.469
2261	115	1.70	2.938
2262	113	2.31	3.438
2263	111	1.84	2.951
2264	110	1.61	3.250
2265	110	1.78	2.734
2266	113	2.33	3.226
2267	111	2.06	2.886
2268	109	1.43	3.213
2269	110	1.95	3.131
2270	112	1.61	2.809
2271	109	2.14	3.220
2272	109	1.91	3.163
2273	106	2.03	2.853
2274	105	1.92	2.347
2275	102	1.69	1.874
2276	100	1.36	2.039
2277	99	1.80	1.993
2278	102	1.92	2.520
2279	100	1.75	1.753
2280	100	1.79	2.419
2281	102	1.77	2.256
2282	102	1.71	2.750
2283	102	2.06	2.735
2284	103	1.85	2.185
2285	105	2.23	2.147
2286	104	1.38	2.684
2287	102	1.26	2.599
2288	101	1.93	2.627
2289	98	1.35	1.846
2290	96	1.94	1.668
2291	98	1.42	1.937
2292	96	1.11	1.610
2293	98	1.90	2.441
2294	95	1.27	1.734
2295	96	1.85	2.292
2296	96	1.64	2.358
2297	93	1.71	2.105
2298	91	1.56	1.382
2299	88	1.83	1.594
2300	87	1.25	1.979
2301	87	1.54	1.162
2302	87	1.89	1.694
2303	89	1.52	1.197
2304	91	1.73	1.833
2305	88	1.81	1.759
2306	86	1.43	1.528
2307	88	1.55	1.325
2308	87	1.01	1.956
2309	87	1.48	1.469
2310	88	1.90	1.940
2311	88	1.46	1.834
2312	88	1.65	2.026
2313	86	1.69	1.111
2314	86	1.60	1.133
2315	87	1.63	1.711
2316	90	1.80	1.663
2317	89	1.09	2.163
2318	90	1.59	1.223
2319	90	1.25	2.089
2320	89	1.62	1.752
2321	86	0.98	1.194
2322	88	1.79	1.946
2323	85	1.41	1.793
2324	84	1.82	1.120
2325	81	1.17	1.823
2326	78	1.77	1.479
2327	78	1.74	1.502
2328	81	1.25	0.937
2329	80	1.07	1.245
2330	79	1.40	1.253
2331	80	1.57	1.539
2332	80	1.46	1.609
2333	79	1.83	1.797
2334	77	1.35	1.033
2335	76	1.43	1.725
2336	73	1.50	0.690
2337	73	0.99	0.911
2338	75	1.58	0.784
2339	77	1.17	0.847
2340	78	0.95	1.326
2341	81	1.42	1.137
2342	78	1.48	1.092
2343	78	1.59	1.006
2344	80	1.17	1.805
2345	81	0.89	1.196
2346	82	0.96	1.768
2347	82	1.56	1.492
2348	85	1.51	1.200
2349	84	1.23	1.469
2350	86	1.45	1.679
2351	84	1.44	1.007
2352	84	1.88	1.959
2353	83	1.49	1.215
2354	81	1.30	1.491
2355	83	1.72	1.416
2356	85	1.65	1.168
2357	84	1.19	1.901
2358	82	1.51	1.103
2359	84	1.00	1.205
2360	85	1.82	1.665
2361	85	1.08	1.301
2362	82	1.79	1.571
2363	81	0.90	1.076
2364	80	0.97	0.990
2365	79	1.09	1.764
2366	78	1.55	1.157
2367	76	1.74	1.354
2368	77	1.21	1.181
2369	79	1.27	0.956
2370	76	1.26	0.773
2371	73	0.85	1.295
2372	75	1.23	0.858
2373	77	0.87	1.036
2374	80	1.75	0.916
2375	81	0.90	0.999
2376	81	1.57	1.540
2377	79	1.58	1.483
2378	80	1.62	1.746
2379	83	1.85	1.250
2380	80	1.41	1.843
2381	82	1.39	1.893
2382	84	1.04	1.428
2383	87	1.07	1.611
2384	87	1.26	1.400
2385	84	1.77	1.355
2386	83	1.87	1.854
