1	126	1	95.0966928947
2	131	7	95.1591365065
3	135	11	95.2254921573
4	135	14	95.196148372
5	131	21	95.2599165198
6	128	21	95.3028158904
7	130	24	95.2968615138
8	125	31	95.3593928888
9	129	32	95.4530551968
10	133	34	95.5302898767
11	128	34	95.4597965415
12	133	39	95.5508135655
13	128	46	95.4652439403
14	127	51	95.4301757329
15	130	55	95.5046664045
16	133	55	95.5116105237
17	134	55	95.4711350467
18	135	56	95.4113968224
19	131	58	95.3167509415
20	134	64	95.3453172443
21	130	66	95.4064190835
22	130	69	95.3070404025
23	129	71	95.3140662296
24	128	72	95.2269208763
25	130	72	95.2381427549
26	132	79	95.1602291916
27	137	79	95.1793184553
28	141	85	95.2737333889
29	143	92	95.27782444
30	142	96	95.2955848986
31	142	101	95.3557629043
32	140	104	95.2568364298
33	145	111	95.1908014307
34	143	116	95.0931047888
35	146	122	95.1841275162
36	150	129	95.2705253143
37	147	134	95.2776374616
38	149	137	95.343892072
39	151	142	95.3112285475
40	153	143	95.247791017
41	155	147	95.2442087682
42	160	147	95.3242268639
43	160	153	95.3192857562
44	160	157	95.2776698989
45	165	161	95.2756304685
46	160	162	95.3238111086
47	159	162	95.2911398568
48	155	162	95.381535265
49	159	166	95.3701199749
50	160	171	95.4682880797
51	163	178	95.523103047
52	161	185	95.5183348626
53	166	190	95.4219833509
54	169	196	95.4431660244
55	167	197	95.4830454493
56	165	197	95.5491477255
57	162	204	95.5923252618
58	159	208	95.6698049216
59	164	212	95.6878858892
60	163	213	95.7480946839
61	162	215	95.7397882272
62	162	221	95.6699581445
63	160	225	95.739598363
64	161	230	95.7721312767
65	158	230	95.8656656438
66	158	233	95.836093814
67	153	238	95.7876594642
68	157	245	95.7661775457
69	161	245	95.8219154493
70	157	245	95.9020885716
71	156	246	95.9862913454
72	155	251	95.934500432
73	157	253	95.9625285299
74	152	255	95.9084805212
75	154	257	95.8612248969
76	155	262	95.9507642634
77	157	266	95.9532823708
78	160	270	95.9313173702
79	164	271	95.8782298826
80	159	271	95.8589994085
81	154	277	95.8360030906
82	149	279	95.8877980272
83	153	283	95.9619912878
84	155	289	95.9478445627
85	154	292	95.9341188114
86	158	296	95.9540363042
87	158	300	95.9910244808
88	159	301	96.0743899813
89	155	303	95.974543665
90	157	307	95.8801246301
91	153	314	95.9769005798
92	148	321	95.8837270845
93	152	322	95.9047750986
94	153	322	96.0003251679
95	157	329	95.9239547103
96	154	332	95.8569660913
97	152	339	95.8993278164
98	153	340	95.8126720288
99	156	344	95.8888844726
100	151	349	95.9216941694
101	147	355	95.9543663757
102	145	355	95.9081948514
103	141	358	95.9995140871
104	137	364	95.9287288718
105	133	365	95.9147460305
106	135	370	95.9895940119
107	134	374	96.028575668
108	132	375	96.0802455604
109	137	375	96.1267633913
110	142	379	96.0574455897
111	138	382	96.05636418
112	138	383	96.0181649811
113	138	389	96.0717174919
114	139	393	96.0959261027
115	143	393	96.0908195546
116	138	400	96.0486676391
117	137	401	96.1360340472
118	137	404	96.1528248264
119	133	404	96.0919068854
120	133	411	96.0186377776
121	133	418	96.0712950474
122	128	425	96.1492492804
123	123	427	96.1324043187
124	123	434	96.1583858552
125	125	434	96.165338269
126	125	441	96.222887558
127	125	444	96.195087802
128	122	451	96.2100505463
129	123	455	96.1737159534
130	118	455	96.2011290438
131	118	462	96.2512401659
132	122	466	96.3501508938
133	118	466	96.4022820252
134	114	467	96.439597886
135	113	471	96.4166009337
136	117	474	96.5124631239
137	118	479	96.5947175564
138	118	484	96.6842792805
139	120	484	96.6682389115
140	125	490	96.605023035
141	126	496	96.6801888552
142	131	502	96.6501261799
143	131	509	96.5619089494
144	130	509	96.5484381731
145	132	516	96.5629024915
146	134	521	96.6128811599
147	134	521	96.5897670331
148	130	527	96.6166434434
149	130	534	96.5184842516
150	125	538	96.4252336131
151	127	541	96.5219948793
152	131	544	96.5927781269
153	136	547	96.5261046377
154	132	548	96.4830312017
155	135	555	96.3928398495
156	138	557	96.4772720657
157	134	564	96.3878683434
158	133	569	96.4832120862
159	136	569	96.4377318197
160	138	572	96.3478985132
161	136	574	96.3774976841
162	138	576	96.3805754781
163	138	577	96.3475387411
164	143	583	96.3272981948
165	148	588	96.4213612152
166	146	595	96.3458002887
167	146	598	96.4332359994
168	143	602	96.4707195444
169	141	607	96.3889673802
170	139	608	96.2959677752
171	136	610	96.2531041004
172	139	615	96.2648051268
173	137	621	96.2584525857
174	132	627	96.293163125
175	129	627	96.2744510214
176	125	627	96.272924496
177	121	634	96.2923908778
178	119	636	96.3617529181
179	114	643	96.3874003473
180	119	643	96.381697396
181	122	647	96.4383179533
182	119	654	96.407934223
183	123	654	96.3634696259
184	121	655	96.3182387931
185	118	655	96.4015383977
186	122	661	96.3042286912
187	124	668	96.2421067388
188	126	674	96.2964306782
189	130	677	96.3725128322
190	135	681	96.3568354753
191	131	686	96.4101762795
192	129	689	96.3150240085
193	133	694	96.379702944
194	136	695	96.4410826488
195	131	697	96.4155398777
196	128	702	96.4789619997
197	129	704	96.4139962351
198	125	705	96.320270269
199	127	705	96.3656915741
200	125	708	96.2716922413
201	124	708	96.2405658193
202	125	714	96.2385801494
203	126	715	96.2410932187
204	126	720	96.2875129853
205	126	727	96.209075729
206	121	734	96.1718967168
207	122	739	96.2056064097
208	125	746	96.1988372169
209	128	751	96.1079845386
210	123	752	96.0640674592
211	126	758	95.9963152823
212	122	760	95.9766208979
213	120	762	95.9293116057
214	123	764	95.8641398556
215	128	770	95.9337288716
216	128	774	95.8393547691
217	126	778	95.8957722652
218	125	782	95.8774490968
219	120	788	95.9426264511
220	118	795	95.874149555
221	115	799	95.9498640911
222	120	806	96.0094848766
223	123	807	96.09733402
224	128	807	96.0655459024
225	129	814	96.1167821637
226	125	817	96.016991391
227	127	821	95.9765744832
228	126	826	96.0360651979
229	123	829	96.0513218498
230	125	830	95.9597745142
231	130	830	96.0214065284
232	128	831	96.0390160715
233	127	834	95.95750333
234	126	835	95.92344137
235	122	836	95.8368296668
236	117	836	95.812256914
237	122	839	95.8304827433
238	121	841	95.7592124818
239	125	846	95.7125654808
240	129	849	95.6772817472
241	132	856	95.6836577066
242	137	859	95.6748397212
243	137	863	95.6920908334
244	135	863	95.6279613741
245	136	863	95.6920717346
246	133	866	95.6469953948
247	128	872	95.6740040999
248	125	873	95.7327603362
249	120	878	95.6896532464
250	120	881	95.594553687
251	115	884	95.653215006
252	112	889	95.6451030506
253	109	891	95.6537896763
254	111	892	95.6913171782
255	115	897	95.7852537596
256	117	901	95.8630151247
257	113	906	95.7731944344
258	112	908	95.8464490109
259	109	908	95.7789249277
260	106	911	95.7071523508
261	101	918	95.708954
262	97	922	95.6228582935
263	99	928	95.5703840058
264	103	935	95.6025137576
265	101	940	95.5916549973
266	100	941	95.6770669692
267	101	947	95.6747068601
268	103	950	95.6609497499
269	108	951	95.6289289223
270	107	958	95.7199777334
271	108	958	95.7420920352
272	103	960	95.8266865783
273	104	962	95.8945291393
274	99	963	95.795400343
275	99	966	95.7884289792
276	97	969	95.7963926007
277	94	970	95.8122113693
278	96	976	95.878568385
279	95	981	95.9474628635
280	96	987	95.8875000606
281	93	993	95.8454576108
282	92	995	95.9213273618
283	90	1002	95.8979873418
284	90	1005	95.8734043975
285	94	1009	95.8713221864
286	91	1013	95.8536358317
287	87	1018	95.7819622293
288	84	1025	95.8598626382
289	85	1031	95.7793394249
290	89	1037	95.7421674307
291	88	1040	95.7198476235
292	85	1043	95.7526200432
293	85	1050	95.7928937204
294	90	1051	95.8778088507
295	90	1058	95.8674323808
296	85	1060	95.9455975801
297	84	1061	95.8509930662
298	82	1064	95.9338639885
299	77	1065	95.8954486026
300	77	1071	95.869988089
301	82	1078	95.873565642
302	78	1085	95.8539092577
303	82	1087	95.8365805695
304	86	1087	95.7478390819
305	85	1090	95.6815941204
306	80	1097	95.6679141164
307	78	1097	95.761230237
308	73	1099	95.7823260305
309	74	1106	95.8199228731
310	76	1109	95.8078975717
311	79	1110	95.8897305416
312	80	1113	95.9479933428
313	83	1120	95.9040591726
314	85	1123	95.8981802332
315	87	1123	95.9284717716
316	87	1124	95.8759572708
317	83	1126	95.8528236775
318	87	1133	95.9499387591
319	84	1135	95.937472069
320	80	1136	95.9595693248
321	83	1141	95.9941409608
322	83	1147	95.9461188122
323	84	1149	96.0402787483
324	81	1150	96.1123281211
325	79	1157	96.1313167216
326	74	1160	96.1891768259
327	73	1165	96.1792599789
328	68	1172	96.1985891471
329	68	1172	96.1383068941
330	72	1179	96.1485222108
331	73	1186	96.1965513777
332	76	1193	96.2172268352
333	71	1196	96.2681501458
334	76	1197	96.3462761493
335	80	1201	96.429546892
336	80	1202	96.432536109
337	75	1204	96.4669361474
338	78	1211	96.4945580982
339	74	1217	96.4987303447
340	79	1217	96.4479345807
341	77	1222	96.5135487895
342	73	1223	96.5364208172
343	68	1229	96.4398630278
344	71	1233	96.4570352128
345	74	1240	96.407382281
346	78	1242	96.4199894579
347	76	1246	96.4990179286
348	73	1248	96.4506009392
349	70	1255	96.4515571538
350	65	1258	96.4497979688
351	62	1260	96.4525875409
352	59	1265	96.3957968529
353	55	1270	96.3555692285
354	56	1276	96.3148123755
355	53	1277	96.2851850458
356	51	1282	96.2750432194
357	54	1289	96.3451353978
358	53	1291	96.2562784449
359	58	1298	96.2496508085
360	59	1298	96.2903536507
361	58	1303	96.2728505385
362	63	1306	96.3210899816
363	59	1311	96.3007929025
364	56	1314	96.3922798059
365	60	1314	96.4494066915
366	62	1316	96.456844237
367	66	1317	96.4073844742
368	69	1319	96.3535841955
369	71	1322	96.3805117029
370	74	1327	96.4586624747
371	76	1330	96.4746916888
372	79	1335	96.5738533182
373	84	1337	96.6732420382
374	87	1341	96.7068798275
375	91	1343	96.7324802067
376	86	1344	96.7700282111
377	81	1345	96.7559242906
378	86	1345	96.841931927
379	86	1348	96.9257137175
380	88	1354	96.9218773933
381	87	1359	96.9253741575
382	84	1361	97.01662207
383	89	1368	96.9321563199
384	89	1370	97.0229694997
385	93	1372	97.1059792349
386	93	1377	97.1226692966
387	88	1381	97.1619223235
388	89	1387	97.1455693056
389	93	1389	97.0981663266
390	90	1394	97.0809208765
391	95	1399	97.0411460844
392	96	1406	96.9732216328
393	100	1412	97.0635466451
394	99	1413	97.1274484975
395	94	1420	97.0589369431
396	96	1421	97.0497926017
397	91	1424	97.0777098105
398	88	1430	97.083029208
399	91	1435	97.0367697678
400	87	1437	97.0914322249
401	87	1444	97.0476577055
402	87	1449	96.997132282
403	82	1453	97.0014155958
404	84	1453	97.0669185184
405	87	1460	96.9934565986
406	82	1463	97.0434827192
407	84	1470	96.9835414861
408	87	1477	96.9067446229
409	86	1481	96.8109809559
410	82	1485	96.8880460027
411	80	1486	96.9536905851
412	79	1487	96.9361959614
413	81	1490	97.0353229616
414	85	1496	96.9773969254
415	85	1497	97.0511712803
416	85	1500	97.1268943472
417	80	1501	97.0333841184
418	83	1506	97.1030719629
419	82	1508	97.1162993968
420	82	1515	97.1921958811
421	78	1517	97.1092888004
422	83	1519	97.049825815
423	84	1522	97.0824739644
424	87	1529	97.1501281569
425	82	1536	97.1866152452
426	77	1537	97.2133003648
427	73	1543	97.274467957
428	73	1550	97.2659587112
429	74	1556	97.3118619908
430	72	1563	97.2222010902
431	73	1565	97.2342371764
432	75	1565	97.2129920483
433	73	1569	97.2684909913
434	70	1574	97.1781868552
435	66	1580	97.1460881765
436	65	1585	97.2427069565
437	60	1586	97.2563398984
438	59	1590	97.2974764031
439	54	1592	97.2332202145
440	58	1599	97.2792814895
441	60	1606	97.2786888482
442	59	1608	97.3699557615
443	61	1615	97.2955322187
444	56	1622	97.3384141541
445	60	1624	97.3594015641
446	61	1630	97.285500241
447	61	1633	97.2119296448
448	65	1633	97.3095234681
449	63	1638	97.2651984368
450	66	1645	97.3645480133
451	67	1651	97.3874892672
452	63	1654	97.4111180398
453	62	1660	97.3216062516
454	61	1663	97.289260178
455	63	1667	97.2782981361
456	62	1668	97.3271445784
457	64	1675	97.3130931851
458	68	1681	97.2479532034
459	72	1681	97.2709652641
460	71	1682	97.1810409574
461	66	1685	97.0980968234
462	65	1691	97.0507737995
463	65	1693	97.094966459
464	60	1694	97.1296499732
465	63	1700	97.15553883
466	68	1701	97.1242692024
467	70	1702	97.0385897616
468	69	1702	96.9903557007
469	74	1703	97.0309780766
470	75	1703	97.1069674761
471	74	1704	97.0419911734
472	78	1709	97.0727445806
473	83	1716	96.9985125973
474	78	1720	96.9062106395
475	77	1724	96.8162642621
476	75	1726	96.8805795907
477	77	1728	96.8138066513
478	77	1728	96.9135260958
479	72	1730	96.8517090307
480	74	1736	96.7832878211
481	78	1737	96.6962875662
482	76	1740	96.6493417046
483	75	1740	96.7219001061
484	71	1747	96.7574763869
485	69	1754	96.724376436
486	73	1760	96.6741597977
487	76	1767	96.6415185321
488	80	1769	96.5592299342
489	79	1773	96.6241693823
490	75	1778	96.5347240536
491	76	1780	96.5616566394
492	73	1781	96.5731259207
493	69	1788	96.512502848
494	67	1795	96.4431107816
495	69	1802	96.5240577197
496	74	1809	96.5788256252
497	75	1816	96.5631979824
498	80	1819	96.6096137462
499	76	1824	96.5622169567
500	71	1825	96.594844608
501	69	1830	96.5675916032
502	67	1830	96.6537305357
503	67	1831	96.6287197575
504	72	1833	96.538181995
505	69	1838	96.6163236898
506	70	1840	96.5923800742
507	67	1841	96.6882016764
508	62	1848	96.6580290983
509	63	1849	96.599327703
510	66	1854	96.5403712903
511	68	1855	96.5375129062
512	65	1859	96.5946772171
513	60	1860	96.6292711764
514	55	1863	96.6409674879
515	55	1865	96.6753648573
516	52	1871	96.6691751128
517	50	1877	96.7129709195
518	50	1881	96.6761213253
519	53	1885	96.6334227232
520	58	1892	96.6664105174
521	55	1893	96.6136954232
522	53	1895	96.6947267886
523	51	1898	96.7470278212
524	51	1902	96.7247550213
525	55	1908	96.7464849923
526	52	1915	96.7728007954
527	54	1915	96.8225116609
528	59	1917	96.8518484812
529	60	1918	96.9000723333
530	63	1924	96.9975631206
531	61	1930	96.9160476966
532	59	1937	96.8946742954
533	57	1938	96.9917079855
534	62	1940	96.9625648061
535	67	1941	96.9002275196
536	67	1944	96.846971941
537	65	1948	96.9427668944
538	61	1955	96.9952485289
539	58	1961	96.9475897699
540	58	1961	97.0299470434
541	57	1963	97.0525305171
542	60	1970	97.040715434
543	61	1971	97.0186497245
544	57	1977	97.0928614697
545	60	1984	97.1312752611
546	65	1988	97.1268159293
547	62	1991	97.1324429474
548	60	1998	97.2263110113
549	55	2005	97.2511811712
550	54	2010	97.2360615186
551	53	2013	97.1502715118
552	53	2020	97.0777444057
553	55	2022	97.0640556225
554	53	2025	96.984826521
555	50	2030	97.0764235373
556	50	2035	96.9871391316
557	50	2040	97.0794122029
558	50	2042	97.0411203104
559	50	2049	96.9802062359
560	50	2049	96.9608817026
561	50	2049	96.9901099294
562	53	2050	97.0703155439
563	50	2051	97.0540798411
564	55	2055	97.0201508181
565	52	2056	97.0267634141
566	52	2060	96.9789273483
567	56	2067	96.9278286203
568	55	2072	96.8923808496
569	50	2073	96.8667677344
570	54	2077	96.8310297527
571	51	2084	96.7542492685
572	55	2091	96.6954641692
573	53	2094	96.6619034656
574	58	2094	96.737554649
575	58	2097	96.6431172364
576	59	2100	96.5896064715
577	55	2101	96.6233887687
578	59	2104	96.5800719669
579	62	2105	96.6602013503
580	63	2107	96.671704614
581	58	2110	96.6829269116
582	62	2111	96.7678407461
583	63	2117	96.6914472359
584	60	2118	96.6125504392
585	61	2120	96.6995932675
586	64	2126	96.7210204921
587	69	2131	96.7456938399
588	66	2134	96.8224583663
589	70	2135	96.7458899706
590	68	2140	96.7875643581
591	69	2142	96.810534436
592	64	2149	96.8651510806
593	60	2155	96.8661071605
594	60	2158	96.9518306028
595	64	2162	96.9688834356
596	64	2167	96.8848410441
597	68	2168	96.9453130423
598	71	2173	96.9743987507
599	72	2178	97.0084403376
600	71	2185	96.9622030259
601	73	2185	96.8959395727
602	75	2188	96.8913312686
603	78	2195	96.97614214
604	77	2198	96.9707116767
605	72	2205	96.9367769659
606	68	2209	96.9674940366
607	66	2214	96.9644607809
608	66	2218	96.8774159183
609	66	2223	96.8284669741
610	63	2227	96.7645362973
611	59	2231	96.7569414894
612	61	2236	96.662481681
613	59	2237	96.7234213892
614	63	2240	96.7028192094
615	58	2241	96.7333985605
616	63	2243	96.7247957648
617	59	2243	96.7404705103
618	64	2249	96.7849447022
619	61	2252	96.8806119557
620	57	2256	96.8443222583
621	55	2258	96.7524329227
622	51	2261	96.7829849914
623	50	2268	96.7992619007
624	53	2268	96.8107071835
625	58	2275	96.9079342965
626	59	2280	96.9388607115
627	55	2287	96.8489710126
628	58	2294	96.824723644
629	59	2300	96.7546480671
630	55	2304	96.7602411286
631	55	2308	96.6732711932
632	58	2312	96.6366963769
633	61	2313	96.617644403
634	66	2313	96.6050724295
635	70	2318	96.5217482423
636	75	2324	96.5720617416
637	76	2327	96.5127901371
638	79	2327	96.552721762
639	74	2330	96.4713522764
640	72	2337	96.5531517921
641	71	2341	96.6076098765
642	72	2343	96.6987584327
643	76	2345	96.7431792782
644	73	2346	96.6824918666
645	74	2349	96.6471730284
646	76	2351	96.6863804191
647	78	2351	96.6170769311
648	82	2353	96.6748944563
649	84	2357	96.6357497659
650	84	2358	96.6188447119
651	84	2358	96.5462132253
652	83	2360	96.56432228
653	78	2361	96.5539877258
654	74	2362	96.5537574029
655	73	2362	96.4952316513
656	78	2362	96.4831035095
657	79	2364	96.4649688725
658	78	2369	96.4391040955
659	82	2375	96.3516717104
660	77	2379	96.4205762228
661	75	2386	96.509203595
662	70	2393	96.5797557134
663	73	2393	96.5473727391
664	78	2396	96.4752291076
665	75	2402	96.5403497802
666	78	2403	96.6370746377
667	79	2410	96.6995018093
668	75	2416	96.6882610826
669	74	2417	96.7692225938
670	70	2419	96.7385292327
671	67	2419	96.7528849954
672	69	2420	96.7970957116
673	66	2424	96.7517396173
674	63	2428	96.7532214141
675	59	2431	96.7941494871
676	57	2432	96.736188386
677	52	2436	96.7803759524
678	50	2438	96.8062071474
679	50	2445	96.8958328338
680	52	2450	96.8148298639
681	50	2455	96.7434199171
682	55	2460	96.7675025217
683	56	2466	96.7570430507
684	58	2468	96.8275991088
685	62	2469	96.8887724462
686	60	2471	96.8376169659
687	58	2471	96.8167640372
688	59	2478	96.8352084459
689	64	2484	96.9228811272
690	65	2490	96.8517601825
691	64	2497	96.7941825126
692	68	2502	96.7339398702
693	68	2504	96.6539447562
694	70	2506	96.6468308641
695	69	2508	96.6808536068
696	67	2508	96.6400071371
697	65	2514	96.7019909384
698	61	2516	96.7361418905
699	66	2518	96.7850387836
700	67	2518	96.8819354319
701	66	2524	96.9625879251
702	67	2526	97.0473547237
703	63	2530	97.1251718367
704	58	2534	97.0327638947
705	61	2534	97.0061012462
706	59	2536	97.0087322094
707	57	2536	96.9464447563
708	58	2537	97.0034024418
709	60	2541	96.9320403966
710	56	2547	96.8546623798
711	52	2548	96.8706200364
712	51	2548	96.8713911987
713	54	2551	96.9253932957
714	59	2551	96.9621887864
715	60	2558	97.0278763372
716	59	2558	96.932530617
717	63	2562	96.9181433334
718	61	2562	96.9737660623
719	58	2565	96.8965307778
720	56	2565	96.8934932483
721	61	2569	96.8610592654
722	57	2569	96.8189066773
723	57	2573	96.760450541
724	55	2575	96.7738110915
725	52	2579	96.7979417872
726	57	2582	96.7476233966
727	58	2582	96.6602696323
728	58	2589	96.7364989585
729	57	2591	96.7161074556
730	59	2596	96.6676319047
731	63	2596	96.6832555196
732	64	2603	96.5867945526
733	65	2608	96.5025741499
734	64	2608	96.4102165132
735	60	2610	96.4358133615
736	64	2617	96.4925447734
737	66	2621	96.4797246284
738	69	2624	96.4037629973
739	74	2628	96.4514539883
740	78	2632	96.5122855
741	75	2638	96.5864022936
742	77	2639	96.6616182357
743	73	2644	96.6143039723
744	73	2646	96.6903524946
745	76	2650	96.7668454451
746	71	2657	96.7889875445
747	75	2662	96.71861477
748	70	2665	96.6310044596
749	72	2666	96.6912056413
750	72	2672	96.6121634336
751	76	2672	96.5581157335
752	78	2672	96.616123143
753	78	2679	96.7042934349
754	83	2685	96.7558615186
755	80	2686	96.6632446897
756	82	2688	96.6418879805
757	83	2693	96.6117978359
758	80	2700	96.5470874132
759	78	2704	96.5873844813
760	79	2704	96.6452107985
761	78	2710	96.7025544794
762	82	2716	96.7218372133
763	82	2720	96.6943746115
764	79	2727	96.7124765942
765	81	2727	96.6844939153
766	84	2730	96.7673719805
767	81	2733	96.85063158
768	76	2733	96.9433671639
769	81	2738	97.0286691878
770	79	2744	96.9908424967
771	78	2751	97.0236410431
772	73	2758	96.9677878715
773	77	2759	97.0171617978
774	81	2760	97.0329794372
775	86	2766	96.972257057
776	81	2766	97.0556042748
777	83	2771	96.9694023656
778	86	2774	96.9206589744
779	89	2777	96.9182428462
780	86	2781	96.8360733353
781	83	2783	96.7687995345
782	79	2784	96.7492260933
783	79	2791	96.7044725085
784	75	2797	96.6478335044
785	70	2802	96.6809700142
786	66	2804	96.7579630163
787	69	2808	96.6631063208
788	72	2813	96.603548093
789	70	2816	96.5269820401
790	71	2821	96.4840179323
791	72	2822	96.5031722403
792	70	2828	96.4079420046
793	68	2830	96.4591447206
794	69	2837	96.3712404958
795	74	2840	96.3954473813
796	72	2846	96.4869673477
797	73	2849	96.5264462255
798	68	2854	96.513479816
799	68	2854	96.5815441653
800	63	2856	96.598757219
801	62	2856	96.6774270341
802	59	2858	96.6446235589
803	60	2861	96.6906392446
804	55	2862	96.7596141158
805	57	2862	96.7664302819
806	60	2863	96.8178504639
807	64	2865	96.7587468792
808	66	2867	96.8286872766
809	70	2873	96.871704988
810	65	2879	96.8124303994
811	61	2884	96.8023121615
812	66	2890	96.8887891776
813	67	2895	96.8228336551
814	70	2900	96.7523242376
815	74	2906	96.7466867396
816	71	2911	96.6660044549
817	70	2917	96.7316219358
818	74	2922	96.7580685097
819	78	2928	96.8082703958
820	77	2932	96.8405099476
821	78	2934	96.7444211931
822	83	2937	96.7552440949
823	87	2941	96.7314461615
824	90	2942	96.7681367187
825	92	2945	96.7187945484
826	92	2951	96.7670650762
827	96	2952	96.7906302404
828	99	2956	96.7634985905
829	104	2959	96.716252024
830	106	2963	96.7628386733
831	109	2967	96.7230092036
832	112	2972	96.6240036082
833	108	2975	96.6806182798
834	103	2977	96.6772508741
835	100	2980	96.6802603423
836	105	2981	96.678176988
837	103	2986	96.6109882483
838	104	2992	96.7057414357
839	101	2999	96.6441483245
840	97	3000	96.6766195369
841	94	3006	96.5870875342
842	98	3013	96.4908515467
843	94	3014	96.4996529516
844	95	3020	96.4366732762
845	98	3022	96.3537267296
846	97	3028	96.280045211
847	101	3028	96.2229207875
848	101	3032	96.2194347217
849	104	3032	96.2787603054
850	101	3039	96.2218142367
851	97	3044	96.1237373614
852	95	3046	96.1824899609
853	96	3053	96.2551512048
854	98	3056	96.1666177146
855	100	3056	96.165034523
856	102	3059	96.1911619433
857	99	3059	96.1668462057
858	97	3059	96.2512235006
859	99	3060	96.1584999773
860	96	3063	96.1105770958
861	94	3068	96.0867737376
862	92	3074	96.1591078871
863	89	3076	96.1208610374
864	86	3078	96.1100539911
865	89	3084	96.0709665801
866	89	3087	96.0694804099
867	84	3090	96.0539740569
868	80	3093	96.0755094269
869	76	3095	96.1674654861
870	79	3096	96.2629372295
871	82	3101	96.2589441792
872	78	3106	96.1721777861
873	82	3112	96.1763336143
874	87	3113	96.1622974604
875	90	3113	96.2002148117
876	90	3114	96.2593741628
877	85	3118	96.3570226173
878	81	3122	96.3842611199
879	85	3128	96.3991653781
880	84	3132	96.4308260436
881	88	3136	96.5245139801
882	89	3139	96.6014945069
883	86	3143	96.687753634
884	89	3145	96.7070919209
885	89	3149	96.7172192302
886	84	3149	96.7286050022
887	81	3154	96.6688070517
888	86	3155	96.7033871402
889	84	3159	96.7565938176
890	82	3163	96.7641606052
891	87	3164	96.7369865324
892	92	3171	96.7331944516
893	88	3174	96.7475493796
894	89	3177	96.6702823995
895	92	3182	96.627779775
896	89	3185	96.6469635078
897	85	3187	96.5655810742
898	90	3192	96.6143877524
899	87	3197	96.6225467118
900	84	3199	96.5426847838
901	80	3199	96.62348373
902	80	3203	96.6709859254
903	81	3207	96.732204963
904	80	3213	96.6977519967
905	75	3219	96.7555352531
906	71	3225	96.8198436174
907	66	3228	96.8493458569
908	69	3233	96.861324239
909	73	3234	96.8303618324
910	73	3240	96.7860264116
911	77	3244	96.8317389047
912	76	3248	96.8224860364
913	74	3250	96.7338474818
914	72	3250	96.8159058309
915	69	3250	96.9070072022
916	70	3252	96.9895951826
917	70	3258	96.9376281879
918	70	3264	96.9873249875
919	69	3268	96.8973957372
920	65	3269	96.8009260779
921	60	3271	96.8091047771
922	62	3273	96.789319264
923	67	3279	96.8074000745
924	62	3286	96.7465707464
925	66	3292	96.6693984012
926	70	3297	96.5717884422
927	68	3297	96.5409284646
928	63	3302	96.5633982306
929	65	3308	96.6499643553
930	63	3315	96.7330731253
931	62	3321	96.7138012884
932	63	3328	96.6779083807
933	60	3334	96.7304859031
934	56	3340	96.7475338111
935	54	3347	96.8153980581
936	57	3354	96.7953643834
937	56	3358	96.8375006526
938	60	3364	96.8070525796
939	56	3367	96.8396912327
940	52	3373	96.7615384024
941	53	3379	96.6757899623
942	57	3381	96.5982437183
943	54	3385	96.6900068271
944	51	3390	96.7434892526
945	50	3390	96.7636736747
946	50	3392	96.8625595673
947	50	3395	96.867861433
948	51	3396	96.8860551869
949	52	3402	96.9184684952
950	56	3402	96.8370417863
951	55	3405	96.9248166275
952	57	3411	96.9071646007
953	54	3414	96.8410858479
954	59	3414	96.8260121707
955	56	3416	96.8317073643
956	61	3419	96.9311391246
957	65	3420	96.9259471528
958	66	3420	96.9997106939
959	62	3426	97.0415496612
960	65	3428	97.0522530854
961	60	3435	97.0827077339
962	57	3435	97.0297903787
963	59	3438	97.0972251312
964	57	3440	97.0394541961
965	57	3442	97.12914323
966	55	3449	97.1791130165
967	53	3452	97.2537515364
968	50	3456	97.1918591896
969	50	3457	97.2533359914
970	54	3458	97.3216343051
971	52	3461	97.2234428834
972	50	3466	97.2816530212
973	50	3469	97.3130147495
974	50	3470	97.3807767776
975	51	3472	97.313741961
976	56	3476	97.3743864041
977	57	3481	97.4109277871
978	55	3481	97.3811276151
979	58	3482	97.3745000595
980	63	3482	97.3977131738
981	58	3486	97.3149777488
982	53	3493	97.3462574921
983	51	3499	97.2620208395
984	50	3506	97.2039497711
985	50	3507	97.214023573
986	51	3507	97.3099503481
987	50	3508	97.345666549
988	50	3513	97.3126463457
989	51	3516	97.3480798189
990	53	3516	97.3743857652
991	51	3519	97.4686528254
992	55	3526	97.4602847077
993	55	3532	97.3718693176
994	59	3532	97.3571279277
995	60	3536	97.4371032819
996	55	3541	97.4568622544
997	60	3547	97.5131213314
998	57	3550	97.4258958644
999	62	3551	97.4215775806
1000	67	3557	97.3216988712
1001	64	3562	97.4069363688
1002	60	3562	97.4880476868
1003	56	3565	97.4891412273
1004	60	3566	97.5547757339
1005	62	3569	97.4652137257
1006	59	3575	97.5495645224
1007	56	3576	97.5702145246
1008	55	3579	97.5892358745
1009	54	3582	97.5996725963
1010	58	3589	97.5570892873
1011	60	3593	97.5014312132
1012	57	3600	97.4961932581
1013	60	3606	97.44708131
1014	58	3607	97.4785122987
1015	54	3610	97.3865239338
1016	54	3617	97.3077007016
1017	56	3620	97.2659089219
1018	59	3627	97.2530066118
1019	57	3631	97.2266797265
1020	55	3635	97.1887353795
1021	54	3640	97.1384817207
1022	50	3642	97.1507383998
1023	50	3644	97.1768626531
1024	50	3646	97.1716328382
1025	50	3652	97.1567596262
1026	50	3654	97.0949024969
1027	54	3658	97.066572854
1028	50	3665	97.0605094624
1029	51	3671	97.0848041744
1030	56	3675	97.0138367273
1031	56	3679	96.9652528396
1032	60	3686	96.9990142356
1033	65	3688	97.0680579576
1034	64	3691	97.0835062695
1035	63	3694	96.9879595425
1036	64	3697	96.9874569121
1037	59	3700	96.9850913216
1038	64	3704	97.0720555661
1039	60	3708	97.0806209588
1040	59	3709	97.0219164021
1041	55	3715	97.1028947932
1042	59	3718	97.0361413178
1043	55	3720	96.9812990826
1044	51	3724	97.0375427189
1045	52	3729	97.0297405566
1046	53	3734	97.0218063834
1047	55	3736	96.9454972233
1048	56	3741	96.9579861874
1049	52	3742	96.9905152363
1050	50	3742	97.0887690947
1051	50	3748	97.119137372
1052	52	3753	97.1181438671
1053	50	3758	97.1817690336
1054	50	3762	97.0924569055
1055	50	3768	97.0202012493
1056	50	3774	96.948766013
1057	54	3777	96.948838888
1058	53	3783	97.0385022915
1059	57	3783	96.993566252
1060	62	3790	96.9910850621
1061	63	3796	97.0793594683
1062	60	3803	97.0338560135
1063	62	3804	97.0127321469
1064	59	3808	97.0991832685
1065	57	3809	97.1867249484
1066	60	3815	97.2175580618
1067	58	3818	97.1650556346
1068	60	3820	97.1748509125
1069	59	3827	97.1344603831
1070	62	3833	97.1708438221
1071	67	3835	97.0772032131
1072	63	3841	97.0779300014
1073	61	3846	97.0895664165
1074	62	3849	97.1521473755
1075	67	3849	97.1253889947
1076	67	3853	97.0622491996
1077	66	3853	97.1248528726
1078	61	3856	97.1119216639
1079	65	3860	97.0231065885
1080	63	3860	96.9542689022
1081	66	3867	97.0112338959
1082	63	3869	96.9320391454
1083	58	3874	96.9800348289
1084	60	3879	97.0400735252
1085	58	3879	97.1333637224
1086	53	3880	97.0816158395
1087	55	3880	97.0344307748
1088	55	3883	97.0452143312
1089	57	3887	97.049482994
1090	53	3891	96.9818740005
1091	58	3891	96.9754449086
1092	61	3892	96.9188458962
1093	66	3895	96.8460975724
1094	66	3897	96.9449154442
1095	62	3897	97.0003805627
1096	66	3897	97.0071638652
1097	64	3900	96.9099796722
1098	61	3907	96.9237352103
1099	56	3907	96.9659825088
1100	53	3910	96.8717036792
1101	52	3917	96.7917887257
1102	50	3920	96.8221775931
1103	54	3923	96.83376907
1104	51	3924	96.7694241938
1105	50	3926	96.7660485196
1106	50	3931	96.8575074458
1107	50	3935	96.9455335115
1108	50	3941	97.0191314889
1109	53	3947	97.0416652533
1110	56	3954	97.1021265364
1111	55	3956	97.0936579041
1112	51	3956	97.0166641082
1113	50	3959	96.9479231699
1114	54	3961	96.8634073719
1115	51	3964	96.9078172547
1116	52	3971	96.9163934681
1117	54	3978	97.0056168199
1118	56	3981	96.9650567388
1119	52	3985	96.9985547732
1120	55	3992	97.0676595052
1121	54	3992	97.0016431724
1122	51	3997	96.9114151886
1123	55	4004	96.8254807222
1124	53	4004	96.8156417541
1125	50	4008	96.9005471461
1126	52	4014	96.8458044824
1127	56	4017	96.8292098917
1128	54	4021	96.8295950465
1129	51	4026	96.7893521986
1130	50	4028	96.8766455887
1131	55	4031	96.8660633846
1132	54	4038	96.9247601961
1133	57	4040	96.9023084711
1134	55	4040	96.9152381511
1135	58	4046	96.8239437196
1136	56	4051	96.8413747886
1137	54	4058	96.8900446328
1138	59	4058	96.8983287684
1139	64	4064	96.9486178183
1140	63	4067	97.0369376675
1141	63	4069	97.0838400623
1142	63	4069	97.1770222618
1143	66	4073	97.1754276649
1144	70	4073	97.2448003803
1145	66	4074	97.1510832963
1146	63	4077	97.2147378176
1147	63	4081	97.1638122494
1148	68	4085	97.1347627979
1149	70	4091	97.0454447029
1150	66	4092	97.1414130585
1151	68	4099	97.1657060016
1152	66	4103	97.1310542071
1153	67	4106	97.0946352819
1154	65	4112	97.0435368925
1155	67	4117	97.1360005256
1156	65	4121	97.0815702367
1157	60	4128	96.9935239559
1158	57	4128	96.9168506372
1159	62	4132	96.99352819
1160	58	4137	96.9550213735
1161	53	4139	96.8921209211
1162	52	4145	96.9113971821
1163	52	4148	96.9465305759
1164	50	4149	96.9744431515
1165	50	4154	96.9535726868
1166	50	4155	97.0329513639
1167	50	4155	97.0847192062
1168	50	4156	97.1481275038
1169	50	4161	97.1471555391
1170	52	4167	97.2211352262
1171	54	4169	97.2804339725
1172	53	4175	97.224877217
1173	58	4181	97.1782771217
1174	62	4181	97.1378146129
1175	64	4185	97.1651374018
1176	68	4185	97.2363215857
1177	69	4192	97.3074855645
1178	71	4197	97.3674047668
1179	75	4200	97.303707195
1180	79	4206	97.2524590368
1181	82	4212	97.2251119999
1182	77	4219	97.2732168754
1183	77	4220	97.3131529521
1184	74	4220	97.3065898285
1185	74	4227	97.2798031622
1186	76	4228	97.3637036633
1187	77	4232	97.4181663034
1188	79	4233	97.4116871018
1189	77	4234	97.3175626043
1190	81	4240	97.3624714908
1191	78	4244	97.4279665988
1192	75	4250	97.424727812
1193	75	4254	97.3861615658
1194	73	4256	97.4625698011
1195	71	4257	97.5078342643
1196	75	4264	97.4475669832
1197	72	4268	97.4941313811
1198	72	4275	97.4181450675
1199	71	4281	97.4937555316
1200	71	4281	97.5121023743
1201	68	4287	97.4761265075
1202	71	4292	97.3945146514
1203	67	4298	97.4032716504
1204	68	4299	97.4720938861
1205	69	4304	97.5146023257
1206	73	4305	97.4747347837
1207	73	4305	97.4994698154
1208	76	4306	97.4129950092
1209	72	4313	97.4192554919
1210	71	4318	97.4467566728
1211	69	4320	97.5014040989
1212	66	4320	97.4384916202
1213	63	4327	97.4150608655
1214	65	4327	97.419803151
1215	62	4330	97.4434103251
1216	59	4330	97.5230014604
1217	55	4335	97.4724673695
1218	54	4337	97.4673360307
1219	54	4340	97.3682417298
1220	50	4347	97.3992168724
1221	50	4347	97.4606747772
1222	50	4350	97.5519132219
1223	50	4355	97.494860437
1224	50	4361	97.5255274081
1225	50	4365	97.4954462995
1226	55	4366	97.4606569397
1227	56	4369	97.471221491
1228	55	4373	97.4769177077
1229	54	4380	97.4319494025
1230	54	4383	97.3823345257
1231	54	4384	97.3116352621
1232	55	4388	97.2641937009
1233	58	4393	97.1971144665
1234	54	4395	97.1407012048
1235	57	4397	97.2017145052
1236	53	4401	97.2340199412
1237	52	4401	97.14819106
1238	54	4405	97.1431466656
1239	56	4405	97.1667494627
1240	51	4407	97.2135371953
1241	52	4414	97.2288086461
1242	56	4418	97.1873386127
1243	51	4424	97.1816133637
1244	50	4428	97.2053305944
1245	50	4435	97.1961239096
1246	50	4442	97.1749966073
1247	50	4447	97.1747360072
1248	55	4450	97.2111318309
1249	60	4454	97.1392383472
1250	60	4458	97.1002185581
1251	58	4460	97.1005329587
1252	53	4465	97.0484301116
1253	51	4469	97.0492570111
1254	50	4469	97.1073147275
1255	50	4474	97.0898937975
1256	54	4477	97.1460259574
1257	56	4479	97.1288524713
1258	54	4480	97.1103996028
1259	59	4481	97.1324790812
1260	61	4481	97.1741489416
1261	59	4487	97.2565924006
1262	63	4489	97.318641754
1263	60	4489	97.2220886798
1264	61	4493	97.3218212059
1265	65	4493	97.310373515
1266	64	4499	97.2878517244
1267	63	4506	97.2965733335
1268	63	4509	97.2292197016
1269	61	4513	97.3188433544
1270	63	4516	97.2870305854
1271	64	4520	97.3814528027
1272	63	4526	97.4224388218
1273	60	4526	97.4689133093
1274	63	4530	97.4249684928
1275	60	4533	97.444028193
1276	56	4539	97.448718563
1277	52	4540	97.539388367
1278	50	4541	97.5007723287
1279	50	4546	97.4187254775
1280	51	4551	97.5138559458
1281	53	4558	97.5378990645
1282	54	4558	97.475622185
1283	50	4564	97.5664802044
1284	50	4564	97.4938850522
1285	50	4564	97.4439899843
1286	50	4570	97.3710213322
1287	51	4575	97.32176178
1288	50	4578	97.2810233316
1289	50	4579	97.2068083806
1290	50	4581	97.2565381604
1291	50	4588	97.2297905275
1292	53	4591	97.2977328985
1293	56	4593	97.2364505182
1294	54	4599	97.1535837495
1295	53	4602	97.126743078
1296	52	4608	97.1995304109
1297	53	4608	97.1396363571
1298	51	4611	97.0465220893
1299	56	4614	97.0030888215
1300	52	4620	97.062885704
1301	50	4623	97.0171289723
1302	50	4626	97.0332917874
1303	50	4626	97.0368063959
1304	51	4631	97.0422483024
1305	50	4635	97.0358410799
1306	51	4638	97.1351105059
1307	50	4645	97.1267636129
1308	55	4649	97.1948891421
1309	52	4651	97.2264983883
1310	55	4654	97.2084911895
1311	58	4657	97.1846312339
1312	63	4662	97.2101870642
1313	66	4662	97.1344694912
1314	67	4663	97.1739489544
1315	63	4663	97.2480096492
1316	58	4670	97.248809017
1317	62	4672	97.3147476401
1318	67	4675	97.3439214777
1319	68	4678	97.4074363598
1320	68	4678	97.4127989542
1321	63	4678	97.3748497674
1322	61	4680	97.4186855724
1323	65	4684	97.4762224613
1324	64	4685	97.5376738608
1325	64	4689	97.5551812304
1326	60	4690	97.523117606
1327	57	4697	97.456657403
1328	60	4702	97.518741346
1329	61	4704	97.4730819648
1330	56	4704	97.4493178727
1331	58	4705	97.4119370155
1332	55	4708	97.3609156058
1333	57	4710	97.2949617921
1334	57	4710	97.3375642842
1335	61	4711	97.3956188206
1336	58	4714	97.4904791991
1337	62	4717	97.5719505935
1338	65	4720	97.6350708435
1339	61	4726	97.7230086143
1340	63	4732	97.7314811999
1341	63	4733	97.7979944574
1342	60	4735	97.8412632357
1343	61	4740	97.8510941504
1344	64	4746	97.8092158226
1345	64	4753	97.7551369952
1346	68	4759	97.6947091517
1347	70	4761	97.672152517
1348	73	4764	97.5730540919
1349	72	4765	97.6210155757
1350	75	4767	97.5717193202
1351	72	4770	97.5595170383
1352	76	4777	97.5087237773
1353	77	4779	97.4679448922
1354	72	4785	97.5628855601
1355	74	4788	97.5939709555
1356	74	4795	97.6222325831
1357	78	4798	97.6009669903
1358	74	4804	97.5588090261
1359	69	4805	97.51405172
1360	71	4805	97.594615239
1361	67	4810	97.5272026605
1362	62	4812	97.6057622483
1363	60	4816	97.5656190428
1364	65	4820	97.5818678031
1365	61	4821	97.5779303065
1366	61	4828	97.5674515943
1367	58	4832	97.5149508359
1368	57	4832	97.4181295854
1369	61	4835	97.3485192488
1370	56	4842	97.4138905723
1371	55	4846	97.4216024902
1372	51	4848	97.4183050494
1373	50	4849	97.4714699756
1374	50	4852	97.5397189239
1375	52	4853	97.5098920164
1376	56	4855	97.5754507138
1377	61	4861	97.5946836237
1378	65	4865	97.6192998141
1379	61	4866	97.6452318759
1380	59	4873	97.6636811358
1381	63	4879	97.6152721369
1382	63	4886	97.5198379586
1383	60	4889	97.4542550681
1384	56	4890	97.4567899444
1385	54	4891	97.382844818
1386	53	4898	97.4501369589
1387	55	4899	97.4432780986
1388	54	4900	97.3581517012
1389	50	4900	97.4535713924
1390	54	4903	97.4567840755
1391	50	4909	97.4371133773
1392	54	4912	97.345866637
1393	50	4913	97.2715287551
1394	50	4919	97.2510505447
1395	51	4924	97.3010964782
1396	50	4929	97.2086227842
1397	55	4935	97.2165599416
1398	50	4935	97.1929111886
1399	50	4941	97.1008049103
1400	55	4948	97.0540977893
1401	50	4955	97.0523028804
1402	50	4959	97.0160946676
1403	53	4966	96.921857411
1404	52	4967	96.8960705368
1405	56	4969	96.9887180867
1406	60	4974	96.9044484569
1407	65	4978	96.8160903021
1408	70	4984	96.8516239679
1409	65	4991	96.9044216023
1410	62	4993	96.8870079184
1411	65	4996	96.7922856579
1412	67	4996	96.8110489655
1413	66	4997	96.8914848289
1414	71	5000	96.8910872914
1415	68	5007	96.9435473703
1416	68	5014	96.9661626729
1417	66	5014	96.9966772612
1418	61	5014	96.9616816708
1419	63	5015	96.9922351539
1420	62	5016	97.077416336
1421	60	5016	97.0941055419
1422	57	5023	97.0951628442
1423	62	5028	97.0881620841
1424	63	5029	97.0754124433
1425	59	5034	97.0279732851
1426	63	5040	97.016176371
1427	65	5046	97.0920145605
1428	68	5049	97.0367128434
1429	65	5052	96.9372515595
1430	60	5053	97.028065296
1431	55	5057	97.0496833976
1432	57	5064	97.0820950547
1433	55	5066	97.1770017836
1434	53	5070	97.1634132063
1435	56	5074	97.0959909713
1436	56	5078	97.0515203071
1437	60	5080	97.0871990808
1438	58	5082	97.0799304301
1439	54	5084	97.0282116634
1440	50	5091	96.9401780019
1441	55	5093	96.9062689915
1442	57	5097	96.9574177432
1443	62	5104	96.9060295873
1444	61	5106	96.8604978515
1445	64	5107	96.9077845213
1446	59	5110	96.938553995
1447	60	5110	96.9902642812
1448	64	5113	96.9026437014
1449	68	5120	96.9774394626
1450	66	5124	96.8859281649
1451	65	5130	96.9153756129
1452	66	5131	96.8869505783
1453	69	5135	96.8127465669
1454	73	5138	96.838380878
1455	68	5138	96.7803604188
1456	64	5143	96.7148242209
1457	61	5145	96.7460430052
1458	56	5145	96.6667659086
1459	56	5152	96.6481688632
1460	54	5157	96.6048051869
1461	57	5161	96.6303825348
1462	59	5164	96.6027400883
1463	61	5165	96.5398813082
1464	65	5170	96.6153151797
1465	67	5176	96.535533052
1466	64	5183	96.5669996254
1467	69	5186	96.6468074015
1468	65	5190	96.7322889007
1469	63	5194	96.7393651771
1470	59	5195	96.6747288106
1471	60	5199	96.6605277248
1472	60	5203	96.5678540293
1473	59	5208	96.5602583393
1474	59	5211	96.4956456157
1475	56	5213	96.5375593235
1476	58	5215	96.5479995899
1477	60	5222	96.5405853125
1478	61	5224	96.4453143098
1479	59	5228	96.4290160797
1480	64	5234	96.3832806538
1481	60	5237	96.3820437262
1482	61	5242	96.4554295734
1483	56	5247	96.4689654333
1484	60	5252	96.4127433256
1485	62	5257	96.3403332898
1486	60	5258	96.2807719661
1487	61	5262	96.3714280424
1488	65	5263	96.4336812808
1489	67	5264	96.4282403856
1490	65	5267	96.4951443363
1491	61	5270	96.4417037893
1492	58	5277	96.5176311443
1493	62	5281	96.4728768302
1494	63	5286	96.505020436
1495	58	5292	96.5111880598
1496	57	5294	96.5094079295
1497	54	5294	96.4248389379
1498	50	5295	96.4116574306
1499	51	5298	96.3413547191
1500	50	5298	96.3276803643
1501	50	5305	96.4256733583
1502	50	5310	96.3692459253
1503	53	5310	96.4285882336
1504	51	5312	96.370720191
1505	51	5312	96.3108395001
1506	55	5318	96.3069220292
1507	50	5324	96.3355680037
1508	52	5326	96.4241479842
1509	52	5332	96.5047185421
1510	53	5332	96.5009310688
1511	54	5336	96.4470604978
1512	58	5342	96.5064488066
1513	58	5345	96.5260784753
1514	62	5349	96.5734229072
1515	66	5349	96.5886582912
1516	69	5350	96.5171235852
1517	67	5355	96.4268003993
1518	71	5355	96.4094078083
1519	69	5359	96.4990734194
1520	72	5364	96.5986177264
1521	67	5370	96.6689629303
1522	71	5373	96.7290323253
1523	74	5377	96.6481686157
1524	75	5377	96.5594084034
1525	77	5383	96.5820581878
1526	74	5387	96.4884473623
1527	69	5394	96.413939921
1528	71	5395	96.3604048991
1529	66	5396	96.3665599304
1530	70	5403	96.4017004933
1531	68	5403	96.3114368091
1532	66	5408	96.3557138299
1533	62	5415	96.2918567862
1534	67	5419	96.1933527298
1535	63	5421	96.1863995171
1536	68	5428	96.2027304887
1537	72	5431	96.1098466783
1538	77	5433	96.0642637048
1539	80	5438	96.0880732775
1540	81	5445	96.1798507071
1541	83	5451	96.1637016161
1542	88	5452	96.1484850704
1543	88	5459	96.091847834
1544	88	5462	96.1420368117
1545	88	5466	96.1504993845
1546	85	5466	96.2373866974
1547	83	5473	96.2241189701
1548	79	5479	96.1993871019
1549	84	5481	96.2692423362
1550	80	5487	96.2708518382
1551	77	5493	96.3133014864
1552	72	5499	96.3684037448
1553	77	5501	96.3653964071
1554	82	5507	96.2937829129
1555	80	5509	96.1974732988
1556	80	5511	96.2881095549
1557	81	5512	96.3578047367
1558	83	5512	96.2804631671
1559	81	5512	96.3372933748
1560	80	5512	96.2823549623
1561	81	5512	96.2597587914
1562	86	5512	96.2660536477
1563	89	5519	96.3162138953
1564	91	5519	96.23795452
1565	88	5521	96.2801215815
1566	86	5521	96.2741432847
1567	82	5527	96.1977033311
1568	87	5527	96.1037199535
1569	89	5527	96.1376434524
1570	85	5528	96.1683751954
1571	90	5534	96.0801486252
1572	86	5537	96.179421107
1573	89	5538	96.1547619101
1574	93	5539	96.218305345
1575	96	5541	96.2910062473
1576	100	5545	96.1949416632
1577	96	5545	96.2528550555
1578	96	5548	96.3035800143
1579	91	5553	96.3764545806
1580	90	5554	96.4138301135
1581	93	5559	96.4162902772
1582	90	5560	96.4271592027
1583	94	5567	96.3824176088
1584	90	5568	96.3737375615
1585	95	5575	96.2908337449
1586	91	5578	96.2314491792
1587	86	5583	96.1694403327
1588	84	5589	96.1177029601
1589	79	5594	96.1372860162
1590	82	5601	96.1493055779
1591	82	5607	96.107616847
1592	84	5614	96.1593678061
1593	89	5621	96.066295809
1594	84	5622	95.9876958023
1595	79	5628	96.0719259362
1596	84	5628	96.0249396819
1597	86	5634	95.9570525104
1598	87	5638	95.8978221731
1599	83	5642	95.9389284509
1600	85	5645	95.8393639295
1601	85	5652	95.7839416017
1602	90	5657	95.7726545274
1603	87	5661	95.7595197854
1604	92	5663	95.7892463695
1605	92	5670	95.8499598303
1606	97	5673	95.8348318871
1607	93	5679	95.7705707031
1608	95	5685	95.8411182091
1609	90	5687	95.8429010876
1610	93	5689	95.8466648719
1611	88	5694	95.9190799484
1612	93	5695	95.9311354775
1613	98	5699	95.9226396386
1614	93	5700	95.9711546701
1615	93	5707	96.0283495681
1616	97	5712	95.9556329013
1617	92	5712	95.9087286739
1618	92	5717	95.8696247011
1619	92	5724	95.8739078922
1620	95	5729	95.8579950479
1621	94	5731	95.8264837659
1622	93	5737	95.8139322349
1623	94	5739	95.7426947761
1624	99	5742	95.7490484524
1625	99	5746	95.7401976521
1626	99	5752	95.7994438401
1627	98	5754	95.7496234764
1628	103	5758	95.847623308
1629	106	5761	95.8427439867
1630	107	5766	95.8582866069
1631	112	5766	95.854643995
1632	112	5767	95.901301144
1633	108	5772	95.8628630501
1634	112	5774	95.8514319392
1635	116	5781	95.7603431365
1636	120	5785	95.6980557237
1637	117	5790	95.7205082172
1638	118	5796	95.7039193895
1639	119	5798	95.6829457549
1640	117	5799	95.6098327048
1641	119	5803	95.6119599316
1642	121	5803	95.6988022647
1643	121	5804	95.7801241707
1644	122	5806	95.8581031695
1645	119	5810	95.7759982198
1646	120	5811	95.7295904576
1647	118	5813	95.6892386989
1648	120	5814	95.6756633429
1649	121	5815	95.61237336
1650	126	5817	95.5735182041
1651	125	5823	95.6248077345
1652	121	5828	95.5776659347
1653	116	5832	95.5093359961
1654	117	5832	95.604971876
1655	113	5834	95.5453313867
1656	108	5835	95.5166219338
1657	105	5839	95.4184082892
1658	110	5840	95.3398288133
1659	108	5844	95.3220546273
1660	112	5848	95.3945068659
1661	116	5848	95.4869006923
1662	116	5851	95.4519029159
1663	118	5858	95.3871864063
1664	120	5858	95.4464528114
1665	118	5865	95.5207956787
1666	117	5872	95.4260674134
1667	119	5874	95.4118252927
1668	124	5875	95.4551579427
1669	126	5880	95.489301318
1670	129	5881	95.5026528039
1671	127	5884	95.4354804619
1672	127	5886	95.3884398968
1673	128	5892	95.3017590177
1674	130	5896	95.3401452211
1675	131	5903	95.2870806606
1676	126	5909	95.2622351334
1677	130	5911	95.2828777314
1678	133	5915	95.1909828409
1679	128	5916	95.2086720021
1680	130	5919	95.2163054677
1681	134	5921	95.2827161999
1682	138	5924	95.2618153296
1683	140	5928	95.2340371169
1684	138	5931	95.3141933402
1685	142	5937	95.3420786101
1686	141	5940	95.3807790886
1687	144	5946	95.4394314706
1688	149	5953	95.4350298031
1689	145	5956	95.3909228142
1690	148	5963	95.4315074849
1691	145	5966	95.4686193932
1692	144	5967	95.5567221506
1693	139	5968	95.5757315868
1694	134	5972	95.6575490038
1695	131	5974	95.6294806005
1696	135	5978	95.7258418783
1697	136	5980	95.6313568285
1698	138	5982	95.6686001393
1699	134	5985	95.6370268379
1700	137	5989	95.7291795717
1701	136	5989	95.697858722
1702	133	5989	95.7342882226
1703	137	5989	95.7369571751
1704	133	5992	95.7994982137
1705	134	5994	95.7579977614
1706	139	6001	95.6727277009
1707	142	6002	95.7355427451
1708	140	6008	95.8232519244
1709	142	6012	95.902705716
1710	142	6019	95.8875664055
1711	144	6022	95.8456849809
1712	139	6025	95.7515544955
1713	144	6028	95.7555388428
1714	149	6031	95.6708282189
1715	154	6038	95.6338609292
1716	157	6042	95.645180241
1717	159	6045	95.6036293595
1718	156	6048	95.6821846528
1719	156	6051	95.6442084196
1720	158	6053	95.7198896704
1721	159	6054	95.8065713712
1722	158	6054	95.7471275492
1723	163	6059	95.7053571371
1724	159	6066	95.7047065792
1725	160	6067	95.7940004346
1726	160	6070	95.8076872973
1727	160	6076	95.7862152635
1728	155	6078	95.8810738687
1729	150	6080	95.9662298216
1730	150	6083	95.9985149686
1731	150	6090	95.9898542249
1732	148	6095	95.936156605
1733	150	6101	95.953207004
1734	145	6108	95.918875421
1735	144	6110	95.8784318359
1736	146	6116	95.9101240889
1737	145	6119	95.9906383415
1738	149	6121	95.9054065316
1739	149	6127	95.9551098888
1740	151	6131	95.9783159775
1741	153	6131	95.9921363628
1742	152	6132	96.0557099667
1743	150	6133	96.0805813123
1744	151	6140	96.0751694251
1745	146	6147	96.0997386657
1746	147	6149	96.0812547476
1747	151	6150	96.1220866731
1748	146	6151	96.2210578946
1749	144	6157	96.1928534162
1750	142	6164	96.0945480613
1751	139	6166	96.147643905
1752	142	6169	96.1000953857
1753	144	6174	96.0020244988
1754	144	6178	95.9507488724
1755	143	6178	96.0306519236
1756	147	6180	95.997973813
1757	152	6186	96.0932563052
1758	157	6192	96.0959512617
1759	155	6197	96.0385786563
1760	160	6201	96.0995837067
1761	155	6208	96.1848390779
1762	156	6212	96.0858736873
1763	161	6216	96.0949024903
1764	163	6217	96.0497066408
1765	159	6221	96.0312410634
1766	158	6222	96.0280511655
1767	154	6225	96.0967159583
1768	156	6225	96.1807204971
1769	157	6232	96.241356494
1770	158	6232	96.2804295722
1771	158	6236	96.1945786016
1772	156	6239	96.1153153646
1773	159	6240	96.166098132
1774	162	6244	96.1743440535
1775	161	6244	96.2444045891
1776	166	6251	96.3129319522
1777	165	6251	96.3212718304
1778	162	6258	96.2690274683
1779	157	6260	96.1770045332
1780	157	6264	96.159462713
1781	157	6264	96.0929359049
1782	162	6268	96.0852026956
1783	167	6269	96.1298613136
1784	172	6270	96.2257586949
1785	167	6272	96.2721664538
1786	168	6276	96.2341204888
1787	165	6279	96.2278991076
1788	163	6282	96.1656754384
1789	163	6289	96.2210020221
1790	163	6296	96.1653325993
1791	158	6299	96.1385254791
1792	157	6300	96.1717402935
1793	160	6305	96.2091006515
1794	163	6308	96.2161927167
1795	164	6311	96.1685234458
1796	159	6315	96.2208264074
1797	163	6316	96.1525613093
1798	159	6317	96.0530103543
1799	157	6319	96.0354289118
1800	161	6320	96.0979413245
1801	163	6327	96.0537582167
1802	166	6329	96.0419510311
1803	171	6330	96.1384015403
1804	174	6337	96.1995595223
1805	172	6342	96.2422756333
1806	172	6348	96.2868636805
1807	170	6350	96.2354202835
1808	167	6357	96.2009503137
1809	165	6360	96.1296682198
1810	162	6360	96.2172318459
1811	165	6360	96.1290023418
1812	160	6360	96.1382736833
1813	157	6361	96.2081765396
1814	156	6361	96.2199613422
1815	156	6366	96.2891526045
1816	159	6367	96.221640488
1817	159	6370	96.270945938
1818	155	6377	96.1810895285
1819	159	6382	96.1493282737
1820	155	6383	96.1521335318
1821	159	6390	96.190114272
1822	158	6396	96.2791555619
1823	153	6396	96.3634177131
1824	151	6400	96.2892415583
1825	152	6400	96.306571384
1826	148	6400	96.382888824
1827	148	6407	96.340459263
1828	145	6410	96.339341007
1829	140	6415	96.2489631181
1830	139	6420	96.242881428
1831	134	6426	96.3286527177
1832	129	6433	96.2855195275
1833	125	6434	96.2563546629
1834	125	6440	96.2181569683
1835	120	6445	96.3007546864
1836	118	6451	96.3111345179
1837	114	6458	96.2456410313
1838	118	6465	96.3322215315
1839	123	6465	96.2587540542
1840	124	6465	96.2734270106
1841	121	6468	96.3201612636
1842	126	6468	96.3435863585
1843	123	6469	96.3712198916
1844	119	6472	96.394493867
1845	116	6472	96.4253063012
1846	115	6478	96.3715697433
1847	114	6484	96.4229949668
1848	109	6488	96.3996664141
1849	113	6488	96.3811111693
1850	116	6489	96.3768506879
1851	111	6495	96.4752826721
1852	116	6502	96.3867430321
1853	119	6504	96.334063011
1854	122	6507	96.2524853306
1855	126	6514	96.2069525875
1856	122	6520	96.1528304771
1857	125	6522	96.2411031924
1858	128	6528	96.1487153978
1859	129	6531	96.1459344159
1860	126	6534	96.1357037873
1861	131	6540	96.2015952848
1862	133	6541	96.2412833741
1863	137	6545	96.3109686075
1864	142	6548	96.3975214858
1865	145	6549	96.4463109868
1866	143	6556	96.4456841498
1867	147	6560	96.4824467351
1868	146	6561	96.5436272848
1869	149	6565	96.634943677
1870	148	6566	96.7337002579
1871	148	6567	96.6439201201
1872	152	6574	96.5619707444
1873	152	6575	96.5777108771
1874	156	6575	96.4935804431
1875	157	6575	96.4846480787
1876	152	6577	96.5403165539
1877	148	6581	96.491087901
1878	153	6581	96.5006830344
1879	150	6587	96.5718571651
1880	147	6592	96.5764120924
1881	142	6593	96.5709236378
1882	146	6595	96.5579896246
1883	145	6596	96.6133642276
1884	140	6603	96.5847531661
1885	137	6605	96.6330926143
1886	136	6605	96.5409475614
1887	134	6608	96.5669618319
1888	134	6612	96.6323306292
1889	130	6619	96.5933474752
1890	132	6619	96.561539568
1891	129	6626	96.515990489
1892	125	6629	96.6013219433
1893	129	6634	96.6560495331
1894	130	6634	96.671379642
1895	131	6640	96.6583313641
1896	136	6642	96.6897465874
1897	132	6642	96.7375842443
1898	129	6647	96.7854513254
1899	131	6654	96.79959283
1900	134	6655	96.7268342559
1901	137	6656	96.7782423995
1902	132	6661	96.86590963
1903	136	6661	96.8146358608
1904	133	6662	96.7778971925
1905	137	6662	96.8635197657
1906	134	6666	96.8686859577
1907	135	6671	96.8338014296
1908	130	6678	96.7913372343
1909	126	6683	96.8137659956
1910	126	6684	96.7599975191
1911	128	6691	96.7635091777
1912	125	6696	96.8615987456
1913	127	6703	96.7858189962
1914	123	6709	96.8443711723
1915	124	6712	96.8193525945
1916	125	6718	96.8804810519
1917	120	6720	96.7809214764
1918	123	6727	96.7649287382
1919	128	6731	96.671139916
1920	132	6732	96.6607753044
1921	130	6733	96.6126939597
1922	128	6737	96.5513605862
1923	125	6737	96.623789931
1924	123	6742	96.716276823
1925	119	6746	96.6243262353
1926	120	6748	96.6448741309
1927	116	6753	96.6434049872
1928	114	6759	96.5840510423
1929	113	6760	96.5628669672
1930	116	6760	96.5332813083
1931	111	6764	96.5320472462
1932	116	6768	96.5814604417
1933	117	6775	96.6739617063
1934	122	6781	96.6234453796
1935	120	6783	96.6119110998
1936	117	6784	96.6828461794
1937	113	6785	96.6445714793
1938	117	6792	96.7376224397
1939	114	6798	96.6911407638
1940	113	6798	96.5938131278
1941	118	6802	96.5813090125
1942	117	6808	96.5058305305
1943	116	6814	96.5875237194
1944	111	6815	96.5028095057
1945	111	6821	96.5081891176
1946	112	6828	96.4578764559
1947	108	6831	96.4056607514
1948	105	6833	96.3637584163
1949	105	6833	96.4291234632
1950	109	6835	96.4240601022
1951	109	6837	96.3882057126
1952	114	6842	96.4601274811
1953	119	6849	96.4149776176
1954	117	6854	96.3349564391
1955	114	6860	96.3169921788
1956	109	6861	96.3379345945
1957	111	6864	96.3757034359
1958	116	6869	96.3654549295
1959	120	6875	96.3231325036
1960	124	6875	96.3395204678
1961	124	6879	96.3102710717
1962	121	6880	96.3723547508
1963	118	6881	96.3054253196
1964	113	6886	96.3721067504
1965	114	6893	96.4230617054
1966	116	6899	96.5106216626
1967	112	6904	96.5156397274
1968	116	6905	96.4795919035
1969	111	6910	96.5157998865
1970	115	6911	96.5845829009
1971	118	6918	96.5467837005
1972	117	6924	96.4914805378
1973	114	6926	96.5686091916
1974	111	6932	96.5105798245
1975	115	6937	96.528553434
1976	117	6942	96.5936326085
1977	119	6943	96.5668447917
1978	114	6949	96.6028164858
1979	115	6952	96.5886626141
1980	112	6958	96.5299671721
1981	112	6963	96.522942808
1982	108	6968	96.6049152805
1983	105	6968	96.6222753073
1984	109	6974	96.646038247
1985	110	6981	96.6329081798
1986	115	6985	96.5485308113
1987	117	6988	96.6266575626
1988	121	6993	96.5479585246
1989	124	6998	96.5435800008
1990	127	7003	96.4437831013
1991	131	7009	96.5269806844
1992	134	7012	96.5836008603
1993	137	7014	96.5544041947
1994	133	7016	96.6486672155
1995	132	7021	96.627244779
1996	132	7023	96.5293869784
1997	127	7023	96.5025330665
1998	126	7027	96.5215876902
1999	129	7033	96.5307765587
2000	125	7037	96.4956429498
2001	127	7038	96.4113908899
2002	123	7038	96.3414926287
2003	123	7041	96.2919820744
2004	125	7046	96.3726009679
2005	120	7052	96.4694709047
2006	116	7058	96.4542780162
2007	111	7062	96.5522559112
2008	114	7065	96.5456785872
2009	111	7068	96.5598343448
2010	109	7071	96.5742150527
2011	104	7075	96.6609378071
2012	99	7082	96.7605992306
2013	103	7083	96.6981876272
2014	101	7087	96.7531546189
2015	103	7093	96.7436171594
2016	108	7099	96.8212388586
2017	113	7103	96.8240785539
2018	116	7110	96.7306972602
2019	114	7115	96.7596677474
2020	111	7117	96.7367187124
2021	111	7124	96.7621071229
2022	116	7131	96.7904321118
2023	115	7132	96.844036233
2024	113	7136	96.7856261643
2025	116	7140	96.811294326
2026	112	7147	96.8190092326
2027	109	7154	96.8921421917
2028	113	7160	96.9595855755
2029	109	7165	96.8853837652
2030	110	7170	96.9456227733
2031	106	7171	96.8534270196
2032	107	7176	96.8994067245
2033	109	7183	96.853189703
2034	112	7183	96.9209651712
2035	112	7187	96.9161298979
2036	112	7194	96.990099424
2037	112	7194	96.8998205388
2038	112	7200	96.8738123369
2039	111	7206	96.8901403619
2040	108	7210	96.9271820447
2041	104	7217	96.9766467292
2042	108	7217	96.8925506864
2043	104	7220	96.8776388551
2044	108	7224	96.9620642986
2045	105	7225	97.0483473452
2046	102	7228	97.0136018124
2047	101	7234	96.9618636722
2048	102	7241	97.0136080349
2049	104	7244	96.9789778878
2050	101	7251	96.9268645769
2051	97	7251	96.8729594533
2052	101	7254	96.8289563275
2053	101	7255	96.9007724711
2054	96	7257	96.8813374566
2055	100	7263	96.9737403649
2056	96	7268	96.9860851021
2057	97	7273	96.9140404993
2058	99	7279	96.8331124853
2059	103	7280	96.7400443521
2060	107	7284	96.6655223767
2061	107	7291	96.6052147125
2062	111	7294	96.6857111807
2063	109	7296	96.7829327263
2064	108	7300	96.6862451857
2065	111	7304	96.6848414975
2066	107	7305	96.6534269871
2067	111	7305	96.5738063121
2068	110	7309	96.6033207198
2069	114	7309	96.5626718853
2070	114	7314	96.6333510571
2071	113	7321	96.6737577786
2072	116	7327	96.6138406193
2073	120	7331	96.6932916214
2074	124	7334	96.7309373946
2075	121	7336	96.6622356692
2076	117	7343	96.564195188
2077	120	7347	96.5260970801
2078	121	7351	96.5832758615
2079	120	7358	96.6476502857
2080	116	7363	96.5852957189
2081	120	7363	96.6129832666
2082	120	7364	96.686932299
2083	121	7367	96.6599784096
2084	117	7369	96.6560538547
2085	116	7372	96.7206937826
2086	119	7376	96.6616994811
2087	117	7378	96.6647623858
2088	122	7378	96.6860969409
2089	126	7385	96.6238427608
2090	124	7392	96.5488451313
2091	125	7394	96.4969995753
2092	122	7397	96.5509891408
2093	120	7398	96.6033930905
2094	115	7399	96.6344458678
2095	115	7403	96.548530854
2096	111	7407	96.5640920995
2097	106	7414	96.6558898852
2098	108	7416	96.7493232937
2099	112	7416	96.721081157
2100	108	7420	96.7440168095
2101	113	7425	96.8275081911
2102	111	7428	96.7581885989
2103	111	7435	96.6770844863
2104	112	7440	96.7104331134
2105	114	7442	96.6289471488
2106	117	7443	96.6757013764
2107	122	7450	96.7189657406
2108	123	7453	96.6587623831
2109	127	7453	96.6428260897
2110	122	7456	96.6368837217
2111	127	7459	96.6556513857
2112	124	7460	96.6043666607
2113	124	7464	96.5376556033
2114	121	7465	96.5384939286
2115	117	7472	96.4745442706
2116	112	7474	96.435585966
2117	115	7478	96.4078979067
2118	115	7480	96.3726674147
2119	113	7480	96.3134905915
2120	115	7483	96.3613511313
2121	115	7483	96.4405712151
2122	113	7484	96.4421295344
2123	109	7486	96.4659019465
2124	109	7490	96.366605628
2125	113	7490	96.3600707899
2126	109	7493	96.273698886
2127	105	7498	96.2285386063
2128	101	7505	96.2434978274
2129	103	7512	96.1474475568
2130	103	7513	96.2102438957
2131	108	7513	96.1731045502
2132	109	7519	96.0755974459
2133	109	7523	95.9994180209
2134	105	7528	96.0270692892
2135	103	7532	95.9991073303
2136	101	7536	95.9548588918
2137	102	7538	95.9323849935
2138	97	7544	95.9517812648
2139	99	7551	95.8885481301
2140	97	7554	95.7940478277
2141	98	7561	95.7984834109
2142	103	7568	95.7869894061
2143	107	7568	95.8816573975
2144	104	7572	95.9196031141
2145	109	7574	95.8481306279
2146	107	7574	95.7577308661
2147	103	7576	95.7442411804
2148	105	7582	95.6729344519
2149	103	7589	95.6028636862
2150	105	7595	95.6154410625
2151	100	7596	95.7055861878
2152	97	7596	95.6495320965
2153	101	7602	95.6366985713
2154	96	7604	95.5697442012
2155	95	7607	95.5749676633
2156	99	7609	95.5341155308
2157	103	7613	95.5202888296
2158	104	7613	95.6008378303
2159	99	7619	95.5900662858
2160	98	7624	95.5133471326
2161	102	7627	95.5915449161
2162	107	7631	95.5682560841
2163	111	7637	95.6260589354
2164	106	7642	95.552455452
2165	102	7649	95.6443079469
2166	106	7650	95.5573611542
2167	107	7652	95.4982857559
2168	107	7652	95.56642338
2169	110	7659	95.5423879337
2170	111	7663	95.4908912204
2171	115	7667	95.4213358507
2172	119	7673	95.3510063246
2173	122	7674	95.2654174697
2174	117	7678	95.1707450532
2175	121	7685	95.1418128338
2176	121	7687	95.2201453854
2177	116	7687	95.2242216711
2178	112	7691	95.2313473554
2179	108	7694	95.2042591317
2180	110	7701	95.1819606069
2181	110	7706	95.1241198267
2182	115	7710	95.1302940702
2183	115	7715	95.0842444305
2184	114	7717	95.1267977849
2185	115	7723	95.1597695295
2186	118	7729	95.073666897
2187	114	7735	94.9874115063
2188	109	7735	94.9130869928
2189	114	7742	94.9332966713
2190	115	7746	94.9859544316
2191	113	7753	94.9927904413
2192	112	7760	94.9195762483
2193	110	7764	95.0045545489
2194	105	7765	94.9147324168
2195	106	7772	94.8423024792
2196	107	7775	94.9269432226
2197	111	7775	94.9240169296
2198	112	7780	94.9064765478
2199	117	7785	94.9938347847
2200	118	7788	95.0688250628
2201	122	7790	95.1382730193
2202	119	7796	95.1609044517
2203	117	7798	95.1125190805
2204	120	7800	95.1338713367
2205	117	7804	95.0666264843
2206	114	7806	95.0620687866
2207	118	7810	94.9868922404
2208	114	7813	95.0237801066
2209	118	7819	95.1105791106
2210	122	7822	95.0309621436
2211	121	7826	94.9784159616
2212	116	7829	95.0750541419
2213	118	7829	95.0095546237
2214	120	7833	95.01369856
2215	121	7839	95.0376969734
2216	120	7846	94.9383143712
2217	120	7846	94.8659648123
2218	116	7851	94.8666381725
2219	117	7858	94.8113475979
2220	121	7860	94.7301016239
2221	116	7862	94.6603508864
2222	117	7864	94.7421525621
2223	117	7871	94.8136662151
2224	118	7873	94.8283753843
2225	114	7875	94.8675641489
2226	112	7880	94.8240709896
2227	112	7884	94.8741744879
2228	113	7890	94.9569041404
2229	116	7894	94.9140604715
2230	117	7895	94.9758624254
2231	112	7901	95.0014360868
2232	109	7901	95.0442741523
2233	111	7905	95.0816302279
2234	112	7909	95.0971296169
2235	111	7911	95.0339652486
2236	108	7911	94.9483855167
2237	113	7914	94.9918213427
2238	117	7915	94.9768039564
2239	115	7918	94.9062880041
2240	120	7918	94.9739113477
2241	115	7920	95.0015299828
2242	117	7923	95.0594821178
2243	114	7926	95.0984573241
2244	117	7933	95.0687570032
2245	112	7935	95.1462229506
2246	107	7937	95.1490114056
2247	105	7940	95.1048008676
2248	106	7941	95.1119777202
2249	106	7944	95.1780397533
2250	104	7944	95.2706914523
2251	102	7947	95.3699114049
2252	106	7951	95.3304590115
2253	106	7955	95.3529121598
2254	106	7962	95.3726662137
2255	107	7962	95.3275307116
2256	104	7964	95.2580054846
2257	99	7967	95.2002918072
2258	99	7967	95.2717364452
2259	99	7969	95.1890319833
2260	102	7974	95.1888205078
2261	105	7977	95.1694375741
2262	100	7980	95.250490978
2263	96	7980	95.2965951827
2264	99	7981	95.3846153096
2265	95	7983	95.2977291072
2266	95	7989	95.3438337131
2267	92	7989	95.2498987173
2268	95	7993	95.2262873088
2269	90	8000	95.2193857621
2270	87	8006	95.3057835481
2271	82	8008	95.401938792
2272	78	8015	95.3072649612
2273	79	8017	95.2208923609
2274	81	8021	95.1349817063
2275	84	8023	95.1634644624
2276	86	8024	95.1434663974
2277	87	8026	95.1834132164
2278	82	8033	95.1880558017
2279	81	8036	95.1977378055
2280	84	8040	95.2963311994
2281	85	8041	95.286283047
2282	86	8042	95.3570072062
2283	85	8047	95.4201016574
2284	87	8051	95.4865867144
2285	86	8052	95.4169524207
2286	87	8059	95.4770178684
2287	91	8062	95.3825887854
2288	94	8066	95.4213552646
2289	96	8073	95.4868276152
2290	99	8079	95.4546576172
2291	103	8080	95.4001391154
2292	99	8087	95.4840547623
2293	95	8089	95.4618198728
2294	97	8096	95.3824284546
2295	92	8096	95.3363407268
2296	97	8100	95.2697414038
2297	100	8104	95.322341829
2298	95	8104	95.3837977416
2299	94	8111	95.4651742131
2300	91	8117	95.4767832259
2301	88	8121	95.5086472543
2302	87	8126	95.5014871071
2303	92	8129	95.459182188
2304	89	8130	95.525583237
2305	92	8131	95.5580477074
2306	88	8133	95.5168366267
2307	92	8134	95.4568983005
2308	95	8141	95.4786277445
2309	95	8143	95.5400857664
2310	90	8144	95.4921637935
2311	90	8147	95.5645729054
2312	90	8150	95.6326352045
2313	85	8153	95.7212452264
2314	80	8156	95.6261055064
2315	77	8161	95.7200356651
2316	77	8164	95.6755420561
2317	79	8170	95.6245747863
2318	79	8171	95.5422746243
2319	84	8174	95.4669249987
2320	80	8179	95.4212638303
2321	84	8186	95.3849000618
2322	88	8189	95.3460136577
2323	85	8195	95.364315834
2324	88	8202	95.4440697211
2325	90	8204	95.5335279271
2326	85	8206	95.5743220081
2327	86	8208	95.6170640824
2328	89	8210	95.6465750143
2329	89	8215	95.5765133802
2330	89	8220	95.6094719713
2331	93	8220	95.6736318276
2332	93	8223	95.710246127
2333	93	8227	95.7792970252
2334	92	8228	95.7940760138
2335	94	8231	95.7452856228
2336	96	8237	95.7578320517
2337	101	8244	95.7175319277
2338	101	8251	95.7526143288
2339	103	8255	95.8037122078
2340	106	8259	95.7559306834
2341	107	8259	95.7493432989
2342	112	8263	95.7737343554
2343	107	8265	95.8058904686
2344	106	8268	95.7715836052
2345	107	8268	95.7547976203
2346	105	8271	95.7519195715
2347	103	8273	95.8305819824
2348	108	8278	95.7823036244
2349	105	8284	95.8552622
2350	106	8290	95.853876482
2351	109	8294	95.8072838772
2352	106	8301	95.8386727823
2353	102	8303	95.9164834808
2354	105	8305	95.91279053
2355	108	8308	95.8968883209
2356	112	8308	95.9720898885
2357	115	8309	95.9088963303
2358	118	8313	95.9688683183
2359	122	8313	95.979974049
2360	122	8313	95.9382728933
2361	121	8317	95.8919449252
2362	125	8317	95.94765504
2363	127	8322	96.0245510864
2364	132	8329	95.9715834172
2365	135	8336	96.0496280093
2366	135	8338	96.0956503476
2367	138	8338	95.9978194572
2368	133	8342	95.9710656919
2369	133	8348	95.8957866203
2370	138	8354	95.9605742636
2371	139	8358	95.9031880191
2372	144	8358	95.9681862561
2373	147	8365	95.8977121809
2374	151	8371	95.8093898566
2375	151	8377	95.7420445811
2376	154	8380	95.6513359366
2377	158	8387	95.6884552478
2378	156	8392	95.6178266424
2379	154	8393	95.6456588572
2380	156	8399	95.6991998862
2381	153	8404	95.7103978495
2382	148	8409	95.714821589
2383	148	8415	95.7942436926
2384	143	8417	95.875172602
2385	145	8418	95.8293515317
2386	144	8423	95.877520587
2387	147	8426	95.9770349999
2388	150	8426	95.9424315264
2389	145	8428	95.9504605046
2390	140	8430	95.9987463175
2391	136	8436	95.932829919
2392	135	8436	95.8858259279
2393	130	8437	95.7933038337
2394	132	8444	95.8756762741
2395	135	8444	95.9345191267
2396	130	8446	96.0071415504
2397	126	8451	96.0754691369
2398	122	8452	96.0144792422
2399	119	8454	95.982930411
2400	123	8461	95.9459609855
2401	120	8465	95.8746247858
2402	124	8466	95.8090362384
2403	121	8471	95.7416467238
2404	124	8478	95.6711824019
2405	128	8481	95.7422266622
2406	128	8483	95.7860742951
2407	133	8487	95.7177479264
2408	136	8488	95.6830424541
2409	132	8495	95.7560935165
2410	135	8500	95.8429812788
2411	140	8505	95.8186670288
2412	144	8506	95.7378606792
2413	141	8511	95.653151024
2414	139	8515	95.599564145
2415	136	8515	95.6055764271
2416	140	8518	95.5829973158
2417	137	8525	95.5220736824
2418	141	8531	95.4689378015
2419	143	8534	95.5403258192
2420	148	8537	95.6035084036
2421	147	8542	95.6226710936
2422	142	8548	95.6523063349
2423	144	8548	95.6255465819
2424	149	8548	95.5746160578
2425	151	8549	95.5626097652
2426	146	8551	95.5932583373
2427	150	8555	95.6219179013
2428	149	8562	95.5402677567
2429	145	8569	95.536998635
2430	148	8572	95.5440007279
2431	153	8573	95.5837779085
2432	149	8580	95.6490734589
2433	146	8586	95.6671811021
2434	142	8587	95.7287581001
2435	146	8591	95.7439730739
2436	150	8594	95.8211500871
2437	148	8599	95.8735367422
2438	147	8605	95.7927183783
2439	142	8605	95.8475303454
2440	138	8607	95.7749242607
2441	134	8608	95.7880795609
2442	129	8611	95.7464986237
2443	133	8618	95.798734931
2444	130	8621	95.7774610805
2445	127	8627	95.8226185274
2446	130	8634	95.8346962302
2447	125	8638	95.8538397326
2448	121	8640	95.9228068207
2449	124	8646	95.8285298439
2450	121	8646	95.7622459669
2451	125	8646	95.7089264658
2452	122	8652	95.7167541476
2453	127	8652	95.7108105268
2454	131	8658	95.6493087496
2455	127	8660	95.6494678419
2456	129	8666	95.5591758605
2457	124	8670	95.6376824174
2458	128	8674	95.5927937815
2459	128	8676	95.5089809878
2460	130	8678	95.53355241
2461	131	8680	95.6267281932
2462	135	8684	95.5618454027
2463	135	8688	95.583479272
2464	137	8694	95.4872882849
2465	133	8694	95.4799140297
2466	130	8696	95.515533879
2467	134	8701	95.6055664765
2468	137	8702	95.6829102425
2469	133	8703	95.7302666278
2470	136	8708	95.766880863
2471	136	8710	95.7005826436
2472	131	8716	95.7274244038
2473	136	8723	95.7657234032
2474	131	8729	95.8158539306
2475	126	8735	95.8312958683
2476	126	8739	95.8577042092
2477	124	8743	95.7890047547
2478	119	8748	95.7442457321
2479	124	8751	95.7629681816
2480	120	8751	95.7787536125
2481	120	8758	95.722610448
2482	121	8759	95.76894311
2483	122	8763	95.7109397877
2484	120	8766	95.7978908795
2485	120	8769	95.8094934359
2486	120	8773	95.8043621168
2487	121	8780	95.7165257436
2488	122	8786	95.6910694092
2489	123	8787	95.649973359
2490	126	8790	95.6579802263
2491	126	8793	95.7167576885
2492	131	8798	95.77284283
2493	130	8805	95.7612235603
2494	132	8812	95.776986385
2495	127	8812	95.8400350351
2496	129	8819	95.933839643
2497	129	8821	96.0070965608
2498	134	8825	95.943404161
2499	136	8828	95.891675505
2500	140	8831	95.8561356755
2501	140	8835	95.7921968458
2502	136	8840	95.7546260365
2503	132	8840	95.7451795082
2504	127	8847	95.8122350473
2505	128	8848	95.8153385595
2506	125	8849	95.898817855
2507	121	8849	95.8250377095
2508	118	8852	95.8830892077
2509	118	8852	95.9471181566
2510	115	8853	95.8625727518
2511	118	8860	95.8421461213
2512	120	8860	95.916360213
2513	123	8867	95.8544209825
2514	122	8870	95.8966610499
2515	127	8870	95.8660120247
2516	132	8871	95.8339512261
2517	137	8877	95.8377042032
2518	137	8884	95.8828036308
2519	134	8891	95.822522046
2520	135	8898	95.9186914716
2521	131	8901	95.8369392701
2522	131	8901	95.909572398
2523	127	8901	95.8990512531
2524	127	8902	95.9763833352
2525	132	8903	95.9187255249
2526	130	8910	95.8305150686
2527	130	8910	95.847249733
2528	132	8915	95.8303712668
2529	136	8921	95.8056203418
2530	131	8922	95.7372592738
2531	126	8924	95.6697122391
2532	123	8931	95.7508212189
2533	122	8933	95.7803521815
2534	119	8937	95.8718090907
2535	119	8940	95.9584300015
2536	119	8945	95.9158575771
2537	124	8946	95.8922951488
2538	127	8948	95.9646501443
2539	127	8955	96.0611406755
2540	123	8957	96.0448941191
2541	120	8961	96.0624219447
2542	124	8965	96.0734061235
2543	126	8971	96.0555754198
2544	129	8973	96.0932020753
2545	127	8979	96.0302654364
2546	124	8979	95.9476618963
2547	128	8982	95.9072757243
2548	131	8984	95.8931324692
2549	127	8991	95.86561603
2550	126	8998	95.9012507103
2551	130	9005	95.8310336643
2552	130	9007	95.7353524273
2553	127	9009	95.8347867911
2554	122	9011	95.8887136995
2555	119	9016	95.9183919624
2556	124	9020	95.8796242997
2557	119	9026	95.9654632443
2558	122	9027	96.0354293978
2559	123	9027	95.9813066452
2560	124	9031	95.9841166007
2561	125	9037	96.0740127207
2562	125	9043	96.0895371472
2563	126	9044	96.097323012
2564	125	9044	96.1924475443
2565	128	9045	96.2044824467
2566	129	9045	96.1366527943
2567	127	9049	96.1704988609
2568	128	9050	96.1540471277
2569	131	9055	96.0615840656
2570	129	9060	95.984233184
2571	128	9060	95.9953681001
2572	127	9061	96.0681255735
2573	126	9067	96.1512223045
2574	129	9069	96.2263590322
2575	126	9072	96.165244435
2576	123	9075	96.1963109103
2577	125	9078	96.2858979224
2578	120	9079	96.1980681509
2579	119	9084	96.11905168
2580	121	9088	96.0507165583
2581	119	9088	96.0258086208
2582	119	9093	95.9489329966
2583	124	9100	95.9363223799
2584	123	9104	95.8500653474
2585	123	9108	95.8107860738
2586	128	9115	95.8386673744
2587	128	9119	95.8796513723
2588	128	9120	95.9498580077
2589	127	9124	96.0266413899
2590	122	9130	96.0663438789
2591	118	9134	96.0069906244
2592	113	9141	96.0750894623
2593	114	9147	96.0653972879
2594	117	9154	96.0587615359
2595	119	9160	96.0179161517
2596	114	9166	95.968793026
2597	116	9167	95.8902464483
2598	112	9172	95.9548321725
2599	110	9176	95.8640448237
2600	105	9183	95.8611509618
2601	108	9183	95.8972712099
2602	109	9183	95.9278001484
2603	109	9190	95.8548542883
2604	109	9190	95.8673874026
2605	113	9193	95.8137782535
2606	117	9195	95.7796989714
2607	119	9198	95.7219858872
2608	118	9202	95.8074715322
2609	119	9205	95.8666990127
2610	122	9205	95.8351909953
2611	118	9211	95.7833585678
2612	118	9216	95.8687076162
2613	121	9220	95.8792857834
2614	116	9220	95.8802801676
2615	112	9226	95.8525964385
2616	108	9230	95.8557187826
2617	106	9231	95.8075075052
2618	108	9236	95.7349192831
2619	104	9239	95.6652639857
2620	107	9244	95.6470554451
2621	110	9247	95.6742650118
2622	115	9251	95.602398368
2623	110	9252	95.6631854346
2624	107	9252	95.6504426252
2625	106	9256	95.6345501402
2626	104	9263	95.7267403021
2627	101	9268	95.7063159545
2628	104	9271	95.7990775106
2629	100	9276	95.8124401076
2630	97	9280	95.8330989133
2631	102	9282	95.8892659218
2632	97	9283	95.8639501275
2633	95	9289	95.8167965168
2634	100	9294	95.8963804566
2635	100	9295	95.9216775634
2636	96	9295	96.0050122797
2637	95	9299	96.0668072659
2638	90	9303	96.1300013056
2639	94	9309	96.2224059746
2640	96	9309	96.1899287882
2641	91	9309	96.2317116872
2642	88	9316	96.2348383632
2643	91	9320	96.2179617741
2644	88	9322	96.225890826
2645	89	9325	96.2877723464
2646	92	9331	96.2966352538
2647	92	9336	96.3604496216
2648	90	9343	96.347102764
2649	94	9344	96.3368726989
2650	96	9350	96.2645807193
2651	99	9350	96.2667846668
2652	102	9357	96.2569343836
2653	107	9358	96.2802201074
2654	111	9361	96.2696181729
2655	113	9361	96.1903501649
2656	108	9362	96.2533969361
2657	107	9365	96.209847544
2658	111	9372	96.2890753807
2659	116	9375	96.2575043601
2660	115	9377	96.1861942713
2661	114	9380	96.1962406674
2662	114	9382	96.107211572
2663	113	9385	96.1464271455
2664	112	9389	96.171855637
2665	112	9396	96.125415141
2666	110	9399	96.1646258278
2667	111	9401	96.1172686333
2668	115	9408	96.1116634636
2669	110	9410	96.0975855173
2670	115	9413	96.0020389393
2671	120	9413	95.9281667499
2672	115	9420	95.8461983406
2673	113	9423	95.8386678423
2674	108	9423	95.8163478146
2675	113	9428	95.8164893775
2676	113	9432	95.8907629619
2677	115	9437	95.8647854165
2678	116	9443	95.9073271783
2679	111	9443	95.9732269702
2680	112	9448	95.9532624426
2681	111	9449	96.046028104
2682	112	9453	96.1241073256
2683	115	9459	96.1580173459
2684	113	9464	96.077226711
2685	113	9471	95.9904547264
2686	111	9475	96.0704394449
2687	116	9481	96.0581155306
2688	111	9483	96.0545475813
2689	116	9485	95.9836408474
2690	115	9488	95.9670036912
2691	111	9492	95.9997801369
2692	116	9496	96.0640014026
2693	111	9496	96.0695939176
2694	110	9498	96.0850325445
2695	108	9499	95.9876287933
2696	104	9499	96.0588405339
2697	107	9506	95.9615275082
2698	109	9509	95.8723914069
2699	110	9516	95.8209666417
2700	113	9519	95.8254419869
2701	108	9526	95.8731141091
2702	112	9530	95.9205694191
2703	110	9530	95.9781859968
2704	106	9532	96.0662364854
2705	102	9537	96.0443606803
2706	105	9537	96.1340792572
2707	108	9539	96.0986088642
2708	108	9545	96.1244002476
2709	110	9545	96.1859456808
2710	109	9546	96.0979452704
2711	107	9546	96.1584092936
2712	103	9551	96.1213470822
2713	107	9557	96.0962420931
2714	108	9557	96.0471724346
2715	107	9560	96.0207809899
2716	112	9567	96.0208649376
2717	107	9568	95.9873813442
2718	110	9568	96.0558713914
2719	109	9570	96.0983859126
2720	109	9576	96.125130483
2721	104	9583	96.1010666706
2722	102	9590	96.1481793406
2723	100	9597	96.135999305
2724	98	9601	96.1225735283
2725	98	9608	96.1395941275
2726	97	9612	96.0758059478
2727	92	9618	96.160007433
2728	92	9621	96.0912055851
2729	88	9626	96.1043925905
2730	92	9630	96.1657779583
2731	91	9632	96.0870602789
2732	90	9635	96.149094438
2733	92	9637	96.1138813695
2734	89	9641	96.0800366305
2735	85	9642	96.0940103822
2736	80	9645	96.0091503509
2737	84	9652	96.0956908215
2738	80	9659	96.1870458286
2739	77	9662	96.1285201773
2740	75	9662	96.0925726578
2741	75	9666	96.0451431066
2742	75	9672	95.9919104624
2743	77	9678	96.0537822192
2744	76	9683	96.0135578785
2745	72	9683	96.041646684
2746	67	9686	96.103585089
2747	68	9689	96.1581222764
2748	72	9696	96.0917842822
2749	69	9699	96.1038580214
2750	72	9703	96.1761341227
2751	77	9707	96.1872517212
2752	76	9712	96.1366465415
2753	78	9719	96.1406164931
2754	82	9726	96.1281307421
2755	81	9729	96.0925713253
2756	86	9733	96.1738271608
2757	82	9734	96.1520673273
2758	79	9737	96.2388695523
2759	83	9743	96.201963216
2760	79	9745	96.2717025124
2761	75	9746	96.1770651977
2762	74	9751	96.20199192
2763	75	9754	96.21264911
2764	80	9754	96.1661920231
2765	83	9758	96.1351565752
2766	84	9763	96.0719328742
2767	87	9767	96.0380168509
2768	87	9773	96.1125759061
2769	84	9773	96.0395727488
2770	82	9773	96.1134066024
2771	79	9773	96.0138574415
2772	74	9779	96.0078186077
2773	79	9782	96.0734025572
2774	76	9786	96.044570522
2775	80	9789	96.1199345493
2776	79	9790	96.1801233846
2777	78	9797	96.0981984122
2778	79	9804	96.1442646543
2779	83	9808	96.2128573395
2780	82	9809	96.1302635441
2781	82	9816	96.1099851745
2782	87	9819	96.2069688054
2783	92	9819	96.2675863337
2784	90	9826	96.2001914807
2785	87	9832	96.2857841353
2786	82	9836	96.1867708957
2787	81	9840	96.1200734279
2788	82	9840	96.0758187976
2789	82	9842	95.9825121758
2790	81	9842	95.900028483
2791	80	9848	95.8957563374
2792	79	9850	95.9774717426
2793	78	9856	95.9803747053
2794	81	9860	96.0789949855
2795	79	9864	96.107578535
2796	83	9864	96.085913795
2797	83	9867	96.0123450966
2798	88	9869	95.9797384678
2799	92	9874	95.9325474846
2800	97	9881	96.025840897
2801	92	9885	96.0213732042
2802	97	9890	95.9307140455
2803	102	9892	95.9148881541
2804	107	9895	95.9030613267
2805	103	9898	95.8682703852
2806	107	9901	95.9152993594
2807	107	9906	95.8460023017
2808	106	9906	95.8047772081
2809	110	9913	95.7502400675
2810	110	9915	95.7690862616
2811	114	9917	95.8166403252
2812	110	9924	95.8797788834
2813	114	9924	95.961193211
2814	119	9927	95.8727758959
2815	119	9931	95.9637157323
2816	120	9938	95.963790503
2817	125	9945	95.96701078
2818	125	9946	95.9396986305
2819	128	9947	95.8639591839
2820	126	9947	95.7704393359
2821	125	9949	95.783216439
2822	127	9953	95.7733767923
2823	131	9953	95.7011213751
2824	134	9953	95.7599261733
2825	135	9957	95.7784107059
2826	140	9961	95.7645158902
2827	141	9964	95.8331923518
2828	142	9966	95.9080972176
2829	146	9970	95.956739005
2830	151	9974	95.9529267927
2831	151	9980	95.9526384989
2832	151	9984	96.0377821121
2833	152	9988	95.9652140748
2834	148	9994	95.8863774967
2835	148	10000	95.8996930638
2836	151	10007	95.8253585363
2837	152	10007	95.8954354567
2838	157	10007	95.9591642612
2839	154	10013	96.0420527039
2840	155	10014	96.066943682
2841	155	10015	95.9953454161
2842	156	10021	95.9242458839
2843	160	10026	95.8907123235
2844	157	10033	95.9322314661
2845	155	10034	95.8371373094
2846	153	10034	95.7527392352
2847	155	10036	95.7507167113
2848	155	10039	95.7092041485
2849	154	10045	95.7726907409
2850	156	10047	95.7032259965
2851	158	10049	95.7069502374
2852	155	10049	95.7024933034
2853	160	10052	95.7322399788
2854	165	10057	95.6582696943
2855	164	10059	95.6750598201
2856	166	10062	95.7236141288
2857	167	10066	95.7189882625
2858	165	10069	95.6794305082
2859	168	10070	95.7609100024
2860	167	10076	95.8475482651
2861	168	10078	95.8132464848
2862	165	10079	95.7181173275
2863	170	10083	95.7652152074
2864	168	10086	95.7443928184
2865	167	10088	95.7605170903
2866	162	10088	95.8601345912
2867	160	10094	95.8108165391
2868	164	10095	95.7771600957
2869	162	10098	95.7533108094
2870	163	10105	95.795954405
2871	162	10112	95.8693035197
2872	161	10114	95.7901737233
2873	159	10120	95.8769302465
2874	155	10123	95.9617648562
2875	157	10126	95.9476621468
2876	153	10128	95.9124254968
2877	152	10131	95.9501440739
2878	148	10135	95.8519620465
2879	148	10135	95.8016955616
2880	150	10142	95.8080991279
2881	150	10147	95.8154452024
2882	150	10149	95.8292707208
2883	153	10154	95.7814001353
2884	153	10159	95.7035828054
2885	157	10162	95.742272624
2886	153	10165	95.7952359981
2887	154	10171	95.7083288811
2888	150	10176	95.6566171162
2889	148	10179	95.6053803761
2890	151	10183	95.6650819997
2891	150	10185	95.623899291
2892	146	10187	95.622864489
2893	147	10193	95.7078081578
2894	151	10198	95.7947857131
2895	152	10203	95.7646339854
2896	150	10206	95.6898404808
2897	155	10208	95.6145861722
2898	150	10210	95.6292961106
2899	151	10215	95.5733632421
2900	154	10215	95.4775090185
2901	153	10221	95.5427791216
2902	154	10225	95.6218963112
2903	159	10228	95.6461838157
2904	156	10231	95.708726403
2905	153	10234	95.766888803
2906	156	10237	95.8006354278
2907	159	10243	95.7780494287
2908	163	10245	95.7766015334
2909	160	10248	95.8172198121
2910	155	10255	95.8810476842
2911	154	10256	95.8911097654
2912	149	10263	95.8962538408
2913	147	10265	95.8996051798
2914	149	10265	95.8462251826
2915	150	10271	95.811133035
2916	152	10275	95.8600790718
2917	151	10280	95.8965881551
2918	148	10280	95.8081977033
2919	144	10283	95.7300436089
2920	145	10285	95.8285930352
2921	150	10291	95.7803784795
2922	154	10294	95.8095080804
2923	155	10299	95.7142666129
2924	157	10299	95.6428395223
2925	158	10300	95.7286291117
2926	162	10300	95.6319015449
2927	157	10301	95.6492025138
2928	161	10304	95.603604972
2929	165	10311	95.7016104844
2930	167	10312	95.6860119765
2931	162	10318	95.5968417863
2932	167	10320	95.5934425442
2933	163	10326	95.6178691608
2934	166	10331	95.6333459707
2935	162	10332	95.714725339
2936	160	10339	95.6353283725
2937	158	10345	95.6117266525
2938	160	10348	95.6192139602
2939	161	10349	95.711843872
2940	160	10350	95.7713559236
2941	159	10351	95.6804681097
2942	163	10353	95.6556385058
2943	158	10358	95.6069889185
2944	162	10364	95.6982060362
2945	167	10366	95.6989668869
2946	163	10368	95.60488611
2947	162	10375	95.556432731
2948	161	10377	95.4763996273
2949	159	10377	95.54125188
2950	162	10382	95.5566269232
2951	163	10382	95.6430576873
2952	164	10382	95.7241401243
2953	161	10384	95.6778595028
2954	164	10387	95.692774902
2955	168	10388	95.59533218
2956	166	10393	95.5514080768
2957	166	10396	95.5273258536
2958	167	10396	95.5791947434
2959	165	10402	95.6315215891
2960	162	10409	95.6939638193
2961	159	10414	95.6569867536
2962	154	10420	95.6134280916
2963	149	10421	95.6639533364
2964	148	10426	95.6874818072
2965	151	10430	95.6631030601
2966	156	10432	95.7280263657
2967	157	10437	95.6528233339
2968	153	10441	95.5819249715
2969	157	10444	95.6564751814
2970	162	10446	95.6000019712
2971	166	10451	95.6604547554
2972	162	10454	95.6851829654
2973	162	10460	95.6847551759
2974	162	10463	95.779460312
2975	164	10463	95.7266830144
2976	159	10466	95.7054922684
2977	157	10470	95.6799651277
2978	159	10470	95.6666404805
2979	159	10475	95.7335146504
2980	160	10478	95.6619348884
2981	164	10481	95.6976048477
2982	163	10485	95.6223283569
2983	166	10492	95.6034090972
2984	170	10497	95.5957656235
2985	174	10503	95.6309687387
2986	176	10508	95.7010406902
2987	180	10513	95.6683003672
2988	178	10515	95.7228141961
2989	176	10516	95.691733514
2990	173	10523	95.6741504341
2991	170	10530	95.6418494744
2992	173	10534	95.713912455
2993	176	10536	95.7432103764
2994	179	10536	95.8183622316
2995	177	10543	95.8795218376
2996	181	10548	95.8020897975
2997	183	10551	95.7533980199
2998	181	10557	95.6955448252
2999	184	10557	95.7575986433
3000	179	10564	95.7183726495
3001	181	10566	95.7766191774
3002	178	10566	95.7438524905
3003	178	10567	95.6497094236
3004	181	10568	95.6762010656
3005	176	10569	95.6690790107
3006	179	10572	95.6697081246
3007	183	10576	95.5795391826
3008	180	10578	95.5395670195
3009	182	10580	95.5178825456
3010	179	10583	95.5726442687
3011	179	10585	95.589107024
3012	174	10588	95.6681816032
3013	170	10592	95.572220486
3014	167	10593	95.5402429959
3015	172	10594	95.586934489
3016	170	10594	95.5862035907
3017	167	10596	95.4979529478
3018	171	10603	95.5109154236
3019	174	10608	95.4963211966
3020	172	10613	95.4016130818
3021	172	10614	95.4379937889
3022	169	10620	95.4102778438
3023	166	10624	95.3731508073
3024	162	10628	95.3596677121
3025	157	10634	95.2704104897
3026	159	10639	95.2156468536
3027	157	10639	95.3126955059
3028	157	10640	95.2692779216
3029	152	10640	95.3409417073
3030	154	10646	95.346780917
3031	155	10646	95.3514162814
3032	157	10651	95.4146523573
3033	156	10651	95.4535542529
3034	156	10654	95.4211474641
3035	158	10655	95.4751591828
3036	153	10657	95.516847249
3037	151	10664	95.4870079648
3038	147	10669	95.4493421811
3039	142	10676	95.475646541
3040	138	10683	95.5598888797
3041	136	10685	95.6153959949
3042	137	10686	95.6757134725
3043	135	10689	95.602659439
3044	140	10696	95.5116157233
3045	138	10702	95.5905455508
3046	138	10709	95.5107565791
3047	133	10711	95.5595731645
3048	135	10716	95.5252660229
3049	137	10723	95.4459379399
3050	138	10726	95.4795227986
3051	134	10731	95.3803902713
3052	134	10732	95.3794681501
3053	138	10739	95.2887173556
3054	136	10739	95.2051945422
3055	134	10745	95.255339118
3056	137	10752	95.2566047638
3057	136	10759	95.3235821637
3058	139	10761	95.3645481689
3059	134	10768	95.2836573104
3060	139	10772	95.2199727754
3061	142	10776	95.2230858092
3062	143	10776	95.2687027142
3063	148	10781	95.363113633
3064	153	10784	95.4002895908
3065	157	10784	95.3911936718
3066	152	10790	95.411759761
3067	148	10793	95.4447853777
3068	152	10795	95.5077322271
3069	156	10801	95.4979014647
3070	161	10804	95.5534827746
3071	163	10808	95.5610619086
3072	160	10808	95.4748937451
3073	163	10815	95.4297725368
3074	161	10818	95.482308425
3075	162	10821	95.55097228
3076	157	10821	95.4756768989
3077	155	10828	95.4888590296
3078	156	10833	95.4733052114
3079	153	10839	95.3893906446
3080	151	10844	95.4288210198
3081	155	10844	95.4417212235
3082	155	10849	95.4755092559
3083	155	10854	95.4518505505
3084	159	10860	95.39019889
3085	164	10863	95.3543494271
3086	161	10863	95.361845303
3087	157	10866	95.3157942431
3088	153	10872	95.2384991161
3089	154	10878	95.1654914727
3090	157	10882	95.1893914706
3091	159	10886	95.2836387852
3092	164	10889	95.1873209633
3093	165	10893	95.172490363
3094	169	10894	95.0916589422
3095	165	10896	95.1528589862
3096	168	10898	95.2327832758
3097	169	10901	95.2099926165
3098	172	10904	95.1783404481
3099	177	10908	95.1617731695
3100	178	10911	95.2201636448
3101	180	10917	95.1877018177
3102	181	10920	95.1021353285
3103	177	10927	95.1630657634
3104	174	10930	95.1553765231
3105	172	10935	95.0836861551
3106	170	10942	95.0548904764
3107	174	10947	95.092244126
3108	179	10947	95.1815402816
3109	182	10954	95.1305779047
3110	179	10955	95.099552862
3111	180	10958	95.0075112916
3112	176	10962	94.9786078925
3113	181	10965	94.9829261207
3114	184	10971	95.0693249746
3115	181	10975	95.1470825174
3116	178	10976	95.0605442516
3117	176	10977	94.9735514341
3118	179	10977	95.0558464208
3119	180	10977	95.0700244617
3120	180	10980	95.0322259604
3121	184	10984	94.9582744236
3122	185	10987	94.9798795874
3123	187	10989	94.9671691644
3124	184	10993	94.9228175348
3125	184	11000	95.0178719279
3126	180	11002	94.9441560067
3127	176	11007	95.010423617
3128	174	11010	94.9229883219
3129	172	11015	94.8893374553
3130	176	11021	94.8535444788
3131	180	11021	94.8238907102
3132	177	11027	94.9004609236
3133	176	11034	94.8620671275
3134	174	11038	94.9165871856
3135	173	11042	94.8707941437
3136	170	11047	94.8625589124
3137	174	11049	94.9020477882
3138	174	11055	94.8302637117
3139	171	11058	94.827944968
3140	173	11064	94.8091347772
3141	174	11069	94.8314063705
3142	169	11069	94.8533018973
3143	165	11069	94.8763265303
3144	162	11071	94.9593721659
3145	165	11078	94.8599980555
3146	161	11083	94.9007153059
3147	157	11089	94.9470365745
3148	152	11094	94.8883143795
3149	153	11095	94.8609284786
3150	149	11096	94.8130852263
3151	148	11103	94.7817618014
3152	145	11110	94.7164343419
3153	143	11111	94.7662975012
3154	144	11117	94.7528948574
3155	146	11118	94.7252193686
3156	147	11119	94.6347348292
3157	143	11119	94.577723071
3158	141	11120	94.4988569118
3159	139	11124	94.5961964659
3160	136	11126	94.5609608129
3161	133	11128	94.5359456719
3162	130	11134	94.6206311297
3163	129	11136	94.5613017847
3164	129	11136	94.5321988274
3165	130	11138	94.5399607101
3166	134	11144	94.5312518821
3167	139	11147	94.6091460103
3168	137	11150	94.679818411
3169	139	11153	94.6040162167
3170	139	11159	94.6194887682
3171	138	11163	94.5337458647
3172	133	11167	94.5897818348
3173	129	11167	94.5175425872
3174	126	11170	94.5381620996
3175	124	11171	94.6257847516
3176	128	11174	94.5517122696
3177	132	11178	94.504463901
3178	133	11178	94.4378406291
3179	128	11179	94.4819834068
3180	132	11179	94.4551154286
3181	132	11179	94.42906824
3182	127	11180	94.4947631811
3183	129	11187	94.5566594766
3184	130	11193	94.5437668482
3185	128	11195	94.612689785
3186	131	11197	94.5782886976
3187	134	11203	94.6009003215
3188	138	11205	94.6492311072
3189	134	11205	94.6108769507
3190	132	11212	94.5225804054
3191	135	11217	94.4267335329
3192	130	11217	94.3400140095
3193	130	11224	94.2439043778
3194	129	11225	94.2335374112
3195	125	11230	94.2932973179
3196	128	11235	94.3442445884
3197	132	11239	94.2525849357
3198	129	11243	94.1941544741
3199	124	11243	94.2328969089
3200	120	11248	94.2174534017
3201	122	11255	94.25541613
3202	120	11255	94.3438902848
3203	125	11256	94.2854994596
3204	127	11260	94.320601291
3205	132	11266	94.25450503
3206	128	11269	94.2174784666
3207	132	11274	94.2235560975
3208	134	11275	94.1494081062
3209	130	11277	94.1432771115
3210	132	11283	94.16110021
3211	133	11287	94.1693368599
3212	129	11287	94.1859326784
3213	133	11291	94.2586548107
3214	131	11293	94.328136303
3215	133	11295	94.3990148425
3216	130	11296	94.4213402274
3217	131	11301	94.4759651912
3218	133	11302	94.4484587563
3219	132	11307	94.3544175061
3220	134	11310	94.3429406684
3221	139	11314	94.2654078064
3222	136	11319	94.1742835809
3223	141	11319	94.2034415598
3224	140	11326	94.1977350754
3225	136	11332	94.2330578413
3226	135	11332	94.1849191683
3227	138	11334	94.1555733689
3228	136	11337	94.0957176824
3229	136	11338	94.0241680081
3230	133	11339	93.9268780491
3231	130	11344	93.8563458724
3232	125	11348	93.7759231094
3233	130	11353	93.6979380609
3234	132	11353	93.6631597284
3235	128	11360	93.6681146404
3236	128	11362	93.6199818339
3237	125	11369	93.5510069867
3238	121	11374	93.5986635792
3239	119	11378	93.6778157245
3240	124	11385	93.6575427613
3241	124	11385	93.6837164406
3242	128	11385	93.7625426942
3243	130	11388	93.7403486946
3244	127	11393	93.7692374936
3245	127	11393	93.8130851236
3246	125	11397	93.8727941551
3247	124	11400	93.8223307221
3248	127	11406	93.7555727533
3249	126	11413	93.7682551556
3250	127	11413	93.706054109
3251	125	11419	93.6973056842
3252	130	11424	93.610078154
3253	131	11425	93.7095553952
3254	136	11426	93.662564943
3255	134	11431	93.5639615401
3256	131	11433	93.4663648031
3257	126	11440	93.5152562002
3258	130	11442	93.4598058516
3259	128	11449	93.4582600126
3260	126	11449	93.424253341
3261	128	11453	93.4366758969
3262	128	11458	93.4008120017
3263	123	11458	93.4417883501
3264	124	11462	93.4148754946
3265	126	11462	93.4613426539
3266	122	11464	93.5472341916
3267	127	11468	93.4764136989
3268	124	11475	93.5379264342
3269	128	11475	93.4432836328
3270	126	11480	93.405134831
3271	130	11481	93.3852091686
3272	129	11485	93.3895475009
3273	127	11488	93.3472530929
3274	123	11488	93.2669519826
3275	126	11491	93.3343555136
3276	129	11498	93.3993245512
3277	130	11498	93.3985870226
3278	135	11505	93.4224627804
3279	131	11505	93.4583259241
3280	136	11505	93.3952436009
3281	135	11510	93.433556836
3282	138	11517	93.4042125975
3283	138	11520	93.3607691211
3284	142	11524	93.4456238155
3285	139	11524	93.4497579063
3286	135	11529	93.4454531516
3287	140	11534	93.3764682983
3288	145	11539	93.3890990357
3289	146	11544	93.3640166303
3290	151	11551	93.4109599994
3291	153	11555	93.4293765082
3292	152	11557	93.4844869931
3293	156	11559	93.4968262886
3294	157	11559	93.5949550505
3295	158	11565	93.5329472558
3296	161	11569	93.4734745357
3297	161	11570	93.3964392641
3298	161	11572	93.3328691332
3299	165	11574	93.3127808227
3300	161	11579	93.3885197695
3301	163	11580	93.4188467914
3302	168	11580	93.4766730407
3303	165	11585	93.436863632
3304	160	11590	93.5141341728
3305	158	11595	93.5692443854
3306	156	11600	93.5621410435
3307	161	11607	93.5688270912
3308	165	11608	93.5016773864
3309	163	11614	93.4179115991
3310	162	11618	93.3835315761
3311	157	11622	93.3098981243
3312	160	11627	93.3487601567
3313	162	11630	93.3659586482
3314	160	11634	93.4166734869
3315	156	11636	93.3604286685
3316	152	11637	93.2964867251
3317	156	11641	93.2737207618
3318	160	11644	93.3648615554
3319	163	11645	93.3308843131
3320	164	11647	93.3498327199
3321	164	11648	93.4284481195
3322	163	11654	93.3926250648
3323	162	11661	93.3422935234
3324	167	11666	93.3822736254
3325	163	11666	93.3707915331
3326	165	11673	93.4573040307
3327	169	11676	93.5213539634
3328	172	11683	93.438030014
3329	170	11689	93.3545942931
3330	171	11692	93.2668151019
3331	175	11699	93.3394282547
3332	173	11700	93.2914117684
3333	168	11706	93.2366149138
3334	168	11707	93.1458940301
3335	163	11710	93.0839034141
3336	165	11711	93.1081160819
