1	134	2	94.9646093299
2	129	5	94.9276131134
3	128	9	95.0196216104
4	126	9	95.0056133904
5	125	10	95.0569513083
6	127	14	95.0372840876
7	132	20	95.1084096903
8	127	24	95.1917376137
9	132	28	95.1243079298
10	134	34	95.0414370219
11	132	39	94.9846074117
12	128	39	94.9271832392
13	129	45	94.8315419693
14	127	52	94.9244133636
15	130	53	94.9732964802
16	135	57	94.9951897012
17	131	58	95.0038344286
18	130	63	94.9850299581
19	135	70	95.0609511702
20	132	77	94.9810664734
21	130	78	94.8919556497
22	128	84	94.8009518169
23	123	86	94.8347099173
24	125	86	94.8798099699
25	123	92	94.8999081874
26	125	95	94.8990152385
27	123	96	94.9666557044
28	128	101	95.0569045902
29	128	103	95.1404338429
30	129	103	95.152199246
31	128	110	95.1438923745
32	131	110	95.1049113645
33	135	114	95.1486207102
34	136	115	95.1233074666
35	135	121	95.1535834918
36	135	128	95.0942510265
37	132	135	95.1050511037
38	130	136	95.2049647481
39	130	143	95.2327540072
40	125	147	95.2813463013
41	130	154	95.2703251641
42	133	159	95.3212784182
43	131	162	95.3485796369
44	131	167	95.3626285008
45	129	172	95.4585055611
46	133	174	95.4423392943
47	135	179	95.3596353319
48	133	181	95.3457843165
49	131	184	95.2667099493
50	128	184	95.2250819474
51	124	190	95.1279693391
52	120	197	95.1020815162
53	123	200	95.0595544938
54	123	201	95.1302836279
55	126	201	95.112818936
56	127	203	95.0213277235
57	128	204	94.9517296439
58	126	208	94.8827758094
59	130	211	94.8174606209
60	134	218	94.8732488837
61	133	225	94.8635478438
62	129	225	94.955414217
63	124	229	94.9541631562
64	129	234	94.9689411793
65	133	235	94.8977824343
66	137	237	94.8908377275
67	137	242	94.8677303803
68	141	243	94.903016013
69	144	248	94.8173663222
70	142	253	94.8333561679
71	145	256	94.7481209461
72	145	260	94.6732286956
73	150	262	94.5853012008
74	154	264	94.5606055944
75	155	269	94.5685178836
76	152	274	94.5371637463
77	149	280	94.536070951
78	151	282	94.603599504
79	154	284	94.6473954497
80	159	291	94.6020954668
81	156	292	94.6254095329
82	158	296	94.6126503219
83	155	302	94.7098488854
84	155	304	94.7806248091
85	159	304	94.8638251831
86	164	306	94.8213112854
87	167	306	94.7468471266
88	169	307	94.7602905564
89	165	307	94.7040439464
90	168	313	94.7075285334
91	168	319	94.6462222864
92	167	321	94.6301464346
93	172	325	94.6504079883
94	168	326	94.6204204441
95	167	327	94.637701939
96	166	334	94.6374814959
97	169	338	94.6784296856
98	171	341	94.6250280327
99	166	341	94.7151689796
100	166	343	94.748842848
101	162	343	94.6567333979
102	164	348	94.7558238794
103	168	354	94.7300234379
104	166	361	94.669052864
105	161	365	94.6135785332
106	160	372	94.635761492
107	158	374	94.5827032842
108	159	378	94.5425367156
109	155	379	94.4898775705
110	154	381	94.4114704699
111	152	388	94.4095971614
112	153	392	94.4516849092
113	153	396	94.4905650386
114	155	401	94.5452526306
115	160	407	94.4761381853
116	158	408	94.5333839591
117	155	413	94.5825420153
118	154	413	94.6402166165
119	154	419	94.7275790547
120	153	426	94.7592704152
121	149	430	94.6642721571
122	149	433	94.5943880775
123	153	438	94.6629358947
124	157	439	94.6189478167
125	162	444	94.5787429555
126	158	451	94.4941420311
127	159	456	94.474394489
128	161	461	94.5518953297
129	157	461	94.6100658977
130	154	464	94.6764752966
131	153	469	94.5953767297
132	150	473	94.5270317416
133	153	480	94.5751211382
134	148	487	94.4857338122
135	145	489	94.51562325
136	144	495	94.5987190351
137	148	498	94.6820122603
138	147	504	94.7427381442
139	145	505	94.6484576437
140	143	505	94.5572219698
141	140	508	94.6549676944
142	139	512	94.6761543977
143	135	513	94.6763354373
144	140	519	94.6013288577
145	139	525	94.5877101807
146	141	527	94.6373835935
147	139	528	94.6357009116
148	135	532	94.6753422467
149	132	538	94.6063795495
150	133	542	94.5798581179
151	138	544	94.5773309199
152	140	549	94.5272013546
153	145	549	94.473177868
154	148	556	94.5511300091
155	150	557	94.6122189384
156	154	562	94.6927447261
157	150	563	94.7012403062
158	150	569	94.7907188185
159	151	569	94.8093703484
160	151	572	94.8146786922
161	153	574	94.7806674694
162	152	576	94.7041573727
163	152	583	94.7431883106
164	156	586	94.7657099855
165	159	586	94.8648084904
166	161	592	94.8410036677
167	165	597	94.8708175078
168	163	603	94.884237369
169	164	609	94.8210417207
170	159	611	94.8476381716
171	156	611	94.8809861608
172	151	617	94.8287751595
173	155	620	94.8185780985
174	152	620	94.7757656258
175	147	623	94.7250887281
176	143	629	94.8148892559
177	142	633	94.9082939397
178	140	639	94.8176926711
179	135	640	94.8642534016
180	134	641	94.8784186612
181	130	645	94.7863161514
182	131	649	94.6889332675
183	136	652	94.623977072
184	131	657	94.6375591125
185	136	662	94.6151576019
186	136	669	94.5448649671
187	138	674	94.5753442376
188	136	678	94.6053795919
189	139	678	94.6946313831
190	141	683	94.644544235
191	141	689	94.637816883
192	146	694	94.5854169336
193	143	701	94.633036965
194	145	704	94.5582291024
195	149	705	94.6316762389
196	154	706	94.5587565313
197	155	712	94.5677174523
198	155	712	94.4821091956
199	153	713	94.4170082024
200	150	716	94.4569935739
201	148	716	94.4943396628
202	151	718	94.4855459323
203	149	719	94.5666032308
204	144	721	94.632389204
205	144	721	94.706004269
206	142	726	94.6585094912
207	138	731	94.6564290689
208	140	734	94.6799565983
209	135	735	94.6857536623
210	136	738	94.6470843209
211	139	740	94.610118713
212	139	744	94.5306065384
213	142	749	94.6204651958
214	144	754	94.605051131
215	143	758	94.5463616643
216	143	761	94.4978129169
217	142	764	94.461603529
218	144	770	94.5050995007
219	139	770	94.4425715473
220	135	773	94.3740759984
221	134	777	94.4255876254
222	134	779	94.3704573755
223	136	781	94.4273624661
224	136	781	94.4925981368
225	132	781	94.5506252923
226	132	783	94.6501654193
227	137	783	94.6063438232
228	133	784	94.6510020424
229	137	791	94.6526300146
230	135	795	94.5591970651
231	131	799	94.6198940851
232	130	804	94.5950018442
233	133	806	94.5950801221
234	134	808	94.5866061812
235	131	810	94.6279334293
236	126	817	94.7065923055
237	130	822	94.6285642068
238	129	824	94.5503921464
239	134	827	94.5938545923
240	132	832	94.6018373859
241	127	834	94.5119255469
242	129	839	94.6065260514
243	126	846	94.5729774868
244	124	848	94.5450715871
245	119	849	94.615759926
246	118	850	94.5833401495
247	119	851	94.6758476658
248	119	854	94.7489024854
249	116	854	94.7349519266
250	115	854	94.6465564325
251	118	855	94.6165451394
252	121	857	94.6134340559
253	116	861	94.6253303287
254	119	864	94.7118195919
255	124	867	94.6473641209
256	121	872	94.7163920521
257	125	877	94.7124726395
258	120	878	94.6642979465
259	119	882	94.6130321544
260	123	887	94.5746710057
261	120	893	94.5173945059
262	124	894	94.5971820404
263	121	895	94.6329011811
264	122	899	94.7117633686
265	124	904	94.7322201872
266	126	906	94.7002028072
267	123	912	94.6772434362
268	125	915	94.6677874102
269	125	919	94.7158665652
270	129	926	94.7184535376
271	127	933	94.7162714899
272	132	933	94.665223139
273	132	936	94.5783254572
274	128	943	94.6598434067
275	131	947	94.6448373317
276	136	948	94.7234787892
277	136	953	94.7408030125
278	135	953	94.6814822659
279	137	960	94.6581614686
280	136	964	94.6932579055
281	132	965	94.7347305113
282	127	965	94.7331199548
283	131	967	94.7524630671
284	132	971	94.7999175048
285	137	974	94.7836154701
286	134	981	94.7901256548
287	130	983	94.8673752223
288	129	983	94.9246114372
289	133	987	94.9354984774
290	133	994	94.9844732421
291	136	999	95.00412108
292	131	1003	94.9924637478
293	133	1006	95.0086928482
294	133	1012	94.9480256675
295	131	1012	94.8781072929
296	130	1016	94.8963512311
297	127	1021	94.8234608153
298	128	1026	94.8053534876
299	132	1032	94.7653407108
300	133	1037	94.8186218892
301	138	1040	94.859551054
302	142	1046	94.7881060266
303	145	1050	94.7742961924
304	149	1056	94.8530981183
305	148	1063	94.7597499325
306	145	1069	94.7150280538
307	141	1069	94.7453854547
308	136	1072	94.7765963338
309	132	1072	94.7334848374
310	137	1076	94.7788996693
311	134	1079	94.7739419837
312	136	1082	94.8590440088
313	134	1083	94.7991098774
314	131	1090	94.7114894855
315	134	1093	94.6594814828
316	133	1096	94.6321912456
317	136	1103	94.645561527
318	137	1109	94.6664423911
319	135	1115	94.6703825968
320	131	1122	94.5967083887
321	136	1126	94.6138981321
322	140	1128	94.5150420336
323	141	1130	94.4452086835
324	141	1137	94.4704228834
325	139	1143	94.447201584
326	136	1143	94.4543948163
327	140	1148	94.4401391077
328	145	1153	94.4075924868
329	150	1160	94.3658835513
330	147	1162	94.4034768519
331	142	1166	94.3551907876
332	147	1172	94.4447266145
333	143	1175	94.4475535958
334	143	1181	94.4479986952
335	140	1188	94.5432551195
336	145	1188	94.6222936767
337	144	1188	94.5827896183
338	142	1193	94.5030212134
339	137	1196	94.5318634337
340	132	1197	94.5388020411
341	135	1203	94.6082276531
342	135	1205	94.6957892112
343	138	1210	94.7020757622
344	141	1211	94.7919538259
345	146	1216	94.7785590142
346	147	1221	94.8365173392
347	149	1222	94.8451593761
348	147	1225	94.8066871947
349	144	1226	94.8328785452
350	145	1233	94.812854872
351	148	1233	94.7687916908
352	145	1235	94.8375778801
353	143	1239	94.737822031
354	139	1244	94.7662472985
355	142	1247	94.8122929248
356	147	1252	94.7382441437
357	142	1253	94.7973105491
358	142	1256	94.7413935857
359	142	1257	94.6490326901
360	141	1264	94.6294049547
361	140	1268	94.5677843887
362	136	1269	94.5668677057
363	134	1271	94.6562065208
364	137	1271	94.6728928266
365	139	1278	94.6259622765
366	137	1285	94.638272616
367	132	1287	94.7059235516
368	135	1289	94.7117033157
369	130	1293	94.7736585455
370	133	1295	94.7704529867
371	128	1296	94.7118013966
372	125	1301	94.6994831962
373	123	1308	94.661653162
374	124	1315	94.6808216547
375	128	1318	94.6884769358
376	129	1319	94.7052284959
377	130	1324	94.6526237613
378	132	1328	94.6029640588
379	133	1329	94.6645208037
380	131	1335	94.6081544136
381	128	1335	94.6529098027
382	129	1337	94.6814762489
383	130	1340	94.7761183823
384	127	1340	94.8749573263
385	125	1346	94.9380889989
386	126	1348	94.9989304335
387	126	1352	94.9112835103
388	127	1353	94.8762044774
389	127	1353	94.888735749
390	130	1359	94.9790485661
391	128	1361	95.0540047492
392	131	1367	95.0527660094
393	127	1367	95.123746778
394	127	1374	95.0926351045
395	127	1378	95.0063941841
396	126	1380	95.0850129448
397	129	1382	95.0652475695
398	126	1384	95.1376690694
399	123	1387	95.1308489032
400	127	1390	95.050660857
401	123	1393	94.9946460833
402	120	1395	94.958826569
403	116	1399	94.9998067005
404	112	1401	94.9986359626
405	111	1402	95.0033636156
406	110	1404	94.9593031757
407	106	1411	94.954758832
408	107	1412	95.0039874814
409	105	1416	95.0537206126
410	109	1421	94.9653766464
411	104	1421	94.9663046228
412	105	1428	95.0248627641
413	103	1435	95.0504976351
414	100	1436	95.0281900035
415	101	1443	94.9686659756
416	105	1447	94.9348760975
417	105	1453	95.0181036557
418	108	1456	94.9718020412
419	107	1456	94.8936479327
420	107	1460	94.8506072947
421	103	1467	94.8367433869
422	107	1472	94.8044509061
423	112	1473	94.753163869
424	109	1477	94.8253712072
425	104	1482	94.799764647
426	104	1483	94.7593473279
427	102	1490	94.8030284796
428	102	1494	94.8477271463
429	106	1499	94.9122877885
430	111	1500	94.9899378505
431	112	1504	95.0145728855
432	107	1508	94.9941236853
433	103	1515	95.0882854904
434	108	1520	95.1455264277
435	105	1524	95.1065018211
436	101	1531	95.1249570409
437	101	1532	95.1197364152
438	102	1533	95.2110831213
439	101	1537	95.2089800593
440	106	1541	95.1260363952
441	101	1546	95.2011799868
442	105	1552	95.2926965495
443	108	1554	95.2190842079
444	105	1559	95.1841041093
445	110	1564	95.1318970178
446	115	1570	95.2092259536
447	119	1570	95.1742273975
448	124	1571	95.2142439402
449	122	1572	95.219343592
450	123	1573	95.1687685215
451	125	1573	95.0982428601
452	122	1576	95.1942615889
453	121	1577	95.2297664703
454	124	1584	95.2795577355
455	120	1590	95.2533764658
456	120	1594	95.1597699547
457	115	1599	95.2475562202
458	114	1604	95.215990047
459	119	1608	95.2840228463
460	114	1608	95.2778930017
461	117	1612	95.3696033411
462	113	1616	95.2765911893
463	117	1622	95.2934838995
464	119	1629	95.2735590688
465	115	1631	95.1983326123
466	111	1632	95.1102497035
467	107	1632	95.0885829771
468	111	1632	95.0903803594
469	112	1635	95.1161004425
470	108	1635	95.124998536
471	111	1635	95.0916870347
472	114	1635	95.0764119716
473	119	1635	95.1518419114
474	116	1637	95.1186452605
475	116	1639	95.1728288406
476	113	1645	95.1335130362
477	108	1648	95.2191933438
478	108	1653	95.1322950845
479	108	1653	95.1975343634
480	105	1653	95.2380072822
481	110	1656	95.3141990406
482	115	1662	95.3924893491
483	110	1665	95.4601731438
484	115	1668	95.4123659197
485	110	1674	95.3729738943
486	108	1675	95.3988644337
487	111	1675	95.3155504313
488	114	1676	95.268215523
489	113	1682	95.28759428
490	110	1685	95.2912746554
491	109	1687	95.3120972505
492	109	1687	95.3623997188
493	112	1691	95.2863869105
494	112	1691	95.2688911328
495	108	1693	95.21621949
496	111	1698	95.285299761
497	115	1705	95.3102372166
498	116	1709	95.276975952
499	121	1713	95.2121164958
500	119	1717	95.260098278
501	117	1720	95.2812213876
502	113	1724	95.1998468784
503	115	1728	95.2260312875
504	111	1733	95.302510699
505	115	1735	95.3985960481
506	120	1742	95.3693937005
507	119	1747	95.3098364396
508	122	1752	95.2595856912
509	118	1753	95.2446937634
510	113	1753	95.303483799
511	118	1754	95.2166375647
512	113	1755	95.2525600932
513	113	1759	95.3347482866
514	111	1765	95.3074720931
515	111	1770	95.28751416
516	114	1771	95.3615672339
517	113	1775	95.3734521535
518	108	1780	95.3889875388
519	104	1781	95.4484712831
520	108	1784	95.5178338388
521	108	1789	95.5002191581
522	110	1790	95.5465704984
523	114	1794	95.4954296035
524	111	1800	95.4313371926
525	108	1805	95.4195667927
526	109	1807	95.3920396917
527	106	1812	95.4475855033
528	111	1817	95.3508595457
529	115	1824	95.2897884766
530	119	1826	95.2641390846
531	121	1826	95.1873372736
532	123	1827	95.2301549466
533	121	1830	95.3218259465
534	117	1833	95.2594686334
535	114	1839	95.2850199639
536	110	1841	95.2665434971
537	106	1846	95.1775105049
538	105	1848	95.1265586989
539	106	1851	95.098178613
540	104	1851	95.0221517295
541	99	1858	95.094324839
542	97	1861	95.0569086847
543	95	1865	95.0625087147
544	95	1866	95.0714073914
545	90	1870	94.9955195769
546	95	1876	95.089105154
547	92	1883	95.0644296539
548	95	1887	95.1626093873
549	97	1888	95.1396697151
550	98	1895	95.0624316912
551	99	1897	94.9864479933
552	96	1897	94.995000072
553	101	1903	94.9944089938
554	101	1904	95.0562734047
555	99	1911	95.0015633932
556	104	1913	95.0358435324
557	103	1916	95.0094762907
558	107	1923	94.9777784404
559	104	1924	94.9117535996
560	108	1931	94.9835343922
561	112	1931	95.0038255431
562	112	1937	95.0778596369
563	110	1943	95.0025803249
564	106	1943	95.0498415078
565	106	1948	95.0929227559
566	110	1949	95.1468034088
567	114	1955	95.0835177435
568	117	1955	95.0188539513
569	121	1961	94.9700090292
570	123	1963	94.9632226726
571	118	1968	94.9640253676
572	115	1972	94.9370254612
573	117	1975	94.8732046658
574	120	1981	94.8249319026
575	119	1987	94.8123602138
576	122	1991	94.7126079457
577	126	1996	94.7713572781
578	124	1999	94.8318847708
579	129	2006	94.9044483611
580	133	2012	94.8708025807
581	134	2019	94.8937292974
582	131	2021	94.8288866938
583	126	2021	94.902002912
584	125	2027	94.8710784449
585	127	2033	94.8211459021
586	125	2033	94.8114543582
587	122	2039	94.8444902084
588	127	2042	94.7548226551
589	124	2042	94.7905588162
590	124	2047	94.8439149976
591	125	2053	94.8269993761
592	125	2053	94.7595977245
593	126	2055	94.7861208528
594	122	2055	94.8652035168
595	121	2059	94.9302630355
596	126	2066	94.9571032667
597	128	2067	94.8872672387
598	128	2067	94.985104477
599	124	2071	94.928383173
600	126	2074	94.921241917
601	125	2079	94.9990110677
602	127	2082	95.0458008837
603	125	2089	94.9473318786
604	121	2094	95.0306044784
605	116	2094	95.0660878477
606	113	2095	95.0028104416
607	118	2096	94.9311270987
608	116	2097	94.9305684059
609	112	2103	94.9771090007
610	112	2105	95.0443576211
611	115	2110	94.9730635125
612	113	2117	94.9494742166
613	111	2124	95.0035669723
614	112	2129	95.0518590058
615	115	2135	94.9650282114
616	118	2140	95.0597377827
617	121	2141	94.9658740966
618	121	2143	94.9879423942
619	117	2146	94.8920090965
620	117	2147	94.8618444037
621	114	2153	94.8474521951
622	110	2153	94.8745953729
623	111	2157	94.8140551802
624	113	2163	94.7661531496
625	118	2165	94.6910639144
626	116	2168	94.6357374992
627	116	2172	94.6162657388
628	113	2172	94.6388711658
629	108	2174	94.7084519747
630	108	2180	94.6199744816
631	103	2187	94.5769941867
632	102	2187	94.5940423968
633	103	2193	94.6531275394
634	105	2200	94.684186058
635	108	2203	94.6220370989
636	112	2205	94.5761328953
637	109	2205	94.6629077467
638	111	2210	94.6599957718
639	114	2215	94.642760309
640	115	2217	94.6411400977
641	112	2224	94.6517845326
642	114	2225	94.6943943615
643	115	2227	94.740759713
644	110	2230	94.7118943461
645	108	2233	94.6291903172
646	105	2235	94.7276074968
647	106	2237	94.7283149594
648	104	2240	94.7317401472
649	99	2243	94.6995410771
650	99	2244	94.6605397176
651	95	2251	94.7602600368
652	91	2256	94.713733374
653	91	2260	94.8081923786
654	94	2267	94.8816850385
655	99	2273	94.9495677139
656	102	2273	94.8998656373
657	106	2280	94.9648505482
658	102	2284	94.8672855848
659	97	2285	94.9104978844
660	93	2290	94.8393597903
661	90	2297	94.8634545035
662	86	2304	94.9390253063
663	83	2309	94.9745242309
664	80	2309	94.9674986229
665	77	2316	94.9783522303
666	74	2320	95.0689777204
667	75	2327	95.0617965552
668	78	2331	95.0119318362
669	76	2337	94.9815625319
670	75	2337	95.0188159936
671	71	2344	95.1028959189
672	69	2351	95.0236545629
673	71	2351	94.9547619077
674	74	2351	94.9097208764
675	75	2353	94.9284614367
676	76	2360	95.008704275
677	78	2362	95.0918329944
678	78	2368	95.0327322619
679	81	2370	95.0542041589
680	78	2376	95.1373146618
681	75	2378	95.2305863117
682	79	2383	95.1643120105
683	78	2383	95.108184062
684	79	2387	95.0237867389
685	78	2390	94.9348091737
686	83	2396	95.020586368
687	83	2400	95.0717248169
688	78	2405	95.1558799168
689	80	2407	95.1132672323
690	76	2411	95.0742962122
691	76	2411	95.1318726091
692	77	2415	95.0422206437
693	75	2421	95.0497391666
694	74	2425	95.0618588749
695	74	2426	94.9755664123
696	74	2430	95.0078584769
697	76	2435	94.9584324351
698	73	2441	95.0522748772
699	74	2447	95.0334665018
700	69	2454	95.1098722579
701	69	2454	95.1136126255
702	68	2460	95.1358214966
703	72	2464	95.1674688236
704	70	2467	95.1036063363
705	72	2470	95.0098845478
706	67	2472	94.9133108564
707	64	2475	94.8300335358
708	60	2479	94.8447948835
709	65	2486	94.9256822803
710	66	2489	94.9890976364
711	69	2496	95.0689022744
712	72	2497	95.096618553
713	70	2501	95.0187926162
714	75	2503	95.0143432995
715	80	2510	94.934549683
716	78	2517	94.9466328905
717	77	2523	94.8961778138
718	73	2524	94.9160990228
719	69	2526	94.9593074083
720	67	2530	95.0023526463
721	62	2533	94.9842546946
722	66	2540	94.9186851882
723	62	2546	94.8743603611
724	63	2548	94.7748289566
725	61	2549	94.76828875
726	63	2554	94.8105833581
727	65	2559	94.8748672477
728	65	2563	94.7922316053
729	67	2569	94.8166569404
730	66	2573	94.7491075145
731	67	2573	94.6553386679
732	70	2575	94.6529676394
733	72	2580	94.7403868608
734	77	2585	94.7567663824
735	79	2587	94.8169414502
736	74	2588	94.8632834677
737	71	2592	94.8656903355
738	72	2598	94.9412048188
739	74	2602	95.0051207783
740	70	2608	94.9406353945
741	74	2610	95.0044914776
742	75	2617	94.9864687146
743	78	2618	94.9701668418
744	83	2624	95.0062343829
745	84	2629	95.0206484156
746	81	2636	95.0869351146
747	82	2642	95.0136338396
748	82	2646	95.0055339511
749	82	2646	95.0451275964
750	79	2652	95.0948729435
751	79	2654	95.1420560898
752	74	2656	95.1285180985
753	77	2660	95.1266600159
754	80	2665	95.1246470155
755	84	2672	95.0466130741
756	82	2679	94.9479640554
757	78	2686	95.0266569199
758	83	2693	95.0398765325
759	84	2695	94.9505265949
760	88	2699	94.9466022074
761	92	2699	94.9909711693
762	93	2703	95.040744929
763	95	2706	95.0397206462
764	96	2708	94.9691004877
765	93	2711	95.055450586
766	88	2713	94.9661450963
767	87	2716	94.9448870521
768	83	2723	94.9224355738
769	88	2728	94.942174009
770	93	2730	94.9623557062
771	90	2735	95.0230989543
772	88	2740	95.0111478396
773	91	2744	95.0234532874
774	92	2748	94.9337677961
775	94	2748	94.9027077266
776	94	2749	94.9766115709
777	94	2750	94.8948114441
778	98	2756	94.8379911063
779	98	2763	94.7896225281
780	95	2765	94.7027057461
781	91	2765	94.757184165
782	96	2767	94.7623885462
783	96	2771	94.7135389043
784	98	2778	94.7326179354
785	101	2778	94.7034752833
786	99	2785	94.6520039977
787	100	2792	94.6392702226
788	95	2793	94.6708861145
789	90	2794	94.7326180783
790	90	2794	94.6788639461
791	90	2795	94.7189300241
792	89	2798	94.8130827143
793	85	2798	94.9080181581
794	81	2804	94.8432897825
795	79	2809	94.8706788413
796	82	2811	94.8623522813
797	79	2812	94.7709791306
798	76	2819	94.6804060666
799	77	2820	94.6823898944
800	79	2823	94.6642995539
801	79	2828	94.6419689695
802	77	2834	94.6715831748
803	76	2839	94.7292018991
804	76	2846	94.7750082248
805	77	2848	94.8211835263
806	77	2850	94.785386131
807	79	2854	94.691824693
808	74	2861	94.6382118334
809	71	2864	94.5950939541
810	74	2866	94.5328962288
811	76	2872	94.5246759803
812	73	2878	94.5506175633
813	71	2882	94.6155609161
814	73	2886	94.5484578254
815	70	2893	94.4877697347
816	68	2894	94.4644925927
817	70	2899	94.3911922981
818	67	2901	94.4363659782
819	66	2906	94.3966538852
820	68	2906	94.3731713303
821	65	2906	94.3748951638
822	61	2907	94.3669267862
823	62	2910	94.4262935063
824	66	2915	94.4283825874
825	63	2922	94.4440418577
826	58	2923	94.4387004848
827	60	2927	94.522111805
828	64	2933	94.5494583119
829	68	2934	94.5042728628
830	72	2939	94.5686533011
831	69	2944	94.5935102415
832	70	2950	94.6463687185
833	75	2952	94.6535837598
834	75	2958	94.7023641684
835	78	2958	94.7257645189
836	73	2962	94.77059965
837	75	2966	94.7277561235
838	80	2969	94.7073656375
839	77	2972	94.6994582801
840	74	2979	94.6239855819
841	78	2984	94.5360124887
842	75	2987	94.5683101728
843	80	2991	94.6551856312
844	77	2994	94.5987818811
845	81	2994	94.5407052358
846	84	2996	94.569116711
847	81	2997	94.5603170746
848	81	3004	94.5415420547
849	77	3009	94.5919961375
850	79	3016	94.6848824703
851	81	3020	94.7682653061
852	83	3026	94.8328753347
853	84	3028	94.8649403503
854	81	3032	94.8730805837
855	82	3038	94.927765066
856	84	3045	94.9982886869
857	86	3050	94.9693934095
858	82	3053	95.0534644751
859	82	3059	95.0001596918
860	84	3066	95.0500719002
861	89	3066	95.1338804513
862	84	3073	95.095680442
863	82	3078	95.0589115128
864	81	3084	95.1553852908
865	79	3090	95.1070646145
866	77	3092	95.1501912692
867	77	3095	95.0672493596
868	81	3098	95.0585708003
869	81	3102	94.9922083287
870	76	3106	95.0585939442
871	79	3108	95.0924512296
872	74	3112	95.0412955638
873	73	3119	95.0059890054
874	70	3120	95.0474486837
875	67	3127	95.0369444624
876	64	3134	95.124769753
877	66	3134	95.1618035259
878	64	3138	95.2176527537
879	67	3139	95.2184565487
880	70	3142	95.2264302925
881	74	3146	95.2622107692
882	72	3148	95.2717036408
883	72	3150	95.2408676258
884	72	3156	95.2467863162
885	68	3161	95.1720343601
886	63	3162	95.2442301149
887	66	3164	95.2214652489
888	71	3165	95.2295605574
889	73	3165	95.1506377143
890	72	3169	95.2437492712
891	76	3172	95.161641667
892	77	3177	95.1106652389
893	73	3180	95.1665461535
894	76	3181	95.2414343299
895	77	3181	95.1577718965
896	79	3187	95.1620629755
897	75	3189	95.156275811
898	78	3192	95.1079869695
899	79	3196	95.0849005393
900	75	3202	95.1169812656
901	73	3204	95.1556011145
902	72	3204	95.1937622148
903	77	3210	95.2897835097
904	75	3216	95.3547296008
905	79	3216	95.4162439538
906	80	3219	95.4030352825
907	77	3225	95.3174250076
908	76	3231	95.4106405534
909	75	3232	95.3274231212
910	74	3234	95.2880322462
911	73	3235	95.1993007983
912	69	3241	95.1107156463
913	64	3248	95.1930772338
914	67	3254	95.2735671385
915	62	3254	95.1819189913
916	60	3258	95.1976327015
917	63	3261	95.2078111605
918	60	3264	95.2278233523
919	57	3270	95.2413269565
920	58	3273	95.1957522621
921	61	3280	95.2464231251
922	63	3281	95.3373438966
923	61	3287	95.2513963611
924	61	3288	95.3125984413
925	57	3289	95.3618572685
926	55	3291	95.3005688674
927	60	3297	95.2807477073
928	59	3301	95.3672882818
929	64	3305	95.4225724326
930	60	3306	95.3446171576
931	57	3308	95.2667488354
932	62	3308	95.3645406346
933	57	3312	95.304779857
934	61	3315	95.2556222709
935	64	3317	95.1798412552
936	68	3318	95.2047765269
937	70	3322	95.2880300395
938	66	3329	95.3022918694
939	62	3333	95.3437931293
940	67	3333	95.3782827146
941	64	3336	95.3129656881
942	62	3342	95.2763505272
943	61	3346	95.1811343347
944	65	3353	95.2009388661
945	69	3360	95.1851061307
946	64	3361	95.2087559373
947	68	3365	95.2122706342
948	67	3365	95.1384664622
949	65	3365	95.1632622268
950	65	3368	95.0644401112
951	61	3368	95.1556086087
952	66	3370	95.1644164937
953	65	3371	95.1641142197
954	61	3373	95.0791504587
955	60	3378	95.0137824255
956	56	3380	95.0923701177
957	54	3380	95.0590593962
958	53	3382	95.1511674389
959	50	3382	95.0875647082
960	50	3389	95.0765325635
961	50	3390	95.1002599572
962	50	3394	95.1729433207
963	54	3401	95.1718841051
964	58	3405	95.095321169
965	53	3410	95.0881658493
966	54	3417	95.1215448344
967	50	3421	95.1166173838
968	52	3428	95.0492002855
969	50	3430	95.0307608628
970	50	3434	94.9789225042
971	51	3440	94.96148165
972	50	3447	94.8641310063
973	55	3454	94.8412960004
974	53	3460	94.8585748386
975	51	3467	94.8267449782
976	50	3467	94.7940838522
977	50	3469	94.8091652617
978	55	3474	94.7300802662
979	55	3477	94.7197009793
980	52	3484	94.707830334
981	51	3487	94.6739829126
982	50	3489	94.5751038293
983	52	3496	94.550037126
984	55	3501	94.5508676049
985	50	3502	94.4974697571
986	50	3504	94.5600815137
987	50	3510	94.4676792518
988	50	3511	94.4605389385
989	50	3518	94.4880504295
990	54	3518	94.5810366721
991	53	3520	94.6773070857
992	56	3527	94.7584272122
993	61	3533	94.6600239799
994	58	3535	94.721348802
995	59	3538	94.6559559115
996	61	3541	94.6851556033
997	56	3541	94.7531078103
998	56	3542	94.7993574654
999	58	3544	94.7212202056
1000	54	3546	94.693768787
1001	56	3553	94.7929989321
1002	61	3557	94.865367272
1003	65	3559	94.8916247162
1004	61	3562	94.9485332347
1005	57	3569	95.0081463064
1006	62	3574	95.0672765094
1007	63	3574	95.0233582768
1008	60	3574	95.1185639951
1009	65	3581	95.0912620042
1010	69	3588	95.1698089795
1011	72	3592	95.1236041735
1012	70	3599	95.1136947585
1013	68	3602	95.2072690696
1014	71	3602	95.1168766596
1015	76	3607	95.0420058746
1016	74	3614	95.0818152928
1017	74	3617	95.1788054149
1018	79	3620	95.0880586048
1019	75	3621	95.1056861245
1020	75	3621	95.123834646
1021	76	3621	95.1969165901
1022	80	3623	95.2898872711
1023	84	3628	95.3472641858
1024	88	3634	95.3744482521
1025	90	3636	95.3538375617
1026	92	3639	95.4504534602
1027	91	3643	95.5280653109
1028	91	3644	95.6115608977
1029	90	3644	95.6789216262
1030	90	3649	95.7726136494
1031	93	3652	95.7132761754
1032	93	3658	95.7529808958
1033	90	3661	95.804755377
1034	88	3666	95.8203555718
1035	90	3666	95.864335703
1036	86	3673	95.8473239681
1037	89	3677	95.8073204661
1038	94	3677	95.8680359547
1039	89	3682	95.9556887076
1040	93	3687	95.9553010397
1041	97	3689	96.0400989364
1042	97	3690	95.9816662419
1043	101	3693	95.9761443769
1044	105	3697	96.0217760403
1045	100	3701	95.949737547
1046	99	3702	95.8859721423
1047	101	3703	95.936233811
1048	104	3705	95.9839661328
1049	106	3712	95.9011432222
1050	102	3715	95.8497511842
1051	98	3722	95.7663899378
1052	103	3723	95.7331634911
1053	100	3723	95.6532187881
1054	104	3725	95.7313271255
1055	109	3727	95.7883275769
1056	108	3732	95.8450364053
1057	107	3733	95.8816407712
1058	103	3740	95.7909051779
1059	104	3740	95.8884000076
1060	102	3743	95.8030602176
1061	103	3745	95.8131241367
1062	104	3746	95.8363108248
1063	101	3748	95.7851601363
1064	103	3751	95.8652455902
1065	99	3751	95.8198150543
1066	96	3755	95.8686238293
1067	94	3758	95.9448713583
1068	94	3759	95.8487731329
1069	91	3762	95.8875316869
1070	90	3765	95.865584151
1071	93	3769	95.8848529478
1072	92	3769	95.94880752
1073	96	3774	95.9634026083
1074	91	3776	96.0405318702
1075	91	3778	96.0819833904
1076	92	3781	96.0046415762
1077	95	3784	96.0603516467
1078	92	3790	96.0215624638
1079	91	3790	95.9586334335
1080	90	3797	96.0182747455
1081	95	3800	95.9258432902
1082	91	3803	95.8985951954
1083	89	3803	95.9845601752
1084	91	3808	96.0136118943
1085	96	3813	96.0615955122
1086	92	3817	96.1481989818
1087	92	3820	96.1508951082
1088	91	3822	96.0737706564
1089	93	3827	96.0724423829
1090	98	3833	96.071221064
1091	93	3836	96.054965569
1092	94	3843	96.0634061753
1093	90	3850	96.0717204876
1094	86	3851	95.9748161605
1095	90	3853	95.986722134
1096	88	3857	95.9737097848
1097	89	3863	96.023048807
1098	93	3870	96.0557503384
1099	93	3871	95.9778236945
1100	91	3875	96.0560290765
1101	93	3880	96.0380538978
1102	91	3887	95.9740610895
1103	93	3891	95.8971787727
1104	92	3897	95.8168535824
1105	92	3898	95.7234845302
1106	95	3902	95.6659755746
1107	95	3904	95.7518797199
1108	96	3911	95.8222900247
1109	92	3914	95.7298044076
1110	97	3919	95.7791313032
1111	99	3923	95.8722159639
1112	100	3924	95.8240240274
1113	96	3928	95.7743783949
1114	98	3930	95.7143662542
1115	95	3933	95.6357815065
1116	90	3936	95.5818743327
1117	95	3936	95.6060769744
1118	93	3939	95.6233562758
1119	97	3944	95.642345142
1120	96	3944	95.567284554
1121	93	3945	95.6531497366
1122	93	3947	95.7005679386
1123	97	3950	95.6570253465
1124	99	3955	95.568421873
1125	96	3962	95.5644642831
1126	101	3967	95.567497727
1127	104	3970	95.5534206344
1128	102	3971	95.6485060303
1129	106	3972	95.6741997109
1130	103	3978	95.7148455902
1131	103	3981	95.7629059229
1132	100	3983	95.8190056478
1133	99	3983	95.7802389264
1134	104	3989	95.8586405098
1135	101	3992	95.8483457648
1136	97	3992	95.8346606457
1137	99	3998	95.7418408458
1138	103	3999	95.7923453529
1139	98	4001	95.8921157188
1140	97	4003	95.9259632773
1141	101	4010	96.0130140009
1142	105	4014	95.9808694227
1143	110	4016	95.9182058467
1144	106	4018	95.8898492521
1145	111	4019	95.9047577222
1146	111	4021	95.8344492246
1147	115	4026	95.8462525536
1148	120	4032	95.7587079041
1149	120	4036	95.6748710661
1150	118	4036	95.6327323072
1151	115	4041	95.6831378487
1152	120	4043	95.6846361309
1153	121	4046	95.5905718346
1154	118	4052	95.5172654883
1155	113	4054	95.6086256693
1156	116	4060	95.6373133628
1157	118	4061	95.5781583525
1158	122	4066	95.6116251604
1159	118	4072	95.6480439706
1160	120	4079	95.6282178265
1161	120	4084	95.6055317678
1162	124	4085	95.5470336331
1163	128	4087	95.4845057261
1164	125	4090	95.5405387851
1165	126	4095	95.6249620795
1166	124	4095	95.6244198578
1167	121	4099	95.5703171176
1168	124	4103	95.5002464479
1169	127	4107	95.4683105861
1170	123	4112	95.5116222005
1171	125	4115	95.5178706324
1172	122	4121	95.5302467964
1173	121	4125	95.585967218
1174	120	4130	95.5903205307
1175	117	4132	95.530320919
1176	115	4136	95.4854919842
1177	118	4138	95.410059088
1178	118	4143	95.450972676
1179	121	4143	95.4498750248
1180	126	4146	95.4160412908
1181	121	4147	95.381059339
1182	123	4154	95.3819647623
1183	128	4155	95.2939794953
1184	125	4162	95.3323915329
1185	125	4167	95.30259182
1186	120	4171	95.3930219001
1187	120	4174	95.2954694158
1188	124	4178	95.3785538857
1189	122	4183	95.3829758478
1190	124	4189	95.290488723
1191	121	4193	95.3135949072
1192	119	4199	95.337675474
1193	123	4206	95.3456332009
1194	126	4210	95.2930942111
1195	125	4217	95.3274950913
1196	123	4219	95.3409159769
1197	118	4219	95.3994390735
1198	120	4224	95.3156467309
1199	115	4230	95.4111470704
1200	117	4231	95.3571278911
1201	119	4232	95.4221960774
1202	118	4237	95.4860482951
1203	114	4241	95.4918332892
1204	111	4242	95.4839653697
1205	109	4249	95.4040418281
1206	114	4253	95.4288610452
1207	118	4259	95.4500592412
1208	114	4264	95.4939756795
1209	110	4269	95.497608555
1210	108	4271	95.4875878694
1211	107	4277	95.4961516517
1212	103	4283	95.571347635
1213	99	4284	95.5662538865
1214	102	4291	95.6220365689
1215	97	4293	95.6000616516
1216	99	4297	95.6668645004
1217	101	4300	95.6386023016
1218	102	4307	95.5864104881
1219	99	4311	95.6138463118
1220	100	4318	95.5979514172
1221	100	4320	95.5082203553
1222	96	4321	95.5261920452
1223	94	4322	95.6250573106
1224	98	4324	95.5342972877
1225	93	4330	95.5029753045
1226	94	4335	95.5160035229
1227	92	4336	95.4474341223
1228	93	4339	95.3774757275
1229	90	4340	95.4221465184
1230	95	4344	95.4152680652
1231	98	4346	95.316400347
1232	102	4352	95.2236863056
1233	97	4353	95.2733632596
1234	94	4360	95.1992583729
1235	90	4365	95.18395866
1236	92	4366	95.1039077984
1237	97	4369	95.2002053624
1238	97	4376	95.1843593697
1239	96	4378	95.1059120475
1240	97	4383	95.0821741723
1241	92	4385	95.0504235607
1242	94	4390	94.9547094911
1243	97	4395	95.0070141457
1244	101	4397	94.9556776775
1245	102	4401	95.0153457372
1246	107	4408	94.9436389468
1247	103	4408	94.9278866429
1248	107	4415	94.9250107162
1249	104	4416	94.8500318996
1250	103	4423	94.9348750756
1251	104	4430	94.9573295488
1252	103	4430	95.0281463337
1253	102	4432	94.9917493824
1254	105	4435	94.9694893379
1255	104	4442	95.0428063914
1256	109	4446	94.9641566922
1257	108	4452	94.8918907006
1258	111	4454	94.9447381829
1259	114	4455	94.8515839775
1260	118	4459	94.9028624987
1261	118	4464	94.8418406706
1262	113	4471	94.7921733921
1263	112	4477	94.7748584521
1264	112	4483	94.6802839327
1265	108	4488	94.5859315152
1266	111	4489	94.6607933221
1267	114	4491	94.7448959573
1268	109	4497	94.6573831328
1269	110	4500	94.6843315551
1270	113	4503	94.6010442763
1271	109	4505	94.6313056583
1272	114	4507	94.6651092587
1273	112	4510	94.7575697564
1274	113	4514	94.7454179531
1275	117	4519	94.6773060964
1276	119	4522	94.7288580794
1277	114	4525	94.7176895827
1278	118	4528	94.8155516526
1279	117	4529	94.7780838504
1280	121	4532	94.844175512
1281	121	4538	94.7795581701
1282	121	4540	94.6928412447
1283	124	4543	94.6067296366
1284	126	4547	94.70453618
1285	131	4553	94.7970514136
1286	136	4553	94.709606897
1287	131	4558	94.782780149
1288	134	4558	94.8151205227
1289	131	4565	94.8499940642
1290	126	4572	94.913633571
1291	122	4575	95.0011552819
1292	117	4575	95.0015930659
1293	113	4580	94.983291563
1294	111	4587	94.9110791398
1295	111	4589	94.9001366995
1296	110	4590	94.8640465004
1297	105	4594	94.9499924374
1298	102	4594	94.9888171591
1299	106	4601	95.0200738819
1300	103	4605	95.0195953568
1301	101	4611	94.9927406874
1302	106	4616	95.0866920064
1303	102	4620	95.1508480535
1304	100	4623	95.1543037893
1305	100	4626	95.1442750537
1306	105	4631	95.047808988
1307	108	4636	94.9608462647
1308	109	4641	94.89892557
1309	110	4646	94.9480662299
1310	112	4648	95.023526773
1311	112	4650	94.9941811963
1312	114	4652	95.0251034411
1313	117	4653	95.0825085017
1314	118	4655	95.1743094779
1315	113	4659	95.0786471355
1316	117	4660	95.16876667
1317	119	4661	95.2565936926
1318	118	4666	95.3212560162
1319	122	4666	95.3322175921
1320	121	4670	95.2648124885
1321	119	4675	95.2970099543
1322	119	4680	95.3638853325
1323	118	4683	95.3288857212
1324	122	4688	95.4186987728
1325	117	4692	95.4507267917
1326	117	4692	95.5446119844
1327	119	4699	95.6246734506
1328	115	4704	95.6830366295
1329	110	4709	95.6812762771
1330	109	4715	95.6134956668
1331	108	4717	95.6210089646
1332	105	4718	95.6228758348
1333	110	4721	95.5797656829
1334	106	4727	95.4809682605
1335	101	4732	95.4687781227
1336	102	4733	95.5494679364
1337	99	4738	95.5056342744
1338	96	4738	95.5296576995
1339	98	4738	95.5151876689
1340	101	4741	95.4582245715
1341	106	4744	95.5251515015
1342	108	4750	95.6064555661
1343	113	4757	95.5763207548
1344	110	4761	95.5251103833
1345	107	4765	95.5281084603
1346	110	4772	95.5989231013
1347	105	4774	95.6192275888
1348	109	4781	95.5672524895
1349	112	4786	95.6446509079
1350	113	4793	95.7079612071
1351	109	4795	95.6161731244
1352	106	4799	95.710719926
1353	107	4801	95.611014988
1354	111	4808	95.6968543484
1355	116	4815	95.6342257554
1356	112	4820	95.6099212793
1357	115	4821	95.5144111397
1358	116	4827	95.4389848566
1359	113	4830	95.3899643223
1360	112	4833	95.293338712
1361	114	4837	95.3477943321
1362	119	4844	95.2536810518
1363	116	4844	95.3031306743
1364	116	4844	95.359328581
1365	115	4844	95.3437597761
1366	110	4848	95.3343390542
1367	114	4848	95.370797785
1368	117	4854	95.3780951055
1369	117	4855	95.4362773468
1370	117	4860	95.3676271477
1371	118	4861	95.425793517
1372	116	4862	95.4891448597
1373	121	4862	95.5869792049
