1	132	7	95.0816045374
2	132	10	95.1379418722
3	133	16	95.1859826097
4	131	21	95.1285443657
5	131	25	95.1131283858
6	130	31	95.0759312889
7	130	32	95.0377387955
8	125	34	94.9901742068
9	126	37	94.9855238351
10	127	43	94.9484104771
11	128	45	95.0239804735
12	126	47	95.0175457786
13	127	48	94.9301260592
14	122	55	94.9219313758
15	121	61	94.8968006498
16	116	64	94.9154576335
17	111	68	94.8905860807
18	106	74	94.8594238123
19	102	77	94.8955482519
20	102	82	94.9459748796
21	97	84	94.8739582775
22	99	88	94.8460360724
23	98	92	94.8733891884
24	100	93	94.8727846285
25	99	100	94.8477949233
26	101	106	94.8548703303
27	103	111	94.8838698522
28	106	111	94.9134791908
29	107	116	94.9494236293
30	107	119	94.8548889743
31	108	125	94.907217856
32	111	125	94.9059245274
33	109	126	94.9430106489
34	104	128	94.8882742381
35	105	131	94.9433197409
36	101	137	95.0061839418
37	101	140	95.0027550156
38	102	146	95.0012726034
39	100	153	94.9517045457
40	101	157	94.924197944
41	97	163	94.85994595
42	98	163	94.9272774469
43	99	168	94.9115536268
44	104	169	94.9328782192
45	108	171	94.9533570167
46	110	172	95.0513284062
47	112	173	95.1414704839
48	107	173	95.1549191856
49	110	174	95.1834383512
50	112	179	95.2636489586
51	111	182	95.2604272391
52	116	185	95.1828457913
53	115	188	95.2337868003
54	116	192	95.1535981835
55	115	193	95.1937292258
56	115	195	95.2128717569
57	110	200	95.2684959396
58	110	206	95.2042587983
59	108	206	95.2420310199
60	111	206	95.1902169414
61	109	210	95.1004176183
62	109	211	95.0764456115
63	110	213	95.0969840895
64	114	218	95.0587535216
65	117	219	95.1249038714
66	120	224	95.2037391546
67	123	224	95.1474930334
68	126	225	95.2166393561
69	124	227	95.2637742901
70	122	234	95.1943442731
71	125	237	95.1711068246
72	120	238	95.1158447361
73	116	238	95.1516600031
74	111	241	95.1268356372
75	107	246	95.1428708164
76	106	252	95.0685193497
77	101	258	95.0669951679
78	99	260	95.0202380332
79	98	267	94.9867223649
80	96	267	95.0598035057
81	100	270	94.9693846638
82	96	275	94.9405025947
83	101	276	94.9281875913
84	96	278	94.9341203888
85	96	279	94.9816066279
86	100	284	94.9600847608
87	97	290	95.0525377412
88	93	297	95.1477878976
89	98	299	95.1134558449
90	100	305	95.1158491271
91	97	306	95.0482431845
92	93	306	95.0604393528
93	97	306	95.1093744437
94	93	307	95.0511112559
95	94	313	95.0033183063
96	99	319	94.9929785024
97	97	323	95.080725847
98	97	324	95.0733789771
99	101	327	95.0957632219
100	102	331	95.1309775585
101	106	332	95.2275969446
102	102	337	95.1298943336
103	99	339	95.0986447854
104	95	339	95.0885686186
105	92	339	95.0376800008
106	89	339	95.0339618618
107	89	345	94.9457282418
108	86	352	94.9902281603
109	85	354	94.9044042145
110	90	357	94.9070724242
111	87	359	94.9680518856
112	86	361	94.9464529494
113	89	364	94.9408000598
114	94	367	94.9694463268
115	93	373	95.0107792444
116	90	378	94.9902128789
117	85	382	95.0502045372
118	83	383	95.1180169859
119	78	389	95.1318151664
120	80	391	95.2020665867
121	81	398	95.1297298194
122	85	398	95.0602584761
123	84	400	95.1078419543
124	79	403	95.0672845426
125	80	403	95.0889548514
126	82	409	94.9955570304
127	77	416	95.0132354323
128	75	423	94.9548613529
129	79	429	95.0470612601
130	83	431	95.0580089826
131	85	436	94.9929539465
132	90	437	95.0617626781
133	86	437	95.0876840605
134	91	438	95.0490033193
135	89	441	95.1037561976
136	90	441	95.0509484702
137	86	444	95.0492245664
138	89	448	95.0979844841
139	84	452	95.0592526702
140	85	456	95.111222105
141	81	459	95.0238274313
142	78	466	95.0058874125
143	78	466	95.0273534043
144	75	470	94.9534574824
145	76	477	95.0333694064
146	78	484	94.9931037459
147	74	491	94.9360832247
148	79	497	94.9736278837
149	84	502	94.9627376394
150	84	507	95.0576635351
151	82	507	95.1308187869
152	87	511	95.1691318163
153	92	512	95.0809537792
154	97	515	95.0102517183
155	94	522	94.9373367
156	89	523	94.9318162273
157	94	524	94.8612655576
158	90	529	94.9229592935
159	86	532	94.9572298033
160	83	535	94.8651382583
161	79	539	94.7984781215
162	74	545	94.8025319521
163	75	551	94.8570754748
164	73	555	94.9232870649
165	71	558	94.919331691
166	67	565	94.9972209626
167	64	567	95.0554398645
168	65	574	95.0660712979
169	67	579	95.1241780178
170	62	579	95.2099840244
171	66	585	95.2385482807
172	68	585	95.308689008
173	63	585	95.2194970407
174	68	585	95.1316764312
175	65	588	95.0869118096
176	61	588	95.0980047434
177	58	595	95.1648475252
178	54	595	95.1422035925
179	58	596	95.1426225467
180	56	598	95.0619767039
181	51	600	95.0013967812
182	55	605	95.0339022015
183	52	606	95.0140348029
184	56	607	95.0089779013
185	55	614	94.9177020092
186	54	620	94.8948076278
187	53	624	94.9757044026
188	50	625	94.8923908467
189	50	632	94.9423060849
190	53	634	94.9911843653
191	53	641	95.0897728722
192	53	648	95.1527571728
193	56	648	95.1992873102
194	57	648	95.2718583267
195	55	655	95.2489815826
196	58	658	95.2569625211
197	54	665	95.2860652221
198	55	672	95.2345001912
199	60	672	95.2983201537
200	57	677	95.2806068103
201	52	679	95.3711177108
202	55	681	95.4011899915
203	57	687	95.3195943915
204	52	694	95.379906848
205	53	695	95.4702499894
206	50	702	95.406529854
207	50	708	95.3811334525
208	50	710	95.4313907344
209	50	716	95.3683282657
210	50	720	95.3965166941
211	51	725	95.3052705534
212	53	731	95.3383033538
213	56	733	95.2682558154
214	52	739	95.2674450312
215	50	739	95.1827083738
216	50	744	95.1698588626
217	50	744	95.2310369908
218	50	745	95.1422226021
219	50	749	95.0972009304
220	50	753	95.1400758966
221	51	756	95.0732155565
222	50	763	95.0731436077
223	53	770	95.0218342879
224	51	773	94.923772753
225	54	777	94.8643069094
226	52	778	94.9383757237
227	50	780	94.8824050661
228	50	782	94.8849507249
229	53	784	94.815972301
230	50	784	94.7473767016
231	54	788	94.7674739628
232	53	790	94.7619939844
233	50	795	94.6911795784
234	54	799	94.7445790875
235	53	803	94.6732702063
236	50	810	94.641284376
237	50	810	94.67383928
238	50	813	94.6135970701
239	50	818	94.5534843923
240	50	824	94.5476735803
241	50	831	94.5987081822
242	50	835	94.5244335359
243	50	836	94.5756647377
244	52	839	94.5989808104
245	56	844	94.6398671051
246	57	851	94.7319461187
247	61	852	94.8307500354
248	65	859	94.9286601284
249	62	863	94.8370309738
250	67	865	94.9105182107
251	72	866	94.8208776028
252	74	871	94.8621376298
253	74	876	94.8470605202
254	76	876	94.9136181541
255	77	882	94.977097095
256	80	884	94.8861405765
257	81	890	94.8179917033
258	81	891	94.7496406176
259	86	896	94.7990508389
260	89	901	94.8656518415
261	91	901	94.906402774
262	96	903	94.9688313
263	91	905	94.9703699065
264	92	908	94.8969348122
265	93	915	94.8592824503
266	95	922	94.8712642318
267	99	925	94.9360567047
268	94	930	94.8562829086
269	93	937	94.8552968439
270	96	944	94.9162445455
271	101	948	95.0067871181
272	97	954	95.0782523554
273	98	956	95.0008975645
274	97	958	95.0440443111
275	101	959	95.0189610755
276	97	966	94.9463302898
277	100	966	94.88449611
278	102	971	94.8627208811
279	106	971	94.9022068631
280	107	971	94.9801453592
281	112	976	94.900185751
282	116	983	94.9939229441
283	116	986	94.964103541
284	112	990	94.8976506327
285	108	996	94.9204092829
286	111	999	94.8549635449
287	116	999	94.7913068022
288	115	1005	94.7577701849
289	118	1009	94.8569803597
290	117	1010	94.8899895116
291	115	1012	94.8707082679
292	120	1019	94.9635927113
293	117	1023	94.8944795937
294	118	1027	94.7993404735
295	120	1031	94.791925496
296	118	1032	94.7588600026
297	116	1035	94.6721023257
298	120	1038	94.6258907007
299	125	1043	94.6285880953
300	120	1047	94.6109670195
301	116	1048	94.6552858616
302	113	1051	94.6574627337
303	111	1054	94.6060682505
304	109	1059	94.6750596618
305	111	1059	94.7438947407
306	110	1066	94.8430128464
307	106	1067	94.8897682815
308	104	1074	94.9440441068
309	105	1076	95.0194648203
310	104	1077	95.0041770103
311	106	1078	95.0697980527
312	101	1084	95.0913493035
313	96	1090	95.0063364534
314	94	1096	95.0151480266
315	97	1103	95.0043333729
316	96	1110	94.9475672747
317	92	1111	95.0091237334
318	90	1113	95.0795907369
319	92	1114	95.1332358261
320	88	1119	95.2163146684
321	83	1126	95.2220448618
322	87	1130	95.2572596282
323	89	1133	95.1916992135
324	90	1138	95.2030148081
325	93	1142	95.1198792675
326	92	1145	95.1352889743
327	90	1151	95.1416459435
328	92	1156	95.13132327
329	93	1156	95.154814738
330	96	1156	95.2134868795
331	98	1161	95.1456611034
332	101	1163	95.2330863791
333	97	1170	95.3137700538
334	97	1176	95.2891942639
335	101	1177	95.321066319
336	103	1178	95.3481471283
337	98	1178	95.4061593112
338	93	1179	95.3901853591
339	97	1185	95.3682024318
340	102	1191	95.3001318879
341	98	1192	95.2932691372
342	93	1193	95.203400011
343	91	1196	95.1276796879
344	94	1201	95.041970217
345	90	1202	95.0926912581
346	91	1208	95.112906658
347	89	1208	95.0797361336
348	92	1215	95.17743695
349	91	1215	95.1317083526
350	93	1216	95.1871383345
351	92	1217	95.1347829317
352	95	1224	95.1625739334
353	92	1224	95.1338333702
354	92	1228	95.1730008511
355	96	1233	95.0946805082
356	94	1239	95.1176543486
357	95	1243	95.1976469512
358	90	1246	95.1165688611
359	86	1246	95.0436001258
360	89	1249	94.974499113
361	88	1254	94.8775971181
362	86	1260	94.9225055991
363	91	1262	94.9542329328
364	91	1267	94.9762997283
365	89	1271	94.9877251308
366	87	1273	94.9735660682
367	92	1274	95.0426215016
368	89	1280	94.9728154681
369	89	1280	94.9042531627
370	91	1284	94.9410739853
371	91	1284	94.9700814595
372	95	1291	94.9662591554
373	98	1298	95.0340820115
374	102	1305	95.0406866952
375	98	1310	95.007510016
376	98	1314	95.0946749747
377	97	1320	95.0510742099
378	94	1327	95.0788417596
379	90	1328	95.0334809229
380	91	1332	94.9781705456
381	91	1333	94.9429296131
382	93	1335	94.8656954072
383	98	1338	94.9655900132
384	94	1341	94.8806600766
385	98	1343	94.8145457199
386	97	1343	94.852820846
387	94	1346	94.9396822581
388	90	1348	94.8570035386
389	90	1350	94.840491378
390	88	1354	94.759836341
391	88	1354	94.7185782178
392	90	1360	94.7520824549
393	90	1362	94.7980367122
394	86	1366	94.8653283425
395	82	1368	94.9605415731
396	82	1374	94.9439374347
397	78	1375	94.9783504531
398	82	1378	95.0175587311
399	80	1385	95.0419516111
400	80	1385	95.1396214968
401	76	1390	95.2089939731
402	78	1390	95.2157025912
403	80	1390	95.1319570816
404	77	1392	95.0720361605
405	75	1396	95.0284904168
406	75	1396	95.0371508022
407	72	1403	95.0884070177
408	69	1403	95.1877971724
409	72	1403	95.1595068068
410	67	1407	95.1103052985
411	70	1412	95.0408904928
412	75	1415	94.9898928071
413	80	1421	94.9430507288
414	80	1423	94.9410543043
415	84	1426	94.8949016176
416	84	1426	94.9772452843
417	89	1433	94.9731299386
418	88	1440	95.0324001574
419	87	1446	95.1035004246
420	90	1452	95.1451508439
421	92	1453	95.0870000168
422	94	1456	95.0750612992
423	91	1456	94.9976542629
424	89	1456	94.904367979
425	89	1463	94.9657745743
426	88	1468	95.0616820765
427	89	1471	94.9749840609
428	89	1472	95.003409675
429	85	1476	94.9265830247
430	83	1477	94.8928055001
431	85	1484	94.9082860949
432	83	1487	94.8331630979
433	79	1490	94.9182969622
434	74	1490	94.9234190639
435	73	1491	94.9072381114
436	69	1494	94.8722600607
437	66	1496	94.8154379485
438	62	1499	94.7997256499
439	67	1505	94.8102991581
440	65	1507	94.9045209893
441	63	1508	94.8859145254
442	67	1515	94.8847784702
443	62	1522	94.9209248608
444	65	1526	94.8895073096
445	60	1528	94.8834277026
446	61	1528	94.8988213419
447	59	1535	94.8692073198
448	59	1541	94.9067895046
449	59	1544	94.9056697927
450	55	1549	94.8497877611
451	53	1555	94.7605772613
452	52	1557	94.6776319471
453	56	1561	94.5912652205
454	53	1564	94.56938837
455	55	1567	94.6314305004
456	50	1569	94.5328491424
457	50	1569	94.5539408481
458	50	1569	94.6414137137
459	50	1571	94.5724898955
460	50	1577	94.4958380366
461	50	1582	94.4805024891
462	50	1588	94.5272708392
463	50	1588	94.6099872064
464	50	1591	94.689418748
465	52	1597	94.728737704
466	50	1600	94.6759659243
467	50	1606	94.7749970883
468	50	1613	94.6912583875
469	50	1614	94.6779802339
470	50	1621	94.6459161867
471	50	1625	94.6541909818
472	50	1625	94.671067091
473	50	1629	94.6206875565
474	54	1631	94.5979980987
475	54	1636	94.5209124554
476	54	1636	94.4831617814
477	52	1640	94.493234551
478	54	1645	94.5764837969
479	50	1649	94.670995963
480	50	1652	94.6526010681
481	50	1659	94.6061433319
482	50	1661	94.6194822633
483	50	1665	94.5678770455
484	55	1667	94.6244238538
485	57	1669	94.5949131393
486	57	1670	94.6676327663
487	54	1675	94.7427219427
488	53	1679	94.7073577128
489	54	1686	94.6584728268
490	53	1692	94.5772424183
491	50	1694	94.6438990616
492	54	1694	94.5788713783
493	59	1698	94.5295785195
494	55	1700	94.561006889
495	54	1706	94.5010410886
496	58	1712	94.4333754317
497	53	1719	94.4309445176
498	57	1719	94.5080015683
499	57	1719	94.4701643339
500	52	1724	94.5516106228
501	50	1731	94.5865849657
502	50	1733	94.6628584226
503	51	1737	94.6604321746
504	50	1741	94.597089159
505	52	1746	94.5118592636
506	50	1751	94.5539151916
507	52	1751	94.6024090938
508	51	1753	94.5818443211
509	51	1757	94.51316541
510	50	1758	94.5595492788
511	53	1762	94.5547886417
512	53	1768	94.6363056415
513	50	1768	94.7242159044
514	50	1773	94.7710421763
515	50	1774	94.6746924337
516	52	1781	94.6274382061
517	50	1783	94.612392221
518	50	1784	94.7030010939
519	50	1785	94.7554211491
520	50	1789	94.6742127772
521	50	1791	94.7317266614
522	50	1797	94.7386617462
523	50	1798	94.8327507593
524	50	1800	94.8444351397
525	50	1802	94.8681551334
526	50	1805	94.8947737789
527	50	1805	94.9933871201
528	51	1806	94.956753143
529	50	1807	94.9394533923
530	53	1809	94.8916983542
531	58	1813	94.9444038721
532	59	1813	94.8689145767
533	56	1818	94.8174061702
534	61	1818	94.8860102755
535	66	1824	94.8382460135
536	63	1829	94.8689937476
537	65	1833	94.8179160444
538	69	1835	94.7946971095
539	65	1837	94.8855231717
540	61	1839	94.888091995
541	62	1846	94.8192134487
542	62	1847	94.9034740594
543	57	1852	94.9262105053
544	54	1859	94.8568434368
545	59	1862	94.8340820322
546	60	1868	94.7617110533
547	64	1873	94.7062261091
548	61	1877	94.6620152612
549	56	1884	94.5701019684
550	53	1889	94.5006005318
551	53	1890	94.4374170138
552	53	1896	94.4458762034
553	53	1900	94.3955595067
554	50	1907	94.4502659453
555	50	1909	94.3685672918
556	54	1910	94.3226198149
557	52	1917	94.4113038816
558	52	1922	94.4648822644
559	56	1925	94.5469563488
560	57	1932	94.6419236675
561	59	1938	94.5551977259
562	56	1945	94.5914568677
563	55	1946	94.5093750245
564	52	1953	94.5133793191
565	51	1960	94.5816241014
566	50	1964	94.6312096574
567	50	1967	94.5773365431
568	50	1969	94.5831840329
569	50	1975	94.5549212164
570	50	1980	94.4966187979
571	54	1982	94.4117891285
572	52	1987	94.4779708818
573	54	1988	94.5465094459
574	50	1995	94.5188922208
575	53	1998	94.5888971939
576	51	2004	94.6883298143
577	50	2011	94.6584203179
578	50	2018	94.7446546937
579	51	2024	94.6796905959
580	50	2028	94.58295881
581	50	2032	94.5569721415
582	50	2032	94.4931996938
583	50	2039	94.5186755636
584	50	2046	94.5885993794
585	55	2052	94.4935443607
586	59	2056	94.5151428263
587	59	2057	94.5768012757
588	60	2059	94.4781992967
589	59	2062	94.4383561343
590	59	2064	94.4366640728
591	58	2068	94.345266745
592	57	2073	94.3280211142
593	60	2076	94.3381245202
594	62	2083	94.3996131462
595	64	2090	94.3777653444
596	61	2095	94.3580680464
597	62	2102	94.4298112052
598	62	2107	94.5141285718
599	65	2112	94.4395979397
600	65	2118	94.3946999882
601	64	2124	94.3657671984
602	69	2128	94.3085534594
603	69	2128	94.2112373965
604	71	2128	94.1170561992
605	76	2132	94.0589376844
606	73	2139	94.0776875943
607	71	2142	93.9935802557
608	71	2143	94.0742334869
609	69	2147	93.9974141522
610	73	2148	94.0287064565
611	77	2153	93.9339540845
612	82	2154	93.9198078532
613	84	2160	93.8413332733
614	88	2166	93.8266211976
615	93	2170	93.9081124789
616	94	2176	93.9492644312
617	92	2179	93.9862415865
618	88	2179	93.9022774714
619	85	2185	93.8599946582
620	87	2190	93.7860710719
621	90	2196	93.7846100592
622	91	2200	93.6882104352
623	94	2201	93.7158853381
624	92	2201	93.7667361338
625	90	2204	93.8118431482
626	94	2204	93.7835202605
627	93	2211	93.7970029635
628	93	2213	93.7225943577
629	89	2214	93.7487290163
630	86	2220	93.8024435735
631	83	2220	93.775531691
632	85	2222	93.7670749489
633	80	2223	93.7214230767
634	83	2229	93.6331102616
635	88	2233	93.6845744309
636	93	2240	93.738585441
637	98	2244	93.7072877332
638	96	2247	93.6085206348
639	96	2250	93.5419539064
640	98	2255	93.5530285605
641	93	2256	93.4803991966
642	92	2256	93.4722643017
643	94	2257	93.5375281045
644	89	2259	93.4728660688
645	91	2263	93.4641489663
646	88	2264	93.4755797835
647	92	2268	93.4794108353
648	90	2272	93.5287041487
649	95	2279	93.5643038325
650	97	2282	93.62605406
651	102	2289	93.591877636
652	99	2292	93.5577907358
653	102	2293	93.5079532647
654	100	2297	93.4866207832
655	98	2299	93.5401487175
656	93	2300	93.5606994002
657	88	2303	93.6139696349
658	91	2306	93.5225512834
659	89	2310	93.5351862724
660	88	2316	93.5613131586
661	87	2316	93.5647800325
662	87	2318	93.6028813785
663	88	2324	93.6168074683
664	89	2327	93.5277887512
665	91	2332	93.5414920886
666	96	2333	93.5710917928
667	95	2336	93.4775803502
668	99	2339	93.5187721592
669	96	2342	93.4238906329
670	100	2348	93.3644530887
671	103	2351	93.4319663609
672	102	2353	93.44283236
673	98	2356	93.3432020259
674	100	2358	93.340767586
675	96	2359	93.389220685
676	100	2364	93.3607294039
677	101	2368	93.2965053532
678	97	2373	93.2633818154
679	99	2376	93.203486206
680	98	2378	93.2111876924
681	103	2382	93.3072280496
682	108	2385	93.2187154619
683	106	2391	93.233419747
684	107	2393	93.2918551361
685	112	2398	93.1991264993
686	108	2399	93.2677818974
687	111	2406	93.3029241098
688	109	2410	93.3350964398
689	104	2413	93.3853406544
690	106	2419	93.4526792176
691	111	2423	93.528271441
692	116	2430	93.6165501412
693	112	2437	93.5789525891
694	108	2439	93.5129903062
695	103	2439	93.496555278
696	98	2446	93.5334906172
697	94	2452	93.4737991869
698	89	2452	93.5345439409
699	94	2458	93.6215552319
700	90	2462	93.6517379257
701	90	2468	93.7473586758
702	87	2475	93.7853346092
703	90	2477	93.7775579972
704	94	2484	93.8099442855
705	90	2485	93.7567048477
706	95	2485	93.7244807202
707	100	2491	93.7555314896
708	104	2494	93.8393654347
709	102	2497	93.8442323609
710	104	2500	93.8352507815
711	100	2500	93.7935420694
712	103	2501	93.8688846332
713	106	2506	93.9428728684
714	103	2508	94.0162253106
715	98	2513	93.9822196447
716	100	2515	93.8865665999
717	99	2517	93.8946156764
718	102	2517	93.9772381443
719	104	2524	93.9260248949
720	99	2527	93.9677648961
721	104	2530	94.0087403866
722	107	2530	94.0481834137
723	106	2536	94.0712112211
724	103	2540	94.1406903088
725	104	2541	94.0418913618
726	107	2542	94.042029187
727	106	2544	94.0052878047
728	101	2544	94.0965866838
729	97	2549	94.1777174698
730	95	2552	94.1031190745
731	95	2556	94.0052619143
732	91	2563	94.0646365472
733	86	2564	94.1025752935
734	87	2566	94.1729231595
735	83	2566	94.1820343509
736	79	2572	94.159568708
737	82	2579	94.1318036258
738	77	2582	94.1012565814
739	74	2588	94.0733670753
740	70	2593	94.0284971608
741	67	2599	93.940067042
742	62	2604	93.9234363483
743	63	2610	93.9639505651
744	64	2615	93.9412709732
745	60	2622	93.8672176862
746	62	2624	93.8341896312
747	66	2625	93.9183089497
748	71	2629	93.9200753878
749	72	2636	93.966715219
750	77	2642	93.9214591129
751	82	2645	93.8387034099
752	81	2647	93.906464878
753	80	2649	93.9397004922
754	85	2652	93.998532575
755	86	2652	94.0128840925
756	82	2656	93.9586192393
757	84	2662	94.0346210716
758	79	2668	93.9547466486
759	76	2674	93.9935316304
760	77	2680	93.9445256654
761	73	2682	93.9213440161
762	74	2687	93.8497193469
763	70	2688	93.7902598079
764	71	2690	93.8724090777
765	76	2693	93.8691880443
766	78	2695	93.8240734972
767	77	2697	93.8718303277
768	79	2697	93.9505555631
769	78	2699	93.8987477319
770	81	2699	93.8993970149
771	81	2702	93.8151182423
772	82	2702	93.8638487267
773	86	2707	93.9235906571
774	90	2707	93.9256282091
775	91	2710	93.9298444283
776	87	2715	94.0089292978
777	85	2715	94.0595301552
778	86	2715	94.1206753521
779	88	2717	94.1154089323
780	93	2719	94.1319825972
781	90	2723	94.05565596
782	93	2728	94.1555921257
783	97	2731	94.1426378463
784	100	2738	94.1097147656
785	104	2742	94.1200136738
786	104	2749	94.1801950782
787	104	2756	94.0802305124
788	102	2759	94.1296408514
789	107	2759	94.0662630894
790	107	2764	94.007989857
791	112	2769	94.0674071611
792	113	2775	94.0959888929
793	111	2775	94.1424930627
794	110	2777	94.2416726079
795	115	2777	94.3087387369
796	114	2781	94.3878515625
797	112	2787	94.4178827273
798	113	2790	94.486182179
799	109	2791	94.5602855316
800	114	2796	94.4831107341
801	110	2801	94.5729655989
802	114	2801	94.5294482295
803	110	2802	94.440060157
804	105	2807	94.4773684001
805	105	2807	94.4775960509
806	100	2809	94.4448480263
807	101	2809	94.3816657921
808	98	2816	94.4335248229
809	102	2817	94.4308067453
810	106	2824	94.4848984915
811	101	2825	94.4766847468
812	103	2826	94.4325373204
813	106	2827	94.4712000625
814	102	2829	94.4187684644
815	101	2835	94.4264901701
816	96	2835	94.454926866
817	95	2841	94.4706399685
818	99	2844	94.3925204323
819	95	2848	94.450569564
820	95	2855	94.4779672074
821	92	2862	94.5313398141
822	87	2862	94.5614629815
823	82	2868	94.4618524956
824	85	2873	94.4248889817
825	89	2878	94.3504819364
826	87	2884	94.4255055616
827	82	2891	94.4359149145
828	87	2893	94.4441062422
829	89	2900	94.4614109395
830	86	2900	94.5159677065
831	82	2906	94.4189595777
832	79	2908	94.4901558461
833	83	2913	94.5349224692
834	81	2916	94.4451044839
835	82	2919	94.5358665654
836	81	2922	94.5393481426
837	76	2929	94.6098255245
838	72	2929	94.6517748262
839	72	2929	94.652875946
840	71	2930	94.6243154942
841	67	2937	94.5264048781
842	63	2938	94.4467937354
843	59	2940	94.4289126794
844	59	2940	94.4776677371
845	56	2940	94.3959981102
846	57	2944	94.4823427073
847	59	2948	94.4813492799
848	59	2954	94.551949672
849	61	2956	94.5489004722
850	56	2963	94.5992048582
851	58	2970	94.6517669718
852	58	2977	94.6092980105
853	54	2983	94.526253266
854	57	2984	94.5741401136
855	62	2987	94.6582130636
856	64	2993	94.6540716671
857	64	2993	94.6593998894
858	59	2999	94.6307216429
859	63	3003	94.5756642466
860	65	3009	94.4823119612
861	68	3013	94.4171337166
862	63	3017	94.4883217842
863	64	3020	94.5866659326
864	64	3026	94.5512709811
865	62	3032	94.6406775525
866	62	3038	94.5790429879
867	61	3043	94.5510827673
868	63	3048	94.5624049227
869	58	3051	94.469201334
870	62	3052	94.4857531448
871	67	3053	94.3907103228
872	68	3054	94.3448586241
873	68	3059	94.2975464764
874	63	3061	94.2461125893
875	65	3065	94.2818489044
876	67	3069	94.3441351875
877	72	3069	94.3624540336
878	69	3070	94.2669342969
879	69	3071	94.1868898008
880	67	3071	94.1389356563
881	65	3077	94.0516947538
882	60	3079	93.9809007376
883	65	3081	94.0684786166
884	63	3088	94.089231307
885	59	3091	94.1748413245
886	60	3096	94.2600619254
887	62	3100	94.2047151763
888	67	3100	94.1986712397
889	70	3107	94.1559896339
890	73	3114	94.2208383024
891	76	3121	94.2096430809
892	73	3122	94.236996005
893	74	3123	94.2750993651
894	79	3124	94.3031486481
895	84	3130	94.3611987382
896	84	3133	94.4248587101
897	80	3133	94.4926504358
898	82	3139	94.3983303325
899	80	3143	94.363962216
900	81	3147	94.2894008688
901	83	3151	94.2830307047
902	81	3151	94.3250784418
903	80	3157	94.3045676215
904	81	3160	94.2683355611
905	85	3165	94.1687710013
906	88	3169	94.1371521674
907	85	3172	94.1499519235
908	83	3173	94.2018794235
909	83	3179	94.1273601435
910	84	3182	94.1278819778
911	81	3184	94.1315978837
912	85	3188	94.0836155624
913	87	3195	94.1586787321
914	83	3197	94.2581281688
915	78	3201	94.2622219881
916	77	3202	94.2175690615
917	80	3209	94.2883507096
918	82	3216	94.3860710492
919	84	3223	94.4679309713
920	80	3227	94.4576776083
921	84	3230	94.4708342337
922	79	3235	94.4826721973
923	81	3237	94.4264049372
924	85	3244	94.3673644586
925	83	3246	94.4276120836
926	88	3247	94.4699477536
927	85	3248	94.4409283433
928	86	3253	94.4478308481
929	87	3255	94.3650268038
930	89	3260	94.4274450018
931	90	3262	94.3872388272
932	95	3266	94.4825439371
933	92	3270	94.4968827955
934	97	3274	94.4081284508
935	102	3274	94.3586135394
936	101	3274	94.4149012909
937	106	3278	94.476622976
938	101	3279	94.4489363458
939	102	3281	94.5234924854
940	105	3282	94.5432260756
941	103	3286	94.5374776373
942	106	3292	94.5558340538
943	106	3299	94.5903765917
944	108	3301	94.535711741
945	110	3301	94.6274975024
946	112	3307	94.716808593
947	110	3314	94.7745993951
948	111	3320	94.6968087095
949	116	3321	94.7853609256
950	116	3322	94.7180845786
951	117	3322	94.7057536926
952	119	3323	94.7154796593
953	117	3325	94.6828350457
954	114	3325	94.6606295205
955	113	3332	94.6972730599
956	118	3332	94.6796855975
957	116	3332	94.6546718138
958	117	3337	94.728781525
959	116	3340	94.792295971
960	113	3343	94.8312695059
961	112	3343	94.8049724986
962	117	3343	94.825372186
963	118	3344	94.9241146857
964	113	3348	94.897216993
965	110	3351	94.9622760405
966	106	3351	94.9586440579
967	105	3354	94.9279752059
968	105	3361	94.9105325546
969	106	3363	94.8512837189
970	101	3364	94.8299607168
971	104	3364	94.8255176643
972	100	3365	94.8437627007
973	102	3371	94.834663922
974	98	3375	94.9330290503
975	96	3378	94.9561981704
976	94	3383	94.9545415699
977	98	3387	94.8992949052
978	101	3387	94.9882413252
979	104	3390	95.0796221024
980	108	3397	95.174124956
981	105	3400	95.2112366636
982	100	3405	95.1836584533
983	100	3412	95.2323804151
984	97	3412	95.1997471421
985	101	3413	95.2770986825
986	99	3420	95.276653021
987	103	3427	95.2765916142
988	100	3430	95.297093889
989	95	3432	95.2886258448
990	99	3433	95.2722706457
991	102	3435	95.2199770511
992	102	3437	95.1487690465
993	101	3441	95.1449078282
994	97	3448	95.1838109663
995	99	3449	95.2694781675
996	104	3452	95.2637184168
997	100	3453	95.3235242535
998	102	3460	95.270877143
999	101	3466	95.1727217784
1000	105	3471	95.2465952011
1001	109	3471	95.2746873896
1002	113	3473	95.2495634567
1003	118	3475	95.2516201738
1004	113	3476	95.1698885369
1005	115	3481	95.2621625276
1006	118	3484	95.1934068783
1007	115	3491	95.2715210371
1008	111	3498	95.2071340455
1009	111	3498	95.1744703295
1010	112	3502	95.2094888904
1011	116	3503	95.1487299309
1012	111	3505	95.2110759373
1013	106	3510	95.1640564515
1014	109	3515	95.0932976148
1015	109	3517	95.1827745255
1016	108	3523	95.1949342822
1017	104	3528	95.2505765754
1018	103	3528	95.3099644029
1019	106	3532	95.2472751728
1020	107	3532	95.1980000826
1021	111	3536	95.2067316477
1022	116	3536	95.1139572346
1023	113	3536	95.2030063477
1024	108	3542	95.1456835152
1025	109	3549	95.0812511258
1026	108	3556	95.0764665172
1027	110	3560	95.1686907983
1028	110	3565	95.2132504506
1029	115	3571	95.1535203978
1030	120	3577	95.1902418879
1031	121	3581	95.1613640762
1032	119	3581	95.1449875895
1033	122	3582	95.1750998628
1034	120	3584	95.1954205388
1035	117	3591	95.2372873964
1036	112	3597	95.32523342
1037	113	3602	95.2302704427
1038	116	3604	95.1533050053
1039	112	3610	95.1541093091
1040	117	3614	95.1993941137
1041	112	3614	95.2967608765
1042	111	3620	95.27951439
1043	115	3625	95.313661535
1044	113	3629	95.2726786784
1045	109	3636	95.2794025316
1046	112	3636	95.1825245671
1047	113	3643	95.2102362692
1048	118	3650	95.3058044556
1049	116	3653	95.3418266132
1050	113	3657	95.329421152
1051	109	3664	95.4150179901
1052	114	3669	95.3204280058
1053	118	3673	95.3341699606
1054	114	3677	95.2674193896
1055	117	3683	95.2114144375
1056	122	3689	95.246513045
1057	122	3696	95.2709480538
1058	127	3696	95.2018428079
1059	127	3702	95.1628618163
1060	127	3707	95.1230177544
1061	125	3714	95.1837745014
1062	124	3715	95.2411848204
1063	125	3716	95.1773575694
1064	126	3722	95.0816359976
1065	130	3723	95.003404694
1066	130	3729	94.9455161696
1067	125	3733	95.0181879092
1068	120	3734	95.056670725
1069	121	3741	95.0152198373
1070	119	3747	95.0491192828
1071	117	3747	95.0465407416
1072	121	3749	95.0274924405
1073	117	3751	95.1005940175
1074	122	3756	95.0386976666
1075	124	3758	95.0838369967
1076	128	3764	95.1741906265
1077	125	3767	95.1118184455
1078	120	3771	95.1587545708
1079	115	3772	95.0804140636
1080	118	3779	95.0955566583
1081	118	3780	95.1841011643
1082	117	3786	95.1797681209
1083	115	3793	95.1790804438
1084	116	3798	95.171611232
1085	111	3801	95.1417842584
1086	116	3802	95.0950822308
1087	119	3809	95.1634027734
1088	122	3809	95.1336542985
1089	117	3812	95.0544785751
1090	122	3812	95.0429753407
1091	126	3816	95.0611865014
1092	123	3821	94.9871795116
1093	127	3824	95.0471107384
1094	125	3830	95.0014351962
1095	126	3832	94.9532775011
1096	126	3835	94.85705332
1097	128	3842	94.8083861313
1098	124	3843	94.8016178402
1099	126	3850	94.7116259287
1100	130	3856	94.6899867026
1101	134	3863	94.6752988651
1102	139	3870	94.772270274
1103	139	3872	94.8560906659
1104	139	3873	94.7935836006
1105	141	3876	94.7913175861
1106	138	3882	94.8436910368
1107	142	3888	94.7584695211
1108	146	3890	94.7732260977
1109	150	3892	94.8339671604
1110	145	3899	94.7395233184
1111	141	3905	94.7121830384
1112	139	3912	94.6723185745
1113	142	3917	94.587681386
1114	147	3920	94.4963668596
1115	149	3925	94.5731599988
1116	150	3929	94.5122643774
1117	155	3935	94.559658242
1118	153	3942	94.472144858
1119	148	3943	94.5627399031
1120	144	3946	94.5956008545
1121	143	3950	94.5795252605
1122	145	3951	94.5889887623
1123	143	3952	94.6225560514
1124	142	3957	94.6710715712
1125	143	3962	94.7369185018
1126	139	3963	94.680581907
1127	138	3967	94.6905830768
1128	134	3972	94.6791107581
1129	137	3973	94.6403600401
1130	135	3977	94.5769424133
1131	140	3978	94.5258578698
1132	142	3982	94.5112778061
1133	146	3984	94.4721702893
1134	143	3985	94.5509049608
1135	143	3985	94.5825517108
1136	148	3986	94.6150099026
1137	149	3990	94.6174847579
1138	154	3992	94.708437789
1139	153	3995	94.7921946987
1140	152	3998	94.8166918445
1141	152	4004	94.8320812137
1142	156	4009	94.8339864882
1143	155	4013	94.821915885
1144	159	4014	94.7500384326
1145	164	4017	94.8193435416
1146	168	4021	94.719660325
1147	164	4022	94.6689845121
1148	167	4027	94.6720176174
1149	162	4031	94.6012430453
1150	161	4038	94.5014524281
1151	161	4043	94.5310388452
1152	157	4048	94.5338279326
1153	162	4055	94.6019427549
1154	164	4055	94.5343905623
1155	163	4058	94.6090051255
1156	163	4059	94.6126700684
1157	168	4065	94.558842291
1158	164	4065	94.6555221712
1159	166	4069	94.6801564791
1160	162	4069	94.7263388441
1161	157	4076	94.6817938667
1162	155	4082	94.645722455
1163	158	4087	94.6002646076
1164	159	4094	94.6476700842
1165	156	4100	94.645530818
1166	155	4103	94.5539704604
1167	152	4110	94.4684921218
1168	156	4112	94.5368544224
1169	161	4113	94.6056049125
1170	161	4118	94.6041092692
1171	158	4124	94.6097485804
1172	157	4128	94.5769251684
1173	157	4129	94.6246288821
1174	153	4129	94.7142240495
1175	154	4134	94.6406218174
1176	153	4137	94.651534904
1177	156	4144	94.6791144205
1178	154	4147	94.6123451935
1179	158	4150	94.6747641362
1180	155	4152	94.6756809929
1181	150	4159	94.7711982094
1182	145	4165	94.760051315
1183	146	4169	94.7896872003
1184	150	4175	94.7411673321
1185	148	4175	94.6540115298
1186	148	4181	94.6899147928
1187	151	4181	94.601483697
1188	147	4187	94.6555461689
1189	144	4190	94.696695392
1190	145	4194	94.6694373241
1191	148	4198	94.6452070157
1192	149	4201	94.6345380287
1193	148	4203	94.6402666989
1194	145	4208	94.6833433849
1195	147	4211	94.7260240985
1196	143	4217	94.8222460525
1197	142	4223	94.8870004252
1198	141	4230	94.9724104712
1199	137	4237	94.9349620455
1200	135	4242	94.9373610008
1201	131	4246	94.9569421076
1202	128	4247	94.9723950103
1203	132	4250	94.9709752568
1204	130	4255	95.0370159551
1205	129	4258	95.0940965467
1206	133	4260	95.1166715302
1207	133	4267	95.0433091793
1208	137	4267	94.9989167033
1209	134	4268	95.0917229288
1210	134	4274	94.9946862447
1211	134	4274	94.947717629
1212	135	4281	94.8507068361
1213	130	4284	94.8542735578
1214	125	4287	94.8078776646
1215	127	4293	94.7764287855
1216	123	4298	94.763826919
1217	122	4302	94.7134535859
1218	121	4306	94.7423231884
1219	121	4311	94.7070228887
1220	126	4317	94.7888313728
1221	129	4324	94.8631931968
1222	133	4324	94.9404815545
1223	134	4325	94.9589102507
1224	136	4332	94.9509748806
1225	139	4339	94.9159631375
1226	134	4340	94.9563901648
1227	129	4347	94.97265776
1228	124	4352	94.9456457891
1229	126	4353	94.880345456
1230	130	4356	94.9577119909
1231	131	4360	94.9025032671
1232	136	4366	94.952627294
1233	138	4372	94.8922030167
1234	143	4372	94.8296396526
1235	140	4373	94.8521603557
1236	135	4374	94.8848555907
1237	133	4374	94.962098696
1238	128	4381	95.0039298105
1239	133	4387	95.0996457137
1240	137	4388	95.1510637665
1241	134	4390	95.207235364
1242	129	4396	95.2047427598
1243	129	4398	95.1548198053
1244	129	4399	95.2453542791
1245	133	4405	95.2912341908
1246	135	4407	95.2686726951
1247	134	4407	95.1973871982
1248	133	4410	95.1056691945
1249	134	4412	95.018838502
1250	136	4413	94.9964180544
1251	135	4417	94.9474007793
1252	138	4423	94.9769667091
1253	138	4429	95.008433074
1254	139	4430	95.0239528698
1255	139	4433	95.051374809
1256	142	4437	95.1500057846
1257	141	4440	95.0751352073
1258	143	4445	95.0982561268
1259	140	4447	95.0057556902
1260	141	4454	95.0249119807
1261	146	4455	95.0062700133
1262	146	4459	94.9372997627
1263	143	4465	94.8396350589
1264	138	4469	94.8721476392
1265	142	4471	94.9272396041
1266	139	4478	94.9272373828
1267	139	4480	94.9726752569
1268	134	4487	95.0489433489
1269	136	4493	95.0236902784
1270	132	4500	95.0738735637
1271	127	4502	95.1603502714
1272	126	4505	95.1524279025
1273	129	4509	95.0548127567
1274	125	4509	95.0719990155
1275	125	4514	95.0327242384
1276	123	4521	95.0680322002
1277	124	4527	94.9761679953
1278	128	4528	95.0644963317
1279	123	4529	95.0647722065
1280	128	4530	95.0600918093
1281	131	4533	95.1068874132
1282	130	4539	95.02537424
1283	130	4541	94.9541223789
1284	125	4543	94.8889685517
1285	126	4543	94.8287722704
1286	129	4546	94.8539187155
1287	131	4551	94.7893843941
1288	132	4554	94.7646334089
1289	136	4558	94.8203196715
1290	132	4564	94.882941468
1291	128	4571	94.9440834004
1292	123	4574	94.9327056284
1293	124	4580	94.9300995821
1294	119	4587	94.9340690264
1295	117	4591	94.9714633677
1296	117	4593	95.0559765051
1297	117	4593	95.1436579107
1298	116	4600	95.2393219569
1299	116	4606	95.1615709787
1300	121	4613	95.0883329416
1301	119	4617	95.0747505399
1302	122	4617	95.0234487094
