1	131	0	94.9876208417
2	134	4	94.9363876502
3	138	11	94.980198681
4	134	16	94.9662406906
5	136	16	95.0410016736
6	133	21	95.0659926657
7	133	24	95.0955444438
8	136	31	95.1191334344
9	134	35	95.1113664696
10	138	41	95.1785132437
11	134	46	95.1712130319
12	139	48	95.1221681911
13	134	50	95.0736536561
14	129	52	94.9893004787
15	128	58	94.9108414477
16	129	64	94.9711540026
17	133	65	94.9664386242
18	131	69	95.060755826
19	135	73	95.1112065506
20	138	73	95.148204712
21	141	78	95.2100179045
22	138	83	95.2163232067
23	135	83	95.2457334816
24	131	86	95.195842665
25	135	89	95.2841938717
26	135	93	95.3540678646
27	136	94	95.3428460557
28	131	98	95.3556264883
29	132	104	95.4112036122
30	128	108	95.4315278217
31	129	112	95.3522706269
32	125	115	95.2663837408
33	120	115	95.3444042534
34	119	117	95.3973472986
35	124	120	95.4373536828
36	126	126	95.4911478154
37	128	126	95.4353536275
38	130	132	95.5268642993
39	125	135	95.5248699729
40	125	140	95.4539229543
41	120	145	95.3547196034
42	125	150	95.2644858826
43	124	151	95.3515810336
44	121	158	95.3163615255
45	117	164	95.2165070535
46	116	171	95.1188816883
47	114	175	95.0612716799
48	117	180	95.0687248231
49	122	187	95.124658101
50	126	189	95.208683919
51	122	190	95.2955452056
52	127	193	95.2128795386
53	125	198	95.3026563074
54	126	198	95.3760926248
55	122	200	95.443917487
56	121	202	95.5001703398
57	123	207	95.5484082895
58	123	210	95.6434954842
59	128	217	95.5491327823
60	130	217	95.5426448618
61	135	223	95.4507191994
62	131	230	95.5306132569
63	131	235	95.5747508611
64	126	242	95.6377543415
65	126	244	95.5760989994
66	124	249	95.5615227355
67	120	255	95.4696689247
68	125	262	95.4816339791
69	128	269	95.5523675548
70	127	272	95.6492528861
71	122	279	95.6137151736
72	119	283	95.5456172871
73	117	289	95.5438221381
74	115	292	95.4533188964
75	113	295	95.4134377312
76	117	301	95.4209862678
77	114	301	95.3588729366
78	113	301	95.4262640016
79	118	303	95.4027271062
80	118	304	95.3733676748
81	121	304	95.3127671105
82	126	308	95.3410991735
83	129	308	95.3333680328
84	134	309	95.3458487089
85	132	310	95.4259845735
86	132	316	95.524833857
87	135	318	95.4733267284
88	140	318	95.4996803532
89	137	323	95.4628355921
90	132	330	95.4579280172
91	137	335	95.3777799887
92	140	337	95.3011317573
93	136	342	95.2985550876
94	134	344	95.2933200088
95	139	344	95.2086156691
96	141	344	95.2592009361
97	146	347	95.1799897451
98	142	347	95.2479979973
99	146	353	95.2491697248
100	146	356	95.254879325
101	146	362	95.3403805936
102	145	364	95.292755662
103	145	367	95.3235587179
104	148	367	95.2849130318
105	149	374	95.207817545
106	145	379	95.1952729417
107	144	386	95.1314664364
108	139	392	95.110762633
109	136	398	95.1454678291
110	136	402	95.2159444626
111	140	407	95.1734591917
112	136	409	95.1275423824
113	133	411	95.074631918
114	130	411	95.0181661625
115	133	418	94.9269999866
116	135	421	94.8405754853
117	132	425	94.9234218023
118	131	430	94.9541028601
119	132	433	94.8728904503
120	137	439	94.9180200392
121	136	446	94.9833781787
122	132	446	94.9145320863
123	131	450	94.8397986891
124	126	455	94.742288702
125	128	458	94.6961836279
126	131	462	94.7583525508
127	127	466	94.7912496212
128	126	466	94.8574426358
129	125	472	94.7746449789
130	128	472	94.7285449334
131	130	474	94.783690933
132	126	474	94.7410959894
133	121	479	94.6880001101
134	124	482	94.6991874308
135	126	488	94.6522454894
136	127	488	94.564369546
137	131	488	94.5767730814
138	132	494	94.6180519964
139	136	497	94.6509102523
140	131	504	94.7420390463
141	134	511	94.6790052583
142	139	512	94.6664174411
143	136	512	94.6697833173
144	140	514	94.7511055863
145	138	517	94.8270566847
146	136	521	94.8936888989
147	138	522	94.9453837123
148	134	528	94.9668485013
149	134	528	94.9462105898
150	133	533	94.8823149524
151	128	535	94.8076661195
152	132	540	94.721415329
153	132	546	94.639435818
154	128	547	94.6196164845
155	126	554	94.6623462967
156	129	558	94.5724376959
157	128	560	94.5130048847
158	129	563	94.4431089238
159	128	567	94.4087917265
160	133	567	94.4452988561
161	133	568	94.4760448928
162	129	569	94.5308875112
163	127	569	94.5799101725
164	128	573	94.5956420627
165	131	580	94.5963015197
166	133	587	94.5194885728
167	132	591	94.4887053451
168	128	591	94.5151260186
169	129	592	94.4446674081
170	128	593	94.5211757465
171	132	596	94.5318960785
172	135	603	94.5949850219
173	140	610	94.5372023117
174	135	615	94.4628109504
175	138	618	94.4479206467
176	141	620	94.5422961398
177	141	626	94.4477274037
178	138	628	94.3717471268
179	133	634	94.3550032122
180	138	638	94.2921721488
181	133	641	94.386837799
182	129	648	94.3656201786
183	130	655	94.4002037081
184	130	662	94.3520248337
185	128	664	94.2969065934
186	126	668	94.3748215697
187	128	672	94.442259761
188	125	679	94.4853074656
189	127	682	94.5271181056
190	122	682	94.5728124321
191	117	682	94.5770774564
192	117	686	94.6130162559
193	120	692	94.7122181846
194	123	697	94.7116416318
195	119	700	94.6494802264
196	117	707	94.7336684172
197	115	713	94.7395812047
198	115	717	94.8374316254
199	110	721	94.8990416767
200	108	725	94.8397944766
201	111	731	94.8699794601
202	113	733	94.8545394629
203	108	736	94.8035447057
204	105	737	94.7537489757
205	102	740	94.7456344195
206	99	745	94.8176408906
207	97	745	94.795890784
208	101	748	94.8453195844
209	99	750	94.8873298574
210	100	756	94.9529893284
211	102	760	94.9301046024
212	97	765	94.8590338989
213	96	766	94.9358604209
214	95	767	95.0349889787
215	94	770	95.0048555776
216	94	770	94.933183202
217	89	772	94.929069078
218	91	778	94.9439164131
219	94	781	94.848043428
220	94	783	94.8020126851
221	97	789	94.8481021508
222	100	789	94.8718415136
223	102	796	94.89698326
224	99	798	94.920831308
225	102	804	95.0166767296
226	103	806	94.9584664524
227	104	813	95.0450391302
228	106	816	94.9801556074
229	103	820	94.9445594148
230	101	827	94.9459490803
231	103	831	94.9123937193
232	99	831	94.8782089328
233	94	838	94.9775295611
234	96	844	94.8893146893
235	93	844	94.7989386319
236	98	845	94.7987906374
237	103	851	94.8900861734
238	103	853	94.8886260301
239	106	855	94.8411538246
240	101	862	94.7561016904
241	103	863	94.6955132851
242	107	869	94.7366208187
243	104	875	94.8224314546
244	99	878	94.7988154328
245	96	882	94.737564164
246	99	884	94.7307838208
247	103	888	94.7760130688
248	101	892	94.7060570576
249	104	899	94.6871684056
250	106	901	94.6601076786
251	107	908	94.7391126806
252	102	913	94.7136892439
253	100	916	94.7648012345
254	99	918	94.8219395544
255	100	925	94.7816865825
256	99	925	94.7637333484
257	95	931	94.7934581034
258	94	936	94.7049829201
259	92	940	94.6442194584
260	88	944	94.5868922631
261	84	947	94.5238470498
262	84	954	94.5801201741
263	83	959	94.6728331623
264	82	964	94.6473803587
265	78	964	94.5751650857
266	83	971	94.484755259
267	83	976	94.5454603364
268	79	982	94.5497932919
269	81	988	94.4729398312
270	79	990	94.4752892819
271	82	997	94.4607505837
272	77	1004	94.5218308698
273	72	1010	94.5454441033
274	71	1014	94.6133136831
275	66	1015	94.6244790286
276	70	1019	94.7070989693
277	75	1020	94.7527593031
278	78	1021	94.8140181106
279	73	1026	94.8514676276
280	68	1030	94.849723179
281	73	1034	94.789941708
282	76	1038	94.8323555888
283	73	1042	94.8177064387
284	68	1048	94.7938379575
285	67	1049	94.7387570353
286	66	1055	94.8276841508
287	68	1055	94.7880381245
288	65	1059	94.8121629787
289	70	1061	94.7632053774
290	66	1062	94.8415633279
291	64	1065	94.7483634801
292	65	1070	94.7113378938
293	66	1072	94.6292894328
294	63	1077	94.6424882521
295	62	1079	94.7168995031
296	61	1083	94.7153959699
297	56	1086	94.6455962277
298	60	1093	94.5776741373
299	55	1095	94.6348286899
300	52	1101	94.6690026843
301	50	1105	94.7612309154
302	50	1111	94.7943909015
303	52	1117	94.7023407139
304	53	1123	94.6139151714
305	50	1128	94.5873576196
306	54	1129	94.507886837
307	50	1131	94.5976770537
308	50	1132	94.5936536986
309	52	1135	94.6790882256
310	53	1141	94.5913261653
311	58	1143	94.6913238666
312	57	1149	94.6440652547
313	52	1154	94.6824519309
314	55	1161	94.7702659336
315	57	1163	94.8605889619
316	55	1166	94.9105811421
317	52	1169	94.8978494851
318	57	1173	94.9409764008
319	53	1179	94.980600294
320	52	1182	94.974025211
321	55	1189	94.9373260986
322	54	1191	94.8553556721
323	50	1198	94.8927751509
324	50	1198	94.8066563346
325	50	1198	94.7169561449
326	55	1204	94.7947933144
327	58	1204	94.775672825
328	54	1207	94.7332726556
329	50	1209	94.7789915453
330	54	1211	94.7663862515
331	57	1212	94.8376680597
332	60	1217	94.8001205355
333	58	1223	94.8126308956
334	54	1224	94.7738763604
335	53	1229	94.7984076221
336	56	1229	94.7515744756
337	51	1231	94.8453551277
338	52	1234	94.9115956766
339	55	1238	94.9491765353
340	57	1243	95.0112461428
341	58	1243	94.9761215813
342	63	1249	94.9307936523
343	67	1252	94.8880639871
344	67	1258	94.8257488049
345	63	1263	94.9123135932
346	68	1264	94.9927991038
347	71	1264	94.9241672864
348	68	1270	94.9147153488
349	71	1275	94.9450165083
350	76	1277	95.0212176505
351	81	1284	95.0072655605
352	86	1289	94.9904721629
353	85	1293	94.9486872608
354	83	1299	94.9772865679
355	80	1302	94.9164344392
356	77	1306	95.0071178092
357	74	1308	94.9912290207
358	79	1308	95.0697700067
359	83	1312	95.1298182892
360	80	1317	95.1472702492
361	75	1317	95.2009409875
362	73	1318	95.2457107088
363	70	1320	95.2780499813
364	71	1321	95.2037585787
365	72	1321	95.1401050784
366	67	1328	95.142894893
367	72	1329	95.101454798
368	76	1332	95.0347625617
369	80	1335	94.9644377474
370	84	1339	94.9674364842
371	87	1340	94.9948148182
372	82	1340	95.0606430003
373	79	1346	95.0713741653
374	74	1347	95.1507988153
375	73	1352	95.0947638284
376	71	1357	95.0208153943
377	69	1361	95.0453817727
378	65	1367	95.0432513545
379	63	1374	94.9922557657
380	68	1375	95.0610040377
381	71	1377	94.991512076
382	66	1379	95.0567187663
383	64	1381	95.0269838564
384	59	1384	94.9739429366
385	58	1390	94.8771519062
386	60	1394	94.9746576525
387	60	1397	94.9373427583
388	62	1400	94.8911674338
389	58	1402	94.8712214355
390	55	1403	94.9235398793
391	58	1404	95.0080321428
392	57	1411	95.013921423
393	54	1412	95.0306741235
394	52	1418	95.0109218513
395	51	1421	94.912473882
396	54	1424	94.9855688966
397	58	1428	95.0150567095
398	62	1435	95.0251104968
399	67	1437	95.0571918584
400	72	1444	95.0496791762
401	71	1449	95.0795270783
402	66	1452	95.1047046708
403	62	1455	95.059368389
404	65	1460	94.9794554306
405	70	1464	94.9663771813
406	65	1468	94.8943986484
407	62	1472	94.9838438361
408	59	1478	94.987571748
409	64	1479	94.9093575919
410	68	1485	94.8869237978
411	67	1490	94.9118317768
412	71	1491	94.8501314765
413	69	1493	94.8921217951
414	67	1500	94.9248603971
415	64	1505	94.9161126646
416	59	1509	94.8341175567
417	54	1512	94.8045831277
418	53	1517	94.7144418063
419	58	1524	94.7029420484
420	56	1531	94.6715836814
421	53	1538	94.6048302555
422	54	1541	94.5473778173
423	52	1547	94.5313665267
424	50	1550	94.5834807409
425	51	1551	94.615939571
426	50	1551	94.546035209
427	50	1551	94.4934621281
428	50	1556	94.5882957421
429	52	1560	94.6497630697
430	53	1566	94.7021531817
431	50	1569	94.7540268589
432	54	1575	94.683079209
433	53	1582	94.6511541539
434	50	1586	94.7006388672
435	50	1586	94.7944227204
436	53	1590	94.8694598574
437	58	1593	94.8290559212
438	57	1599	94.8090378804
439	60	1605	94.7567282021
440	65	1607	94.853006814
441	70	1611	94.7867632225
442	72	1615	94.8266953073
443	77	1615	94.82518148
444	79	1620	94.7388327879
445	79	1620	94.6881882272
446	79	1625	94.6588035592
447	84	1630	94.6996468403
448	87	1637	94.7035853453
449	92	1641	94.7650428956
450	93	1643	94.66805426
451	89	1647	94.7346518138
452	89	1647	94.6700997009
453	92	1649	94.7012036428
454	92	1653	94.7068534744
455	97	1660	94.757325972
456	98	1666	94.8114295328
457	103	1667	94.7789290947
458	101	1672	94.8043862283
459	99	1676	94.7682428619
460	100	1681	94.7647796877
461	98	1688	94.6804946559
462	98	1689	94.7437682991
463	96	1692	94.8329583454
464	96	1694	94.7888414585
465	91	1697	94.7497392994
466	91	1697	94.8023339732
467	94	1700	94.7402999645
468	89	1703	94.6793169513
469	90	1708	94.6415797886
470	94	1713	94.5616230339
471	94	1716	94.642113302
472	97	1720	94.7261521072
473	97	1722	94.7322651808
474	100	1727	94.773899605
475	100	1731	94.6782215166
476	103	1731	94.7308172363
477	108	1738	94.6438079453
478	106	1739	94.5756848058
479	106	1743	94.6559967694
480	105	1745	94.5721372492
481	102	1748	94.5585701927
482	100	1751	94.6185793162
483	97	1751	94.5363309398
484	95	1754	94.4887677707
485	98	1755	94.4656975799
486	94	1758	94.4455333333
487	92	1764	94.5207341131
488	90	1769	94.5507851884
489	86	1773	94.5942780417
490	89	1779	94.5517461267
491	91	1782	94.5286137427
492	91	1789	94.4791714738
493	87	1793	94.5519029894
494	82	1795	94.6289254227
495	80	1800	94.5983694368
496	75	1805	94.5660004377
497	71	1811	94.4813958761
498	74	1812	94.561720942
499	75	1816	94.5728275317
500	76	1823	94.5972894112
501	71	1827	94.5170380992
502	72	1827	94.5659802213
503	72	1834	94.5138207247
504	73	1841	94.5344356066
505	73	1841	94.4656622732
506	72	1848	94.4484608178
507	74	1855	94.5276100525
508	71	1855	94.5046856704
509	72	1859	94.4341410983
510	69	1860	94.3438349869
511	64	1864	94.4199271741
512	65	1870	94.3939709495
513	66	1876	94.3668703431
514	69	1878	94.3333759981
515	64	1879	94.3334786093
516	69	1879	94.4176510877
517	68	1886	94.4313012194
518	66	1886	94.3908207511
519	65	1890	94.3349368041
520	63	1892	94.2489308434
521	61	1892	94.3068589126
522	57	1898	94.2985810549
523	60	1901	94.3673158897
524	58	1904	94.3301167859
525	61	1908	94.233844727
526	62	1914	94.2421465595
527	64	1921	94.2307891744
528	59	1924	94.3016990219
529	56	1927	94.2552279683
530	53	1929	94.3341238366
531	50	1934	94.3082302088
532	50	1938	94.3296599374
533	50	1944	94.2817908869
534	55	1948	94.3771929371
535	59	1955	94.4707529039
536	64	1962	94.4403021533
537	69	1964	94.3737809241
538	69	1966	94.3351638121
539	72	1970	94.3279007288
540	70	1974	94.4191790645
541	73	1977	94.4724509421
542	74	1982	94.3976221879
543	79	1982	94.4280890544
544	82	1986	94.3414825818
545	86	1992	94.2480539288
546	83	1998	94.3269388817
547	85	2002	94.2944375715
548	81	2007	94.2122612641
549	76	2013	94.1265209806
550	71	2018	94.1784397904
551	74	2020	94.1192961581
552	70	2022	94.0756554733
553	71	2027	94.1356837771
554	67	2034	94.2087946517
555	63	2038	94.1499267101
556	65	2041	94.1193944432
557	70	2046	94.0759979012
558	69	2048	94.0614078378
559	71	2054	93.988693274
560	75	2054	94.0006547365
561	72	2058	93.9690902821
562	77	2060	94.045541669
563	76	2060	94.1374572649
564	81	2066	94.0988448003
565	80	2069	94.1746222906
566	82	2071	94.0784590443
567	81	2076	94.047056739
568	85	2081	94.0153556346
569	88	2087	94.0936654068
570	89	2088	94.0419354968
571	91	2094	93.94255558
572	94	2095	93.9911471068
573	92	2096	93.9444102313
574	89	2099	93.9105789267
575	86	2101	93.8187850563
576	89	2105	93.9102484315
577	87	2111	93.9464147513
578	92	2116	93.9240529012
579	87	2122	93.8455554719
580	89	2127	93.8281643787
581	90	2128	93.8914687281
582	93	2128	93.8300045052
583	96	2128	93.8074292834
584	100	2129	93.7569169195
585	105	2129	93.7051673766
586	100	2134	93.6236982409
587	105	2140	93.6908426622
588	106	2143	93.7491257689
589	106	2150	93.7460536558
590	107	2152	93.7080777402
591	109	2157	93.6556522595
592	110	2164	93.645903159
593	107	2165	93.5943055407
594	111	2168	93.6395077712
595	111	2171	93.6192741848
596	109	2173	93.5365714542
597	105	2175	93.5873541073
598	103	2177	93.6645371982
599	103	2184	93.6249764489
600	100	2187	93.53861893
601	104	2189	93.560511159
602	99	2191	93.4773014508
603	100	2197	93.574580518
604	103	2201	93.5281305859
605	99	2208	93.5268830241
606	101	2214	93.5473284738
607	98	2214	93.5194420763
608	98	2217	93.5083517993
609	99	2220	93.4815426573
610	101	2220	93.4730275731
611	106	2227	93.4118631031
612	106	2230	93.3977592971
613	107	2231	93.4027205596
614	110	2231	93.3517675183
615	106	2232	93.4313236138
616	108	2236	93.422291522
617	108	2241	93.4465948816
618	112	2242	93.5119602573
619	107	2242	93.4460995135
620	106	2245	93.3710575955
621	102	2252	93.4405445054
622	103	2253	93.5317836147
623	106	2260	93.5008088783
624	110	2264	93.4592944406
625	105	2271	93.5477539248
626	110	2275	93.4605582958
627	109	2281	93.5410342649
628	110	2284	93.5353995151
629	105	2286	93.6061790912
630	109	2291	93.662610541
631	112	2294	93.5636353736
632	109	2297	93.6568140111
633	104	2302	93.6989858017
634	104	2307	93.7082055922
635	106	2308	93.7268907571
636	107	2313	93.7943612161
637	112	2317	93.7738313892
638	109	2318	93.7888490512
639	109	2325	93.7686634565
640	112	2328	93.8304102038
641	111	2328	93.8321423902
642	112	2332	93.7978138704
643	111	2338	93.7050338984
644	116	2338	93.7385135025
645	112	2345	93.7394624196
646	112	2349	93.6827030526
647	107	2354	93.6233944719
648	106	2360	93.5583401053
649	111	2362	93.577158318
650	106	2362	93.4927388979
651	111	2363	93.5428149197
652	110	2369	93.4895229978
653	105	2375	93.4186482369
654	105	2380	93.4302532856
655	103	2382	93.381863092
656	101	2388	93.3387450006
657	100	2388	93.3384424848
658	105	2391	93.3195894159
659	107	2396	93.2579705118
660	107	2397	93.2356390311
661	104	2404	93.2810436384
662	105	2404	93.241214105
663	103	2407	93.1871756495
664	103	2412	93.1277106292
665	105	2419	93.02998233
666	101	2424	93.0201251577
667	98	2425	93.0044021069
668	100	2431	92.9950049078
669	100	2431	93.0335417492
670	96	2433	93.0099878088
671	98	2434	93.0245065568
672	102	2435	93.1222267941
673	104	2437	93.2184809861
674	104	2443	93.1971139028
675	108	2447	93.2021379945
676	107	2452	93.1875083281
677	112	2455	93.2211619941
678	110	2457	93.1835618617
679	109	2459	93.1935154661
680	109	2466	93.1319862145
681	114	2470	93.2028270625
682	112	2471	93.249008778
683	113	2472	93.3354325022
684	112	2472	93.3716210371
685	114	2479	93.2851702779
686	113	2482	93.2191554945
687	109	2486	93.2374172327
688	112	2492	93.3254177754
689	111	2496	93.3256189992
690	111	2503	93.4117173613
691	110	2504	93.4602059526
692	109	2507	93.4057294267
693	112	2512	93.3410160463
694	108	2519	93.2465015889
695	107	2525	93.2130174617
696	105	2528	93.1625948544
697	101	2531	93.2556886367
698	99	2535	93.2705287294
699	94	2541	93.3501612553
700	93	2545	93.4020121755
701	90	2545	93.3927288485
702	86	2549	93.3565955658
703	87	2550	93.3920479296
704	82	2557	93.379740356
705	79	2563	93.4616779028
706	78	2563	93.4320173386
707	74	2568	93.4638283387
708	70	2574	93.5460705509
709	75	2574	93.6379075944
710	79	2574	93.6128501052
711	76	2576	93.6710003577
712	81	2577	93.7551645205
713	78	2581	93.7518813859
714	79	2582	93.6780234349
715	83	2585	93.6660722367
716	79	2586	93.5833036208
717	76	2586	93.5473433112
718	76	2587	93.5762511587
719	81	2587	93.5305679452
720	78	2587	93.5862815625
721	83	2593	93.5282941771
722	83	2594	93.5102100773
723	79	2597	93.5202770542
724	75	2602	93.5168860817
725	77	2607	93.4609353348
726	75	2614	93.4980966785
727	75	2620	93.4076141886
728	77	2624	93.3897400581
729	73	2627	93.4665297809
730	78	2634	93.5214991593
731	76	2640	93.6044886931
732	71	2647	93.5230857324
733	74	2650	93.4634956532
734	70	2651	93.4950968819
735	65	2658	93.4214577506
736	66	2665	93.3850402202
737	65	2665	93.4077300662
738	69	2668	93.4897433625
739	69	2672	93.523207503
740	66	2677	93.4533679194
741	64	2680	93.4461515883
742	65	2686	93.3799043599
743	63	2690	93.4213012812
744	63	2693	93.508530054
745	60	2695	93.514424011
746	55	2699	93.4341974235
747	59	2704	93.3888175914
748	58	2709	93.324382488
749	55	2714	93.3856853798
750	53	2719	93.3987722945
751	58	2722	93.4809082091
752	62	2727	93.5054600959
753	63	2734	93.4935158399
754	67	2740	93.5173811289
755	63	2743	93.5525606947
756	61	2748	93.5987946945
757	62	2752	93.6919080431
758	63	2755	93.6107961997
759	58	2761	93.6332855468
760	57	2761	93.5609123784
761	54	2764	93.5953551327
762	51	2770	93.6783274759
763	51	2775	93.6955528642
764	54	2777	93.6265069691
765	51	2777	93.5304865226
766	51	2780	93.4951230507
767	52	2781	93.5305000152
768	56	2788	93.5985779532
769	57	2793	93.5636177089
770	55	2795	93.640281653
771	53	2799	93.5865120038
772	58	2800	93.5637238792
773	58	2806	93.4928208477
774	63	2808	93.5717164565
775	63	2814	93.5991794581
776	66	2814	93.6905645643
777	69	2815	93.7421771083
778	66	2817	93.8085781481
779	63	2822	93.7713883034
780	60	2829	93.6757387129
781	60	2832	93.7215592895
782	65	2835	93.7866022995
783	70	2842	93.8143762248
784	65	2842	93.7293989847
785	67	2847	93.808152531
786	64	2851	93.8321735387
787	69	2851	93.9233338902
788	64	2857	93.9409685674
789	68	2858	93.8714655318
790	63	2860	93.9098983643
791	65	2860	93.874529204
792	63	2861	93.8809680963
793	58	2863	93.9691695466
794	62	2864	94.0047145393
795	58	2866	93.9519553719
796	55	2870	93.9758266734
797	57	2874	93.8851666973
798	56	2874	93.859525809
799	53	2881	93.798168179
800	50	2886	93.7065920953
801	54	2888	93.7345763302
802	54	2890	93.8225811705
803	57	2892	93.8766528825
804	56	2893	93.9378563862
805	52	2896	93.943039297
806	55	2896	93.9877531084
807	55	2900	93.9834507097
808	54	2901	94.0430754436
809	55	2901	94.0395953233
810	59	2903	94.0459367412
811	64	2905	94.0182112543
812	69	2908	94.0344200163
813	69	2914	94.1026233091
814	72	2918	94.1821845844
815	76	2924	94.2724292489
816	81	2927	94.3469355831
817	82	2934	94.4348848877
818	80	2936	94.5329672432
819	77	2937	94.5815063129
820	72	2938	94.4935052852
821	74	2940	94.4544368095
822	76	2944	94.3656162062
823	80	2951	94.3419368353
824	81	2951	94.4049188917
825	76	2952	94.4713165667
826	74	2955	94.4105280928
827	79	2958	94.3475295675
828	79	2965	94.3763141978
829	77	2966	94.4252202567
830	76	2973	94.3868848612
831	71	2977	94.3228619155
832	72	2979	94.2365104075
833	69	2986	94.3193136018
834	73	2993	94.2203177639
835	71	2999	94.2197178886
836	71	3005	94.1597651782
837	69	3005	94.1081626141
838	69	3009	94.1101169673
839	69	3014	94.0367828942
840	72	3016	94.0482299821
841	68	3022	94.0209751819
842	64	3025	94.1028687382
843	69	3031	94.1062664713
844	66	3031	94.1236645816
845	65	3036	94.2125120563
846	65	3043	94.1991702767
847	64	3049	94.1486268918
848	61	3056	94.1004589169
849	59	3056	94.1005035852
850	63	3063	94.0437175749
851	59	3067	94.1426208982
852	62	3074	94.109407789
853	58	3077	94.0203232046
854	60	3079	93.9671716834
855	56	3079	93.9952596583
856	54	3086	94.0533287215
857	50	3092	93.9727590881
858	52	3098	93.9831278602
859	52	3098	94.0184806226
860	56	3103	94.0260237875
861	56	3104	94.0627426713
862	57	3105	93.975320721
863	60	3112	94.0387127585
864	60	3118	94.0624068433
865	57	3118	94.0465233619
866	57	3124	94.0120881137
867	54	3126	93.9311300677
868	50	3126	93.9406062418
869	50	3129	94.0115534088
870	52	3130	94.037799693
871	52	3134	94.0293456891
872	54	3137	94.052410971
873	58	3142	94.0213195884
874	62	3148	93.9620469744
875	57	3150	93.8973393917
876	61	3151	93.9804669431
877	57	3151	93.9314896539
878	55	3151	93.91456034
879	50	3153	93.9586127043
880	54	3158	93.9005568817
881	50	3164	93.843284323
882	55	3169	93.8919640876
883	59	3175	93.8506044259
884	58	3180	93.8749212937
885	56	3183	93.8355940672
886	53	3188	93.836578801
887	53	3188	93.9114644604
888	55	3189	93.9762235642
889	55	3191	93.93645479
890	58	3196	93.9591016973
891	56	3196	94.0329327985
892	61	3197	93.9815202566
893	59	3197	93.9112220281
894	60	3201	93.8706978739
895	58	3203	93.8470586237
896	54	3208	93.7524449244
897	54	3209	93.6868166065
898	54	3213	93.7154443376
899	56	3214	93.734008161
900	52	3218	93.7834391152
901	50	3218	93.8313330307
902	50	3219	93.7556412554
903	50	3223	93.8538393368
904	52	3226	93.9301535069
905	56	3232	94.0014265681
906	59	3234	94.0282548955
907	57	3240	94.094302433
908	53	3244	94.108852943
909	58	3250	94.0242472226
910	62	3257	94.047122149
911	61	3258	93.9581033221
912	61	3260	94.0440081737
913	60	3263	94.0809320745
914	65	3265	94.0733897106
915	63	3267	94.0519027627
916	65	3274	94.0158053427
917	60	3280	93.928234856
918	58	3284	93.8374333815
919	56	3286	93.7905485121
920	54	3290	93.7396262592
921	55	3290	93.6805849169
922	50	3296	93.6315345293
923	50	3301	93.5989474912
924	50	3303	93.6198963659
925	55	3308	93.5270002032
926	55	3313	93.5410251044
927	57	3319	93.5232191981
928	55	3326	93.5740409099
929	58	3326	93.6540357014
930	55	3332	93.7206743783
931	59	3337	93.7651118821
932	63	3344	93.780445166
933	58	3344	93.7049955059
934	53	3348	93.7829219853
935	51	3348	93.708171381
936	50	3348	93.6178779804
937	50	3355	93.5185654685
938	50	3358	93.5598649557
939	50	3360	93.5954488268
940	50	3365	93.6718739685
941	51	3365	93.7583903772
942	51	3369	93.7484158728
943	55	3373	93.6571788321
944	60	3375	93.5950888215
945	58	3375	93.6712181425
946	53	3382	93.5913021275
947	50	3382	93.5991910662
948	52	3385	93.6168098252
949	51	3385	93.543939403
950	51	3385	93.4829578131
951	50	3392	93.5693268744
952	50	3396	93.567475383
953	52	3397	93.6645531185
954	57	3398	93.6710330862
955	52	3402	93.6283296102
956	50	3404	93.709179187
957	50	3410	93.7087456744
958	50	3410	93.7355657463
959	53	3410	93.8177974012
960	53	3412	93.9157307547
961	53	3415	93.9298258441
962	54	3417	93.8530870819
963	53	3419	93.7652986261
964	54	3422	93.6750168714
965	56	3427	93.7194876496
966	52	3434	93.8178363435
967	53	3439	93.7226784868
968	55	3443	93.727132809
969	55	3447	93.6649120289
970	58	3450	93.6599943997
971	62	3456	93.6465764693
972	58	3463	93.5785283023
973	60	3467	93.4942096214
974	60	3473	93.4641932373
975	64	3478	93.513692386
976	66	3483	93.6014610054
977	70	3484	93.5091054317
978	65	3484	93.4703996043
979	69	3487	93.5367813878
980	70	3494	93.4723110736
981	65	3499	93.4983730766
982	61	3505	93.4499488244
983	66	3509	93.4965083956
984	68	3509	93.4856647383
985	72	3509	93.5147411719
986	77	3510	93.5828512236
987	76	3516	93.6137613909
988	76	3521	93.5357909697
989	81	3525	93.470076712
990	83	3531	93.5571619461
991	83	3537	93.6062403912
992	81	3537	93.5241626032
993	78	3538	93.5996915844
994	78	3540	93.6003913545
995	77	3545	93.5474102586
996	78	3548	93.4681078809
997	78	3548	93.4624524718
998	77	3555	93.4732687763
999	81	3560	93.4463973055
1000	78	3563	93.457434681
1001	75	3568	93.3836451319
1002	75	3575	93.3670682029
1003	80	3578	93.3066855387
1004	77	3579	93.3307832857
1005	75	3583	93.4198576824
1006	75	3585	93.4206064587
1007	70	3591	93.499192253
1008	74	3594	93.4780181717
1009	73	3594	93.3817164771
1010	73	3600	93.2959828938
1011	70	3602	93.2722542505
1012	72	3607	93.1735412871
1013	75	3611	93.1423262314
1014	74	3611	93.2419859687
1015	77	3617	93.1764955819
1016	78	3622	93.2099697068
1017	80	3628	93.168766294
1018	78	3632	93.1362594724
1019	77	3632	93.0905212036
1020	75	3633	93.0261035826
1021	71	3634	93.0867766308
1022	67	3636	93.1085947893
1023	66	3643	93.1364609116
1024	67	3647	93.1779465463
1025	69	3651	93.0864057893
1026	70	3654	92.9890136655
1027	75	3658	93.0322696965
1028	71	3664	93.0810244846
1029	75	3671	93.0209672163
1030	73	3672	93.0292533998
1031	73	3677	93.1263043828
1032	69	3678	93.1389421802
1033	70	3684	93.2327450797
1034	69	3690	93.1905323541
1035	69	3692	93.2688225689
1036	73	3696	93.2254805301
1037	69	3701	93.2546833707
1038	64	3703	93.2357623126
1039	68	3708	93.1692978322
1040	70	3709	93.0922688439
1041	70	3715	93.0290204982
1042	71	3715	93.0842804171
1043	74	3715	93.1245606681
1044	74	3719	93.0294440492
1045	75	3720	93.1162037395
1046	78	3722	93.2118219488
1047	73	3723	93.2718639582
1048	71	3724	93.2605188021
1049	71	3731	93.3473713143
1050	69	3731	93.4316363085
1051	66	3736	93.4183467187
1052	62	3736	93.3206168576
1053	66	3736	93.3044348065
1054	62	3738	93.4000480891
1055	57	3738	93.4357464171
1056	62	3738	93.3625798693
1057	58	3743	93.2657320911
1058	58	3748	93.1932633624
1059	53	3753	93.218328585
1060	56	3754	93.2688824568
1061	54	3759	93.1970582184
1062	51	3761	93.2206841686
1063	54	3764	93.1826644127
1064	57	3768	93.2184109574
1065	61	3772	93.2799098069
1066	58	3778	93.2266485088
1067	61	3785	93.1776513912
1068	66	3785	93.2019332228
1069	65	3785	93.1241642934
1070	70	3785	93.2017612256
1071	73	3791	93.237573595
1072	78	3791	93.3276489962
1073	81	3795	93.3009370696
1074	82	3798	93.2821874007
1075	84	3804	93.2796773767
1076	82	3807	93.3515336155
1077	78	3810	93.3842004256
1078	78	3812	93.4809069907
1079	75	3812	93.3901631073
1080	79	3818	93.3892357281
1081	84	3824	93.433140302
1082	80	3829	93.4216384162
1083	82	3831	93.4693828593
1084	83	3834	93.4482009832
1085	81	3840	93.517498302
1086	76	3844	93.5691410585
1087	78	3849	93.5202234975
1088	79	3851	93.4503987993
1089	74	3853	93.512702619
1090	71	3854	93.6025367818
1091	70	3856	93.5185546926
1092	68	3858	93.5435581506
1093	67	3864	93.4474009733
1094	64	3867	93.5265314093
1095	65	3871	93.615885591
1096	63	3876	93.7047050482
1097	60	3879	93.7099822179
1098	57	3881	93.6752986911
1099	59	3887	93.7545964586
1100	58	3892	93.7732764839
1101	63	3898	93.747183032
1102	64	3898	93.7934790838
1103	63	3898	93.8254788845
1104	63	3904	93.842128904
1105	58	3908	93.7676525736
1106	54	3911	93.7965501794
1107	51	3912	93.8322119384
1108	55	3919	93.929730508
1109	54	3919	94.0008660063
1110	57	3920	94.0123418074
1111	58	3924	93.9372758963
1112	55	3926	93.9210795132
1113	56	3926	93.8917978733
1114	54	3930	93.9555652117
1115	52	3935	93.9245544209
1116	52	3941	93.9893740782
1117	52	3948	93.8999401537
1118	56	3951	93.9042500022
1119	56	3952	93.8794543049
1120	51	3958	93.9570001075
1121	53	3965	93.8718241684
1122	50	3971	93.9419996975
1123	50	3977	93.941675448
1124	51	3984	94.0405591353
1125	55	3984	94.0460807346
1126	58	3985	94.1349075782
1127	61	3991	94.1587635753
1128	60	3994	94.1610271395
1129	61	3997	94.1902540006
1130	61	4001	94.25849359
1131	62	4001	94.2812524961
1132	61	4005	94.334227468
1133	60	4008	94.3798072713
1134	61	4012	94.4686123822
1135	65	4019	94.5379559393
1136	66	4020	94.4913137564
1137	69	4021	94.5545217236
1138	69	4021	94.5832031249
1139	70	4023	94.5431358795
1140	74	4023	94.4961830982
1141	72	4024	94.5195259451
1142	72	4025	94.5793676709
1143	72	4026	94.5901620369
1144	74	4032	94.6105848876
1145	78	4037	94.7008230854
1146	82	4039	94.64157544
1147	84	4040	94.5460309366
1148	86	4042	94.5022992121
1149	82	4045	94.5433635377
1150	78	4049	94.5096940789
1151	75	4055	94.4294406883
1152	78	4060	94.4812968561
1153	79	4061	94.5353903083
1154	79	4061	94.4956213997
1155	81	4065	94.5822206883
1156	76	4066	94.4867184282
1157	72	4068	94.4299979304
1158	74	4075	94.5288912683
1159	74	4080	94.5173826761
1160	75	4086	94.45884439
1161	75	4090	94.4605990113
1162	79	4093	94.4841646669
1163	80	4093	94.4027019391
1164	78	4093	94.3390230874
1165	81	4097	94.2480882325
1166	84	4098	94.2585281764
1167	87	4100	94.302474135
1168	82	4100	94.361111338
1169	83	4106	94.4063802464
1170	88	4109	94.4087112787
1171	86	4112	94.4029708956
1172	86	4112	94.4057472478
1173	81	4113	94.3436058641
1174	83	4118	94.2691503792
1175	85	4125	94.3653028561
1176	89	4127	94.4386365319
1177	89	4127	94.3980087404
1178	92	4127	94.4487325221
1179	87	4129	94.4057761048
1180	88	4129	94.4480282452
1181	93	4132	94.4211849738
1182	95	4136	94.4167780571
1183	99	4143	94.3546064765
1184	97	4147	94.3959963658
1185	97	4147	94.3498029036
1186	96	4148	94.4285529031
1187	93	4151	94.5125146651
1188	97	4155	94.5367515215
1189	95	4155	94.4552999204
1190	92	4162	94.4980409261
1191	91	4165	94.5961017237
1192	86	4170	94.6833314051
1193	89	4175	94.733577929
1194	86	4178	94.6659563859
1195	84	4183	94.6689016933
1196	82	4185	94.6130042245
1197	86	4190	94.5425755497
1198	85	4193	94.6321297764
1199	85	4200	94.5561515257
1200	90	4205	94.5828143925
1201	87	4212	94.5065082799
1202	86	4216	94.546540142
1203	91	4218	94.6170163603
1204	90	4223	94.5307278963
1205	88	4229	94.4308269728
1206	89	4234	94.3492543035
1207	88	4238	94.3277532695
1208	92	4242	94.3402764407
1209	92	4242	94.4068580621
1210	96	4248	94.3773358132
1211	96	4254	94.374799607
1212	94	4259	94.3533948797
1213	98	4266	94.2615876779
1214	98	4272	94.1857444253
1215	96	4273	94.1377909304
1216	92	4279	94.1660224234
1217	94	4281	94.1344455469
1218	94	4288	94.2289734807
1219	92	4291	94.2358802631
1220	92	4293	94.264650996
1221	89	4300	94.2426058766
1222	87	4307	94.3015725585
1223	91	4307	94.2598923198
1224	91	4313	94.2416405354
1225	90	4315	94.2416867001
1226	86	4317	94.2508900571
1227	87	4318	94.1602043662
1228	83	4323	94.2355397666
1229	88	4324	94.1496358214
1230	91	4325	94.0578527558
1231	90	4332	93.9770991846
1232	90	4332	93.9699274482
1233	93	4336	93.933536294
1234	98	4336	93.8665127267
1235	101	4336	93.9617090463
1236	98	4336	93.9880988996
1237	95	4338	94.0225261805
1238	100	4342	94.0197683474
1239	100	4349	93.9202746997
1240	98	4353	93.8989424709
1241	98	4357	93.815064939
1242	97	4358	93.8686485462
1243	102	4358	93.8485347291
1244	101	4361	93.8326217465
1245	105	4368	93.7696935046
1246	109	4374	93.8505299602
1247	106	4375	93.8260891302
1248	105	4378	93.822270247
1249	104	4385	93.8354552159
1250	102	4386	93.8813493353
1251	104	4388	93.815952282
1252	99	4395	93.802026363
1253	96	4397	93.7316617701
1254	93	4399	93.7906023727
1255	98	4403	93.8895089055
1256	93	4409	93.9378089044
1257	90	4416	94.0282917779
1258	94	4423	93.9370743301
1259	90	4430	93.8404876181
1260	89	4433	93.8217633201
1261	85	4437	93.896941122
1262	89	4438	93.9762941306
1263	92	4440	93.9765943908
1264	92	4442	93.9825432843
1265	97	4443	94.0428201863
1266	102	4447	94.025244613
1267	98	4452	93.948005688
1268	102	4455	93.8749547982
1269	97	4462	93.9215540843
1270	98	4466	93.8843880714
1271	103	4471	93.8557431586
1272	103	4473	93.7726712363
1273	99	4479	93.814059822
1274	98	4486	93.7287893856
1275	101	4487	93.6743939817
1276	96	4491	93.6292435234
1277	91	4496	93.6875784221
1278	92	4500	93.6121886737
1279	94	4502	93.5614103173
1280	99	4507	93.5547781616
1281	98	4508	93.5151278389
1282	96	4509	93.5803115606
1283	93	4516	93.5166134952
1284	93	4517	93.4289095044
1285	95	4517	93.3478842025
1286	96	4522	93.3119765245
1287	96	4527	93.3074259888
1288	94	4533	93.3100449128
1289	93	4537	93.2741445313
1290	89	4543	93.321953802
1291	92	4550	93.3228511132
1292	95	4555	93.3617238505
1293	100	4560	93.2635412668
1294	100	4560	93.20270406
1295	105	4560	93.188842267
1296	102	4562	93.2164009796
1297	105	4569	93.1943623023
1298	110	4569	93.1401600217
1299	111	4572	93.1571032605
1300	116	4573	93.178311876
1301	121	4575	93.2404959693
1302	118	4576	93.1710534787
1303	120	4576	93.2404783723
1304	121	4579	93.1592143769
1305	125	4580	93.2585214959
1306	126	4586	93.3057454546
1307	126	4593	93.3848106078
1308	130	4595	93.3941814651
1309	125	4600	93.320822568
1310	130	4600	93.3823407246
1311	126	4604	93.4161321284
1312	124	4609	93.502333952
1313	119	4611	93.4076561815
1314	120	4611	93.3248642068
1315	120	4617	93.30257064
1316	125	4624	93.3982705412
1317	129	4626	93.4903866545
1318	132	4627	93.5623785968
1319	134	4629	93.6558468798
1320	133	4632	93.65536899
1321	131	4633	93.7341967336
1322	134	4634	93.7286844546
1323	135	4635	93.803312487
1324	134	4635	93.8504754945
1325	137	4638	93.8145525566
1326	141	4641	93.7969384941
1327	136	4641	93.855608134
1328	134	4644	93.8696575878
1329	130	4645	93.8057887623
1330	132	4650	93.8470436344
1331	129	4652	93.8862404846
1332	131	4658	93.939202644
1333	128	4660	93.8722483329
1334	124	4663	93.859968151
1335	122	4667	93.8951980977
1336	123	4669	93.9727018074
1337	125	4676	93.8758163726
1338	130	4678	93.8485028811
1339	131	4685	93.8373466673
1340	133	4688	93.7640344579
1341	131	4692	93.772996374
1342	136	4698	93.8669738441
1343	133	4700	93.7837302465
1344	132	4703	93.8523731256
1345	136	4707	93.9486659777
1346	139	4714	93.864878404
1347	135	4716	93.7896163556
1348	130	4721	93.8184595675
1349	134	4728	93.8552002461
1350	138	4733	93.8689402468
1351	136	4738	93.8371684483
1352	134	4738	93.8376383078
1353	132	4742	93.8247748469
1354	127	4742	93.9105196739
1355	128	4749	93.8705181348
1356	129	4751	93.8725731556
1357	133	4755	93.9371745826
1358	132	4757	93.8550565188
1359	131	4763	93.84378733
1360	131	4770	93.9138017512
1361	126	4773	93.8951188088
1362	125	4778	93.8278561636
1363	125	4782	93.911533477
1364	120	4785	93.8128164551
1365	123	4785	93.7302814462
1366	120	4788	93.6829046142
1367	119	4788	93.7186465749
1368	118	4792	93.6924312184
1369	114	4794	93.6370185558
1370	118	4799	93.5911213752
1371	115	4801	93.5643817683
1372	116	4804	93.6308216745
1373	115	4810	93.5865443298
1374	110	4812	93.6403944165
1375	108	4818	93.6355001231
1376	108	4819	93.64171736
1377	111	4821	93.7336588321
1378	109	4824	93.819218062
1379	108	4830	93.8493043881
1380	110	4832	93.9214307163
1381	113	4839	93.873146157
1382	108	4842	93.7915364983
1383	109	4842	93.7086291631
1384	112	4845	93.7362555647
1385	110	4847	93.715861307
1386	111	4852	93.6583261527
1387	112	4856	93.6874613314
1388	108	4856	93.7520098726
1389	107	4859	93.75677739
1390	103	4863	93.7004663161
1391	108	4865	93.6507146943
1392	109	4872	93.5515859496
1393	110	4879	93.6000529101
1394	108	4879	93.666908958
1395	105	4886	93.7428525048
1396	105	4891	93.8142818459
1397	100	4897	93.8117794488
1398	101	4897	93.9113872313
1399	97	4904	93.9360875777
1400	100	4909	93.8702969164
1401	105	4909	93.8748639972
1402	109	4912	93.9643329514
1403	108	4915	94.0041923188
1404	110	4922	94.0864875586
1405	112	4923	94.0074436152
1406	111	4930	93.9980695372
1407	112	4934	93.9825337034
1408	117	4934	93.901276018
1409	116	4940	93.8339046397
1410	111	4940	93.7599792679
1411	106	4943	93.7649136637
1412	103	4949	93.671184827
1413	100	4952	93.6723139066
1414	102	4953	93.5911509912
1415	98	4953	93.5359498706
1416	102	4954	93.6038102031
1417	100	4956	93.5157902061
1418	99	4960	93.5450239545
1419	102	4961	93.5801438007
1420	99	4968	93.6349223183
1421	98	4970	93.721424973
1422	96	4976	93.6530190609
1423	91	4978	93.5644759164
1424	86	4983	93.5883209603
1425	86	4990	93.524949622
1426	87	4990	93.5835747897
1427	82	4994	93.4961487334
1428	79	5001	93.5636673354
1429	77	5001	93.5313655779
1430	78	5008	93.5407100507
1431	76	5009	93.5879581704
1432	80	5010	93.5627379391
1433	85	5017	93.4926654872
1434	88	5018	93.5865748755
1435	88	5021	93.6363586332
1436	89	5022	93.574657102
1437	88	5022	93.6060406053
1438	91	5022	93.5202358675
1439	96	5024	93.4383509159
1440	93	5029	93.4266046483
1441	93	5030	93.3521951697
1442	96	5030	93.425652838
1443	101	5030	93.4994590134
1444	103	5030	93.5953639011
1445	104	5033	93.6104376788
1446	99	5040	93.6565528688
1447	103	5046	93.7009572683
1448	100	5052	93.7576305981
1449	95	5059	93.7186766374
1450	99	5061	93.6757676852
1451	101	5067	93.6668361025
1452	102	5069	93.7145069703
1453	99	5071	93.7365636063
1454	104	5073	93.7009560346
1455	108	5074	93.6035438318
1456	111	5079	93.6349559464
1457	116	5079	93.546049747
1458	114	5079	93.4844521646
1459	113	5080	93.4818542793
1460	113	5085	93.5281051184
1461	109	5086	93.4486319629
1462	110	5090	93.3583616277
1463	108	5093	93.2668362415
1464	105	5094	93.262866339
1465	110	5096	93.2349601528
1466	106	5097	93.2408879684
1467	109	5104	93.2248221783
1468	107	5104	93.1758831686
1469	107	5108	93.2363715983
1470	102	5113	93.152633109
1471	103	5113	93.0886347709
1472	99	5113	93.0103536796
1473	95	5116	92.9672189751
1474	99	5116	92.8749851167
1475	98	5120	92.8460703711
1476	97	5127	92.7473991653
1477	97	5127	92.7092573638
1478	97	5130	92.7219785558
1479	98	5134	92.6607804397
1480	98	5138	92.6597460663
1481	103	5145	92.7442161019
1482	108	5151	92.8083996278
1483	107	5152	92.824040522
1484	110	5157	92.8422090497
1485	112	5159	92.8909478581
1486	117	5164	92.9337638692
1487	121	5164	92.9373771126
1488	124	5165	92.8793220776
1489	128	5169	92.9416900134
1490	130	5172	92.9240240498
1491	133	5175	92.8244106111
1492	130	5179	92.8691594004
1493	129	5184	92.8047339284
1494	132	5185	92.7871433185
1495	135	5188	92.7774044309
1496	138	5189	92.8727295017
1497	141	5189	92.9057687483
1498	136	5189	92.9409681641
1499	133	5194	92.9272597022
1500	129	5200	92.9490242941
1501	130	5200	92.9052837687
1502	133	5203	92.8413743566
1503	132	5208	92.8995481424
1504	135	5211	92.8970670672
1505	130	5214	92.9157327185
1506	127	5221	92.8621646312
1507	129	5228	92.8545115528
1508	127	5231	92.8263464824
1509	127	5233	92.8047974889
1510	129	5239	92.7054305206
1511	129	5243	92.7313663691
1512	127	5244	92.8021156092
1513	131	5251	92.7228214708
1514	132	5253	92.6251557009
1515	131	5260	92.5751425005
1516	132	5262	92.649469213
1517	132	5263	92.6287910406
1518	136	5269	92.6771751673
1519	134	5272	92.7078386143
1520	133	5272	92.7449666124
1521	133	5278	92.7154722714
1522	132	5284	92.7893089811
1523	130	5291	92.8833508286
1524	131	5295	92.927845268
1525	128	5300	92.8355392921
1526	131	5302	92.9048363061
1527	129	5307	92.8318526763
1528	124	5314	92.7627525555
1529	128	5321	92.7281794727
1530	128	5321	92.7987521982
1531	133	5326	92.8981852997
1532	134	5326	92.9204482717
1533	132	5326	92.9346092923
1534	134	5332	92.9962287746
1535	136	5339	93.0423488555
1536	137	5339	93.0987670206
1537	138	5342	93.0153235162
1538	133	5348	93.0933562067
1539	136	5351	93.0793443604
1540	131	5351	93.1586760711
1541	136	5354	93.224955141
1542	135	5354	93.2554062998
1543	136	5354	93.2175115971
1544	141	5354	93.3064612945
1545	136	5357	93.3487683791
1546	134	5362	93.3200237442
1547	134	5362	93.2840346854
1548	132	5368	93.2220788153
1549	135	5374	93.2641097641
1550	130	5376	93.3389335021
1551	130	5377	93.2544451023
1552	129	5377	93.3068688027
1553	129	5384	93.3236673229
1554	131	5390	93.3241260256
1555	131	5394	93.3786316338
1556	130	5394	93.3417084589
1557	133	5399	93.3794443368
1558	134	5399	93.4361250482
1559	132	5404	93.4035974479
1560	136	5407	93.4701020547
1561	140	5410	93.4985885525
1562	140	5417	93.4725972607
1563	141	5419	93.3949507375
1564	139	5422	93.3717515805
1565	134	5429	93.4621538478
1566	134	5435	93.4521184517
1567	132	5440	93.4862440885
1568	132	5443	93.4267218553
1569	135	5449	93.4088282531
1570	135	5450	93.3108779537
1571	139	5453	93.2642253336
1572	140	5460	93.2565507708
1573	139	5464	93.2248343949
1574	141	5464	93.3031303805
1575	140	5468	93.2170494121
1576	143	5469	93.2376147994
1577	145	5475	93.2071037
1578	143	5479	93.2437954407
1579	142	5480	93.2943799539
1580	142	5480	93.3219616627
1581	141	5486	93.2868928304
1582	136	5490	93.3493532671
1583	138	5496	93.3057921147
1584	134	5498	93.2956103891
1585	137	5503	93.3578216971
1586	134	5508	93.3870633474
1587	129	5508	93.4631061271
1588	134	5508	93.4312272994
1589	139	5515	93.4049801065
1590	144	5520	93.4243520744
1591	141	5522	93.4422358355
1592	146	5528	93.4066145419
1593	142	5528	93.4992912042
1594	139	5533	93.5277833759
1595	135	5533	93.5527405613
1596	135	5539	93.4914253949
1597	130	5546	93.4906956702
1598	130	5546	93.4484028557
1599	134	5546	93.4786207358
1600	129	5552	93.3801212559
1601	125	5556	93.3196388592
1602	122	5557	93.3640848045
1603	127	5560	93.3738483733
1604	130	5565	93.281267095
1605	134	5571	93.3145412916
1606	139	5576	93.403570224
1607	144	5579	93.3072456923
1608	142	5581	93.3803398682
1609	138	5583	93.4425584249
1610	143	5586	93.3898179963
1611	145	5587	93.3742725562
1612	142	5588	93.297049517
1613	142	5593	93.3952320871
1614	137	5596	93.4942900931
1615	137	5597	93.5234778403
1616	142	5602	93.4899341761
1617	140	5606	93.5804402467
1618	141	5609	93.6721311943
1619	142	5609	93.7517206047
1620	140	5616	93.817390267
1621	143	5618	93.7436493817
1622	148	5624	93.729529024
1623	152	5628	93.7745110407
1624	150	5630	93.7512312611
1625	147	5631	93.6776601868
1626	146	5635	93.770694679
1627	142	5637	93.7444926469
1628	142	5641	93.8022148782
1629	143	5643	93.7299342131
1630	144	5643	93.6638137013
1631	149	5643	93.6151454821
1632	145	5650	93.6403795274
1633	146	5651	93.6152274796
1634	142	5657	93.7136535136
1635	142	5662	93.6636650298
1636	139	5668	93.5683266467
1637	137	5668	93.4798394359
1638	141	5674	93.4023075412
1639	146	5679	93.3352139865
1640	147	5681	93.3626583755
1641	147	5686	93.2732205957
1642	150	5692	93.3264935021
1643	149	5696	93.2342905977
1644	146	5703	93.2881367807
1645	144	5706	93.2792471476
1646	139	5709	93.3659618301
1647	141	5715	93.3739759393
1648	146	5715	93.4412755661
1649	149	5717	93.4342550287
1650	150	5717	93.4031853198
1651	146	5720	93.4871803977
1652	143	5721	93.5197178165
1653	138	5723	93.5715265435
1654	133	5723	93.5545918156
1655	134	5725	93.6324885562
1656	133	5728	93.7170913559
1657	134	5728	93.8085131461
1658	133	5730	93.7458558804
1659	138	5730	93.646986807
1660	137	5731	93.5948850649
1661	134	5734	93.5445924886
1662	138	5741	93.6119990406
1663	138	5745	93.6443121935
1664	140	5750	93.7091729658
1665	145	5755	93.6609781811
1666	144	5757	93.6242934595
1667	146	5764	93.6048627058
1668	144	5764	93.533020215
1669	145	5768	93.4748346165
1670	143	5774	93.4521362465
1671	148	5775	93.3888216102
1672	146	5778	93.4420662112
1673	148	5779	93.3940442105
1674	147	5779	93.4365440222
1675	145	5781	93.4553085228
1676	145	5782	93.4976029273
1677	148	5787	93.5469021083
1678	147	5790	93.4743363819
1679	150	5793	93.5012080307
1680	155	5799	93.4959671154
1681	156	5800	93.4452748218
1682	152	5803	93.4958829047
1683	151	5804	93.557028406
1684	154	5806	93.5223319326
1685	151	5808	93.5414949638
1686	156	5814	93.5043007631
1687	151	5820	93.4107215065
1688	155	5823	93.4249988716
1689	154	5830	93.3876840015
1690	155	5837	93.3903417384
1691	154	5843	93.3719294775
1692	151	5845	93.3601824611
1693	155	5849	93.4094411526
1694	151	5852	93.3794695869
1695	155	5858	93.406098045
1696	152	5862	93.4758025066
1697	155	5863	93.434105737
1698	152	5864	93.4259795871
1699	154	5865	93.3869112962
1700	159	5866	93.3979770793
1701	162	5867	93.4548306733
1702	166	5872	93.4746698266
1703	162	5874	93.4653941515
1704	159	5879	93.5313528977
1705	159	5882	93.4398108285
1706	162	5882	93.51144271
1707	162	5884	93.5296266785
1708	164	5890	93.4391732187
1709	161	5895	93.4011598635
1710	166	5899	93.4100570174
1711	167	5899	93.4846463545
1712	165	5901	93.4285875956
1713	167	5905	93.5083141109
1714	165	5908	93.5388336136
1715	164	5908	93.607649737
1716	167	5913	93.5374684438
1717	169	5918	93.5611054434
1718	164	5922	93.5683619996
1719	161	5923	93.5533809447
1720	165	5924	93.489543449
1721	168	5929	93.4895955489
1722	169	5935	93.472957503
1723	169	5935	93.5250516999
1724	174	5935	93.5185671326
1725	170	5940	93.5606940784
1726	174	5941	93.602253808
1727	169	5947	93.5228723784
1728	168	5949	93.4988137132
1729	163	5954	93.5952801942
1730	164	5957	93.5252972398
1731	160	5964	93.5178261076
1732	161	5968	93.5162294835
1733	163	5969	93.4291952334
1734	164	5970	93.4191711882
1735	167	5973	93.4831477761
1736	172	5979	93.3895503958
1737	175	5979	93.296195736
1738	178	5985	93.2974943707
1739	178	5989	93.2129322633
1740	174	5992	93.1430665219
1741	177	5995	93.2305647299
1742	181	5996	93.1822478144
1743	177	5998	93.0849605398
1744	173	6003	93.0309935026
1745	169	6004	92.9819173432
1746	165	6007	92.8967450184
1747	162	6013	92.8061730085
1748	167	6013	92.7775885288
1749	165	6020	92.8103554631
1750	164	6021	92.7376678942
1751	169	6025	92.686310293
1752	165	6032	92.6566581338
1753	160	6039	92.6830895866
1754	159	6046	92.7312190578
1755	154	6051	92.8056266199
1756	151	6055	92.711613968
1757	149	6057	92.6729459813
1758	154	6060	92.5942088854
1759	159	6063	92.6337150378
1760	160	6068	92.5698614671
1761	159	6072	92.4875153678
1762	164	6077	92.4311119582
1763	163	6079	92.3873327518
1764	163	6081	92.3995054519
1765	163	6084	92.430633437
1766	161	6086	92.5235301951
1767	157	6092	92.4784077395
1768	154	6095	92.4766961102
1769	155	6097	92.4909823271
1770	154	6101	92.473522118
1771	152	6105	92.5421062216
1772	150	6111	92.4805104648
1773	147	6115	92.5365358469
1774	148	6119	92.438414348
1775	146	6119	92.4603211548
1776	144	6125	92.4285618934
1777	140	6131	92.4610667389
1778	144	6138	92.4818485372
1779	143	6142	92.56680021
1780	142	6146	92.5692869774
1781	144	6152	92.554869579
1782	141	6153	92.594380884
1783	144	6153	92.6853622394
1784	141	6157	92.6494689871
1785	136	6159	92.5749766287
1786	133	6161	92.6383359096
1787	132	6168	92.7133500326
1788	130	6171	92.6277745532
1789	132	6175	92.715104277
1790	132	6179	92.7997160586
1791	134	6181	92.8710715479
1792	137	6187	92.8247316669
1793	135	6191	92.7596860166
1794	130	6191	92.7142037182
1795	131	6196	92.8023807557
1796	126	6201	92.8367743562
1797	123	6206	92.8192838891
1798	118	6213	92.9004436455
1799	114	6220	92.897669287
1800	118	6227	92.835680234
1801	116	6233	92.9212167852
1802	113	6235	92.9053028834
1803	112	6242	92.9177026066
1804	112	6249	92.9683230061
1805	115	6251	92.9388142371
1806	116	6258	92.8999518133
1807	113	6260	92.8178512209
1808	113	6263	92.7914610319
1809	112	6268	92.8148393937
1810	116	6268	92.7810169988
1811	115	6272	92.7703088925
1812	119	6276	92.8200745421
1813	123	6281	92.8175355072
1814	121	6288	92.8585062718
1815	121	6288	92.9065310018
1816	124	6289	93.0038935492
1817	120	6291	93.0950812899
1818	121	6294	93.162170191
1819	126	6300	93.0691909904
1820	123	6307	93.104939553
1821	118	6310	93.0479594737
1822	120	6314	93.0958701007
1823	120	6318	93.0999042719
1824	121	6318	93.0675483673
1825	116	6320	93.1409408728
1826	117	6327	93.1350159451
1827	117	6329	93.0494045056
1828	114	6335	93.0711931175
1829	115	6338	93.0573308696
1830	113	6343	93.1551835219
1831	116	6344	93.2173743973
1832	120	6344	93.2772670227
1833	120	6346	93.2795511911
1834	122	6351	93.3381029003
1835	121	6357	93.2749950266
1836	126	6361	93.2890030963
1837	123	6365	93.3072803775
1838	118	6372	93.3061990293
1839	122	6375	93.2302622803
1840	126	6375	93.2940813259
1841	127	6376	93.3054923082
1842	122	6379	93.2454962305
1843	117	6379	93.166987584
1844	113	6382	93.1384019618
1845	116	6384	93.1021379124
1846	118	6390	93.0767258022
1847	122	6390	93.0181729278
1848	118	6394	93.0740009143
1849	122	6398	92.9785208312
1850	120	6398	92.8922309293
1851	116	6401	92.9616162792
1852	120	6407	92.8993568911
1853	119	6413	92.9554722284
1854	115	6419	92.9213895371
1855	120	6426	92.876496241
1856	118	6426	92.9524862209
1857	119	6428	93.0095325674
1858	115	6430	92.9538273391
1859	111	6430	93.0200872282
1860	111	6432	93.0294879486
1861	109	6432	92.9927618816
1862	106	6434	93.0905537309
1863	103	6437	93.1854732855
1864	98	6440	93.2086092158
1865	94	6446	93.1972514465
1866	98	6452	93.2888558602
1867	96	6455	93.2782866932
1868	97	6461	93.345325538
1869	99	6461	93.2982797032
1870	99	6463	93.2601907678
1871	103	6468	93.3138678034
1872	104	6471	93.4024039928
1873	104	6471	93.4569705402
1874	106	6473	93.3679091718
1875	106	6475	93.3876085051
1876	101	6477	93.4403877252
1877	100	6480	93.4119412449
1878	100	6484	93.4708324788
1879	102	6488	93.4759459868
1880	106	6493	93.5493274678
1881	104	6493	93.5252848793
1882	105	6499	93.5740997309
1883	102	6506	93.4858371694
1884	97	6506	93.5373335289
1885	93	6507	93.5775877885
1886	93	6512	93.5007103999
1887	94	6516	93.4157726768
1888	90	6519	93.4050170308
1889	94	6522	93.328018346
1890	94	6524	93.2754964412
1891	94	6529	93.1795991851
1892	98	6532	93.2485740227
1893	100	6537	93.2564354061
1894	105	6544	93.2891446466
1895	102	6551	93.2050038248
1896	106	6558	93.165133348
1897	102	6563	93.1354803223
1898	107	6565	93.1543606614
1899	105	6569	93.1379679364
1900	102	6574	93.1234454739
1901	99	6577	93.1256548471
1902	103	6584	93.2064763267
1903	101	6591	93.2472682124
1904	103	6592	93.252119581
1905	105	6597	93.2902927385
1906	110	6601	93.3825446401
1907	115	6607	93.364523381
1908	119	6612	93.4423020984
1909	114	6618	93.4605778257
1910	119	6623	93.4837914408
1911	115	6629	93.4199969792
1912	118	6636	93.4284067862
1913	122	6642	93.457823806
1914	121	6644	93.3596892644
1915	125	6647	93.2848935007
1916	128	6653	93.2010518504
1917	132	6653	93.1054968985
1918	131	6660	93.0761017382
1919	127	6667	93.0368594591
1920	122	6674	93.0016686383
1921	119	6674	93.019820024
1922	119	6675	92.9626886419
1923	122	6677	92.9514244175
1924	126	6683	92.8569935562
1925	124	6689	92.9244837445
1926	126	6695	92.9123921182
1927	127	6695	92.8298586915
1928	129	6699	92.8844998073
1929	130	6699	92.9563518109
1930	129	6702	92.8883666434
1931	128	6702	92.8246793873
1932	128	6708	92.8440427764
1933	128	6713	92.8667598855
1934	130	6716	92.7976719374
1935	133	6718	92.7059636579
1936	138	6720	92.6137302056
1937	143	6723	92.5170673866
1938	148	6729	92.6140787928
1939	149	6731	92.5614123019
1940	152	6732	92.6557531033
1941	155	6737	92.726367376
1942	158	6741	92.8257078657
1943	161	6746	92.838489058
1944	157	6751	92.9114101003
1945	157	6754	92.9454311947
1946	157	6759	92.8997184733
1947	157	6761	92.8678384452
1948	160	6764	92.817613248
1949	162	6768	92.8400102543
1950	157	6772	92.9325379129
1951	155	6775	93.0054649947
1952	160	6781	93.0028877809
1953	161	6782	92.9964879513
1954	157	6783	93.0675142619
1955	152	6787	93.0727354747
1956	147	6787	93.0542465543
1957	144	6790	93.0122555623
1958	141	6794	93.0887455828
1959	145	6794	93.0899157522
1960	140	6797	93.0581642935
1961	136	6803	92.963138815
1962	138	6808	93.0463822646
1963	133	6811	93.1162080062
1964	135	6815	93.1344620518
1965	135	6822	93.1962907574
1966	134	6823	93.269291316
1967	130	6825	93.1939125115
1968	134	6827	93.1775434126
1969	130	6832	93.2530391094
1970	127	6838	93.2008087259
1971	127	6839	93.2682678545
1972	123	6841	93.2910244349
1973	123	6841	93.3495417214
1974	125	6844	93.4440325682
1975	122	6851	93.5243453946
1976	127	6858	93.6032247012
1977	122	6858	93.5183515597
1978	119	6862	93.457131755
1979	115	6869	93.4090477222
1980	118	6876	93.4213897704
1981	114	6883	93.5093915301
1982	113	6889	93.5503245366
1983	108	6891	93.4753040374
1984	108	6895	93.5559810538
1985	107	6895	93.5764419586
1986	109	6899	93.6608211019
1987	111	6904	93.5624618852
1988	109	6911	93.560951247
1989	112	6918	93.6414586939
1990	116	6923	93.5916520678
1991	112	6926	93.5340265303
1992	113	6929	93.5408438894
1993	108	6936	93.4635849993
1994	110	6937	93.4256483898
1995	114	6938	93.3831883672
1996	117	6940	93.2942362938
1997	118	6941	93.3907159157
1998	123	6948	93.3007373921
1999	126	6952	93.3306688813
2000	131	6955	93.4067738085
2001	133	6960	93.4246660251
2002	133	6962	93.5077279261
2003	134	6966	93.4835522607
2004	138	6972	93.4270041469
2005	137	6979	93.3986265218
2006	134	6980	93.4885202217
2007	138	6985	93.4515304728
2008	141	6989	93.3718613497
2009	138	6995	93.339760705
2010	143	6998	93.3846984013
2011	141	7003	93.3872278199
2012	141	7003	93.2909158418
2013	141	7008	93.2225929751
2014	137	7015	93.2564201728
2015	133	7018	93.2524747405
2016	129	7024	93.2952696921
2017	130	7029	93.320922463
2018	128	7033	93.2292002809
2019	128	7033	93.2160093922
2020	132	7033	93.2768368154
2021	134	7035	93.1900223665
2022	136	7038	93.2451442393
2023	138	7038	93.2523046488
2024	134	7041	93.325145745
2025	130	7042	93.2419054588
2026	129	7042	93.2046452694
2027	132	7044	93.229167768
2028	128	7048	93.2883261479
2029	128	7048	93.3742331211
2030	127	7052	93.467371053
2031	123	7059	93.5651568683
2032	121	7060	93.5891226381
2033	125	7065	93.510831661
2034	126	7071	93.5420460199
2035	124	7075	93.5932522686
2036	123	7079	93.5882056883
2037	124	7079	93.4920768744
2038	120	7086	93.5883748483
2039	117	7090	93.6295121957
2040	122	7094	93.5463282871
2041	118	7098	93.5548474208
2042	114	7104	93.57971318
2043	117	7109	93.651277427
2044	122	7114	93.6119125739
2045	120	7121	93.5890996289
2046	124	7128	93.6575223967
2047	125	7132	93.7084425746
2048	124	7135	93.7081677809
2049	122	7136	93.7301001782
2050	120	7142	93.6937313258
2051	122	7146	93.767763299
2052	117	7148	93.7710029536
2053	114	7151	93.7086360036
2054	119	7153	93.657517122
2055	124	7157	93.6369520675
2056	128	7157	93.6200845671
2057	129	7160	93.5306218483
2058	127	7160	93.5793982319
2059	128	7162	93.6578023314
2060	132	7163	93.6604204183
2061	131	7164	93.7483446154
2062	134	7166	93.7250308776
2063	137	7171	93.7085189185
2064	132	7174	93.7222021255
2065	133	7175	93.6295705985
2066	128	7175	93.6040787974
2067	126	7180	93.6317950956
2068	130	7182	93.6285239441
2069	134	7188	93.619255854
2070	134	7190	93.5894875924
2071	139	7191	93.5094247585
2072	138	7198	93.4226646172
2073	135	7203	93.3343863909
2074	133	7204	93.2356962389
2075	138	7208	93.2467865322
2076	135	7212	93.2301162716
2077	135	7217	93.1609332119
2078	137	7217	93.1293168499
2079	133	7221	93.1914588015
2080	129	7228	93.2039787633
2081	127	7235	93.1240724996
2082	122	7240	93.216036001
2083	121	7246	93.2937041792
2084	123	7250	93.3205823837
2085	127	7252	93.3508267403
2086	130	7255	93.3221215951
2087	127	7256	93.3215703692
2088	129	7258	93.3778699592
2089	124	7264	93.4573253628
2090	122	7267	93.4310274773
2091	126	7267	93.3328226743
2092	124	7272	93.2524913027
2093	126	7277	93.2282795521
2094	129	7277	93.2528786324
2095	131	7282	93.346531725
2096	134	7282	93.2514538669
2097	137	7284	93.2654292268
2098	137	7285	93.3484072308
2099	132	7288	93.2765978908
2100	129	7290	93.2986734
2101	126	7291	93.2625240151
2102	123	7298	93.2602995412
2103	123	7302	93.1843842508
2104	121	7306	93.1389351924
2105	126	7312	93.1618478001
2106	127	7313	93.0952456534
2107	132	7320	93.1643559771
2108	130	7321	93.0970813847
2109	130	7327	93.0208445032
2110	131	7334	92.9717275513
2111	136	7339	92.8882054593
2112	136	7339	92.930096228
2113	140	7343	92.9663445366
2114	141	7344	92.9896689428
2115	142	7344	93.0210353706
2116	146	7350	93.0323431068
2117	144	7355	93.0676033758
2118	145	7361	93.0857942514
2119	149	7365	93.1008236098
2120	149	7371	93.0381365373
2121	154	7375	93.0511932879
2122	158	7378	93.0340979102
2123	154	7380	93.0571342235
2124	157	7384	93.0191472894
2125	154	7388	93.0601836695
2126	156	7390	93.0958192681
2127	152	7397	93.1219533707
2128	156	7402	93.1658541806
2129	159	7406	93.1906570197
2130	164	7410	93.2865959219
2131	167	7411	93.2561082103
2132	166	7414	93.3428585255
2133	164	7419	93.319132075
2134	162	7426	93.3655041182
2135	161	7428	93.3243077244
2136	160	7434	93.3503597464
2137	157	7440	93.383793959
2138	160	7447	93.3765209445
2139	157	7453	93.3385269901
2140	161	7458	93.4223793208
2141	161	7464	93.3802407349
2142	166	7464	93.4497754155
2143	170	7470	93.4709114439
2144	168	7470	93.4065966472
2145	165	7473	93.4805318962
2146	161	7473	93.4957316616
2147	163	7473	93.5355786667
2148	168	7475	93.5337101482
2149	169	7482	93.5180489119
2150	165	7488	93.509640202
2151	162	7488	93.4653682707
2152	164	7492	93.4227844318
2153	160	7498	93.3617166415
2154	160	7504	93.3314747861
2155	157	7504	93.2603458458
2156	162	7507	93.165251481
2157	162	7507	93.1552811197
2158	162	7512	93.119524688
2159	162	7519	93.1886919152
2160	157	7523	93.1297162368
2161	157	7528	93.1649788175
2162	158	7533	93.1285541468
2163	158	7535	93.2173122475
2164	159	7537	93.1299050885
2165	161	7542	93.1743964496
2166	162	7548	93.1988372374
2167	157	7555	93.1618205316
2168	153	7555	93.1071514878
2169	156	7558	93.0365407973
2170	151	7559	93.0295505347
2171	153	7559	92.936115303
2172	150	7565	92.9613888358
2173	145	7568	93.0316117552
2174	150	7575	93.0285841101
2175	153	7581	93.098264331
2176	155	7586	93.1399071904
2177	150	7590	93.0781651459
2178	148	7592	93.0440404943
2179	153	7594	93.112128144
2180	149	7599	93.1839116935
2181	144	7599	93.1424260605
2182	144	7600	93.1400338044
2183	147	7606	93.1798127755
2184	143	7607	93.1866236209
2185	144	7611	93.2043491095
2186	148	7613	93.1289458045
2187	143	7618	93.1184287554
2188	147	7620	93.0960208638
2189	150	7622	93.027961578
2190	145	7624	93.0539007191
2191	145	7630	93.0918140241
2192	140	7631	93.1858346751
2193	136	7633	93.1984525021
2194	136	7635	93.1153355187
2195	136	7636	93.1284430841
2196	141	7643	93.112086739
2197	140	7647	93.1890220008
2198	141	7651	93.2374829117
2199	140	7651	93.1996238526
2200	142	7654	93.2626620547
2201	145	7656	93.1948361384
2202	140	7657	93.2806595011
2203	141	7663	93.2603837661
2204	140	7665	93.1858653624
2205	142	7667	93.219899587
2206	141	7671	93.2577100205
2207	137	7671	93.2170627023
2208	139	7674	93.2148473701
2209	143	7675	93.2750844232
2210	141	7676	93.3110052393
2211	141	7680	93.3645774677
2212	140	7687	93.3370512045
2213	145	7689	93.4217043091
2214	146	7696	93.3524751416
2215	142	7703	93.4335854446
2216	140	7708	93.4557883879
2217	139	7708	93.5444814322
2218	137	7715	93.5284109471
2219	140	7716	93.5577895037
2220	139	7716	93.4669925321
2221	141	7721	93.4744851156
2222	145	7721	93.400348192
2223	146	7727	93.3187869468
2224	150	7734	93.3986041663
2225	150	7735	93.4449222565
2226	153	7735	93.5005541132
2227	157	7740	93.4333806907
2228	153	7743	93.4152155382
2229	150	7748	93.3411232022
2230	149	7751	93.4275572264
2231	151	7751	93.444240823
2232	146	7758	93.3474965205
2233	149	7759	93.2839526912
2234	144	7762	93.2367820532
2235	149	7765	93.2900786922
2236	151	7770	93.3567477019
2237	149	7772	93.2977147995
2238	146	7778	93.2718987665
2239	151	7781	93.2334519412
2240	155	7783	93.2180840845
2241	154	7789	93.1341228045
2242	157	7794	93.12498764
2243	159	7798	93.1660350171
2244	156	7798	93.1894605294
2245	154	7804	93.0951447125
2246	158	7809	93.1746279753
2247	158	7812	93.2230600933
2248	163	7813	93.1817936313
2249	160	7817	93.1508576913
2250	162	7824	93.1826239094
2251	159	7830	93.2595460822
2252	159	7834	93.2439792453
2253	156	7835	93.1971827318
2254	155	7841	93.2588655542
2255	151	7841	93.3333786772
2256	155	7841	93.3870229495
2257	153	7848	93.3847633615
2258	149	7852	93.3304367857
2259	148	7858	93.2860976369
2260	146	7864	93.2616203525
2261	142	7869	93.2755807691
2262	143	7873	93.2330332538
2263	141	7875	93.3266548149
2264	144	7876	93.2999740546
2265	145	7883	93.284533339
2266	142	7889	93.2203960326
2267	139	7893	93.2679146071
2268	134	7893	93.2262661513
2269	130	7898	93.2857681157
2270	128	7904	93.2238840429
2271	133	7911	93.2363268916
2272	134	7915	93.1578085634
2273	133	7920	93.1989267646
2274	133	7922	93.2344621321
2275	128	7922	93.2575990873
2276	133	7927	93.1929606382
2277	130	7932	93.2817999092
2278	125	7938	93.3776061233
2279	121	7940	93.4297299427
2280	116	7943	93.5134182837
2281	112	7950	93.6027056529
2282	110	7952	93.609314924
2283	108	7957	93.5871052559
2284	104	7964	93.5345028708
2285	108	7969	93.441165957
2286	112	7969	93.438306739
2287	111	7973	93.5325365559
2288	115	7975	93.5154613129
2289	110	7977	93.5602391658
2290	108	7982	93.5201490043
2291	111	7983	93.4731584382
2292	109	7990	93.4963730639
2293	104	7997	93.4999324491
2294	105	7998	93.5860044893
2295	103	8004	93.6428443143
2296	107	8009	93.5929071299
2297	107	8010	93.5761444403
2298	109	8017	93.6162326236
2299	114	8024	93.579529461
2300	117	8030	93.537639105
2301	113	8031	93.4889824035
2302	112	8037	93.5374454875
2303	115	8039	93.536069076
2304	117	8040	93.4449343401
2305	121	8046	93.5443063033
2306	125	8053	93.5013442042
2307	126	8053	93.4668415211
2308	128	8059	93.368355093
2309	123	8059	93.2908562606
2310	118	8063	93.3390345373
2311	120	8063	93.2921146193
2312	115	8070	93.2118494309
2313	119	8073	93.2691804269
2314	119	8074	93.3364195897
2315	116	8080	93.400211439
2316	111	8083	93.304268862
2317	108	8084	93.2045018419
2318	113	8086	93.3026561077
2319	117	8092	93.36367725
2320	114	8094	93.3159510749
2321	118	8094	93.3770466639
2322	120	8094	93.4364805
2323	115	8099	93.5111628049
2324	110	8099	93.5036686381
2325	112	8102	93.5646753329
2326	116	8108	93.5217903223
2327	116	8108	93.5568550688
2328	111	8111	93.5374352536
2329	107	8116	93.4494991309
2330	103	8116	93.5202723861
2331	108	8120	93.5133021554
2332	103	8122	93.5201271876
2333	100	8123	93.5777346017
2334	105	8125	93.6256028869
2335	108	8125	93.5734283556
2336	113	8126	93.5303024315
2337	116	8128	93.4977293447
2338	114	8135	93.511786489
2339	109	8141	93.56464098
2340	106	8148	93.5314223553
2341	103	8151	93.5167027632
2342	104	8152	93.5927161399
2343	104	8154	93.6365905993
2344	103	8160	93.7028645438
2345	105	8163	93.761616798
2346	103	8163	93.6805651589
2347	104	8169	93.6387964121
2348	101	8176	93.7268974915
2349	97	8177	93.8199431366
2350	102	8177	93.9011044288
2351	106	8181	93.9425682054
2352	102	8187	93.879146507
2353	107	8193	93.8134438311
2354	102	8196	93.7477601432
2355	106	8198	93.7627379116
2356	103	8203	93.6695252886
2357	98	8204	93.6663704211
2358	103	8207	93.5924658086
2359	98	8214	93.5077585425
2360	102	8220	93.5419876719
2361	99	8227	93.4559853574
2362	104	8230	93.4486133528
2363	99	8231	93.442514003
2364	102	8235	93.3498313746
2365	107	8235	93.4232563291
2366	111	8241	93.3782144216
2367	111	8245	93.4562624773
2368	109	8251	93.5015169143
2369	113	8251	93.586110152
2370	114	8256	93.6598849158
2371	113	8262	93.7585241671
2372	112	8265	93.6669383024
2373	107	8268	93.6382540073
2374	105	8268	93.7234411814
2375	109	8272	93.7336182056
2376	106	8278	93.6696501858
2377	105	8280	93.6055942517
2378	101	8281	93.6988788116
2379	106	8286	93.6481061565
2380	107	8289	93.6088832656
2381	109	8294	93.6681045183
2382	107	8298	93.5918862683
2383	104	8303	93.598527041
2384	107	8304	93.5173658267
2385	112	8311	93.5841053959
2386	107	8315	93.5582809417
2387	106	8316	93.5224342216
2388	110	8321	93.5420482167
2389	113	8322	93.5372525552
2390	114	8326	93.4433988646
2391	114	8326	93.4292845672
2392	114	8330	93.4820676118
2393	113	8334	93.4096785405
2394	114	8341	93.3772642418
2395	111	8346	93.320058999
2396	111	8349	93.3032686846
2397	114	8355	93.3231787151
2398	110	8359	93.3797485685
2399	106	8360	93.4409260901
2400	104	8362	93.5215767765
2401	107	8368	93.5198253727
2402	108	8374	93.4781196952
2403	105	8380	93.5549380628
2404	109	8386	93.4700548257
2405	106	8390	93.3958793998
2406	106	8390	93.4893143507
2407	111	8394	93.5142288911
2408	115	8396	93.4149726414
2409	112	8400	93.3915599338
2410	107	8403	93.439654393
2411	108	8408	93.4652829192
2412	109	8415	93.4954566777
2413	110	8415	93.4505800147
2414	113	8416	93.3776242113
2415	110	8421	93.3812486107
2416	106	8425	93.3653025503
2417	101	8425	93.3553128526
2418	96	8431	93.3433919156
2419	95	8431	93.4096771073
2420	96	8433	93.4701868797
2421	96	8440	93.5531438805
2422	94	8445	93.6326020284
2423	96	8452	93.6221489635
2424	95	8457	93.5570245656
2425	93	8463	93.5220207927
2426	94	8467	93.4400075796
2427	97	8472	93.4393562846
2428	96	8477	93.5287574863
2429	91	8477	93.5940333942
2430	86	8478	93.6371991723
2431	91	8480	93.7273711301
2432	94	8484	93.7963601171
2433	89	8486	93.8346113803
2434	94	8487	93.860104863
2435	93	8493	93.9340814978
2436	91	8498	93.9532666009
2437	88	8503	93.9974179311
2438	91	8507	93.9194651497
2439	89	8511	93.9178892865
2440	86	8518	93.9333271104
2441	83	8524	93.8396662953
2442	84	8526	93.8322828169
2443	87	8531	93.9156108332
2444	82	8537	93.9874807157
2445	86	8541	94.0424658608
2446	83	8546	93.9497300777
2447	86	8548	94.020475335
2448	82	8550	93.9226810299
2449	83	8552	93.9621000142
2450	86	8558	93.9107766014
2451	91	8563	93.9344449636
2452	88	8565	93.8706852027
2453	85	8571	93.8738664345
2454	83	8575	93.9084207028
2455	80	8579	93.9003893307
2456	83	8584	93.9339950579
2457	86	8587	93.9868466713
2458	82	8593	94.0197576681
2459	82	8600	93.9515706302
2460	80	8604	93.881372178
2461	75	8604	93.8138030738
2462	75	8611	93.842691094
2463	75	8613	93.8133651817
2464	75	8614	93.8898988218
2465	76	8621	93.8154454002
2466	79	8626	93.8076746996
2467	81	8631	93.8223424259
2468	79	8633	93.8582166444
2469	83	8638	93.9246440783
2470	87	8640	93.8856923156
2471	82	8644	93.7963557968
2472	82	8646	93.7733057436
2473	82	8650	93.7658002604
2474	79	8656	93.7900759446
2475	83	8661	93.8092995484
2476	79	8664	93.8474315634
2477	82	8670	93.8485825472
2478	85	8672	93.7493610385
2479	85	8676	93.7383283404
2480	86	8680	93.7603691654
2481	89	8685	93.8207452874
2482	93	8690	93.9065241738
2483	88	8697	93.9765152373
2484	92	8700	93.915039258
2485	94	8702	93.9662439698
2486	98	8705	93.8779642153
2487	96	8707	93.9048052172
2488	91	8710	93.8923960272
2489	87	8717	93.9742102396
2490	82	8721	94.0406163993
2491	77	8727	93.9869671302
2492	81	8733	93.9660687089
2493	86	8738	93.9160745585
2494	81	8744	94.009692522
2495	76	8749	93.9426329766
2496	71	8751	93.9438436108
2497	68	8756	93.9224917444
2498	66	8762	93.8517995772
2499	63	8762	93.7784651792
2500	59	8762	93.8233605765
2501	60	8762	93.9138547246
2502	55	8764	93.8173502319
2503	50	8769	93.795872973
2504	50	8770	93.8904360539
2505	51	8775	93.8506524825
2506	53	8780	93.8819182149
2507	50	8786	93.9692257014
2508	54	8791	93.9548282777
2509	57	8798	93.9106328412
2510	60	8804	93.8875225578
2511	61	8804	93.8898411558
2512	62	8805	93.9693241149
2513	66	8812	93.9421310767
2514	71	8812	93.9570468809
2515	74	8816	93.8836632677
2516	76	8822	93.8081413269
2517	79	8828	93.8396826788
2518	76	8830	93.860313959
2519	81	8834	93.9412873492
2520	79	8834	93.9330660841
2521	81	8838	93.889841631
2522	76	8844	93.8601809089
2523	74	8850	93.9180013961
2524	73	8855	93.8217693083
2525	72	8861	93.859082086
2526	77	8868	93.8811372314
2527	76	8871	93.8529662064
2528	75	8875	93.878064197
2529	71	8882	93.9087707712
2530	66	8882	93.9440592901
2531	69	8885	93.8560555638
2532	70	8892	93.8510164744
2533	68	8897	93.8034362189
2534	69	8897	93.8245565224
2535	66	8900	93.8042251956
2536	65	8905	93.8240823909
2537	66	8906	93.8477098909
2538	64	8909	93.931650877
2539	60	8913	93.9110381484
2540	55	8914	93.9770355356
2541	59	8919	93.9337940794
2542	62	8919	93.9387474017
2543	59	8925	93.8824315548
2544	60	8926	93.8128780232
2545	64	8929	93.7784001859
2546	68	8929	93.7683928443
2547	64	8933	93.7079303881
2548	68	8939	93.6814055936
2549	71	8946	93.7334226823
2550	74	8953	93.7585507537
2551	74	8956	93.6612358819
2552	78	8961	93.5947220254
2553	75	8966	93.537238693
2554	80	8966	93.4747137597
2555	82	8971	93.4510636544
2556	86	8973	93.4966426157
2557	85	8978	93.4471546017
2558	84	8981	93.3920951818
2559	81	8988	93.3004876405
2560	79	8994	93.2018526935
2561	80	8997	93.2031458275
2562	78	9004	93.1107639511
2563	75	9009	93.0301739795
2564	80	9011	93.0665780212
2565	85	9015	93.1585302429
2566	81	9016	93.1078926685
2567	81	9023	93.1548342697
2568	76	9024	93.1531302856
2569	78	9025	93.0648236583
2570	75	9030	93.13378578
2571	74	9033	93.0843783757
2572	75	9034	93.0086793518
2573	80	9040	93.0234610678
2574	85	9041	92.9696436108
2575	88	9045	93.0337551507
2576	88	9050	93.0810043699
2577	87	9056	92.9966446959
2578	87	9060	92.914485985
2579	84	9066	92.9214786352
2580	87	9070	92.9596989565
2581	87	9070	92.9725485546
2582	84	9076	92.9581880696
2583	85	9082	93.0411061543
2584	84	9087	92.9853214982
2585	89	9091	93.0457920631
2586	85	9092	93.0239006317
2587	85	9099	93.0336487151
2588	82	9099	93.048806097
2589	81	9101	93.0601537585
2590	84	9101	93.0053835125
2591	85	9101	92.9343006842
2592	84	9105	93.0016984371
2593	80	9109	92.9858081424
2594	85	9113	92.9203877415
2595	87	9115	93.0020412866
2596	82	9117	93.0169543572
2597	84	9120	92.927750035
2598	87	9120	92.8783686975
2599	92	9121	92.836452471
2600	89	9127	92.9338882167
2601	93	9127	92.9909862028
2602	98	9133	92.9045478701
2603	96	9138	92.804851029
2604	91	9140	92.7236031046
2605	91	9144	92.6674317392
2606	95	9147	92.6298394583
2607	94	9150	92.6928781221
2608	94	9150	92.6235485285
2609	89	9150	92.6557988588
2610	85	9154	92.6517411674
2611	82	9157	92.681652898
2612	78	9164	92.7248484613
2613	78	9168	92.7699430546
2614	83	9172	92.7106819893
2615	78	9174	92.6892981057
2616	79	9178	92.6353924008
2617	75	9184	92.6064709991
2618	78	9189	92.7057018747
2619	81	9189	92.7630968844
2620	84	9193	92.848870337
2621	80	9195	92.9302146305
2622	81	9197	92.9532500458
2623	86	9203	93.0332066274
2624	84	9204	93.0929562363
2625	84	9205	93.1102316576
2626	83	9210	93.1435582843
2627	88	9215	93.1667418497
2628	86	9219	93.1309995558
2629	87	9222	93.1327373598
2630	84	9225	93.0815503392
2631	86	9228	92.9976209492
2632	87	9228	92.966096657
2633	83	9230	92.9946176954
2634	78	9235	93.0539119191
2635	75	9236	92.9811568284
2636	72	9242	92.9553097326
2637	73	9242	93.0395311861
2638	72	9246	93.1229474486
2639	71	9247	93.1056777158
2640	72	9249	93.1582335232
2641	68	9249	93.1314125146
2642	71	9251	93.127230752
2643	67	9256	93.1149825379
2644	70	9259	93.1590762709
2645	69	9263	93.220719546
2646	74	9266	93.176348313
2647	77	9266	93.0947482423
2648	73	9268	93.0086800939
2649	68	9270	93.0610895287
2650	71	9270	93.0868341566
2651	75	9270	93.0039818649
2652	73	9273	92.9148613215
2653	76	9277	92.9511342928
2654	74	9280	92.9254440786
2655	74	9283	92.9940863237
2656	75	9287	92.9004086648
2657	71	9292	92.9218989191
2658	72	9295	92.9953724346
2659	77	9302	93.0219606483
2660	77	9307	93.0388753508
2661	75	9308	93.1192675285
2662	73	9314	93.0364214399
2663	72	9317	93.0413514772
2664	73	9322	93.083934373
2665	74	9329	92.9898890996
2666	79	9336	93.0506270002
2667	80	9338	93.1153345484
2668	80	9344	93.1950924347
2669	75	9348	93.2809649842
2670	70	9350	93.2752537267
2671	74	9352	93.2655416552
2672	78	9358	93.2283315061
2673	74	9363	93.1630231315
2674	77	9364	93.2229578516
2675	75	9370	93.1601781423
2676	80	9375	93.2445641225
2677	77	9376	93.3385901564
2678	73	9383	93.3268861939
2679	72	9387	93.2703606541
2680	68	9394	93.2539939895
2681	70	9401	93.3038090063
2682	74	9404	93.2066220035
2683	76	9409	93.1475777682
2684	81	9410	93.1027894384
2685	86	9415	93.2012400221
2686	89	9420	93.2394004786
2687	84	9422	93.2058046918
2688	89	9429	93.1753295042
2689	86	9430	93.1543398782
2690	89	9432	93.1861203433
2691	86	9434	93.1451601862
2692	85	9439	93.1057016584
2693	85	9441	93.0131753159
2694	89	9446	93.067280654
2695	84	9452	93.1015210807
2696	87	9452	93.1843287001
2697	88	9458	93.1957182252
2698	90	9464	93.2344032461
2699	92	9471	93.3231663191
2700	92	9476	93.3918263561
2701	96	9481	93.3389017463
2702	100	9487	93.3269740369
2703	97	9488	93.3387531568
2704	102	9492	93.2689039746
2705	97	9494	93.3556035902
2706	96	9497	93.431977755
2707	94	9504	93.3546342271
2708	95	9507	93.3761933132
2709	94	9507	93.3284499839
2710	99	9508	93.398149005
2711	99	9513	93.3373686519
2712	104	9515	93.301287459
2713	105	9521	93.3219786144
2714	100	9527	93.2513419646
2715	100	9530	93.3131570515
2716	103	9534	93.2370983287
2717	106	9540	93.2228706453
2718	105	9540	93.2784809575
2719	104	9546	93.2286077758
2720	99	9550	93.290090348
2721	100	9550	93.2759607745
2722	95	9550	93.3196310538
2723	93	9553	93.3940227287
2724	92	9554	93.4504284802
2725	92	9560	93.4457642694
2726	91	9562	93.4986786683
2727	89	9566	93.4940242633
2728	87	9569	93.4637918267
2729	84	9573	93.4020097362
2730	89	9573	93.3231209452
2731	86	9573	93.3064244796
2732	88	9576	93.2539376468
2733	93	9578	93.3347613037
2734	88	9578	93.3519032583
2735	83	9585	93.3720790792
2736	86	9589	93.3476775279
2737	81	9593	93.3437044949
2738	86	9599	93.3745668545
2739	83	9603	93.4295636284
2740	87	9610	93.3872884021
2741	92	9612	93.3944594769
2742	93	9617	93.435579476
2743	91	9617	93.3486420881
2744	87	9617	93.4000410552
2745	85	9619	93.4754677847
2746	89	9621	93.4712129891
2747	88	9628	93.4345404563
2748	93	9628	93.4185620036
2749	97	9629	93.3204639514
2750	92	9636	93.3740206522
2751	97	9643	93.4260367457
2752	94	9643	93.4389268766
2753	93	9646	93.4586573615
2754	95	9652	93.4316935359
2755	95	9653	93.4179869758
2756	90	9653	93.5028210287
2757	93	9657	93.4753800036
2758	98	9662	93.3810363279
2759	95	9665	93.4355871215
2760	94	9672	93.4118261159
2761	89	9678	93.4551031292
2762	84	9680	93.4301670831
2763	82	9682	93.4766534247
2764	84	9686	93.5390887033
2765	88	9687	93.5101330199
2766	86	9691	93.4656566173
2767	87	9692	93.3770429919
2768	83	9694	93.4218293339
2769	88	9697	93.4126119537
2770	91	9703	93.4818311875
2771	94	9709	93.5356511267
2772	92	9713	93.5029053685
2773	88	9720	93.5063771656
2774	87	9727	93.5047149173
2775	88	9727	93.4746323698
2776	83	9728	93.5733346194
2777	88	9729	93.6456681283
2778	88	9732	93.7160380476
2779	90	9737	93.7027177367
2780	94	9742	93.6496090741
2781	96	9743	93.6277418418
2782	94	9744	93.7091700501
2783	99	9751	93.6146642363
2784	100	9754	93.5967404781
2785	104	9755	93.5016002029
2786	101	9757	93.406978759
