1	130	94.9353225693	7	7
2	125	94.9371264266	7	14
3	121	95.0181151907	0	14
4	125	95.0749436087	5	19
5	124	95.0054495135	2	21
6	124	95.0125337311	7	28
7	120	94.9641137397	6	34
8	115	94.983951803	7	41
9	115	95.0717592621	4	45
10	112	95.0489229725	5	50
11	107	95.0370383593	7	57
12	110	94.9870112785	6	63
13	112	95.0239492905	6	69
14	116	95.0514829124	7	76
15	114	95.0365554603	3	79
16	110	95.0242035082	7	86
17	114	94.9781986118	4	90
18	118	95.0700319408	7	97
19	115	95.0673524625	4	101
20	117	95.0158945724	3	104
21	114	94.9575532463	4	108
22	119	95.0377883699	5	113
23	122	95.0723908214	7	120
24	119	95.0836796278	6	126
25	123	95.0824521466	6	132
26	126	95.0827657266	1	133
27	125	95.0758705713	0	133
28	127	95.1021654404	3	136
29	125	95.1296752848	4	140
30	130	95.1522631012	4	144
31	126	95.0681588354	5	149
32	125	94.9947435508	3	152
33	125	94.894745796	1	153
34	122	94.8905548098	0	153
35	117	94.8460086031	2	155
36	113	94.9214952682	2	157
37	117	94.9818926894	6	163
38	117	95.075941321	1	164
39	115	95.108034434	2	166
40	115	95.1808391309	3	169
41	119	95.1913398106	3	172
42	123	95.2082379712	3	175
43	120	95.2885035779	3	178
44	119	95.3619669319	2	180
45	117	95.3023556532	4	184
46	117	95.2658463646	3	187
47	118	95.3107723343	7	194
48	115	95.4013410591	7	201
49	115	95.3760633586	6	207
50	120	95.4559380879	2	209
51	121	95.3945520331	2	211
52	125	95.3585356284	5	216
53	121	95.3094561368	4	220
54	121	95.292122022	3	223
55	126	95.3277130093	4	227
56	130	95.337778003	6	233
57	135	95.4237434509	5	238
58	135	95.4890094736	0	238
59	136	95.4589390515	6	244
60	137	95.4669566575	2	246
61	136	95.4990655597	1	247
62	135	95.5478841864	1	248
63	138	95.4740915874	3	251
64	138	95.4211256262	0	251
65	138	95.3578471828	1	252
66	142	95.4281553092	1	253
67	142	95.4289116583	0	253
68	143	95.4934657238	5	258
69	142	95.5547682421	4	262
70	147	95.537603527	7	269
71	143	95.4901662341	0	269
72	148	95.5196420793	4	273
73	143	95.4441108365	1	274
74	146	95.5420971944	4	278
75	151	95.4853119874	1	279
76	146	95.4237648673	1	280
77	151	95.5068242555	3	283
78	150	95.4637036068	5	288
79	148	95.3720665906	7	295
80	146	95.3602758295	3	298
81	144	95.3738033581	5	303
82	140	95.4463600776	6	309
83	145	95.5038171053	1	310
84	147	95.4329529057	2	312
85	152	95.44343715	2	314
86	154	95.3772573106	1	315
87	151	95.3680285087	4	319
88	156	95.3085545454	1	320
89	153	95.3048303206	4	324
90	155	95.3181357473	0	324
91	155	95.4119714929	4	328
92	153	95.4710510749	7	335
93	153	95.3797200867	5	340
94	148	95.4618632891	0	340
95	153	95.5272909496	3	343
96	155	95.429589482	5	348
97	159	95.3729807932	2	350
98	164	95.3482363866	6	356
99	161	95.3336512278	7	363
100	164	95.2810695178	1	364
101	159	95.2830744096	7	371
102	158	95.2614663013	3	374
103	153	95.1773234603	5	379
104	149	95.0990356084	7	386
105	147	95.0629805745	5	391
106	148	95.0328659834	0	391
107	144	95.0884661255	2	393
108	141	95.1422936877	6	399
109	145	95.1854301177	4	403
110	148	95.2162419157	5	408
111	147	95.2026439051	5	413
112	150	95.2618799886	3	416
113	148	95.2006848922	2	418
114	150	95.2221357778	2	420
115	147	95.1453572924	0	420
116	151	95.0971700285	6	426
117	153	95.0771457601	2	428
118	151	95.1577112745	1	429
119	152	95.0772107796	1	430
120	153	95.0067122374	4	434
121	148	94.9950603637	5	439
122	150	95.0012344645	5	444
123	149	94.9410801635	5	449
124	147	94.9497444769	2	451
125	149	94.958847259	5	456
126	152	94.983182084	1	457
127	148	95.0539590942	7	464
128	146	95.0348091266	5	469
129	147	94.9691926704	4	473
130	146	94.9387107076	3	476
131	147	94.9730786258	5	481
132	148	94.879861349	2	483
133	143	94.8360738519	7	490
134	140	94.9155217123	3	493
135	138	94.8841262968	4	497
136	134	94.8849247506	2	499
137	130	94.8660370178	7	506
138	135	94.9046937892	6	512
139	136	94.9775876359	2	514
140	131	94.914445246	2	516
141	133	94.8895069429	4	520
142	128	94.8873784909	7	527
143	125	94.9285623897	6	533
144	130	94.8833287082	1	534
145	130	94.9148106283	7	541
146	127	94.9491550896	2	543
147	129	94.9559826713	5	548
148	128	94.9380344783	2	550
149	131	94.8404142521	3	553
150	135	94.9338972991	7	560
151	136	94.9044644856	3	563
152	136	94.9286950425	3	566
153	137	94.8581946865	3	569
154	132	94.8062954904	1	570
155	137	94.71762557	7	577
156	135	94.6842903029	0	577
157	139	94.7611987217	5	582
158	136	94.8516305607	2	584
159	133	94.8083435319	2	586
160	131	94.7860005645	4	590
161	127	94.7313040362	2	592
162	129	94.671730102	4	596
163	134	94.6374609705	1	597
164	137	94.6393905021	7	604
165	142	94.7368733741	0	604
166	144	94.6479077517	0	604
167	143	94.6911674257	2	606
168	138	94.7443400837	7	613
169	134	94.7840115872	0	613
170	137	94.8678666749	4	617
171	137	94.8610037442	5	622
172	141	94.850372949	5	627
173	143	94.9167810815	4	631
174	141	95.0090638323	7	638
175	141	95.0336158948	4	642
176	143	95.0325999896	2	644
177	146	95.0024353119	6	650
178	144	94.9571439049	3	653
179	145	94.9084010915	5	658
180	142	94.8464454029	3	661
181	140	94.7876742577	1	662
182	143	94.8346011469	7	669
183	145	94.8776587496	5	674
184	149	94.8500744011	5	679
185	145	94.7906543154	4	683
186	147	94.8741147742	7	690
187	145	94.8018008317	1	691
188	140	94.8921702173	2	693
189	136	94.8463213644	6	699
190	136	94.7938960184	3	702
191	131	94.8370344935	3	705
192	134	94.8695642155	0	705
193	129	94.963257953	0	705
194	130	95.0045259199	7	712
195	125	95.0641441946	7	719
196	127	95.1106201874	5	724
197	123	95.0442771088	6	730
198	127	95.0617763898	3	733
199	124	95.141009418	6	739
200	127	95.1732852596	0	739
201	124	95.235071205	3	742
202	129	95.256966521	1	743
203	127	95.1851023975	5	748
204	130	95.1791632161	0	748
205	130	95.2634422135	2	750
206	130	95.1960952942	4	754
207	131	95.2410221881	4	758
208	133	95.3111446666	3	761
209	128	95.2380320687	7	768
210	131	95.1401930802	6	774
211	129	95.1096333363	4	778
212	127	95.0926595286	0	778
213	129	95.1383113613	2	780
214	130	95.1733939988	3	783
215	133	95.2229845409	0	783
216	136	95.2925658634	5	788
217	137	95.2925403143	7	795
218	138	95.2836603787	2	797
219	133	95.2413953463	4	801
220	135	95.1777454678	2	803
221	140	95.1481388694	7	810
222	145	95.1286224394	0	810
223	145	95.170245866	0	810
224	144	95.1031056517	3	813
225	143	95.0328517019	7	820
226	141	95.065920424	3	823
227	140	95.1261667559	0	823
228	144	95.1477181555	2	825
229	140	95.1458114853	2	827
230	139	95.236694981	7	834
231	138	95.1449510041	7	841
232	142	95.1770366003	7	848
233	140	95.2685888986	2	850
234	144	95.2354140344	5	855
235	140	95.296063565	0	855
236	145	95.24722448	3	858
237	140	95.2106712298	4	862
238	136	95.1372529958	5	867
239	131	95.2079877193	7	874
240	128	95.1410863403	6	880
241	125	95.2112488855	3	883
242	129	95.3066368325	1	884
243	128	95.2648054791	1	885
244	127	95.2293025837	6	891
245	129	95.2193800506	3	894
246	134	95.209683438	4	898
247	130	95.2576273925	5	903
248	130	95.2297897977	5	908
249	128	95.2817660048	1	909
250	129	95.1928590674	4	913
251	131	95.2896852414	4	917
252	136	95.1932190185	0	917
253	136	95.2503431005	0	917
254	138	95.2838250659	3	920
255	140	95.2563077478	6	926
256	135	95.1925041515	3	929
257	136	95.1359304093	3	932
258	131	95.0470737665	2	934
259	130	95.0991711105	2	936
260	128	95.0169036994	0	936
261	128	94.9880517866	7	943
262	124	94.9071554443	7	950
263	127	94.8614605535	2	952
264	128	94.9327055276	6	958
265	133	94.8907036294	2	960
266	128	94.8291607982	1	961
267	127	94.8970729736	4	965
268	128	94.8450168736	3	968
269	125	94.8734994104	7	975
270	120	94.8201088799	1	976
271	124	94.917791967	5	981
272	128	94.9282304785	6	987
273	133	95.0134191912	7	994
274	132	94.975403905	2	996
275	130	94.8851192663	1	997
276	129	94.869695636	5	1002
277	126	94.9440697906	7	1009
278	130	94.9450443999	1	1010
279	135	94.8594435719	2	1012
280	130	94.7821833406	4	1016
281	128	94.8367341835	5	1021
282	124	94.9353752468	1	1022
283	123	94.932163398	6	1028
284	118	94.9885451698	7	1035
285	118	95.0076611355	1	1036
286	122	94.9205625492	2	1038
287	126	94.9796797495	6	1044
288	124	95.0788934315	6	1050
289	128	95.1099249815	7	1057
290	127	95.0607300592	0	1057
291	129	95.1302209437	1	1058
292	134	95.0911705847	6	1064
293	133	95.0045670843	3	1067
294	138	95.0685150696	4	1071
295	142	94.9705765428	4	1075
296	142	94.9264584053	3	1078
297	146	94.9438157594	3	1081
298	147	94.9548282314	0	1081
299	151	94.9973912309	5	1086
300	156	95.0111795359	7	1093
301	154	94.9412651825	3	1096
302	150	94.8439681343	5	1101
303	154	94.900014444	6	1107
304	150	94.8268253697	7	1114
305	146	94.9002523371	5	1119
306	145	94.8922967875	3	1122
307	142	94.9741101231	2	1124
308	144	94.8793601697	7	1131
309	146	94.9677325116	0	1131
310	144	94.9386721785	7	1138
311	141	94.884394373	3	1141
312	136	94.9279905102	6	1147
313	136	94.937511516	6	1153
314	131	94.9831076967	2	1155
315	134	94.9407544859	3	1158
316	134	94.9595537115	7	1165
317	133	94.8668045897	5	1170
318	137	94.8050540672	6	1176
319	132	94.7676835234	1	1177
320	135	94.6944605281	7	1184
321	133	94.7909502976	0	1184
322	128	94.717845035	3	1187
323	131	94.7993036965	1	1188
324	126	94.8811177782	1	1189
325	128	94.8482390697	5	1194
326	124	94.7945667206	7	1201
327	122	94.8213847911	6	1207
328	117	94.8701681029	6	1213
329	114	94.8156393037	3	1216
330	119	94.7358323058	0	1216
331	123	94.7626692016	4	1220
332	122	94.6714415864	0	1220
333	125	94.7176200432	1	1221
334	124	94.7054474745	3	1224
335	124	94.7267648585	0	1224
336	122	94.7294864334	2	1226
337	118	94.7045907639	1	1227
338	117	94.7134172533	3	1230
339	121	94.7744151763	7	1237
340	117	94.7875885128	3	1240
341	114	94.825545953	0	1240
342	110	94.7511419112	2	1242
343	115	94.7141647656	1	1243
344	110	94.7491537039	1	1244
345	108	94.829789468	0	1244
346	110	94.7442202041	0	1244
347	105	94.6736228351	1	1245
348	103	94.5929180647	6	1251
349	103	94.6146972468	6	1257
350	101	94.5805344578	2	1259
351	97	94.5965369187	3	1262
352	93	94.6759107357	1	1263
353	94	94.7219005055	5	1268
354	92	94.7495023518	7	1275
355	91	94.7020688954	7	1282
356	90	94.6919841235	7	1289
357	85	94.5994139248	4	1293
358	82	94.5253623865	1	1294
359	84	94.5094460587	7	1301
360	79	94.5885347135	7	1308
361	83	94.5540118143	5	1313
362	84	94.4580433177	0	1313
363	82	94.4133750262	5	1318
364	77	94.4223760551	4	1322
365	76	94.35494489	4	1326
366	79	94.3964274721	2	1328
367	78	94.317150362	4	1332
368	76	94.2242401722	5	1337
369	71	94.3057663935	2	1339
370	68	94.3988140536	0	1339
371	66	94.4637115428	7	1346
372	71	94.5023396693	3	1349
373	75	94.5321603013	7	1356
374	77	94.5614866935	7	1363
375	73	94.463143802	0	1363
376	78	94.5564690261	6	1369
377	76	94.54462892	1	1370
378	75	94.5319669127	2	1372
379	78	94.5222779277	5	1377
380	82	94.5806371877	2	1379
381	83	94.5646388848	4	1383
382	79	94.5534771326	0	1383
383	78	94.6520480851	2	1385
384	77	94.6920433832	6	1391
385	74	94.6133617064	0	1391
386	79	94.5540252994	2	1393
387	75	94.642924812	7	1400
388	74	94.5780771378	2	1402
389	79	94.5036872759	6	1408
390	77	94.5366000843	4	1412
391	81	94.5886839795	7	1419
392	86	94.5421049705	4	1423
393	85	94.5765853367	0	1423
394	83	94.5131893329	1	1424
395	84	94.4299116522	0	1424
396	85	94.3544037754	5	1429
397	80	94.4121806391	2	1431
398	76	94.3519292543	3	1434
399	78	94.2873540076	7	1441
400	74	94.2424728622	3	1444
401	77	94.3218563685	1	1445
402	75	94.2267950894	3	1448
403	80	94.3015212501	3	1451
404	84	94.3908770876	2	1453
405	82	94.3330362725	2	1455
406	87	94.2609680096	2	1457
407	90	94.2776703662	1	1458
408	92	94.2960515303	7	1465
409	95	94.3386292677	3	1468
410	98	94.2857305564	5	1473
411	102	94.3537708901	3	1476
412	97	94.3667705507	7	1483
413	93	94.3605626495	7	1490
414	94	94.305304269	3	1493
415	92	94.2825447757	3	1496
416	93	94.2552147081	6	1502
417	91	94.2998117801	0	1502
418	89	94.3234657959	0	1502
419	84	94.2543121173	6	1508
420	87	94.2756295503	1	1509
421	88	94.2486085611	3	1512
422	89	94.2094387681	6	1518
423	88	94.1906755948	5	1523
424	84	94.1243700352	5	1528
425	86	94.2238098171	6	1534
426	87	94.2425102899	0	1534
427	91	94.1659434559	7	1541
428	87	94.2297462211	5	1546
429	91	94.1578347816	5	1551
430	87	94.1478871031	2	1553
431	88	94.1919519871	5	1558
432	92	94.1601916093	7	1565
433	88	94.0778371503	5	1570
434	91	94.0791351409	3	1573
435	88	94.0845947436	5	1578
436	88	94.1730320908	1	1579
437	93	94.2230785247	2	1581
438	89	94.207187327	3	1584
439	88	94.113964037	3	1587
440	86	94.204495361	0	1587
441	81	94.2255142753	2	1589
442	82	94.2104943644	5	1594
443	87	94.1774339748	2	1596
444	85	94.097015169	2	1598
445	86	94.1545903877	3	1601
446	84	94.1232283194	2	1603
447	81	94.1372932484	6	1609
448	80	94.072897478	7	1616
449	80	94.1664265458	4	1620
450	83	94.0687751713	3	1623
451	81	94.0434311107	3	1626
452	77	94.0488313524	0	1626
453	78	94.0471291813	4	1630
454	73	93.9663920577	7	1637
455	69	93.9794730126	4	1641
456	64	93.9315664427	4	1645
457	68	93.9270965351	1	1646
458	66	94.0214305445	2	1648
459	68	94.1044943611	1	1649
460	65	94.2012189228	5	1654
461	62	94.1436952645	4	1658
462	60	94.1385588327	4	1662
463	62	94.1343492826	0	1662
464	65	94.1945915592	7	1669
465	69	94.1071467473	0	1669
466	71	94.1111351265	5	1674
467	70	94.0719792492	5	1679
468	75	93.9960706734	4	1683
469	70	93.9272752501	6	1689
470	71	93.9915760248	1	1690
471	68	94.0764158611	2	1692
472	65	93.9805560652	7	1699
473	64	93.9967042612	6	1705
474	65	93.9157983003	1	1706
475	66	93.958982141	1	1707
476	71	93.9357856946	2	1709
477	75	93.8995719809	5	1714
478	76	93.8551518221	0	1714
479	77	93.7589791818	5	1719
480	82	93.7604590725	0	1719
481	77	93.7051473124	1	1720
482	79	93.768750282	7	1727
483	79	93.8408605166	5	1732
484	76	93.763068647	6	1738
485	77	93.8470572054	4	1742
486	78	93.8131104881	2	1744
487	74	93.7884283403	0	1744
488	77	93.8347378779	7	1751
489	72	93.7847515887	6	1757
490	67	93.8074638137	1	1758
491	63	93.8560017961	1	1759
492	60	93.9261504677	0	1759
493	57	93.8644805441	2	1761
494	57	93.9309656802	7	1768
495	53	93.8444536224	0	1768
496	53	93.9353936318	0	1768
497	57	94.0089409191	3	1771
498	52	93.9434045795	7	1778
499	56	93.8747590998	3	1781
500	59	93.8393461345	1	1782
501	54	93.8005765354	5	1787
502	59	93.7995206091	7	1794
503	57	93.7084699948	5	1799
504	54	93.7067497747	2	1801
505	54	93.632370419	1	1802
506	58	93.5483380783	2	1804
507	59	93.5991723371	7	1811
508	63	93.5425330877	5	1816
509	58	93.4965769785	0	1816
510	61	93.5065043557	2	1818
511	57	93.5701355907	3	1821
512	59	93.5435560645	7	1828
513	63	93.5283391503	1	1829
514	58	93.6204928725	4	1833
515	61	93.6393237483	5	1838
516	56	93.6765521578	3	1841
517	56	93.6718487682	7	1848
518	53	93.6643073442	5	1853
519	55	93.5795959274	0	1853
520	60	93.5577303445	0	1853
521	64	93.5123860069	0	1853
522	59	93.5082299409	6	1859
523	61	93.606574372	1	1860
524	61	93.6606970357	7	1867
525	57	93.6335691281	0	1867
526	56	93.6427890252	6	1873
527	61	93.6748549968	2	1875
528	61	93.7713362083	2	1877
529	64	93.6843377025	5	1882
530	62	93.596855293	2	1884
531	62	93.6222400321	6	1890
532	57	93.6162621941	7	1897
533	56	93.6590351096	6	1903
534	52	93.6767117874	6	1909
535	55	93.6551581852	3	1912
536	52	93.7399894988	3	1915
537	53	93.7528584038	7	1922
538	55	93.772291591	7	1929
539	60	93.6985451749	5	1934
540	56	93.7947379826	5	1939
541	51	93.7137494792	7	1946
542	51	93.717093097	6	1952
543	50	93.7341105072	5	1957
544	50	93.6825321147	4	1961
545	50	93.6979077698	0	1961
546	50	93.6515796764	0	1961
547	53	93.7342974868	4	1965
548	50	93.6582183883	2	1967
549	50	93.6503518771	3	1970
550	50	93.6814821319	2	1972
551	51	93.7159440836	2	1974
552	52	93.6335336435	0	1974
553	50	93.5612987996	5	1979
554	51	93.6129924941	5	1984
555	51	93.578100613	2	1986
556	52	93.5880800975	5	1991
557	57	93.5821080743	5	1996
558	61	93.6704623058	0	1996
559	61	93.6167843018	0	1996
560	61	93.5721165301	7	2003
561	58	93.6226549437	0	2003
562	61	93.6817681609	7	2010
563	61	93.6299150273	1	2011
564	61	93.5568899259	4	2015
565	57	93.655869661	1	2016
566	52	93.5937024657	0	2016
567	54	93.619306791	4	2020
568	53	93.6169453469	5	2025
569	58	93.5762135368	5	2030
570	59	93.6586335464	0	2030
571	57	93.6608844902	1	2031
572	58	93.5726949582	6	2037
573	56	93.5396123602	6	2043
574	59	93.4968706569	7	2050
575	58	93.5699994322	3	2053
576	62	93.5770587347	1	2054
577	66	93.5082421708	7	2061
578	62	93.55590418	1	2062
579	63	93.6382034515	1	2063
580	58	93.5657046726	2	2065
581	61	93.4705552486	5	2070
582	59	93.4235158229	5	2075
583	54	93.4409386075	7	2082
584	58	93.3981876408	4	2086
585	60	93.3201422532	0	2086
586	57	93.3328753913	5	2091
587	58	93.2504672783	0	2091
588	60	93.2206583669	6	2097
589	56	93.2055672478	4	2101
590	60	93.180062907	6	2107
591	60	93.0901079792	1	2108
592	63	93.0923026762	1	2109
593	59	93.1856399131	7	2116
594	56	93.2528774685	6	2122
595	60	93.264639752	2	2124
596	58	93.2371484046	5	2129
597	61	93.2600877433	6	2135
598	63	93.2741167813	2	2137
599	65	93.3216582794	4	2141
600	63	93.2924784358	2	2143
601	63	93.2208850005	7	2150
602	66	93.3147294305	3	2153
603	68	93.318149435	6	2159
604	70	93.2220044429	7	2166
605	70	93.2770936306	2	2168
606	71	93.3037965714	4	2172
607	73	93.2047320236	5	2177
608	71	93.1160980147	6	2183
609	68	93.0748391777	6	2189
610	71	92.9807672325	6	2195
611	74	92.9622467593	7	2202
612	75	92.884604774	0	2202
613	76	92.8657943419	6	2208
614	72	92.8576354367	0	2208
615	76	92.8098264996	2	2210
616	79	92.8517579225	4	2214
617	82	92.7883657917	4	2218
618	81	92.6895638216	4	2222
619	82	92.6657622986	3	2225
620	80	92.5809862651	5	2230
621	85	92.5394984364	4	2234
622	88	92.4833494509	0	2234
623	86	92.4176395476	4	2238
624	88	92.4947371208	7	2245
625	86	92.5448916311	2	2247
626	89	92.477342799	3	2250
627	92	92.5131554249	5	2255
628	96	92.4764789277	3	2258
629	100	92.5545098896	0	2258
630	101	92.6148175068	7	2265
631	98	92.5235216174	2	2267
632	103	92.4740596326	6	2273
633	105	92.5107304843	5	2278
634	107	92.5159911711	4	2282
635	106	92.5547213484	3	2285
636	107	92.6467565978	2	2287
637	110	92.6711216944	5	2292
638	110	92.6341468026	6	2298
639	110	92.6153918977	7	2305
640	112	92.6797706167	4	2309
641	117	92.695731153	1	2310
642	114	92.7271703215	6	2316
643	117	92.7737969554	1	2317
644	116	92.8155135124	4	2321
645	119	92.8589006923	1	2322
646	120	92.8926028948	5	2327
647	120	92.816918924	4	2331
648	120	92.8409994886	4	2335
649	119	92.9140116238	1	2336
650	120	92.8604894072	4	2340
651	125	92.8850607531	4	2344
652	123	92.9837181123	1	2345
653	122	93.0720383625	1	2346
654	127	93.1684799655	5	2351
655	132	93.2502124243	4	2355
656	131	93.2937880952	0	2355
657	133	93.2801426496	0	2355
658	136	93.3770692369	2	2357
659	139	93.3228337182	2	2359
660	136	93.2759274369	0	2359
661	134	93.2123132811	6	2365
662	132	93.2467277194	4	2369
663	132	93.1992802551	0	2369
664	128	93.109122392	0	2369
665	124	93.0878563371	7	2376
666	123	93.0693172547	2	2378
667	119	93.1052827894	5	2383
668	118	93.1315281597	2	2385
669	122	93.1774502554	4	2389
670	118	93.1445071779	0	2389
671	117	93.0830982497	3	2392
672	117	93.1454707693	6	2398
673	114	93.1504060869	2	2400
674	110	93.2457479054	3	2403
675	105	93.1875446728	3	2406
676	107	93.270695859	0	2406
677	111	93.225318716	0	2406
678	114	93.2583068897	2	2408
679	119	93.2452546327	2	2410
680	118	93.301774348	2	2412
681	113	93.2452188734	4	2416
682	114	93.1717486666	2	2418
683	111	93.2178630461	0	2418
684	111	93.3164533164	5	2423
685	111	93.303835448	7	2430
686	116	93.2286232976	7	2437
687	117	93.1801571001	4	2441
688	122	93.2664583532	6	2447
689	127	93.3140939517	1	2448
690	123	93.4040275819	5	2453
691	124	93.3131967565	6	2459
692	120	93.3898273905	0	2459
693	119	93.44687698	0	2459
694	119	93.4239848446	0	2459
695	117	93.441514553	4	2463
696	121	93.4883928418	3	2466
697	120	93.5052622557	5	2471
698	122	93.430182187	2	2473
699	122	93.3468443364	3	2476
700	120	93.2968621076	4	2480
701	124	93.3466422079	4	2484
702	126	93.4061307733	1	2485
703	127	93.5051430728	2	2487
704	124	93.4498635957	3	2490
705	120	93.3718986808	1	2491
706	125	93.3210294104	7	2498
707	123	93.2232293334	1	2499
708	128	93.1598322037	3	2502
709	123	93.1180676772	6	2508
710	128	93.1591112979	1	2509
711	133	93.1944641304	2	2511
712	137	93.10227758	0	2511
713	137	93.0481082614	2	2513
714	138	92.9626245973	0	2513
715	134	92.88983008	0	2513
716	137	92.8457621103	2	2515
717	134	92.8697528182	2	2517
718	137	92.9243505917	3	2520
719	141	93.0081927347	4	2524
720	143	92.9943789525	3	2527
721	144	93.0306606011	1	2528
722	143	92.9628007971	2	2530
723	147	92.9347652563	2	2532
724	143	92.8642631727	5	2537
725	146	92.8681595724	0	2537
726	143	92.8040782173	3	2540
727	147	92.8329719163	0	2540
728	151	92.8048878068	1	2541
729	155	92.730519953	1	2542
730	153	92.6637520732	2	2544
731	150	92.5765597753	6	2550
732	151	92.6611496881	5	2555
733	149	92.6890110277	5	2560
734	151	92.7627592032	5	2565
735	152	92.8463826952	5	2570
736	151	92.8716674415	0	2570
737	151	92.9053385895	7	2577
738	153	92.8271948593	5	2582
739	154	92.7410991527	2	2584
740	151	92.7146223871	2	2586
741	146	92.8009252194	3	2589
742	151	92.7595125579	6	2595
743	148	92.7167782174	1	2596
744	146	92.7108820085	0	2596
745	143	92.7327954877	1	2597
746	148	92.6797887064	2	2599
747	151	92.779550195	6	2605
748	146	92.8611877459	7	2612
749	147	92.7739927133	4	2616
750	143	92.8232830735	0	2616
751	139	92.8507004657	2	2618
752	143	92.8081585608	0	2618
753	144	92.7842796179	6	2624
754	140	92.8357272237	7	2631
755	137	92.7881534417	4	2635
756	133	92.7431080023	1	2636
757	133	92.6888667786	3	2639
758	135	92.6245173956	5	2644
759	130	92.6042091997	2	2646
760	132	92.5371217304	4	2650
761	134	92.5387227383	1	2651
762	132	92.5317012146	4	2655
763	134	92.4909266447	5	2660
764	134	92.5607429938	6	2666
765	132	92.6346113618	6	2672
766	129	92.6771901214	6	2678
767	125	92.6961519579	7	2685
768	127	92.7288312026	1	2686
769	128	92.636177718	2	2688
770	131	92.7249112927	6	2694
771	133	92.8140483503	4	2698
772	133	92.7855640851	2	2700
773	129	92.8533931354	6	2706
774	131	92.8318336718	2	2708
775	136	92.9102511019	6	2714
776	137	92.9845427909	0	2714
777	135	93.0508516667	2	2716
778	139	93.106196143	0	2716
779	135	93.1914482754	7	2723
780	132	93.1726855154	7	2730
781	130	93.1439394082	1	2731
782	127	93.1972538987	7	2738
783	125	93.2008666868	7	2745
784	125	93.1718576367	1	2746
785	128	93.2179909033	4	2750
786	125	93.2416076907	3	2753
787	129	93.3303312639	0	2753
788	128	93.2925097281	5	2758
789	131	93.2000192693	0	2758
790	133	93.1205334526	4	2762
791	138	93.0255337751	7	2769
792	138	93.0204054052	0	2769
793	142	93.0915394897	3	2772
794	147	93.1301074532	3	2775
795	149	93.1768008393	5	2780
796	154	93.1575890132	7	2787
797	157	93.204816313	6	2793
798	160	93.2593243476	5	2798
799	155	93.2902035314	3	2801
800	154	93.3197318966	2	2803
801	156	93.4134029195	6	2809
802	161	93.488364336	0	2809
803	162	93.412604316	5	2814
804	166	93.3275113133	0	2814
805	168	93.4133494179	1	2815
806	167	93.4258484052	4	2819
807	167	93.5120027936	1	2820
808	164	93.593038742	0	2820
809	163	93.6799392385	0	2820
810	161	93.7044760695	1	2821
811	160	93.6818428556	2	2823
812	158	93.7033290752	0	2823
813	162	93.7541505579	6	2829
814	158	93.796299646	4	2833
815	162	93.8481134899	3	2836
816	160	93.8820233891	4	2840
817	161	93.8552063059	1	2841
818	164	93.9241560317	3	2844
819	165	93.8509284311	4	2848
820	168	93.8765735885	5	2853
821	169	93.9631592288	5	2858
822	167	94.0526368795	6	2864
823	166	94.1061243517	5	2869
824	168	94.0409988747	6	2875
825	168	94.0352552901	7	2882
826	165	94.0413845878	4	2886
827	168	94.0228320475	3	2889
828	163	94.0639404441	7	2896
829	163	94.1469037011	5	2901
830	162	94.1889880574	5	2906
831	166	94.1624342704	5	2911
832	165	94.2161348913	3	2914
833	166	94.2823778433	5	2919
834	168	94.1956365792	2	2921
835	173	94.1632384744	0	2921
836	175	94.21129601	2	2923
837	171	94.2645440054	3	2926
838	172	94.1746679694	4	2930
839	172	94.1277331481	4	2934
840	176	94.1784743206	0	2934
841	177	94.1711154394	7	2941
842	172	94.1511487833	2	2943
843	176	94.125200365	0	2943
844	177	94.0710001682	2	2945
845	175	94.0634311233	3	2948
846	171	94.0078082504	4	2952
847	174	94.0114705059	1	2953
848	172	94.0569864468	1	2954
849	175	94.097485789	4	2958
850	178	94.1530713539	4	2962
851	179	94.1069095874	5	2967
852	179	94.2065481156	3	2970
853	183	94.2811844265	2	2972
854	186	94.1852115589	1	2973
855	184	94.2307062083	4	2977
856	184	94.2641146314	4	2981
857	188	94.323168729	2	2983
858	192	94.2367493706	0	2983
859	190	94.1951102152	3	2986
860	193	94.1217067271	5	2991
861	196	94.0838688323	0	2991
862	193	94.1803039143	5	2996
863	194	94.1131005759	6	3002
864	189	94.0362402626	0	3002
865	184	94.0518591547	6	3008
866	188	94.0712686431	2	3010
867	190	94.0755028899	0	3010
868	186	94.1166421035	7	3017
869	186	94.1746871721	5	3022
870	182	94.2375539234	4	3026
871	179	94.3161651394	4	3030
872	180	94.3864426791	2	3032
873	178	94.4076643104	6	3038
874	183	94.3561885047	2	3040
875	182	94.442110176	2	3042
876	180	94.5158284793	4	3046
877	177	94.5582519426	1	3047
878	182	94.6380068363	3	3050
879	179	94.7250187707	6	3056
880	177	94.7464061045	3	3059
881	178	94.7569429234	3	3062
882	182	94.8012289916	7	3069
883	187	94.7899630751	0	3069
884	182	94.7704747377	4	3073
885	183	94.8646007702	5	3078
886	183	94.7984550561	7	3085
887	182	94.8956816898	2	3087
888	187	94.9781742108	4	3091
889	190	95.0114033109	3	3094
890	193	95.0942038927	2	3096
891	190	95.1760116332	1	3097
892	191	95.2034807487	7	3104
893	191	95.2649781085	4	3108
894	194	95.3387138763	6	3114
895	197	95.3948589801	7	3121
896	194	95.4572287747	0	3121
897	190	95.4191095923	7	3128
898	195	95.5117888445	1	3129
899	195	95.4825543097	1	3130
900	192	95.4818135568	1	3131
901	193	95.4683888346	1	3132
902	191	95.5663326945	4	3136
903	196	95.5014897745	3	3139
904	195	95.531243397	6	3145
905	199	95.4905276277	7	3152
906	200	95.4593805421	5	3157
907	196	95.4529969641	4	3161
908	194	95.4152818927	0	3161
909	193	95.3472759816	3	3164
910	192	95.2613451922	2	3166
911	194	95.1725276263	3	3169
912	195	95.2012741048	6	3175
913	193	95.1436608305	3	3178
914	194	95.1672999675	2	3180
915	191	95.1488526968	4	3184
916	196	95.0503650107	0	3184
917	196	94.96810928	3	3187
918	194	94.8799555464	5	3192
919	191	94.9574218553	4	3196
920	189	94.9750300153	7	3203
921	191	94.9239009514	3	3206
922	191	94.829085718	0	3206
923	195	94.8416859735	1	3207
924	194	94.8454278926	4	3211
925	190	94.7509666999	5	3216
926	185	94.7624331066	5	3221
927	188	94.7090750463	7	3228
928	184	94.7905508708	0	3228
929	188	94.7700893203	7	3235
930	189	94.855795775	6	3241
931	188	94.9029211915	7	3248
932	185	94.8105121629	4	3252
933	180	94.8077426943	2	3254
934	180	94.8455234068	6	3260
935	183	94.8930577831	4	3264
936	178	94.9192511115	2	3266
937	183	94.8647351129	0	3266
938	183	94.9206973464	7	3273
939	187	94.8901053816	6	3279
940	192	94.8097369302	4	3283
941	195	94.8160573966	4	3287
942	195	94.7400151348	6	3293
943	191	94.8130409387	4	3297
944	195	94.90263098	7	3304
945	198	94.9749985343	3	3307
946	195	95.0720658588	3	3310
947	194	94.9913857202	6	3316
948	192	95.0347787315	0	3316
949	197	95.0126580607	5	3321
950	198	95.0539751222	4	3325
951	199	95.0353844387	3	3328
952	198	94.9473391425	6	3334
953	197	94.9653970622	7	3341
954	200	94.9477151846	1	3342
955	200	94.9636063438	1	3343
956	200	94.8642939723	0	3343
957	200	94.9165465914	4	3347
958	196	94.9905631151	2	3349
959	194	94.9762088406	6	3355
960	192	95.005561645	1	3356
961	196	95.0891947774	3	3359
962	194	95.1838974672	3	3362
963	194	95.2302858146	5	3367
964	198	95.2649672595	2	3369
965	196	95.2580629471	1	3370
966	198	95.2632640995	6	3376
967	195	95.2364886543	6	3382
968	194	95.2529006818	3	3385
969	195	95.2300207165	1	3386
970	190	95.1503662871	0	3386
971	185	95.139950882	1	3387
972	188	95.0497348389	2	3389
973	184	95.0879239409	4	3393
974	184	95.0420049097	3	3396
975	182	95.0806948671	7	3403
976	181	95.1424148255	1	3404
977	177	95.2225376926	5	3409
978	177	95.3214759343	7	3416
979	181	95.3811880695	3	3419
980	177	95.4473239639	1	3420
981	176	95.4023955192	3	3423
982	173	95.3410141971	2	3425
983	172	95.3757594638	2	3427
984	169	95.4554567612	3	3430
985	165	95.3795525848	7	3437
986	166	95.3678276748	7	3444
987	171	95.4064631855	3	3447
988	172	95.3161973117	3	3450
989	175	95.3955964834	0	3450
990	172	95.3633906048	3	3453
991	173	95.3186442907	4	3457
992	171	95.2832884408	3	3460
993	174	95.1926422579	1	3461
994	177	95.1088145876	2	3463
995	178	95.1507307579	6	3469
996	180	95.1566657983	1	3470
997	176	95.0768678065	4	3474
998	172	95.0181462069	2	3476
999	169	94.93127387	5	3481
1000	172	94.8872524217	0	3481
1001	169	94.949305789	5	3486
1002	172	94.9727476041	4	3490
1003	167	94.9027207191	2	3492
1004	163	94.8556703177	0	3492
1005	165	94.8090621186	4	3496
1006	168	94.779446905	1	3497
1007	164	94.7285030914	2	3499
1008	166	94.7103690009	6	3505
1009	169	94.7205034717	2	3507
1010	174	94.6712426911	0	3507
1011	170	94.6476148667	6	3513
1012	175	94.6314714607	2	3515
1013	175	94.5486945652	1	3516
1014	171	94.4564141354	3	3519
1015	173	94.5353192802	1	3520
1016	178	94.4906705744	6	3526
1017	178	94.4886570871	6	3532
1018	181	94.4019189042	2	3534
1019	181	94.3606271676	7	3541
1020	177	94.3116525945	3	3544
1021	181	94.3861758254	5	3549
1022	180	94.3457664755	6	3555
1023	177	94.3597467192	5	3560
1024	177	94.378757872	0	3560
1025	175	94.3345933623	5	3565
1026	173	94.3323844021	7	3572
1027	168	94.3512323535	4	3576
1028	172	94.3025468955	2	3578
1029	171	94.3589529706	0	3578
1030	174	94.3725450626	7	3585
1031	178	94.340877471	2	3587
1032	179	94.4063307105	2	3589
1033	183	94.4047413797	3	3592
1034	184	94.5008209019	1	3593
1035	186	94.4495117513	0	3593
1036	182	94.4939594537	0	3593
1037	180	94.5749527633	0	3593
1038	178	94.5186409595	6	3599
1039	181	94.5357066516	0	3599
1040	181	94.6123729865	1	3600
1041	179	94.6762538732	5	3605
1042	178	94.7633664032	7	3612
1043	173	94.7203063819	4	3616
1044	169	94.8000956743	2	3618
1045	165	94.7958182227	5	3623
1046	166	94.6959669634	6	3629
1047	167	94.6622879507	5	3634
1048	170	94.7483506767	7	3641
1049	173	94.778522125	1	3642
1050	169	94.7446544156	0	3642
1051	167	94.6802780209	0	3642
1052	167	94.7660370282	5	3647
1053	169	94.7860205807	2	3649
1054	168	94.870921868	7	3656
1055	167	94.8963131005	7	3663
1056	168	94.9636087756	1	3664
1057	168	94.9752717163	2	3666
1058	172	95.0337971839	6	3672
1059	177	95.1273115019	6	3678
1060	175	95.0882922481	0	3678
1061	179	95.0537320976	6	3684
1062	181	94.9691803435	1	3685
1063	184	94.951834248	3	3688
1064	189	94.939595121	3	3691
1065	191	94.8493340674	1	3692
1066	195	94.8405056434	0	3692
1067	193	94.8775566072	6	3698
1068	196	94.9634001735	7	3705
1069	198	94.8687811416	6	3711
1070	194	94.9100155701	3	3714
1071	199	94.8846459277	0	3714
1072	200	94.9485924865	2	3716
1073	200	94.909373809	5	3721
1074	200	94.8934210728	4	3725
1075	196	94.9600721312	2	3727
1076	192	94.8988961983	3	3730
1077	189	94.9510069967	0	3730
1078	188	95.0438214762	6	3736
1079	186	95.1129215731	6	3742
1080	184	95.1890119666	0	3742
1081	188	95.1308628252	0	3742
1082	184	95.2306740701	5	3747
1083	188	95.2791730524	6	3753
1084	183	95.2409604924	6	3759
1085	180	95.3404550127	1	3760
1086	180	95.2841040881	3	3763
1087	181	95.33442091	3	3766
1088	180	95.3963003296	0	3766
1089	185	95.3282182782	5	3771
1090	183	95.4173985774	7	3778
1091	178	95.3546356635	0	3778
1092	180	95.4399558444	4	3782
1093	180	95.4388080338	0	3782
1094	181	95.5186086396	7	3789
1095	182	95.5995720356	5	3794
1096	181	95.5770850768	1	3795
1097	178	95.6589446848	2	3797
1098	176	95.7029795741	3	3800
1099	178	95.7758077198	7	3807
1100	173	95.7263936689	2	3809
1101	173	95.6967302835	3	3812
1102	175	95.721515116	5	3817
1103	175	95.8006619674	0	3817
1104	179	95.8779691781	7	3824
1105	184	95.9065688139	6	3830
1106	183	95.8982052923	7	3837
1107	186	95.9511049654	6	3843
1108	186	95.9047717715	3	3846
1109	187	95.9650004992	2	3848
1110	190	95.8663704427	7	3855
1111	194	95.8354201162	3	3858
1112	189	95.8855834887	1	3859
1113	193	95.8376754503	1	3860
1114	190	95.8250501678	7	3867
1115	191	95.7457708501	4	3871
1116	187	95.8082606347	5	3876
1117	183	95.7637474341	2	3878
1118	184	95.8610753247	1	3879
1119	186	95.8335432591	1	3880
1120	189	95.78061825	4	3884
1121	187	95.6827938121	7	3891
1122	185	95.6676128997	0	3891
1123	180	95.5893235804	3	3894
1124	176	95.5203738542	3	3897
1125	176	95.4590072512	7	3904
1126	175	95.3638629336	4	3908
1127	171	95.2890593393	7	3915
1128	171	95.3657486618	3	3918
1129	169	95.4654239585	6	3924
1130	167	95.5552119125	4	3928
1131	164	95.4849500393	1	3929
1132	159	95.4804484857	4	3933
1133	162	95.5376568799	1	3934
1134	163	95.4931225453	6	3940
1135	163	95.4230960107	7	3947
1136	161	95.3701459919	4	3951
1137	162	95.3527643946	2	3953
1138	162	95.4282830297	5	3958
1139	162	95.4482567547	2	3960
1140	159	95.4194974403	0	3960
1141	162	95.4898147049	0	3960
1142	167	95.5211346215	4	3964
1143	167	95.4686003941	6	3970
1144	162	95.4301563116	0	3970
1145	163	95.409542213	5	3975
1146	160	95.3658528203	2	3977
1147	164	95.3914189431	4	3981
1148	167	95.3328051191	4	3985
1149	169	95.3037233474	4	3989
1150	169	95.2923090738	4	3993
1151	168	95.3083352708	6	3999
1152	164	95.3631553461	5	4004
1153	161	95.3207767882	4	4008
1154	166	95.2780928613	3	4011
1155	166	95.1833025292	4	4015
1156	168	95.1562512899	2	4017
1157	164	95.0671734392	0	4017
1158	169	94.9995046864	0	4017
1159	172	95.0338540881	1	4018
1160	169	94.9870734606	0	4018
1161	168	94.9591552754	5	4023
1162	168	94.8750508233	3	4026
1163	169	94.8001519004	1	4027
1164	167	94.7585899842	1	4028
1165	162	94.7176344657	1	4029
1166	160	94.777206093	5	4034
1167	160	94.8761031671	4	4038
1168	163	94.8833926679	4	4042
1169	165	94.8970135157	6	4048
1170	169	94.934457366	7	4055
1171	164	95.0112357213	1	4056
1172	161	95.1029781305	2	4058
1173	164	95.0410730189	7	4065
1174	163	95.0050823727	5	4070
1175	160	95.0660221849	6	4076
1176	162	95.1655154597	4	4080
1177	160	95.1214148789	2	4082
1178	161	95.1966263809	1	4083
1179	159	95.1701996284	1	4084
1180	163	95.250446787	7	4091
1181	158	95.2745086398	4	4095
1182	161	95.3223296852	7	4102
1183	163	95.2849154748	2	4104
1184	159	95.1971024622	7	4111
1185	162	95.2242478236	7	4118
1186	167	95.1734573251	5	4123
1187	163	95.1308723469	7	4130
1188	165	95.1927401791	4	4134
1189	170	95.0934831963	1	4135
1190	166	95.1572834916	6	4141
1191	166	95.1577056226	2	4143
1192	161	95.1437941168	0	4143
1193	156	95.2126381224	5	4148
1194	151	95.3085141104	6	4154
1195	147	95.2864173934	0	4154
1196	150	95.3861781966	2	4156
1197	149	95.3149984297	3	4159
1198	148	95.2809483019	5	4164
1199	151	95.212216614	0	4164
1200	156	95.2696970965	1	4165
1201	159	95.3357256693	4	4169
1202	157	95.2728466592	7	4176
1203	152	95.3525424665	6	4182
1204	149	95.3104374666	3	4185
1205	152	95.2304201562	1	4186
1206	154	95.1696589675	2	4188
1207	154	95.2040409549	4	4192
1208	158	95.2946526018	6	4198
1209	156	95.3504105174	1	4199
1210	151	95.3678592248	2	4201
1211	154	95.2936517103	7	4208
1212	157	95.3706193587	5	4213
1213	154	95.4398717043	1	4214
1214	155	95.5328676563	7	4221
1215	157	95.5838869442	4	4225
1216	158	95.6139878733	1	4226
1217	154	95.6164854944	7	4233
1218	156	95.6654870103	3	4236
1219	161	95.682462036	1	4237
1220	163	95.6332125666	6	4243
1221	160	95.7095893796	3	4246
1222	157	95.6990755785	1	4247
1223	157	95.7590920438	5	4252
1224	158	95.7473253932	3	4255
1225	157	95.7650950444	1	4256
1226	154	95.8550347994	3	4259
1227	156	95.870616833	2	4261
1228	155	95.8703198329	1	4262
1229	151	95.8458646347	3	4265
1230	149	95.892493458	4	4269
1231	148	95.9306628997	3	4272
1232	149	96.0094926902	4	4276
1233	153	96.109044004	2	4278
1234	150	96.0574035651	2	4280
1235	145	96.0708267811	4	4284
1236	149	96.1324593864	2	4286
1237	154	96.2116339118	2	4288
1238	152	96.2528708037	0	4288
1239	147	96.3403533286	6	4294
1240	147	96.2951599	5	4299
1241	148	96.3690372161	0	4299
1242	143	96.3063586785	0	4299
1243	139	96.3090108442	4	4303
1244	140	96.3198655887	3	4306
1245	138	96.3283761461	2	4308
1246	140	96.2365115396	1	4309
1247	145	96.257981505	0	4309
1248	143	96.3040115925	4	4313
1249	147	96.27736778	2	4315
1250	152	96.2078300946	4	4319
1251	150	96.2553196563	2	4321
1252	147	96.2808786895	3	4324
1253	146	96.2139189163	3	4327
1254	144	96.1728894368	2	4329
1255	143	96.2127489864	3	4332
1256	140	96.2648225955	4	4336
1257	136	96.234486458	5	4341
1258	132	96.2792089093	2	4343
1259	134	96.3131370421	0	4343
1260	135	96.3227312631	1	4344
1261	136	96.3627659192	7	4351
1262	140	96.3909493847	6	4357
1263	135	96.363943499	1	4358
1264	136	96.3612796244	3	4361
1265	131	96.39582421	1	4362
1266	136	96.4081616852	6	4368
1267	133	96.3977056059	3	4371
1268	136	96.4664262212	3	4374
1269	132	96.5094640245	2	4376
1270	133	96.5183792023	4	4380
1271	134	96.4276604795	7	4387
1272	139	96.4830932285	7	4394
1273	141	96.4499219797	4	4398
1274	136	96.4977812147	7	4405
1275	139	96.5970973061	3	4408
1276	134	96.6589484526	4	4412
1277	130	96.6543741257	0	4412
1278	135	96.6395056738	5	4417
1279	135	96.5503461038	4	4421
1280	134	96.5365049773	5	4426
1281	136	96.5127908278	5	4431
1282	140	96.5392197363	3	4434
1283	140	96.5016050185	0	4434
1284	136	96.5240816023	3	4437
1285	137	96.5870209071	5	4442
1286	136	96.5525913595	5	4447
1287	131	96.5525966348	1	4448
1288	135	96.4693193572	7	4455
1289	136	96.4502470642	6	4461
1290	141	96.4764493907	1	4462
1291	137	96.4629158767	0	4462
1292	134	96.3733535057	7	4469
1293	130	96.333699325	2	4471
1294	129	96.2431304466	5	4476
1295	127	96.3190634131	4	4480
1296	131	96.2304144411	4	4484
1297	128	96.182543717	5	4489
1298	129	96.1098246866	1	4490
1299	128	96.182738723	0	4490
1300	132	96.1272206658	4	4494
1301	131	96.1248706877	7	4501
1302	132	96.1092077021	0	4501
1303	131	96.0343126809	1	4502
1304	126	96.0328981288	3	4505
1305	125	96.1167222969	5	4510
1306	128	96.2154242348	0	4510
1307	126	96.2918836827	2	4512
1308	128	96.2265605926	7	4519
1309	133	96.2388342735	1	4520
1310	131	96.2504712818	7	4527
1311	128	96.1988050904	1	4528
1312	128	96.0989732225	0	4528
1313	128	96.02484214	2	4530
1314	130	95.9757285722	7	4537
1315	131	95.9407669292	3	4540
1316	129	95.9448183659	3	4543
1317	127	95.9947599859	1	4544
1318	125	96.0649960441	4	4548
1319	122	96.1165429219	7	4555
1320	119	96.017198756	4	4559
1321	116	96.1155908128	0	4559
1322	118	96.1479185295	3	4562
1323	120	96.0691515927	3	4565
1324	117	96.0182280001	0	4565
1325	116	96.114435134	5	4570
1326	113	96.1364197705	0	4570
1327	113	96.2291989677	5	4575
1328	112	96.2868639231	6	4581
1329	115	96.2267265412	3	4584
1330	112	96.1281994643	4	4588
1331	108	96.1937048815	0	4588
1332	104	96.2399889872	1	4589
1333	108	96.2750955006	3	4592
1334	113	96.3150240674	2	4594
1335	111	96.2237856043	7	4601
1336	112	96.2933499135	0	4601
1337	109	96.3375687848	2	4603
1338	109	96.4358154491	3	4606
1339	104	96.394870523	3	4609
1340	108	96.3466644559	7	4616
1341	112	96.3562668049	6	4622
1342	107	96.3262337767	7	4629
1343	106	96.4031751626	3	4632
1344	108	96.4075181818	2	4634
1345	111	96.4292174303	7	4641
1346	109	96.4225607566	1	4642
1347	111	96.518969007	2	4644
1348	109	96.4678908589	5	4649
1349	104	96.3726594942	4	4653
1350	102	96.2831699237	1	4654
1351	104	96.3032731054	6	4660
1352	100	96.2786197325	1	4661
1353	96	96.1929591849	4	4665
1354	92	96.1815781906	5	4670
1355	96	96.1102321489	3	4673
1356	91	96.1639771785	2	4675
1357	91	96.0754315655	5	4680
1358	94	96.1302232126	0	4680
1359	99	96.2079058533	2	4682
1360	100	96.2546934024	6	4688
1361	100	96.1872669942	4	4692
1362	98	96.0913044209	0	4692
1363	103	96.063976521	5	4697
1364	108	96.1239747898	4	4701
1365	108	96.0357523498	3	4704
1366	108	96.0374793783	6	4710
1367	103	95.9644492587	7	4717
1368	99	96.0063228058	1	4718
1369	104	96.003105369	0	4718
1370	102	95.9684890603	1	4719
1371	102	95.9125194926	7	4726
1372	102	95.8905928761	2	4728
1373	98	95.8623778482	5	4733
1374	102	95.7700541233	1	4734
1375	105	95.6964772787	7	4741
1376	109	95.604890613	3	4744
1377	112	95.6996455553	3	4747
1378	114	95.7616586521	4	4751
1379	110	95.6800250302	5	4756
1380	114	95.6574501165	7	4763
1381	115	95.678619065	3	4766
1382	116	95.7056993213	0	4766
1383	114	95.6728767539	7	4773
1384	119	95.7691083406	7	4780
1385	116	95.7421560953	2	4782
1386	118	95.6891853117	6	4788
1387	113	95.6854689459	3	4791
1388	109	95.7483333333	4	4795
1389	105	95.7100081477	0	4795
1390	104	95.7540714242	4	4799
1391	109	95.81894228	1	4800
1392	112	95.7722402262	5	4805
1393	111	95.7981582985	4	4809
1394	115	95.8357077222	4	4813
1395	116	95.7825866604	3	4816
1396	113	95.8035304856	1	4817
1397	108	95.7557054979	4	4821
1398	106	95.6966566763	0	4821
1399	105	95.6198535739	6	4827
1400	108	95.6863684807	3	4830
1401	103	95.7459050926	2	4832
1402	103	95.7548479881	5	4837
1403	99	95.75416326	5	4842
1404	96	95.7834563042	7	4849
1405	97	95.8634281948	2	4851
1406	96	95.8085543841	1	4852
1407	99	95.7474663105	5	4857
1408	99	95.8035327541	4	4861
1409	102	95.7984079843	2	4863
1410	105	95.8853226715	0	4863
1411	104	95.8877430572	2	4865
1412	99	95.8797316671	1	4866
1413	96	95.9155363314	4	4870
1414	100	95.9767234661	1	4871
1415	96	95.8823376353	2	4873
1416	91	95.8771532363	6	4879
1417	91	95.8015551822	6	4885
1418	92	95.8653344413	6	4891
1419	97	95.7819203332	2	4893
1420	97	95.8669853066	0	4893
1421	100	95.8813162382	3	4896
1422	99	95.9047541279	6	4902
1423	94	95.9209511039	7	4909
1424	96	96.0011351899	6	4915
1425	96	95.9484952796	0	4915
1426	97	96.046664026	6	4921
1427	95	95.9735576795	7	4928
1428	98	96.0057804003	2	4930
1429	101	96.062918033	1	4931
1430	104	96.1592738957	5	4936
1431	106	96.2549734622	0	4936
1432	111	96.3404692222	5	4941
1433	107	96.2794496112	2	4943
1434	109	96.3343786502	5	4948
1435	109	96.2357746093	4	4952
1436	114	96.224319806	7	4959
1437	119	96.2593956846	6	4965
1438	114	96.3319720806	2	4967
1439	115	96.2999402039	0	4967
1440	117	96.3337397167	6	4973
1441	116	96.4236134138	6	4979
1442	121	96.4771506427	2	4981
1443	126	96.5392361343	3	4984
1444	129	96.4487958541	1	4985
1445	124	96.3939812617	6	4991
1446	120	96.3581540434	6	4997
1447	118	96.3170786214	1	4998
1448	114	96.3818599881	5	5003
1449	111	96.3514865801	5	5008
1450	110	96.3140243316	2	5010
1451	108	96.3071330771	7	5017
1452	113	96.3507958709	1	5018
1453	114	96.4403849898	0	5018
1454	115	96.5355832546	2	5020
1455	120	96.4645543673	1	5021
1456	123	96.5133153035	3	5024
1457	120	96.5976810127	5	5029
1458	116	96.5554264744	4	5033
1459	116	96.5349909195	5	5038
1460	113	96.563425186	6	5044
1461	108	96.5088320127	0	5044
1462	110	96.4902487312	3	5047
1463	110	96.4673039595	0	5047
1464	114	96.5612970164	2	5049
1465	109	96.5611484741	0	5049
1466	107	96.6114275883	5	5054
1467	106	96.6944509681	1	5055
1468	109	96.7141871998	1	5056
1469	105	96.6877142882	4	5060
1470	104	96.7468992701	6	5066
1471	106	96.790971079	7	5073
1472	110	96.8151496603	5	5078
1473	111	96.8223771747	5	5083
1474	112	96.7341004306	0	5083
1475	110	96.7860540572	0	5083
1476	108	96.74088071	6	5089
1477	106	96.8024150562	0	5089
1478	102	96.7158635833	4	5093
1479	99	96.624174068	0	5093
1480	97	96.5960793228	2	5095
1481	101	96.6061870398	5	5100
1482	97	96.6960735841	1	5101
1483	100	96.7152017946	7	5108
1484	95	96.8128838255	4	5112
1485	93	96.821353958	7	5119
1486	97	96.7696003114	3	5122
1487	97	96.6856586082	7	5129
1488	96	96.6830190231	3	5132
1489	92	96.5987298101	4	5136
1490	89	96.528618513	4	5140
1491	89	96.5689196676	6	5146
1492	90	96.4826722293	6	5152
1493	86	96.4492911853	6	5158
1494	84	96.4831931897	4	5162
1495	89	96.5088539192	2	5164
1496	86	96.4318213326	4	5168
1497	91	96.4841847219	2	5170
1498	86	96.4734925007	3	5173
1499	87	96.5687499439	3	5176
1500	87	96.5318597926	0	5176
1501	85	96.5531864593	1	5177
1502	89	96.6307423748	6	5183
1503	94	96.5637843727	0	5183
1504	90	96.6335700776	3	5186
1505	90	96.6265165045	0	5186
1506	91	96.5686318594	1	5187
1507	91	96.6096063545	4	5191
1508	95	96.5699454586	6	5197
1509	95	96.6676023191	1	5198
1510	97	96.6555771547	5	5203
1511	92	96.5741595134	5	5208
1512	90	96.6571330324	2	5210
1513	87	96.6826917967	6	5216
1514	86	96.7398466637	1	5217
1515	83	96.8158913815	3	5220
1516	78	96.8588628215	5	5225
1517	77	96.8513099475	3	5228
1518	78	96.8986182128	0	5228
1519	81	96.8247979488	4	5232
1520	83	96.8852016971	4	5236
1521	84	96.9127014363	0	5236
1522	88	96.9283636029	5	5241
1523	92	97.0269602238	6	5247
1524	89	96.9299649762	2	5249
1525	94	96.915961768	0	5249
1526	97	96.9200709967	7	5256
1527	101	96.9957535818	0	5256
1528	98	97.0769159843	1	5257
1529	93	97.1528906738	5	5262
1530	91	97.1173607944	5	5267
1531	89	97.0461129879	3	5270
1532	94	96.9531878197	2	5272
1533	89	97.0127864428	3	5275
1534	93	97.0119897942	1	5276
1535	98	97.0585978319	4	5280
1536	99	97.1412901597	1	5281
1537	101	97.0514742399	3	5284
1538	100	96.9752626716	0	5284
1539	102	97.0602670157	7	5291
1540	107	97.0885720406	0	5291
1541	107	97.1530553455	3	5294
1542	110	97.1031253957	5	5299
1543	108	97.1577756767	6	5305
1544	105	97.2279744357	1	5306
1545	109	97.21891496	6	5312
1546	109	97.1948031293	0	5312
1547	107	97.2646469662	1	5313
1548	107	97.3350608132	0	5313
1549	102	97.34062281	0	5313
1550	98	97.4116194367	7	5320
1551	102	97.4219914812	4	5324
1552	100	97.3270212124	3	5327
1553	100	97.2385397479	2	5329
1554	101	97.2095629108	6	5335
1555	106	97.2458135027	1	5336
1556	105	97.2823390242	6	5342
1557	104	97.3108221359	6	5348
1558	100	97.3603884477	1	5349
1559	102	97.4027008925	1	5350
1560	97	97.464512444	0	5350
1561	93	97.5041989197	4	5354
1562	97	97.5597440528	4	5358
1563	102	97.5651486581	3	5361
1564	102	97.6007569819	2	5363
1565	99	97.5666560489	0	5363
1566	104	97.6272625429	4	5367
1567	108	97.6876014556	2	5369
1568	109	97.6908582025	2	5371
1569	114	97.6783770884	2	5373
1570	117	97.6277607719	4	5377
1571	117	97.5926870907	2	5379
1572	116	97.6706574112	5	5384
1573	119	97.7536053587	4	5388
1574	116	97.7288976683	2	5390
1575	115	97.6548508892	1	5391
1576	117	97.6771842342	7	5398
1577	120	97.7535846482	5	5403
1578	124	97.831540709	3	5406
1579	119	97.8322298202	6	5412
1580	114	97.802484932	6	5418
1581	112	97.7304439205	6	5424
1582	109	97.6469652538	5	5429
1583	111	97.7433650137	2	5431
1584	108	97.7095095149	1	5432
1585	104	97.8026093259	6	5438
1586	99	97.9018350702	0	5438
1587	101	97.9631004189	6	5444
1588	102	98.0058216254	1	5445
1589	100	97.9904274777	0	5445
1590	103	98.0343479151	3	5448
1591	105	97.973054358	7	5455
1592	109	98.0621798231	0	5455
1593	109	98.0945663095	0	5455
1594	108	98.0382022578	0	5455
1595	105	98.0587640089	3	5458
1596	104	98.1025075843	4	5462
1597	107	98.0581946242	5	5467
1598	111	97.978161911	6	5473
1599	112	98.0211143875	4	5477
1600	115	97.9973812921	1	5478
1601	111	97.99727667	7	5485
1602	115	97.9265832425	4	5489
1603	116	97.9426987395	2	5491
1604	112	97.9998319573	3	5494
1605	113	97.914522196	0	5494
1606	108	97.9496196106	0	5494
1607	107	98.0200902633	1	5495
1608	104	98.034638522	2	5497
1609	108	98.0987549213	4	5501
1610	109	98.1035604301	4	5505
1611	110	98.102809132	6	5511
1612	114	98.1578563763	7	5518
1613	112	98.1516673742	2	5520
1614	117	98.1738025644	6	5526
1615	121	98.2549455395	7	5533
1616	121	98.3026572523	6	5539
1617	124	98.3763570672	4	5543
1618	125	98.4759060773	1	5544
1619	127	98.4536328752	3	5547
1620	129	98.5313923251	2	5549
1621	131	98.4562007124	5	5554
1622	136	98.3563150833	1	5555
1623	135	98.4036199577	6	5561
1624	132	98.3974714067	6	5567
1625	130	98.3301195009	6	5573
1626	133	98.3361253646	2	5575
1627	138	98.3026105252	4	5579
1628	134	98.252821329	0	5579
1629	135	98.2206047356	4	5583
1630	138	98.1408881195	3	5586
1631	142	98.1404022887	5	5591
1632	146	98.1211279571	0	5591
1633	147	98.1435609308	2	5593
1634	150	98.2210525174	4	5597
1635	155	98.2608596217	7	5604
1636	155	98.3174117553	7	5611
1637	158	98.2602350772	2	5613
1638	157	98.2791924753	7	5620
1639	158	98.2910357054	5	5625
1640	161	98.309448546	7	5632
1641	159	98.2281315613	2	5634
1642	163	98.3169347619	6	5640
1643	163	98.2178856073	6	5646
1644	159	98.2784642355	0	5646
1645	162	98.2361762339	6	5652
1646	166	98.2008443326	3	5655
1647	164	98.1894244515	7	5662
1648	165	98.2055545053	4	5666
1649	162	98.1593250092	3	5669
1650	167	98.1212012806	6	5675
1651	162	98.1640967893	7	5682
1652	164	98.0944841108	6	5688
1653	165	98.1184383573	6	5694
1654	160	98.0578354724	6	5700
1655	157	98.0308972633	4	5704
1656	162	97.9623747204	3	5707
1657	157	97.9437211938	2	5709
1658	152	98.0151351538	5	5714
1659	147	98.0180944634	4	5718
1660	143	97.9528253608	0	5718
1661	142	97.9409047192	0	5718
1662	143	97.9771441106	2	5720
1663	144	98.0612720127	0	5720
1664	143	98.1096795216	0	5720
1665	140	98.1197845223	6	5726
1666	143	98.1684153476	7	5733
1667	140	98.1771867278	5	5738
1668	143	98.2389587755	2	5740
1669	143	98.187834285	4	5744
1670	147	98.2308084908	5	5749
1671	149	98.3127941003	6	5755
1672	145	98.3935295567	3	5758
1673	144	98.3920258387	3	5761
1674	142	98.3906739487	3	5764
1675	146	98.3397773647	3	5767
1676	143	98.3475213052	2	5769
1677	143	98.2726906302	7	5776
1678	141	98.3142182892	4	5780
1679	142	98.3230416622	1	5781
1680	137	98.3047031811	3	5784
1681	141	98.3950911632	6	5790
1682	145	98.3731013112	2	5792
1683	141	98.289687864	6	5798
1684	142	98.2074382961	5	5803
1685	139	98.174973277	1	5804
1686	140	98.1387568406	7	5811
1687	137	98.0401055174	6	5817
1688	138	98.0629153716	5	5822
1689	134	98.144977173	3	5825
1690	134	98.1302518899	2	5827
1691	132	98.1141071647	4	5831
1692	136	98.0280912105	0	5831
1693	141	98.0736749567	6	5837
1694	142	98.0206986667	7	5844
1695	143	97.9765784623	7	5851
1696	141	97.9163390518	5	5856
1697	145	97.992833113	3	5859
1698	144	97.9270018254	2	5861
1699	145	97.8429496614	1	5862
1700	148	97.854932564	5	5867
1701	145	97.9522350741	7	5874
1702	140	97.903645491	3	5877
1703	145	97.8611065699	5	5882
1704	143	97.9317494406	2	5884
1705	146	97.9282294071	4	5888
1706	146	97.8302526483	6	5894
1707	150	97.7336824188	1	5895
1708	153	97.7151863658	2	5897
1709	149	97.6358850918	3	5900
1710	146	97.6629658357	0	5900
1711	147	97.6687497873	0	5900
1712	142	97.7636342576	7	5907
1713	147	97.8365223068	3	5910
1714	142	97.8952730908	4	5914
1715	145	97.8090665874	5	5919
1716	144	97.7330492304	6	5925
1717	145	97.6895642349	6	5931
1718	144	97.6192988643	1	5932
1719	141	97.6109817631	7	5939
1720	142	97.5313642099	6	5945
1721	141	97.5557768998	0	5945
1722	143	97.5178470681	4	5949
1723	139	97.5479938825	0	5949
1724	139	97.6347466231	6	5955
1725	143	97.6846898543	1	5956
1726	141	97.761279005	0	5956
1727	142	97.7912250465	5	5961
1728	138	97.8318002094	6	5967
1729	142	97.9193574674	3	5970
1730	137	97.8246561957	3	5973
1731	132	97.7780652627	7	5980
1732	136	97.7684765047	6	5986
1733	132	97.7273230113	2	5988
1734	134	97.6586049003	4	5992
1735	132	97.6930481722	6	5998
1736	129	97.7710071772	7	6005
1737	126	97.7994242334	0	6005
1738	131	97.738273032	5	6010
1739	135	97.8236387522	7	6017
1740	136	97.7814041267	1	6018
1741	134	97.8167796335	7	6025
1742	135	97.8968294959	5	6030
1743	140	97.8933401683	1	6031
1744	139	97.8204105231	7	6038
1745	137	97.8786831742	5	6043
1746	135	97.8485070545	7	6050
1747	132	97.7594794176	5	6055
1748	129	97.6654828116	7	6062
1749	134	97.6524565539	0	6062
1750	139	97.684295055	6	6068
1751	138	97.6438873446	1	6069
1752	136	97.6946449378	4	6073
1753	135	97.6130321025	3	6076
1754	132	97.5876654026	1	6077
1755	136	97.6547677417	2	6079
1756	138	97.675717659	4	6083
1757	139	97.709189149	1	6084
1758	140	97.7320100882	3	6087
1759	139	97.6600149275	4	6091
1760	141	97.5974410434	7	6098
1761	144	97.4986154326	7	6105
1762	141	97.5558455775	4	6109
1763	138	97.5951238634	6	6115
