1	130	0	95.0033179139
2	127	3	94.9423274354
3	125	9	94.9942541225
4	121	14	95.0320622966
5	116	18	95.0302245417
6	121	18	94.9373535082
7	122	18	94.8529046388
8	122	23	94.7660328188
9	122	29	94.6955094948
10	126	33	94.5981793749
11	123	39	94.5931841087
12	127	43	94.5391135829
13	126	48	94.5568458624
14	122	51	94.5623794694
15	117	51	94.4921111809
16	122	55	94.5217099275
17	118	60	94.5336676208
18	116	67	94.5380818248
19	111	73	94.4473665865
20	114	77	94.488472198
21	112	78	94.4978951881
22	107	81	94.4837442991
23	112	86	94.4286806069
24	116	92	94.3748401544
25	117	92	94.293053935
26	116	97	94.3774876567
27	114	97	94.4298380155
28	118	102	94.456015421
29	119	107	94.449331922
30	119	113	94.3766075278
31	118	120	94.448475098
32	116	127	94.4092209367
33	121	131	94.465425709
34	124	136	94.406885552
35	123	140	94.3244683668
36	118	147	94.4219545789
37	113	148	94.4808434184
38	109	148	94.4043540064
39	104	154	94.4359616955
40	100	161	94.4415185465
41	104	168	94.4622767198
42	104	175	94.4867390999
43	107	176	94.5388213805
44	112	182	94.5200763636
45	116	186	94.522037911
46	115	192	94.5634256058
47	116	197	94.5644653782
48	116	203	94.4879921031
49	119	208	94.4099201885
50	115	215	94.4379641606
51	110	215	94.4118973355
52	111	219	94.3534690329
53	107	219	94.3090563605
54	109	222	94.2403846563
55	105	225	94.2827023694
56	105	228	94.1889649737
57	100	233	94.199959543
58	99	234	94.1471085691
59	102	235	94.1591390746
60	106	241	94.2469462354
61	102	247	94.2598192499
62	105	247	94.2928133962
63	105	254	94.2697056569
64	104	256	94.275092116
65	103	258	94.3541482578
66	100	265	94.3711372505
67	95	268	94.3459200589
68	93	269	94.3788151724
69	96	274	94.3518922391
70	95	276	94.2705444451
71	94	277	94.2937771748
72	95	284	94.3894866998
73	93	291	94.3044486191
74	93	295	94.3523980411
75	96	297	94.3258390226
76	93	297	94.3144379307
77	89	300	94.2535961386
78	86	302	94.304851159
79	82	308	94.3866554369
80	84	315	94.3984200245
81	87	322	94.4829618318
82	92	329	94.410966943
83	90	331	94.374052074
84	90	337	94.44034958
85	87	344	94.4915284643
86	87	349	94.5069975345
87	90	354	94.5296275154
88	88	356	94.5572462844
89	85	359	94.5852508885
90	81	365	94.5511534215
91	78	365	94.5191258943
92	75	372	94.4248602083
93	73	377	94.3866827495
94	70	378	94.4695603732
95	73	382	94.5184896441
96	70	387	94.590869447
97	65	388	94.5849889206
98	70	390	94.6617115697
99	73	393	94.6564706457
100	76	396	94.7269135922
101	81	401	94.7231019281
102	82	405	94.6826100579
103	81	408	94.7031761197
104	82	413	94.6927913374
105	77	418	94.7373631431
106	79	423	94.6693453186
107	84	423	94.7548522966
108	80	426	94.7103332566
109	82	428	94.6485351085
110	86	434	94.5602093779
111	90	438	94.5102149595
112	94	441	94.5344335436
113	97	444	94.5393586
114	100	445	94.6338384188
115	100	446	94.5371864315
116	95	451	94.58114935
117	90	454	94.6193906016
118	86	457	94.6054426063
119	81	462	94.5305866838
120	84	462	94.475562393
121	79	464	94.3765972437
122	75	465	94.3800024791
123	75	469	94.3729335388
124	77	476	94.2960317453
125	75	481	94.3271412706
126	75	481	94.3648425195
127	74	484	94.4299814264
128	72	490	94.4014716606
129	68	496	94.4324580046
130	66	502	94.5071691356
131	67	503	94.4433137117
132	62	508	94.3791309308
133	67	512	94.4706417452
134	64	518	94.4386622386
135	59	523	94.4110510163
136	61	527	94.4153938628
137	56	533	94.3768276299
138	54	537	94.3805232402
139	52	538	94.4265012292
140	51	544	94.4248283043
141	50	546	94.4506866513
142	52	550	94.4902185005
143	53	554	94.5566887477
144	58	561	94.4720532226
145	58	566	94.5297502386
146	60	566	94.5391912482
147	62	569	94.4652771643
148	61	576	94.5195924299
149	65	578	94.6033269312
150	63	582	94.559945197
151	67	585	94.4627082123
152	64	589	94.5021151839
153	64	589	94.4809067625
154	68	591	94.5081651097
155	72	596	94.5267034656
156	75	597	94.6114787116
157	77	601	94.6463151494
158	79	608	94.5804975404
159	83	608	94.5411890939
160	86	615	94.4698222349
161	83	619	94.5691960517
162	83	625	94.6042555669
163	79	632	94.528554761
164	83	633	94.5081494323
165	79	635	94.4644811967
166	83	636	94.4362425451
167	86	636	94.4190682408
168	82	641	94.3550509311
169	82	644	94.2594449512
170	86	646	94.2102789502
171	89	653	94.1663074564
172	89	655	94.1878087865
173	90	656	94.1672637591
174	93	659	94.1153778442
175	96	664	94.1664762045
176	98	667	94.1951939319
177	98	672	94.2448071543
178	99	678	94.2869850655
179	94	680	94.2976346326
180	96	680	94.2224693984
181	94	683	94.1789726226
182	95	687	94.1158133447
183	92	692	94.14714507
184	87	697	94.1916439332
185	84	700	94.1713806886
186	80	701	94.1431705981
187	76	708	94.1303338825
188	80	714	94.1730823733
189	77	720	94.219283106
190	75	727	94.2169692695
191	73	731	94.2513526911
192	70	733	94.2007404851
193	69	733	94.1213027589
194	67	740	94.1666838242
195	67	740	94.1943699777
196	64	741	94.1808577179
197	62	746	94.0824972065
198	59	751	94.1804501206
199	62	756	94.2228419816
200	62	757	94.2161359125
201	65	757	94.2518142207
202	67	759	94.2004723996
203	67	765	94.1584776058
204	68	768	94.1138982458
205	63	768	94.1786579172
206	58	768	94.1508976259
207	58	771	94.1767566053
208	56	771	94.09526303
209	59	776	94.1915700132
210	59	779	94.223547827
211	61	784	94.1286672506
212	60	786	94.0767353986
213	57	789	94.1228889726
214	53	796	94.0867117769
215	58	801	94.1599900885
216	61	808	94.08982384
217	60	815	93.9962999674
218	64	820	93.9566527112
219	61	823	93.9367660069
220	56	824	93.8785163655
221	57	828	93.8767862856
222	61	829	93.8628835218
223	57	831	93.8031786255
224	54	837	93.7641060939
225	50	842	93.6948326858
226	53	844	93.6719978704
227	56	845	93.7681725617
228	55	852	93.755900237
229	60	859	93.8251356537
230	65	859	93.7563274036
231	67	866	93.7653133469
232	63	870	93.6815478734
233	60	870	93.737489233
234	56	875	93.7484594933
235	60	880	93.7211624508
236	55	887	93.7121763956
237	53	894	93.8043957491
238	58	898	93.7242195275
239	62	902	93.6552575648
240	67	906	93.6221441645
241	71	909	93.5703035766
242	72	916	93.5162549799
243	69	920	93.4534367887
244	70	921	93.5408512334
245	73	925	93.603147599
246	70	930	93.5301023845
247	67	931	93.576115613
248	70	936	93.5098797286
249	70	943	93.460016752
250	69	945	93.4037636621
251	65	951	93.4997502482
252	65	958	93.4165865331
253	63	958	93.424938228
254	60	965	93.3525764809
255	59	970	93.3488208853
256	56	970	93.4269980397
257	59	977	93.3601131993
258	54	983	93.3391945333
259	53	986	93.3664619005
260	51	991	93.3383115558
261	51	992	93.4031570911
262	54	994	93.4160197255
263	50	996	93.3751797532
264	50	1002	93.4670531821
265	50	1002	93.4813676843
266	55	1007	93.5291288399
267	60	1008	93.5042966989
268	55	1009	93.596239408
269	52	1014	93.6444298207
270	50	1014	93.7226154992
271	50	1019	93.8176815235
272	50	1026	93.89591195
273	52	1029	93.9897236723
274	50	1036	93.9671701765
275	50	1043	93.9792150635
276	50	1050	94.0782093165
277	51	1057	94.0768603398
278	51	1058	94.1553142195
279	55	1059	94.1230718392
280	58	1063	94.0545500081
281	56	1063	94.0812995015
282	58	1068	93.9900752452
283	61	1070	94.0832805536
284	59	1070	94.1610650402
285	55	1071	94.1208549924
286	52	1074	94.081497441
287	50	1077	94.0048128108
288	53	1077	93.9366234192
289	57	1083	94.035690701
290	62	1085	93.9987438529
291	62	1092	93.9399147509
292	66	1099	93.9478915859
293	63	1101	93.9587847196
294	58	1107	93.91057443
295	59	1107	93.8478429319
296	61	1108	93.8303968736
297	61	1113	93.8540831665
298	62	1118	93.8592403028
299	64	1124	93.9122154999
300	67	1128	93.9634571945
301	63	1128	93.8688533491
302	66	1128	93.8663798225
303	67	1132	93.8412655056
304	69	1137	93.9256085227
305	70	1138	93.8808952914
306	75	1138	93.8169678251
307	80	1143	93.8219567436
308	78	1144	93.9122880492
309	77	1147	93.9892451684
310	74	1150	93.9925704876
311	79	1151	93.9309587408
312	77	1151	93.8965252305
313	76	1152	93.9591858598
314	77	1159	94.033550973
315	79	1166	94.0683014125
316	83	1170	94.1148822306
317	78	1170	94.1288417316
318	79	1172	94.2075494201
319	84	1174	94.1359875955
320	79	1181	94.0803373802
321	78	1188	94.1068152604
322	76	1189	94.1361213967
323	80	1195	94.180636127
324	85	1200	94.0832931995
325	87	1201	94.0727641432
326	88	1208	94.0160855789
327	83	1210	94.1140132942
328	83	1214	94.030655482
329	83	1221	94.0506693469
330	82	1225	94.062669644
331	82	1226	93.9800690633
332	86	1233	94.0126860899
333	87	1233	94.0748887293
334	89	1239	94.0658394996
335	88	1244	94.0626941396
336	85	1248	94.0294234271
337	90	1249	93.9710885581
338	93	1249	94.0221207549
339	92	1250	94.0918299169
340	90	1252	94.0828546626
341	90	1256	94.1745262768
342	89	1263	94.1595459305
343	92	1269	94.1596258544
344	96	1276	94.1421836385
345	100	1276	94.0715541508
346	105	1281	94.1398909039
347	102	1284	94.1096953015
348	101	1291	94.1018096376
349	97	1294	94.1931305742
350	101	1298	94.192098523
351	98	1303	94.1705026992
352	101	1310	94.2239481364
353	104	1315	94.1464095512
354	104	1315	94.0768915665
355	101	1321	93.9950049571
356	99	1325	94.0123361391
357	95	1329	94.0816836806
358	99	1331	94.0165408638
359	100	1333	94.0265338136
360	103	1337	94.0976332608
361	100	1341	94.0481368338
362	98	1343	94.0633556349
363	99	1344	94.1488481347
364	95	1351	94.2048353518
365	95	1353	94.1681826937
366	100	1360	94.1846114695
367	95	1365	94.1857082992
368	93	1367	94.1552557654
369	97	1370	94.1268514498
370	93	1375	94.1911153584
371	88	1375	94.1251476407
372	89	1381	94.085070511
373	88	1384	94.0220845776
374	91	1384	93.9706729791
375	89	1387	93.9584548838
376	88	1394	94.0098561013
377	93	1399	94.0972695134
378	93	1405	94.0742956109
379	97	1409	94.0390848185
380	95	1416	93.9889622318
381	97	1422	94.0352672804
382	99	1428	93.9638584164
383	97	1432	93.891213675
384	99	1432	93.8237752119
385	102	1433	93.7528228107
386	100	1438	93.7001795545
387	105	1438	93.722372002
388	110	1444	93.7744685251
389	112	1447	93.8736371503
390	115	1450	93.9253815409
391	118	1454	93.8315012534
392	116	1454	93.7614952712
393	120	1454	93.6835418374
394	116	1458	93.7790703243
395	112	1461	93.7335705611
396	117	1462	93.6532213764
397	118	1467	93.5838893713
398	120	1474	93.6416310005
399	116	1479	93.5879260742
400	120	1483	93.5165044345
401	124	1489	93.5398619442
402	124	1492	93.5721654162
403	123	1497	93.655336253
404	127	1501	93.5587282232
405	126	1501	93.5009406826
406	129	1505	93.5478033044
407	125	1507	93.5060022446
408	122	1509	93.5118889687
409	119	1514	93.5208813912
410	114	1515	93.604938728
411	113	1520	93.6271318256
412	112	1524	93.6001259881
413	107	1527	93.5843919062
414	105	1528	93.6108251169
415	101	1528	93.6864462436
416	106	1533	93.6572933999
417	101	1538	93.5847488728
418	103	1542	93.5548040569
419	100	1547	93.5527405252
420	98	1547	93.6127032802
421	98	1549	93.5885344959
422	103	1549	93.6433676523
423	105	1554	93.6209516093
424	105	1561	93.6307581519
425	106	1561	93.6437194069
426	108	1564	93.7031427951
427	109	1570	93.754541772
428	105	1571	93.6610803286
429	103	1575	93.5669862434
430	108	1576	93.4867232492
431	111	1581	93.5493949693
432	107	1585	93.6204504849
433	105	1586	93.7108554545
434	109	1586	93.6261451729
435	114	1586	93.6003929535
436	111	1588	93.6494434119
437	109	1592	93.6902673413
438	105	1597	93.7496675349
439	103	1603	93.7787563475
440	103	1607	93.7592939553
441	101	1613	93.6883810708
442	101	1619	93.6509080383
443	102	1620	93.7041893873
444	105	1626	93.6455870083
445	106	1629	93.6116378536
446	104	1631	93.6920230453
447	109	1631	93.6874134576
448	104	1635	93.6090921423
449	100	1640	93.5879731118
450	99	1641	93.5112707123
451	96	1645	93.4827656468
452	94	1651	93.4592406362
453	92	1656	93.5164468105
454	89	1659	93.602709939
455	85	1661	93.5625542563
456	87	1666	93.6533773845
457	91	1671	93.7246005335
458	89	1672	93.6570730513
459	93	1679	93.7230335025
460	95	1684	93.755201577
461	91	1689	93.80375602
462	89	1694	93.742159531
463	84	1697	93.6856766161
464	79	1703	93.6429153028
465	84	1708	93.5753803252
466	82	1709	93.5112830113
467	84	1716	93.6020473711
468	82	1722	93.5601471576
469	84	1724	93.496518598
470	84	1727	93.4516475767
471	80	1730	93.507918811
472	84	1736	93.4330243823
473	82	1740	93.4495087478
474	86	1743	93.4656653666
475	84	1745	93.4122955675
476	79	1746	93.4691804456
477	80	1750	93.5077315999
478	84	1756	93.4395805628
479	87	1759	93.4803795331
480	86	1766	93.4118780021
481	86	1771	93.3744079193
482	82	1774	93.3610266964
483	79	1781	93.3267984985
484	75	1781	93.4064175001
485	77	1787	93.4411792294
486	77	1788	93.4185578864
487	78	1789	93.5004005368
488	83	1796	93.454207171
489	88	1799	93.363174979
490	90	1801	93.3011968765
491	93	1808	93.3017276751
492	92	1810	93.3326480442
493	92	1813	93.3761647467
494	87	1814	93.4654331763
495	84	1817	93.5301141095
496	82	1820	93.4445672274
497	83	1821	93.389298461
498	80	1827	93.3832055412
499	83	1830	93.3615167311
500	80	1833	93.2939302224
501	76	1836	93.2222824493
502	80	1840	93.2826185186
503	75	1842	93.2098800204
504	79	1842	93.2803494148
505	78	1842	93.2942017297
506	81	1845	93.3596924035
507	80	1850	93.399833379
508	81	1851	93.4568246877
509	81	1856	93.5283084015
510	82	1856	93.463802668
511	85	1856	93.4442822839
512	84	1862	93.5095649904
513	79	1862	93.5866490831
514	80	1862	93.641279693
515	83	1869	93.6749882599
516	87	1875	93.6525528089
517	83	1875	93.7172031931
518	87	1876	93.7631378688
519	82	1881	93.8299767037
520	81	1885	93.8381135532
521	76	1890	93.922706303
522	71	1896	93.9699220629
523	71	1900	93.9071104703
524	76	1901	93.8972214123
525	73	1907	93.8502804535
526	71	1911	93.9330704859
527	67	1917	93.9434661828
528	64	1919	93.9164806968
529	64	1922	93.8992393193
530	69	1925	93.9032844833
531	64	1931	93.9494674622
532	62	1935	93.9197077703
533	58	1935	94.0074197457
534	61	1939	94.0686389741
535	60	1942	93.9986795508
536	60	1944	93.9081487934
537	55	1950	93.8125210702
538	53	1954	93.8429260058
539	56	1958	93.7885614515
540	61	1959	93.7201901633
541	65	1962	93.7786372567
542	70	1967	93.6977935896
543	67	1969	93.613806641
544	70	1970	93.6679563258
545	71	1972	93.7119442588
546	76	1974	93.661735356
547	73	1979	93.6618670318
548	78	1981	93.6568792106
549	74	1986	93.5682036935
550	72	1992	93.5365434301
551	68	1993	93.5440601526
552	63	1994	93.6125359263
553	58	1996	93.6580824565
554	55	2003	93.74374355
555	50	2003	93.6538700967
556	50	2010	93.6979644498
557	50	2010	93.7390240521
558	50	2013	93.706411098
559	50	2019	93.7195505531
560	52	2021	93.8050526394
561	56	2022	93.7405701138
562	58	2025	93.786139842
563	57	2025	93.6943339035
564	60	2030	93.5953279261
565	63	2034	93.603495683
566	68	2040	93.5945501482
567	63	2047	93.5835319994
568	67	2053	93.5786688694
569	64	2059	93.5082016085
570	65	2059	93.4900065278
571	66	2061	93.4432134395
572	61	2065	93.5368250353
573	56	2071	93.5058665366
574	59	2078	93.4388046029
575	63	2081	93.4801402895
576	68	2088	93.5106213636
577	67	2092	93.4164052446
578	64	2093	93.3955472648
579	67	2094	93.3314560844
580	67	2094	93.4053564982
581	64	2095	93.3489204462
582	66	2101	93.2526886181
583	67	2101	93.184236378
584	65	2102	93.2561252461
585	60	2105	93.2615317144
586	57	2109	93.2229877283
587	52	2113	93.2458539769
588	53	2119	93.1704212181
589	51	2126	93.0817921116
590	50	2129	93.0196882031
591	50	2135	93.083389377
592	50	2142	93.0813283092
593	51	2144	93.0572917376
594	56	2144	93.0085630284
595	61	2150	92.9155240553
596	64	2151	92.8753776167
597	61	2155	92.7972686478
598	58	2157	92.7903305409
599	55	2161	92.8535232805
600	60	2162	92.7760394032
601	64	2163	92.6924488933
602	59	2164	92.6795803871
603	61	2171	92.5999380415
604	57	2175	92.6637595175
605	52	2180	92.5690582931
606	50	2180	92.6551593042
607	50	2183	92.6266989928
608	52	2183	92.56279947
609	50	2185	92.650802412
610	54	2192	92.5796990658
611	57	2196	92.6384447861
612	52	2203	92.702085541
613	52	2210	92.6653462688
614	54	2212	92.6792708166
615	51	2212	92.6155092156
616	51	2213	92.5161553646
617	53	2216	92.5100536448
618	50	2219	92.5610323798
619	50	2226	92.6432297629
620	50	2232	92.5860795106
621	50	2233	92.609715335
622	55	2240	92.5791810095
623	54	2244	92.5625889101
624	58	2248	92.4924048333
625	57	2252	92.4134742338
626	57	2259	92.4555422689
627	62	2264	92.3757008679
628	57	2268	92.3534146236
629	62	2274	92.3727968144
630	65	2281	92.4683227065
631	62	2283	92.486873223
632	59	2284	92.5127310503
633	55	2288	92.4271984101
634	56	2295	92.473984984
635	59	2299	92.3941679545
636	55	2302	92.4052364006
637	59	2304	92.3603431124
638	63	2304	92.4057983352
639	62	2311	92.4144268465
640	57	2318	92.4030870413
641	54	2323	92.3350076795
642	58	2327	92.353303685
643	58	2330	92.4489293854
644	63	2332	92.5086597898
645	66	2337	92.5928481019
646	65	2339	92.584901495
647	67	2346	92.5737978341
648	64	2353	92.6248903039
649	65	2358	92.5625927525
650	63	2364	92.6476128375
651	61	2366	92.7294795466
652	63	2371	92.7744842163
653	61	2377	92.7641333553
654	66	2383	92.7170969087
655	61	2383	92.6544278529
656	62	2387	92.717860335
657	58	2390	92.7118807019
658	59	2396	92.7029831198
659	54	2397	92.7604104088
660	51	2398	92.8057919863
661	50	2400	92.8746651421
662	50	2406	92.9053069412
663	53	2406	92.8734894954
664	53	2409	92.8478612854
665	51	2411	92.75157262
666	50	2415	92.6769312058
667	51	2422	92.7400784349
668	55	2422	92.6518049383
669	56	2428	92.6428748077
670	59	2435	92.7402170286
671	64	2435	92.7534509257
672	65	2440	92.8374266258
673	70	2445	92.8271404486
674	71	2447	92.8126734843
675	70	2447	92.8928267233
676	73	2449	92.8252421589
677	76	2449	92.8971777873
678	77	2453	92.969530695
679	79	2455	93.057133852
680	83	2456	93.0441062862
681	82	2456	92.9764623919
682	84	2457	93.0157297791
683	87	2462	93.0928150386
684	83	2463	93.1431376743
685	82	2467	93.1699737024
686	79	2471	93.0754557373
687	77	2474	93.1259746253
688	72	2480	93.0289509523
689	67	2482	93.0605345222
690	70	2487	93.0284759863
691	74	2494	92.9900512765
692	72	2498	93.0678528838
693	77	2501	93.0401857354
694	74	2501	93.1287250317
695	69	2505	93.1680729848
696	69	2511	93.198839558
697	64	2512	93.1600809217
698	66	2512	93.0977350026
699	63	2516	93.0255186886
700	68	2523	93.0104346368
701	71	2523	92.9329151416
702	75	2527	92.906446036
703	76	2527	92.9294298603
704	76	2532	92.8711630466
705	76	2538	92.8219320728
706	77	2545	92.8383685718
707	79	2545	92.8253162323
708	76	2548	92.8379214834
709	71	2548	92.832140291
710	74	2553	92.8216067879
711	73	2557	92.8670325332
712	72	2559	92.857320039
713	69	2559	92.8131204133
714	73	2565	92.7246832815
715	68	2570	92.6512347888
716	73	2575	92.6419658907
717	71	2578	92.6384794018
718	74	2585	92.5732393764
719	71	2587	92.4785601283
720	75	2589	92.453313626
721	74	2595	92.4549496252
722	74	2597	92.5177593632
723	71	2597	92.4531384558
724	70	2598	92.44768278
725	68	2598	92.5312107
726	70	2602	92.5661501421
727	67	2604	92.4861032605
728	65	2607	92.4745599659
729	69	2608	92.4340019043
730	71	2610	92.4099324666
731	68	2610	92.4612808664
732	68	2615	92.4027142143
733	63	2616	92.4956477757
734	67	2619	92.5701158199
735	68	2623	92.5474355894
736	63	2629	92.5327620731
737	58	2630	92.570870598
738	58	2637	92.6077361078
739	62	2640	92.6482142556
740	63	2647	92.634963303
741	68	2654	92.5383147567
742	63	2656	92.5451340602
743	62	2662	92.6125761278
744	60	2669	92.5414112874
745	62	2669	92.4489674781
746	65	2675	92.4974275189
747	68	2681	92.4832537325
748	72	2687	92.4728027187
749	69	2687	92.5303565732
750	65	2694	92.450718089
751	64	2695	92.4926592755
752	65	2696	92.5352673087
753	68	2699	92.4450595807
754	67	2702	92.4507882952
755	67	2704	92.5136417378
756	68	2710	92.4744326119
757	72	2716	92.4372958454
758	71	2722	92.3576792674
759	70	2726	92.3816237681
760	75	2731	92.2953435674
761	74	2738	92.3944236134
762	74	2741	92.314777944
763	69	2744	92.2691688669
764	73	2744	92.2784277575
765	69	2751	92.3420953744
766	67	2753	92.3896324347
767	65	2754	92.346279891
768	60	2754	92.2749519402
769	62	2760	92.3720120033
770	58	2767	92.4554025814
771	54	2768	92.5018869832
772	57	2773	92.5778523362
773	54	2774	92.5629865149
774	54	2775	92.5244773953
775	56	2777	92.5385590761
776	52	2784	92.4722006268
777	53	2789	92.4547840049
778	50	2796	92.4449585924
779	54	2802	92.3777031928
780	56	2809	92.3367042778
781	58	2814	92.4353084012
782	62	2819	92.380347125
783	64	2823	92.3591832061
784	59	2826	92.4035796158
785	63	2827	92.4822751081
786	64	2831	92.4559412987
787	62	2832	92.3744829918
788	57	2838	92.3657457788
789	60	2840	92.4194864581
790	57	2841	92.3802005764
791	56	2846	92.4061629143
792	54	2849	92.4094036588
793	59	2852	92.4416531802
794	60	2853	92.4448818408
795	62	2859	92.4982681673
796	60	2861	92.4393518109
797	58	2861	92.4343511182
798	57	2861	92.4271758679
799	59	2865	92.4637957508
800	57	2870	92.4137085012
801	55	2872	92.3533278269
802	55	2876	92.4107169458
803	55	2879	92.4487549994
804	60	2879	92.3735244464
805	63	2884	92.4022647729
806	59	2885	92.4731529551
807	63	2888	92.5304349264
808	60	2893	92.6290045715
809	55	2893	92.620014286
810	57	2894	92.6812400736
811	54	2897	92.6179751945
812	56	2899	92.5973353763
813	60	2900	92.5492596628
814	65	2907	92.526920182
815	68	2914	92.5578003341
816	64	2919	92.4657208962
817	59	2924	92.3665892338
818	61	2927	92.2852702549
819	57	2932	92.3577770888
820	59	2938	92.3941465613
821	60	2938	92.3967849404
822	58	2939	92.3825996026
823	60	2940	92.344459397
824	59	2940	92.3331726056
825	58	2947	92.3587727597
826	59	2949	92.2898176716
827	64	2953	92.3413150023
828	65	2954	92.3518804646
829	64	2954	92.3689799043
830	59	2958	92.4680225116
831	56	2962	92.4624465617
832	53	2966	92.3773022409
833	54	2973	92.3517993461
834	58	2979	92.3830138247
835	58	2979	92.4261489878
836	53	2980	92.4186565599
837	55	2987	92.3320736694
838	53	2993	92.2411369387
839	50	2999	92.2230591551
840	53	3001	92.3112915907
841	50	3006	92.3614504819
842	53	3010	92.2922107889
843	53	3012	92.1990545749
844	50	3016	92.2654705345
845	55	3017	92.2944501018
846	52	3020	92.3926094252
847	50	3026	92.3265934282
848	50	3028	92.3148031896
849	55	3030	92.2889188635
850	57	3035	92.3228497564
851	56	3037	92.3127202352
852	60	3039	92.2792470825
853	64	3040	92.2230025264
854	65	3047	92.3136605981
855	68	3054	92.2675971916
856	67	3056	92.3159050643
857	66	3056	92.3580791008
858	64	3059	92.3188582358
859	68	3060	92.3846204597
860	64	3061	92.3942308254
861	62	3063	92.3367659641
862	67	3066	92.3968066368
863	67	3069	92.4102736292
864	72	3073	92.3565342253
865	70	3078	92.4158383134
866	71	3082	92.4326491038
867	76	3083	92.4310186283
868	74	3088	92.5130790391
869	71	3092	92.4542138455
870	76	3094	92.4004790457
871	72	3099	92.4273617009
872	73	3104	92.3841220711
873	78	3107	92.4383766693
874	78	3108	92.4733741639
875	75	3109	92.4281165787
876	80	3115	92.3357860344
877	78	3122	92.3666166956
878	78	3123	92.3785886962
879	76	3124	92.3392341003
880	77	3130	92.2787210422
881	72	3134	92.2923559334
882	72	3138	92.2608115472
883	68	3142	92.2031330688
884	67	3144	92.2209563957
885	72	3146	92.1305646253
886	72	3152	92.2268852262
887	67	3157	92.2489329345
888	62	3157	92.1972605981
889	61	3159	92.2075645892
890	59	3161	92.2655904986
891	54	3163	92.2621208895
892	51	3163	92.3320954837
893	50	3169	92.3087428219
894	52	3172	92.2760376225
895	54	3172	92.2892684172
896	56	3173	92.2501609327
897	56	3179	92.2174389419
898	60	3182	92.2850050162
899	60	3189	92.191987901
900	57	3192	92.225609826
901	54	3197	92.2282683532
902	50	3197	92.3220799719
903	55	3202	92.243922829
904	56	3205	92.3324177391
905	60	3211	92.2432713084
906	55	3215	92.1698129842
907	59	3216	92.2492259567
908	58	3223	92.3128788978
909	60	3225	92.3321632888
910	58	3225	92.3342019457
911	57	3232	92.2789362193
912	55	3234	92.3625131818
913	59	3239	92.3851373433
914	58	3239	92.3364658674
915	58	3242	92.32325572
916	63	3245	92.4186480869
917	68	3249	92.3642893639
918	68	3256	92.4234734502
919	72	3257	92.3533767173
920	75	3263	92.4027483917
921	76	3269	92.4783796944
922	77	3274	92.4247498332
923	82	3276	92.4310618615
924	82	3280	92.5255732132
925	77	3287	92.5887217704
926	72	3289	92.5082626381
927	76	3296	92.5944786769
928	71	3296	92.6828028964
929	73	3302	92.7677810688
930	74	3305	92.7869638722
931	79	3309	92.8454063268
932	79	3315	92.7850930764
933	82	3315	92.8441412344
934	82	3321	92.9315786028
935	87	3328	92.8362901276
936	88	3334	92.7902356893
937	92	3335	92.7057063793
938	94	3340	92.7708768787
939	93	3343	92.6713965833
940	95	3344	92.6621403466
941	99	3349	92.6598366147
942	100	3356	92.7010020266
943	101	3362	92.7493770262
944	102	3362	92.6848693158
945	104	3363	92.6798936808
946	106	3367	92.7474823463
947	108	3368	92.697893915
948	112	3373	92.7249721307
949	112	3379	92.7342833308
950	109	3380	92.6434693474
951	112	3381	92.7422677126
952	112	3382	92.763961951
953	114	3382	92.786053879
954	113	3386	92.8099129112
955	113	3388	92.7410824231
956	114	3395	92.6779947325
957	119	3399	92.6614282248
958	123	3399	92.6214848943
959	120	3405	92.65908467
960	120	3405	92.5745905692
961	124	3412	92.614646825
962	120	3415	92.5778260912
963	116	3417	92.5392991851
964	114	3421	92.5849878958
965	112	3423	92.5114504503
966	109	3430	92.478260505
967	104	3434	92.5442055098
968	103	3436	92.4870009077
969	99	3443	92.4503422254
970	94	3445	92.3732495791
971	96	3452	92.3285705767
972	93	3452	92.3198829321
973	92	3458	92.3313762184
974	88	3463	92.422242134
975	85	3467	92.5008293293
976	83	3473	92.431328902
977	85	3480	92.4549025695
978	87	3482	92.481740925
979	88	3486	92.4269642813
980	85	3491	92.4678661178
981	81	3494	92.5622346209
982	78	3501	92.6086349206
983	76	3506	92.5346427112
984	78	3509	92.5318113309
985	83	3513	92.5767195496
986	82	3518	92.6064421168
987	79	3519	92.5729169237
988	78	3521	92.483077932
989	79	3523	92.5256574873
990	80	3530	92.5159386556
991	85	3530	92.5445811341
992	84	3530	92.5442112808
993	80	3530	92.5000265651
994	81	3530	92.5814095711
995	79	3532	92.6562485387
996	82	3537	92.7249787575
997	86	3542	92.8236809644
998	87	3544	92.8698108873
999	83	3546	92.8359736107
1000	78	3548	92.8601415784
1001	74	3549	92.7791928763
1002	75	3549	92.7521304861
1003	76	3551	92.7390726272
1004	72	3552	92.7596995141
1005	76	3557	92.8378692171
1006	72	3561	92.8060052221
1007	77	3567	92.8944982196
1008	73	3568	92.8995408881
1009	68	3568	92.9495726665
1010	66	3569	92.9478276835
1011	71	3573	92.8535488501
1012	72	3579	92.7988783596
1013	69	3581	92.8008292717
1014	72	3585	92.8505145154
1015	71	3589	92.7980200413
1016	70	3595	92.7245142408
1017	70	3599	92.698963706
1018	65	3603	92.7401779518
1019	67	3607	92.7464805735
1020	70	3610	92.7354679955
1021	69	3612	92.6704676035
1022	70	3614	92.7158697137
1023	66	3619	92.7484960344
1024	67	3619	92.7813271703
1025	67	3626	92.7943677005
1026	72	3630	92.7836054347
1027	71	3630	92.8295514737
1028	72	3632	92.813010137
1029	72	3639	92.8829717013
1030	71	3644	92.9450568852
1031	73	3650	92.9230101262
1032	72	3657	92.8517286764
1033	72	3664	92.756447362
1034	68	3668	92.6766724498
1035	65	3669	92.5948176814
1036	70	3673	92.5817059865
1037	74	3678	92.5870306056
1038	70	3678	92.5301875331
1039	65	3678	92.5650913454
1040	62	3679	92.5340663786
1041	67	3679	92.6245974735
1042	71	3686	92.6396922419
1043	72	3686	92.6302220245
1044	69	3689	92.5511941439
1045	74	3696	92.4955736974
1046	69	3701	92.5388002129
1047	73	3702	92.5581758222
1048	72	3706	92.5944755739
1049	77	3708	92.5365653184
1050	73	3714	92.5363664668
1051	74	3716	92.4769856228
1052	78	3722	92.5209436806
1053	76	3727	92.4846938841
1054	78	3727	92.4392285001
1055	75	3727	92.4156755887
1056	80	3729	92.3955663785
1057	77	3731	92.3123799339
1058	78	3736	92.3351957183
1059	81	3743	92.3350795503
1060	82	3743	92.333910948
1061	78	3746	92.2802832073
1062	73	3752	92.279202581
1063	68	3754	92.3173007055
1064	69	3754	92.3192633725
1065	66	3755	92.2668502161
1066	68	3759	92.3200160843
1067	69	3765	92.3594427856
1068	72	3770	92.3135053696
1069	67	3774	92.3997438372
1070	71	3780	92.4418414371
1071	76	3781	92.4900702458
1072	80	3788	92.5737922781
1073	82	3795	92.5150101323
1074	81	3795	92.5342867296
1075	85	3799	92.5569976009
1076	90	3799	92.593987895
1077	90	3804	92.6254938581
1078	85	3811	92.6618405684
1079	82	3817	92.7437552946
1080	83	3822	92.679945704
1081	85	3829	92.5848970337
1082	88	3833	92.5259352132
1083	84	3833	92.5494791343
1084	89	3835	92.6279173865
1085	88	3836	92.6280356533
1086	84	3839	92.6842588744
1087	81	3845	92.7053193251
1088	79	3851	92.6188404863
1089	81	3852	92.6679649072
1090	79	3854	92.7158240792
1091	78	3860	92.6589512949
1092	83	3867	92.6603031339
1093	85	3871	92.630284483
1094	90	3876	92.6053492935
1095	88	3878	92.6243848762
1096	92	3883	92.5897209426
1097	88	3883	92.6291774112
1098	91	3890	92.5564449702
1099	95	3896	92.5873140521
1100	96	3901	92.54321136
1101	92	3908	92.4955462044
1102	91	3912	92.4490298755
1103	95	3915	92.4224323014
1104	93	3918	92.4032786068
1105	91	3919	92.4288733457
1106	92	3925	92.3669519431
1107	89	3925	92.4457904405
1108	86	3928	92.3737931924
1109	82	3935	92.3892376575
1110	82	3936	92.4254221742
1111	87	3936	92.4880161852
1112	86	3937	92.4121080213
1113	84	3944	92.3317511978
1114	87	3948	92.411163048
1115	89	3955	92.4153194283
1116	85	3956	92.3976258715
1117	80	3957	92.4167801775
1118	78	3963	92.4632527116
1119	81	3963	92.4969702095
1120	84	3968	92.482491788
1121	87	3968	92.402060767
1122	85	3971	92.3584677612
1123	86	3972	92.3983756544
1124	89	3977	92.3048235049
1125	87	3980	92.380453163
1126	91	3983	92.3507361629
1127	86	3985	92.4153177756
1128	81	3990	92.3418928616
1129	85	3991	92.3709369495
1130	83	3998	92.4303871131
1131	85	4005	92.3997560901
1132	90	4007	92.4094790899
1133	85	4014	92.469406295
1134	87	4019	92.5596486275
1135	86	4025	92.5545458304
1136	90	4026	92.5577773139
1137	87	4033	92.5889742146
1138	84	4039	92.5557792026
1139	83	4045	92.5068255121
1140	83	4047	92.412186309
1141	79	4048	92.4478850913
1142	78	4052	92.3804109026
1143	77	4057	92.3398419662
1144	75	4058	92.4119056427
1145	73	4058	92.3958910077
1146	73	4065	92.3264971319
1147	72	4070	92.286522936
1148	68	4074	92.2027034858
1149	71	4081	92.1309767531
1150	71	4081	92.2142601983
1151	66	4083	92.2255263506
1152	68	4087	92.1836412671
1153	68	4093	92.0891490963
1154	73	4093	92.0179805736
1155	68	4094	92.053093083
1156	69	4095	92.1292655622
1157	73	4101	92.0982154069
1158	73	4108	92.1029024975
1159	73	4113	92.1128952663
1160	72	4116	92.1331523834
1161	71	4121	92.2038403495
1162	75	4128	92.1730468814
1163	74	4128	92.1844468687
1164	71	4132	92.1443688433
1165	71	4133	92.1458438198
1166	74	4134	92.0898224729
1167	77	4139	92.1685865422
1168	75	4146	92.1406760631
1169	70	4150	92.0588341182
1170	70	4151	92.1015068707
1171	71	4158	92.1266077775
1172	66	4164	92.0666309276
1173	62	4166	91.9689544569
1174	65	4170	92.0222397803
1175	68	4173	91.9670009994
1176	73	4179	91.8963510309
1177	75	4182	91.8600560376
1178	72	4186	91.8751770022
1179	68	4187	91.8827894204
1180	67	4188	91.8836084104
1181	72	4192	91.9331674735
1182	76	4193	91.8781686381
1183	73	4195	91.9072838981
1184	71	4200	91.8731476123
1185	72	4205	91.9117479849
1186	68	4208	91.8820633067
1187	66	4213	91.9400942218
1188	65	4219	91.9342138285
1189	61	4224	91.8453231821
1190	57	4230	91.8558745835
1191	57	4236	91.9356923741
1192	60	4238	91.9703294451
1193	61	4243	91.9138857585
1194	57	4244	91.833282809
1195	57	4246	91.8922543066
1196	61	4249	91.8060035885
1197	64	4254	91.8261035471
1198	64	4255	91.756766582
1199	62	4256	91.7362316814
1200	67	4258	91.7504119118
1201	67	4265	91.7059852429
1202	69	4271	91.7046087555
1203	70	4276	91.694794076
1204	72	4281	91.7500586614
1205	72	4286	91.8111088729
1206	76	4286	91.743536317
1207	76	4290	91.6834011574
1208	80	4296	91.7067500847
1209	78	4299	91.7424589269
1210	80	4301	91.7233622295
1211	84	4303	91.6337265238
1212	80	4308	91.6014575573
1213	82	4315	91.5687087883
1214	84	4319	91.5276709243
1215	85	4326	91.4905586484
1216	89	4328	91.5456953326
1217	89	4332	91.5173715644
1218	90	4333	91.6008485062
1219	91	4336	91.589388853
1220	87	4342	91.6839926157
1221	90	4349	91.7030870128
1222	89	4350	91.7542107627
1223	85	4351	91.844024452
1224	80	4356	91.7511129211
1225	75	4358	91.6888518609
1226	75	4363	91.5949649956
1227	71	4366	91.6006616331
1228	72	4366	91.6890484221
1229	76	4371	91.5960290768
1230	71	4374	91.5422839767
1231	72	4376	91.5966893619
1232	70	4376	91.583009793
1233	68	4377	91.4930308363
1234	70	4378	91.4769940334
1235	71	4385	91.42445382
1236	67	4389	91.4497417903
1237	65	4392	91.4866333894
1238	68	4392	91.439300629
1239	69	4394	91.4280336434
1240	64	4400	91.3974961622
1241	61	4403	91.3560366289
1242	61	4408	91.4482835994
1243	66	4410	91.512138615
1244	61	4411	91.4898507712
1245	56	4414	91.4792209781
1246	58	4418	91.4443579838
1247	55	4422	91.4130339314
1248	51	4422	91.4458082307
1249	56	4427	91.4473270938
1250	60	4429	91.4435971598
1251	59	4435	91.4579760815
1252	56	4442	91.5281767407
1253	61	4448	91.5806720555
1254	61	4453	91.6614380259
1255	56	4458	91.6181892366
1256	54	4464	91.5584549998
1257	50	4464	91.4872130468
1258	50	4470	91.4689505951
1259	50	4475	91.5073309827
1260	50	4480	91.4345286905
1261	54	4486	91.4494674829
1262	51	4492	91.5129611045
1263	53	4494	91.5498835689
1264	53	4494	91.6142169639
1265	57	4500	91.6308888232
1266	59	4507	91.5478969521
1267	55	4514	91.5790580863
1268	52	4520	91.5292170529
1269	50	4523	91.4700839101
1270	53	4527	91.5685848593
1271	50	4528	91.6391919942
1272	52	4528	91.707372581
1273	52	4531	91.7139190941
1274	50	4532	91.7344229774
1275	50	4538	91.8059172071
1276	50	4541	91.7843533293
1277	54	4548	91.6990014737
1278	55	4554	91.7475710078
1279	57	4557	91.7511844352
1280	62	4564	91.7334991134
1281	61	4567	91.6419640834
1282	62	4568	91.581560826
1283	61	4575	91.4984714824
1284	59	4577	91.502102076
1285	60	4579	91.5837013268
1286	60	4579	91.5900461142
1287	61	4585	91.4910078359
1288	56	4589	91.5317939807
1289	59	4596	91.4518340194
1290	58	4602	91.5427041151
1291	60	4607	91.633486417
1292	64	4608	91.5512555085
1293	64	4611	91.4776164998
1294	60	4613	91.4462642198
1295	61	4617	91.4566425257
1296	64	4621	91.5162673657
1297	68	4622	91.5137022916
1298	72	4625	91.598479429
1299	70	4632	91.5294984416
1300	66	4632	91.5436860128
1301	65	4632	91.4905012809
1302	69	4639	91.4901372872
1303	67	4639	91.5603541378
1304	67	4640	91.5516377281
1305	69	4647	91.6495295241
1306	66	4647	91.621102193
1307	66	4649	91.6826602355
1308	64	4652	91.6560013952
1309	67	4655	91.626607868
1310	72	4658	91.6855622016
1311	67	4663	91.7431432659
1312	62	4667	91.7528561451
1313	67	4674	91.660468835
1314	64	4679	91.6474994935
1315	59	4682	91.6318747741
1316	58	4683	91.6260907039
1317	54	4684	91.5659660804
1318	50	4686	91.5417720692
1319	51	4689	91.4418767398
1320	50	4689	91.4003259398
1321	52	4694	91.3980110949
1322	50	4700	91.4962935753
1323	50	4705	91.4987900686
1324	50	4707	91.4247601553
1325	50	4710	91.3587823835
1326	50	4714	91.4194235922
1327	54	4721	91.3675026955
1328	59	4721	91.4585300499
1329	59	4722	91.3588641121
1330	54	4729	91.3564222678
1331	58	4735	91.3921954098
1332	63	4741	91.308617184
1333	65	4748	91.2974315249
1334	67	4752	91.3940233362
1335	70	4755	91.453290871
1336	68	4755	91.3748824604
1337	65	4761	91.4652076853
1338	60	4766	91.3812196805
1339	65	4768	91.4574257027
1340	63	4768	91.5477754673
1341	58	4775	91.5083653462
1342	63	4781	91.5651752918
1343	63	4787	91.4669152077
1344	60	4788	91.4943567015
1345	63	4792	91.5355014418
1346	60	4793	91.4442762764
1347	60	4796	91.3682951895
1348	63	4803	91.3525534517
1349	67	4804	91.3895560731
1350	65	4806	91.4447877384
1351	60	4809	91.5378480558
1352	57	4810	91.4934350188
1353	56	4817	91.53430826
1354	54	4824	91.5395324972
1355	58	4827	91.4631661264
1356	53	4830	91.4898339382
1357	56	4832	91.5492469847
1358	59	4832	91.6360747737
1359	56	4833	91.6742372234
1360	59	4839	91.767323834
1361	60	4844	91.8214538431
1362	61	4850	91.8277372973
1363	56	4850	91.8302033899
1364	58	4856	91.8563399636
1365	60	4859	91.8219922854
1366	65	4861	91.8101706193
1367	67	4868	91.7381186599
1368	67	4874	91.7557053974
1369	65	4877	91.7146841017
1370	61	4877	91.7970087823
1371	66	4878	91.7084083616
1372	62	4882	91.6897255388
1373	66	4883	91.5899934465
1374	68	4885	91.4910685505
1375	68	4890	91.4548183826
1376	67	4894	91.3600558595
1377	72	4898	91.403788391
1378	74	4904	91.3374819181
1379	69	4908	91.3715878074
1380	67	4912	91.2906340478
1381	68	4914	91.3525344333
1382	63	4918	91.2911662161
1383	68	4920	91.2965198796
1384	69	4924	91.2903118559
1385	68	4931	91.194402819
1386	63	4932	91.1080922668
1387	66	4936	91.0329339911
1388	69	4940	90.9749571943
1389	72	4944	90.9261489841
1390	69	4945	90.9456324929
1391	70	4948	90.9824050477
1392	65	4952	90.9300220705
1393	70	4954	91.0153024633
1394	68	4961	90.9264646141
1395	72	4963	90.8991737062
1396	72	4966	90.8579866224
1397	67	4971	90.8046939185
1398	72	4976	90.7308379151
1399	69	4978	90.7721768168
1400	70	4982	90.7757555915
1401	70	4985	90.7364705935
1402	69	4985	90.7157390204
1403	72	4989	90.7792367161
1404	67	4996	90.7979922085
1405	66	5003	90.8745717002
1406	67	5008	90.8289220832
1407	62	5010	90.7575246742
1408	60	5016	90.6756934295
1409	61	5021	90.5917762103
1410	59	5023	90.5949642677
1411	55	5026	90.5687018823
1412	57	5026	90.6373761163
1413	53	5028	90.709821273
1414	54	5031	90.6962182597
1415	51	5035	90.6146881451
1416	54	5039	90.6158209075
1417	51	5045	90.6371372189
1418	50	5047	90.6364205263
1419	50	5052	90.6194838424
1420	54	5058	90.6174640616
1421	58	5062	90.5425705755
1422	56	5062	90.4968415614
1423	56	5062	90.4364590798
1424	53	5065	90.3795205641
1425	56	5068	90.3758481541
1426	54	5074	90.3968862909
1427	55	5077	90.4850864573
1428	59	5081	90.4618564631
1429	55	5084	90.3678639049
1430	50	5090	90.3422022882
1431	50	5093	90.3638565809
1432	54	5097	90.3801226945
1433	54	5098	90.2904725104
1434	57	5102	90.2939362488
1435	62	5109	90.3784801127
1436	67	5115	90.4700843384
1437	71	5119	90.4045040468
1438	67	5123	90.313011837
1439	62	5130	90.3158339093
1440	63	5137	90.2631464903
1441	67	5144	90.3603276277
1442	68	5144	90.296426813
1443	70	5151	90.3060971385
1444	70	5157	90.2118221948
1445	69	5162	90.1662727235
1446	68	5162	90.1730538613
1447	65	5166	90.1928298393
1448	70	5171	90.2124607321
1449	67	5176	90.1224404769
1450	71	5180	90.1381836448
1451	75	5186	90.1450451655
1452	72	5190	90.2297110733
1453	69	5190	90.1461214911
1454	68	5194	90.2389385955
1455	67	5197	90.3225620945
1456	67	5200	90.2986180837
1457	69	5200	90.2305959336
1458	71	5205	90.1482231703
1459	66	5211	90.2229469315
1460	64	5212	90.2698796548
1461	59	5214	90.2440796993
1462	61	5220	90.1707961275
1463	65	5226	90.2158387943
1464	65	5233	90.2756086568
1465	61	5236	90.1840571853
1466	64	5239	90.2360750604
1467	62	5240	90.2157779281
1468	64	5245	90.2649295324
1469	63	5245	90.177685209
1470	67	5245	90.210039501
1471	65	5246	90.2884318494
1472	60	5247	90.2024675949
1473	61	5247	90.1712939823
1474	65	5249	90.0891599544
1475	61	5256	90.1355456609
1476	60	5256	90.2189582919
1477	60	5259	90.2676621813
1478	62	5263	90.3142124813
1479	67	5270	90.3387248743
1480	68	5270	90.3795939123
1481	65	5272	90.3689581982
1482	60	5278	90.3554249364
1483	65	5282	90.402390667
1484	70	5287	90.4582576496
1485	69	5289	90.38365305
1486	66	5296	90.4686074306
1487	71	5298	90.3846603477
1488	74	5301	90.4549488894
1489	75	5305	90.4847795948
1490	80	5305	90.3909562527
1491	80	5312	90.3608129851
1492	75	5319	90.2946922064
1493	71	5323	90.369614209
1494	75	5330	90.3250822319
1495	70	5334	90.3198684948
1496	74	5341	90.3633833627
1497	69	5342	90.4317135242
1498	64	5345	90.4176909246
1499	61	5349	90.4600730041
1500	59	5354	90.4724402128
1501	63	5358	90.4690082563
1502	61	5360	90.4081868919
1503	57	5361	90.4758877727
1504	55	5361	90.3774415474
1505	52	5365	90.376716376
1506	52	5368	90.3506894022
1507	50	5372	90.3645032961
1508	55	5375	90.3850701065
1509	54	5381	90.4790974041
1510	53	5388	90.4341366871
1511	50	5388	90.3826371074
1512	52	5392	90.4686262514
1513	57	5397	90.5498915839
1514	60	5397	90.6339890649
1515	57	5399	90.6169919187
1516	54	5405	90.5919772014
1517	56	5405	90.6078484575
1518	55	5406	90.5999640322
1519	55	5406	90.6054107149
1520	54	5407	90.6495017153
1521	58	5410	90.6599236567
1522	61	5410	90.6145799938
1523	61	5417	90.6891270957
1524	57	5423	90.7573524384
1525	57	5423	90.7992215771
1526	55	5424	90.7888208187
1527	54	5425	90.8322355584
1528	55	5428	90.8880602124
1529	51	5431	90.9698911602
1530	54	5433	90.9095768786
1531	51	5435	90.9210556627
1532	50	5439	91.0152271122
1533	50	5440	91.0586981606
1534	54	5441	91.081519913
1535	50	5447	91.1062062163
1536	52	5453	91.02753442
1537	55	5457	90.994811659
1538	53	5458	90.9236022
1539	58	5464	90.9480760703
1540	60	5464	91.040591212
1541	56	5468	91.059562103
1542	54	5475	91.0684883804
1543	57	5479	90.9715893346
1544	61	5482	90.9272294828
1545	66	5484	91.0228870683
1546	70	5489	90.933449008
1547	67	5491	90.8904226142
1548	66	5491	90.8341442468
1549	63	5493	90.8051472889
1550	59	5499	90.8385847646
1551	62	5501	90.8330203287
1552	60	5507	90.7830644556
1553	63	5511	90.8160224533
1554	68	5517	90.8353614933
1555	70	5518	90.7719807165
1556	70	5520	90.7613086512
1557	67	5522	90.7765440501
1558	72	5526	90.8110966763
1559	72	5531	90.7530149106
1560	74	5538	90.7572453098
1561	79	5543	90.7214089925
1562	77	5547	90.8117426772
1563	72	5551	90.9062285682
1564	71	5552	90.8278628149
1565	72	5559	90.7968146943
1566	76	5560	90.7322879857
1567	73	5566	90.6399733219
1568	70	5566	90.6167688312
1569	73	5571	90.7137427985
1570	70	5574	90.6158701176
1571	67	5579	90.6177896926
1572	71	5581	90.6424858732
1573	71	5584	90.5960911374
1574	70	5591	90.6051649076
1575	74	5595	90.5922350912
1576	77	5598	90.6287057986
1577	72	5600	90.6669969625
1578	72	5601	90.6628052195
1579	76	5607	90.6695294945
1580	75	5613	90.6095180384
1581	74	5616	90.595040192
1582	69	5618	90.5919274621
1583	66	5625	90.5344921522
1584	63	5630	90.4407565479
1585	59	5637	90.3673839178
1586	64	5640	90.4023541376
1587	63	5644	90.4938652832
1588	66	5644	90.4443734206
1589	64	5646	90.4734981916
1590	66	5652	90.3745649378
1591	66	5652	90.3257003181
1592	65	5659	90.2979245997
1593	62	5663	90.2691274958
1594	61	5664	90.2271021283
1595	64	5664	90.2827335511
1596	68	5665	90.304924973
1597	64	5665	90.4026967889
1598	65	5668	90.3802531246
1599	69	5675	90.3929126135
1600	74	5680	90.4276096692
1601	70	5686	90.4989991932
1602	66	5686	90.4614313607
1603	66	5691	90.3871365171
1604	66	5693	90.4019567697
1605	69	5694	90.3727350433
1606	66	5701	90.3497053911
1607	70	5707	90.4219586187
1608	66	5711	90.4244327587
1609	68	5712	90.3524277556
1610	72	5715	90.4271349737
1611	69	5722	90.4699673231
1612	69	5722	90.5118249605
1613	71	5722	90.4301113864
1614	73	5728	90.333904259
1615	78	5735	90.4028508734
1616	83	5740	90.4689409544
1617	81	5740	90.4816902966
1618	85	5744	90.5762656506
1619	88	5745	90.5931059447
1620	83	5749	90.6517606287
1621	88	5756	90.5844630289
1622	83	5759	90.6652465032
1623	78	5764	90.6966099703
1624	78	5771	90.6123598958
1625	80	5772	90.558249255
1626	84	5775	90.5643175256
1627	87	5776	90.4895258971
1628	82	5781	90.5297468881
1629	81	5786	90.5825774807
1630	84	5792	90.6346013537
1631	87	5793	90.5871297382
1632	90	5799	90.5692952769
1633	91	5804	90.5207313663
1634	87	5811	90.6198089164
1635	85	5812	90.6643811426
1636	87	5817	90.5873562775
1637	83	5822	90.487720231
1638	86	5829	90.5058722647
1639	87	5833	90.464191131
1640	88	5833	90.3995149141
1641	87	5840	90.3568111266
1642	88	5847	90.2594830423
1643	86	5848	90.1801417606
1644	85	5855	90.2606718001
1645	83	5858	90.2267131745
1646	78	5859	90.2124152017
1647	74	5862	90.2293471005
1648	76	5864	90.1365415251
1649	75	5864	90.0832771808
1650	79	5870	90.178746077
1651	83	5870	90.1068639808
1652	81	5873	90.0676946088
1653	77	5877	90.1603213025
1654	72	5879	90.1451542233
1655	77	5884	90.1050653796
1656	80	5891	90.2040339755
1657	77	5898	90.212492343
1658	82	5901	90.2430242144
1659	80	5906	90.1887887382
1660	85	5912	90.2673418132
1661	83	5917	90.2273026064
1662	82	5918	90.2245888967
1663	81	5919	90.2633509715
1664	78	5923	90.3587086385
1665	80	5930	90.2879115354
1666	75	5931	90.3715413522
1667	75	5931	90.3855919435
1668	74	5932	90.3469062361
1669	69	5937	90.2920807234
1670	66	5943	90.1928049166
1671	65	5944	90.2378041302
1672	69	5949	90.2571143524
1673	73	5952	90.2738285813
1674	70	5958	90.3225529809
1675	70	5958	90.2535622901
1676	67	5963	90.2434810038
1677	65	5966	90.2228805252
1678	60	5970	90.233439989
1679	59	5976	90.1711050442
1680	57	5983	90.0987769998
1681	54	5986	90.1491041722
1682	55	5988	90.2382125264
1683	55	5990	90.2900463943
1684	56	5995	90.2555363469
1685	53	6002	90.1968739833
1686	50	6005	90.1327138441
1687	50	6007	90.1825696336
1688	50	6009	90.1661049538
1689	50	6011	90.1219629958
1690	50	6016	90.0871943482
1691	52	6020	90.1409441909
1692	51	6026	90.0968966849
1693	53	6028	90.1150693204
1694	54	6033	90.2031812823
1695	58	6034	90.1301980988
1696	62	6035	90.1606895216
1697	57	6037	90.1702083508
1698	59	6044	90.1472528247
1699	62	6046	90.2249356549
1700	65	6047	90.2079199125
1701	64	6047	90.2700948254
1702	69	6054	90.2931557725
1703	65	6061	90.331871276
1704	66	6068	90.323356743
1705	70	6070	90.229983109
1706	66	6073	90.1565329763
1707	62	6074	90.1790456069
1708	60	6080	90.0920485656
1709	57	6085	90.1042657646
1710	52	6086	90.0279006504
1711	50	6086	89.9731665959
1712	54	6091	89.9105784395
1713	50	6098	89.9618558573
1714	50	6102	89.9708828856
1715	50	6103	89.9228605597
1716	54	6105	89.9064209237
1717	52	6107	89.8627527296
1718	54	6110	89.8890274913
1719	53	6110	89.8161194085
1720	56	6117	89.7426202103
1721	59	6124	89.7226693288
1722	56	6129	89.6994670997
1723	59	6131	89.6764293975
1724	58	6138	89.7146845692
1725	53	6144	89.6943384033
1726	55	6151	89.7703804123
1727	60	6158	89.6769551065
1728	63	6163	89.578793307
1729	60	6170	89.5827350704
1730	56	6177	89.5990534611
1731	51	6182	89.5349569742
1732	52	6186	89.5978670254
1733	54	6193	89.5657083476
1734	53	6198	89.6626011817
1735	50	6198	89.5790056373
1736	50	6205	89.6306262096
1737	55	6209	89.5676013251
1738	57	6211	89.5749426702
1739	59	6217	89.5501775019
1740	59	6221	89.466999068
1741	62	6228	89.4980206063
1742	57	6234	89.4844278949
1743	56	6236	89.3977062605
1744	52	6236	89.4693070944
1745	54	6240	89.4386201014
1746	54	6241	89.3401017184
1747	58	6248	89.3053517002
1748	55	6255	89.2937250978
1749	51	6258	89.2637989524
1750	51	6260	89.2376761627
1751	54	6260	89.3261942408
1752	52	6264	89.386485366
1753	53	6265	89.4320630659
1754	56	6267	89.4974404885
1755	56	6269	89.4194391424
1756	54	6274	89.5016275227
1757	52	6277	89.6002476217
1758	57	6277	89.5322353381
1759	55	6282	89.4515014327
1760	55	6284	89.4368389596
1761	53	6288	89.3717579427
1762	55	6289	89.2849814472
1763	54	6290	89.2885909764
1764	52	6296	89.3725698442
1765	56	6296	89.3302556897
1766	61	6296	89.4134313098
1767	59	6303	89.3157036232
1768	63	6309	89.2476163883
1769	63	6310	89.3139505666
1770	63	6314	89.3151989108
1771	66	6314	89.2278731209
1772	63	6314	89.3193121122
1773	60	6315	89.2262305778
1774	60	6315	89.2062680738
1775	56	6315	89.2317381967
1776	58	6318	89.2338819232
1777	57	6319	89.1599796824
1778	55	6319	89.1247777808
1779	58	6322	89.1553746253
1780	55	6327	89.0752212376
1781	56	6333	89.0023223692
1782	52	6335	89.0040885207
1783	54	6341	89.0247733191
1784	54	6341	89.0458867447
1785	58	6344	89.0971700747
1786	55	6347	89.1120069032
1787	51	6351	89.1802670175
1788	54	6357	89.163763817
1789	56	6357	89.1582207402
1790	56	6357	89.1526555446
1791	61	6358	89.15167446
1792	64	6362	89.2083053015
1793	66	6362	89.3064544934
1794	68	6364	89.2270229234
1795	66	6369	89.2874805346
1796	66	6373	89.2655624854
1797	68	6376	89.3103503827
1798	65	6377	89.4046527115
1799	69	6381	89.3380009731
1800	66	6382	89.2810228225
1801	63	6388	89.2528336712
1802	61	6392	89.1573061456
1803	59	6396	89.2461234883
1804	61	6398	89.2648582935
1805	60	6401	89.1764246668
1806	65	6402	89.0926762626
1807	61	6409	89.1432293102
1808	63	6411	89.1307919258
1809	65	6414	89.1686660882
1810	63	6415	89.162399709
1811	67	6415	89.1885627109
1812	71	6417	89.18561287
1813	72	6423	89.153831231
1814	77	6430	89.2421390941
1815	72	6437	89.3123080779
1816	75	6438	89.3023174993
1817	74	6439	89.2983571432
1818	70	6446	89.3320605098
1819	72	6449	89.3579675115
1820	77	6451	89.4516247947
1821	78	6458	89.4251824795
1822	75	6465	89.3430246875
1823	72	6467	89.2768108019
1824	73	6473	89.3650821656
1825	69	6479	89.3638288676
1826	74	6480	89.324347454
1827	74	6484	89.3044792829
1828	73	6488	89.352007345
1829	68	6489	89.3997689225
1830	72	6495	89.4263234029
1831	74	6500	89.4215561583
1832	75	6507	89.4227237819
1833	76	6507	89.4318338785
1834	78	6508	89.5290023793
1835	83	6508	89.4981833689
1836	86	6513	89.515405426
1837	82	6518	89.6042813957
1838	78	6524	89.5988848035
1839	74	6524	89.5929821176
1840	70	6530	89.5181547036
1841	70	6535	89.5231161621
1842	74	6535	89.6074100975
1843	78	6542	89.6878515259
1844	82	6542	89.7661557081
1845	83	6542	89.6844458872
1846	81	6544	89.6038980893
1847	77	6544	89.6128189583
1848	77	6549	89.6915968506
1849	72	6552	89.7793665478
1850	76	6559	89.7618911965
1851	73	6561	89.7062222157
1852	70	6566	89.7729968777
1853	73	6570	89.7048797703
1854	68	6573	89.7007271964
1855	71	6578	89.6851219951
1856	67	6580	89.6281776671
1857	72	6581	89.6044104811
1858	73	6585	89.6420141685
1859	70	6588	89.7183268527
1860	69	6589	89.7853954876
1861	67	6589	89.8368930557
1862	68	6595	89.769605767
1863	71	6601	89.7138096883
1864	69	6607	89.7324733019
1865	68	6612	89.7443780447
1866	64	6617	89.6936457487
1867	66	6623	89.6919451064
1868	61	6628	89.6608892344
1869	63	6630	89.6608729491
1870	65	6631	89.7153004924
1871	64	6638	89.7463106546
1872	64	6643	89.7701024265
1873	69	6644	89.795778851
1874	71	6650	89.8346055323
1875	66	6652	89.9190325394
1876	64	6659	89.8618198289
1877	65	6662	89.8069355061
1878	62	6664	89.795917645
1879	67	6664	89.8291218224
1880	70	6665	89.9121295915
1881	70	6669	89.8580778416
1882	67	6669	89.8835313007
1883	70	6675	89.914882529
1884	72	6679	89.836578023
1885	75	6684	89.8025938613
1886	80	6687	89.7981283512
1887	80	6693	89.7304500278
1888	77	6699	89.8274302225
1889	81	6704	89.7783643039
1890	85	6711	89.7139144443
1891	89	6714	89.7245379683
1892	88	6716	89.7269749972
1893	93	6722	89.8246411241
1894	98	6723	89.8512357561
1895	101	6730	89.9390442183
1896	102	6731	89.8897035054
1897	102	6738	89.9264503819
1898	102	6739	89.926770337
1899	106	6741	89.8287794545
1900	104	6747	89.8663520548
1901	101	6747	89.9213516682
1902	100	6753	89.8644550865
1903	99	6756	89.8405743169
1904	104	6757	89.8539586493
1905	101	6763	89.8204506743
1906	102	6765	89.8159936545
1907	102	6767	89.799576097
1908	97	6772	89.8628586867
1909	98	6779	89.8210847163
1910	102	6779	89.7520511066
1911	104	6786	89.6873295018
1912	100	6791	89.7795871597
1913	100	6793	89.8673121391
1914	101	6799	89.8491019469
1915	103	6806	89.9471154234
1916	98	6806	90.0039984627
1917	96	6810	89.9744532307
1918	92	6814	89.8790823417
1919	97	6819	89.9661640985
1920	101	6822	89.8893271249
1921	96	6824	89.9001356397
1922	93	6826	89.8803228994
1923	89	6826	89.8727126297
1924	90	6829	89.9088020499
1925	89	6830	89.9386049338
1926	85	6833	89.8815154623
1927	86	6839	89.7859859823
1928	90	6840	89.7939465251
1929	90	6841	89.7096769742
1930	87	6847	89.6857320298
1931	84	6848	89.7234582801
1932	81	6852	89.6474628418
1933	79	6854	89.5584730357
1934	78	6857	89.489552009
1935	82	6857	89.5443897876
1936	83	6859	89.6097180612
1937	79	6861	89.5216323571
1938	79	6864	89.4226763587
1939	84	6866	89.4507972963
1940	82	6868	89.4459285233
1941	78	6875	89.5160180485
1942	81	6879	89.5701686177
1943	83	6879	89.6461430298
1944	82	6881	89.5611819439
1945	81	6882	89.4840680512
1946	77	6889	89.4658524603
1947	81	6896	89.4802606832
1948	80	6898	89.5152616859
1949	75	6900	89.4767293192
1950	80	6903	89.5198673682
1951	75	6907	89.5844162417
1952	79	6907	89.6257016906
1953	76	6909	89.5451305647
1954	75	6913	89.5291523323
1955	77	6919	89.4980089884
1956	76	6923	89.4734774735
1957	81	6928	89.5201935474
1958	77	6930	89.4378101361
1959	77	6931	89.5021955151
1960	79	6933	89.4430558481
1961	83	6939	89.3688129183
1962	82	6941	89.3117148882
1963	81	6945	89.2885209544
1964	77	6945	89.2874809624
1965	76	6951	89.3205130682
1966	71	6958	89.3640102131
1967	74	6959	89.3571712266
1968	73	6961	89.3429156601
1969	73	6967	89.2819908511
1970	74	6969	89.2973048567
1971	77	6974	89.3312481805
1972	76	6981	89.3931561097
1973	74	6988	89.2932662195
1974	79	6991	89.2064893934
1975	82	6995	89.1694933369
1976	86	6995	89.0892940853
1977	86	7002	89.1410281185
1978	91	7002	89.1867741206
1979	87	7005	89.1070997513
1980	84	7011	89.1153851612
1981	79	7013	89.0797518489
1982	79	7018	89.1357693402
1983	78	7021	89.0825285891
1984	73	7024	89.1001099335
1985	77	7024	89.0996416486
1986	76	7031	89.1308387001
1987	79	7034	89.1803516634
1988	76	7038	89.2491944228
1989	81	7041	89.2889384532
1990	82	7043	89.2063792796
1991	81	7043	89.1153934834
1992	81	7049	89.0948370847
1993	79	7054	89.1531521719
1994	83	7060	89.1810476853
1995	79	7064	89.1822917569
1996	75	7069	89.2213898525
1997	77	7072	89.1799717761
1998	80	7077	89.0867138226
1999	80	7079	89.0916986075
2000	75	7084	89.1044914357
2001	71	7086	89.0714621599
2002	73	7090	89.1485912539
2003	74	7097	89.1869299139
2004	77	7104	89.1053107165
2005	82	7107	89.1174163626
2006	79	7113	89.1361190271
2007	79	7116	89.1196491099
2008	77	7116	89.2149502491
2009	73	7123	89.2622873839
2010	75	7124	89.3506126344
2011	70	7128	89.3003531766
2012	65	7128	89.2350644156
2013	69	7133	89.2521688222
2014	72	7138	89.3303527289
2015	76	7144	89.3917828512
2016	77	7147	89.3414361997
2017	79	7154	89.2775840948
2018	82	7160	89.2405303841
2019	85	7161	89.1919447726
2020	85	7166	89.0986215261
2021	85	7169	89.0007796378
2022	89	7170	88.9449080032
2023	84	7173	88.9460862672
2024	85	7180	88.9887246478
2025	87	7180	88.9442298408
2026	92	7180	88.8684329523
2027	91	7183	88.9143082239
2028	88	7186	88.8238686142
2029	89	7191	88.9153150889
2030	86	7192	88.9128566717
2031	85	7192	88.8949507031
2032	81	7195	88.7955640812
2033	85	7197	88.853930447
2034	83	7201	88.9212682489
2035	88	7201	88.972419241
2036	84	7204	88.9479727734
2037	88	7209	88.9547817652
2038	90	7211	88.992727006
2039	88	7211	89.0628334037
2040	89	7215	89.1133574273
2041	90	7221	89.0431837483
2042	90	7228	89.1094348962
2043	88	7234	89.0410907156
2044	91	7236	89.0061635334
2045	89	7236	88.9114616154
2046	94	7241	88.8552222817
2047	96	7244	88.9032604831
2048	98	7244	88.9768593352
2049	100	7248	88.9397591194
2050	99	7249	88.9492943092
2051	94	7251	88.9834740498
2052	94	7257	88.9924805523
2053	93	7260	89.0806185565
2054	97	7266	89.1317910626
2055	94	7270	89.2117136047
2056	93	7273	89.1698966087
2057	94	7278	89.0780974664
2058	99	7285	89.019912565
2059	96	7286	89.0188038597
2060	101	7287	89.1003166389
2061	99	7289	89.1096384472
2062	98	7292	89.1449245571
2063	99	7299	89.1509489875
2064	102	7304	89.1441812303
2065	101	7306	89.1381253782
2066	100	7310	89.0748500111
2067	101	7311	89.0220959828
2068	97	7313	88.9601917491
2069	94	7316	89.054204151
2070	94	7316	89.0199350728
2071	94	7319	89.0304780841
2072	90	7319	89.0244037464
2073	89	7321	89.0244966353
2074	90	7326	88.9837955485
2075	91	7333	88.9923444789
2076	86	7337	89.0046299213
2077	81	7339	88.9195536868
2078	86	7339	88.9378873773
2079	83	7345	88.8855778959
2080	79	7347	88.7998428937
2081	83	7350	88.7992130115
2082	83	7355	88.8364016777
2083	87	7358	88.8180614497
2084	87	7363	88.8008518661
2085	92	7364	88.818465329
2086	96	7370	88.8225534962
2087	101	7375	88.812470733
2088	97	7377	88.8729608736
2089	100	7377	88.9276740055
2090	96	7382	88.8640768985
2091	91	7387	88.8802801394
2092	92	7389	88.862912963
2093	93	7394	88.7653281873
2094	92	7398	88.7161956711
2095	89	7404	88.7262673221
2096	93	7409	88.6539826053
2097	88	7413	88.7375841984
2098	92	7415	88.817605521
2099	95	7415	88.9174716358
2100	90	7419	88.9168420569
2101	93	7423	88.9302521102
2102	94	7429	88.99587449
2103	89	7433	88.98360495
2104	88	7438	89.0809151284
2105	88	7444	89.1310499507
2106	93	7447	89.0319539504
2107	88	7452	89.0885050496
2108	92	7457	89.1486484665
2109	90	7457	89.0964103752
2110	87	7461	89.0665545841
2111	89	7468	89.1145673404
2112	87	7470	89.2143978609
2113	90	7474	89.1955426488
2114	95	7480	89.1103193834
2115	92	7487	89.1047788033
2116	88	7490	89.0292779333
2117	83	7497	88.9867149322
2118	85	7498	89.0282180595
2119	84	7501	88.98707806
2120	82	7505	88.9781434424
2121	84	7506	88.9110125115
2122	87	7512	88.9919248117
2123	86	7519	89.0226952131
2124	82	7526	89.0153824792
2125	83	7528	88.9844582468
2126	81	7535	89.0113744805
2127	82	7536	89.080536815
2128	86	7540	89.0219615318
2129	83	7546	89.0309624382
2130	81	7553	89.072071919
2131	76	7559	89.0695003992
2132	71	7563	89.0806777615
2133	71	7564	89.1341389946
2134	73	7568	89.1539143467
2135	71	7570	89.1997931692
2136	67	7576	89.1541680004
2137	63	7577	89.2066130194
2138	66	7580	89.2895877561
2139	66	7583	89.3078354165
2140	64	7589	89.2651535545
2141	68	7592	89.2989532575
2142	65	7595	89.26473368
2143	70	7597	89.2580147087
2144	75	7602	89.2309652517
2145	80	7602	89.3290614854
2146	85	7609	89.3442926273
2147	81	7613	89.2559846035
2148	86	7614	89.2766671848
2149	91	7615	89.3146630128
2150	93	7618	89.2977251058
2151	89	7620	89.2339488432
2152	89	7625	89.1965722668
2153	89	7626	89.1980556771
2154	90	7633	89.2801584283
2155	94	7637	89.1862328076
2156	96	7644	89.2405429175
2157	98	7649	89.2462848857
2158	102	7651	89.3220405165
2159	104	7654	89.2540387251
2160	107	7657	89.2274361803
2161	102	7657	89.2561001472
2162	106	7663	89.3152297712
2163	110	7668	89.2553355319
2164	115	7672	89.3536551252
2165	120	7673	89.2807322182
2166	119	7676	89.3759431097
2167	119	7681	89.3795550591
2168	120	7683	89.3985007107
2169	123	7689	89.3147426777
2170	128	7695	89.3521758888
2171	129	7699	89.4094275167
2172	131	7703	89.400142202
2173	133	7707	89.3662123164
2174	135	7709	89.2847444385
2175	134	7711	89.1998397149
2176	139	7716	89.2270270104
2177	139	7721	89.2483605524
2178	141	7727	89.1903370014
2179	145	7728	89.1752389746
2180	140	7728	89.2106902984
2181	136	7732	89.2393980644
2182	134	7734	89.2405147936
2183	130	7736	89.2569614117
2184	133	7741	89.1603984212
2185	133	7745	89.1070802952
2186	132	7748	89.0554885992
2187	127	7748	89.001714968
2188	126	7753	88.92754056
2189	130	7756	88.8287463501
2190	132	7756	88.7937287612
2191	133	7759	88.8459835226
2192	136	7760	88.8610768697
2193	135	7766	88.8626942342
2194	134	7773	88.8578015905
2195	132	7775	88.9525500672
2196	130	7781	88.9131756533
2197	134	7785	88.8860964645
2198	132	7786	88.8551446463
2199	136	7791	88.8718611881
2200	141	7796	88.939057773
2201	136	7801	88.9617243525
2202	138	7801	88.8637534644
2203	133	7801	88.9247015953
2204	128	7802	88.8366800649
2205	128	7807	88.8508990369
2206	128	7814	88.9243459798
2207	128	7819	88.962054894
2208	127	7819	88.869860787
2209	129	7820	88.8966339109
2210	130	7823	88.8321844933
2211	131	7828	88.9102228075
2212	132	7829	88.8339413041
2213	132	7833	88.8291411145
2214	134	7838	88.7950837397
2215	137	7840	88.8621299183
2216	132	7846	88.8209349681
2217	127	7846	88.7541325789
2218	125	7851	88.775984896
2219	130	7857	88.8393416852
2220	128	7864	88.7896954998
2221	129	7870	88.748306497
2222	128	7870	88.7574328819
2223	130	7870	88.7320300068
2224	134	7871	88.6342923978
2225	134	7872	88.6812417135
2226	130	7878	88.600856641
2227	127	7878	88.6528222132
2228	126	7882	88.7341999736
2229	126	7885	88.6628369701
2230	124	7887	88.7440544371
2231	129	7890	88.7128796407
2232	125	7896	88.6410144248
2233	128	7902	88.6703576807
2234	123	7904	88.623988072
2235	120	7905	88.5993724772
2236	118	7912	88.5584038594
2237	120	7912	88.6346936903
2238	117	7915	88.6907017689
2239	113	7919	88.7068900643
2240	115	7926	88.7362679742
2241	112	7926	88.7922272019
2242	108	7928	88.6982138264
2243	104	7933	88.6447397529
2244	101	7934	88.6325049894
2245	106	7935	88.6143707954
2246	102	7937	88.518149581
2247	103	7939	88.546678184
2248	102	7943	88.6295882169
2249	104	7948	88.6256580012
2250	105	7950	88.6458151714
2251	104	7952	88.689524778
2252	100	7955	88.7604284382
2253	100	7958	88.8177068401
2254	100	7964	88.766578522
2255	103	7970	88.7476684035
2256	106	7973	88.8409036744
2257	111	7977	88.8164127366
2258	111	7978	88.7577419386
2259	111	7983	88.7569049116
2260	113	7989	88.7136300534
2261	117	7993	88.6227649756
2262	114	7999	88.6837843659
2263	114	7999	88.6420183399
2264	116	8004	88.5735197136
2265	115	8011	88.6107241985
2266	120	8013	88.554615437
2267	124	8019	88.6179101532
2268	121	8020	88.653718717
2269	124	8021	88.6047676041
2270	119	8021	88.5709573569
2271	120	8027	88.5715323468
2272	119	8033	88.6350956814
2273	121	8034	88.5371021916
2274	126	8035	88.5474594913
2275	128	8035	88.5925046061
2276	127	8038	88.6359165572
2277	123	8043	88.5413116887
2278	121	8050	88.5781959574
2279	118	8057	88.522669921
2280	123	8060	88.6176036117
2281	119	8066	88.5703669091
2282	124	8069	88.6438427099
2283	126	8071	88.6355775105
2284	125	8071	88.6328879244
2285	127	8071	88.7303203401
2286	123	8077	88.6318888457
2287	122	8081	88.6953340411
2288	117	8084	88.6395923825
2289	115	8090	88.734027073
2290	120	8095	88.7882870881
2291	122	8097	88.8858380946
2292	127	8097	88.8100346832
2293	129	8098	88.7321406955
2294	126	8105	88.6982342811
2295	122	8105	88.6460292989
2296	121	8111	88.5879110371
2297	117	8118	88.6469464847
2298	114	8124	88.6384144783
2299	112	8131	88.6516136101
2300	112	8132	88.5779034884
2301	110	8134	88.5824961101
2302	110	8141	88.6087808895
2303	110	8148	88.5811411912
2304	105	8150	88.5761397249
2305	103	8151	88.5763077415
2306	105	8156	88.5120701068
2307	101	8159	88.5416980484
2308	101	8162	88.5175870998
2309	101	8166	88.5090631245
2310	102	8171	88.5012964037
2311	104	8173	88.5398573431
2312	105	8180	88.6196039982
2313	107	8187	88.5561860515
2314	105	8189	88.6506344766
2315	108	8189	88.7216578478
2316	111	8194	88.8057680833
2317	110	8195	88.8088104756
2318	109	8197	88.7939359924
2319	114	8200	88.8227067888
2320	113	8203	88.9113468731
2321	109	8210	88.8507598305
2322	114	8216	88.8132058151
2323	113	8218	88.9028203094
2324	113	8224	88.9885280449
2325	113	8224	89.0207840802
2326	118	8230	89.0000915323
2327	118	8234	89.0873025584
2328	122	8236	89.0428786141
2329	121	8242	89.0248300496
2330	125	8248	88.9346574563
2331	130	8251	88.9114262021
2332	129	8257	88.9519983939
2333	131	8258	88.8846273983
2334	132	8259	88.8094742601
2335	133	8260	88.7454800191
2336	131	8266	88.7237000509
2337	135	8266	88.8188860519
2338	139	8267	88.7740123436
2339	136	8272	88.7542291825
2340	137	8275	88.6972087148
2341	138	8275	88.7299982717
2342	140	8280	88.7147786345
2343	141	8283	88.6765686211
2344	143	8283	88.7092789155
2345	148	8289	88.6413524385
2346	147	8290	88.7357011178
2347	146	8291	88.6516208799
2348	142	8294	88.6472149822
2349	142	8301	88.738142264
2350	145	8303	88.6385537709
2351	148	8306	88.6479867793
2352	150	8309	88.5721459142
2353	148	8315	88.5964705316
2354	145	8317	88.6416075924
2355	142	8319	88.6074671688
2356	137	8324	88.7032659311
2357	138	8329	88.6580422722
2358	134	8333	88.5964415824
2359	132	8334	88.6080284073
2360	134	8337	88.6029360728
2361	133	8344	88.6623430662
2362	130	8344	88.6885835237
2363	132	8351	88.7008509845
2364	130	8353	88.7024364971
2365	125	8360	88.6535631225
2366	129	8364	88.7168704101
2367	128	8370	88.633386107
2368	129	8370	88.7268408248
2369	128	8377	88.7913677108
2370	130	8383	88.7574975871
2371	135	8386	88.7012537595
2372	131	8387	88.6061272105
2373	130	8390	88.6623117058
2374	129	8390	88.6858241598
2375	134	8390	88.6250964115
2376	130	8393	88.5326129975
2377	126	8397	88.5819688537
2378	131	8403	88.5403348932
2379	133	8408	88.5514393459
2380	135	8408	88.5642877994
2381	137	8413	88.4800290462
2382	133	8415	88.5349874498
2383	132	8415	88.6200059813
2384	131	8419	88.6755892409
2385	132	8423	88.5756876319
2386	128	8430	88.6187837314
2387	129	8431	88.6275973254
2388	127	8431	88.6168626219
2389	128	8438	88.5731282845
2390	128	8444	88.6229397873
2391	124	8450	88.6440529626
2392	119	8453	88.7336583963
2393	114	8457	88.7048659965
2394	112	8460	88.7062464634
2395	115	8466	88.6971637595
2396	120	8470	88.7179156203
2397	119	8472	88.7257689473
2398	119	8475	88.7155609812
2399	120	8475	88.6851772407
2400	120	8481	88.7388303554
2401	119	8482	88.7454145237
2402	124	8485	88.7639605891
2403	127	8491	88.841704727
2404	131	8493	88.8857705415
2405	129	8499	88.8042743303
2406	125	8506	88.8501665334
2407	124	8513	88.8557259036
2408	125	8518	88.7967354381
2409	124	8524	88.8266267016
2410	122	8529	88.7669597109
2411	126	8536	88.6786307483
2412	122	8536	88.6039573337
2413	125	8543	88.5279855699
2414	125	8546	88.6077489903
2415	128	8547	88.5907701522
2416	124	8549	88.686721466
2417	125	8552	88.7801313972
2418	127	8554	88.8431854759
2419	130	8554	88.7669079898
2420	133	8557	88.7829859028
2421	136	8564	88.7277439985
2422	132	8567	88.8028816996
2423	135	8570	88.7380685797
2424	132	8576	88.7038369618
2425	131	8583	88.7254574789
2426	130	8585	88.7155441604
2427	129	8592	88.7125762449
2428	132	8595	88.6483785351
2429	134	8597	88.6516693487
2430	133	8598	88.6477565389
2431	137	8599	88.6036317779
2432	138	8600	88.6119730689
2433	142	8604	88.6576605222
2434	144	8606	88.647185589
2435	149	8607	88.7002193251
2436	154	8611	88.7408582437
2437	157	8611	88.6921573656
2438	156	8616	88.6824045386
2439	151	8617	88.6731372726
2440	155	8622	88.7619902693
2441	153	8622	88.7033536162
2442	151	8626	88.6378815351
2443	155	8632	88.5688015236
2444	160	8638	88.5952268975
2445	161	8645	88.6231110425
2446	166	8652	88.59558688
2447	170	8658	88.5733501249
2448	170	8663	88.579818318
2449	172	8665	88.534589659
2450	169	8665	88.4919875885
2451	170	8668	88.4902286992
2452	169	8672	88.5622209207
2453	174	8672	88.4746243165
2454	179	8675	88.4333761053
2455	176	8682	88.4648300667
2456	175	8689	88.4493843734
2457	180	8696	88.5197734078
2458	185	8702	88.4467509329
2459	186	8705	88.5362598647
2460	185	8706	88.4868785987
2461	188	8713	88.5365457838
2462	190	8713	88.4864704873
2463	189	8714	88.4215832718
2464	189	8717	88.3443840075
2465	192	8719	88.3234478549
2466	196	8725	88.3360480414
2467	199	8728	88.4349782976
2468	200	8728	88.426968426
2469	198	8729	88.4583135913
2470	195	8734	88.5240651542
2471	196	8737	88.474049659
2472	196	8742	88.5553681022
2473	200	8744	88.474892113
2474	200	8747	88.5744432811
2475	195	8747	88.5057577957
2476	190	8752	88.4229250134
2477	193	8752	88.3544165229
2478	194	8757	88.4322430933
2479	197	8759	88.3467852162
2480	197	8759	88.3965647807
2481	193	8764	88.3552510214
2482	196	8767	88.291889891
2483	193	8770	88.2465688147
2484	191	8771	88.1841928174
2485	187	8774	88.1644179853
2486	189	8775	88.1875733397
2487	184	8781	88.2389021442
2488	179	8787	88.240919894
2489	180	8790	88.1622177379
2490	176	8791	88.2274729303
2491	173	8792	88.131168563
2492	170	8799	88.1028001205
2493	171	8801	88.0975398099
2494	174	8805	88.0583851844
2495	175	8809	88.1319239114
2496	170	8811	88.211102407
2497	172	8818	88.2847028168
2498	169	8822	88.3621718327
2499	173	8825	88.394591709
2500	171	8830	88.3318211653
2501	170	8834	88.2494510416
2502	172	8836	88.3083445159
2503	167	8836	88.4013098402
2504	169	8837	88.4479160719
2505	174	8841	88.4391457829
2506	172	8843	88.4056180926
2507	170	8848	88.3576643371
2508	170	8848	88.2941793784
2509	165	8852	88.3609462695
2510	161	8853	88.398685289
2511	156	8857	88.445502188
2512	159	8859	88.3584894513
2513	156	8866	88.3150021454
2514	154	8870	88.2709269593
2515	157	8870	88.1831704004
2516	159	8871	88.2115016197
2517	159	8872	88.2323727938
2518	161	8877	88.324716969
2519	165	8879	88.4032174409
2520	162	8879	88.4547720118
2521	167	8882	88.416460749
2522	167	8882	88.4779712464
2523	164	8882	88.5324581563
2524	162	8886	88.518563377
2525	166	8886	88.6010318947
2526	162	8889	88.6633932064
2527	157	8889	88.6657514888
2528	157	8891	88.7274347183
2529	152	8897	88.8020305533
2530	149	8903	88.7780783284
2531	153	8907	88.7423025768
2532	157	8913	88.8144595238
2533	162	8919	88.786293402
2534	160	8922	88.7342937321
2535	159	8925	88.8321323866
2536	160	8929	88.8270868927
2537	157	8935	88.8041005653
2538	152	8940	88.7245580274
2539	152	8940	88.6557383216
2540	150	8946	88.6489320826
2541	145	8951	88.6917456783
2542	150	8955	88.7317082803
2543	151	8957	88.7191401434
2544	146	8960	88.7043819274
2545	141	8964	88.7118880999
2546	137	8970	88.7335666101
2547	140	8974	88.6933836724
2548	139	8975	88.7197715673
2549	141	8978	88.7749951813
2550	140	8982	88.828180179
2551	142	8985	88.8786768015
2552	137	8991	88.9105424634
2553	140	8994	88.9350131458
2554	138	8995	88.9913250883
2555	142	8998	89.0899439574
2556	143	9004	89.1846741651
2557	139	9010	89.0894332719
2558	142	9013	89.0335316769
2559	137	9014	89.0069481021
2560	136	9017	89.0747487791
2561	134	9021	89.1519443992
2562	132	9027	89.246432456
2563	132	9027	89.3260299591
2564	130	9034	89.2349826772
2565	130	9041	89.2821571766
2566	130	9048	89.3020127037
2567	130	9054	89.3676970295
2568	127	9055	89.3587488872
2569	131	9055	89.4440083021
2570	129	9061	89.4587662794
2571	126	9064	89.4803691506
2572	124	9067	89.530679626
2573	121	9074	89.4502566209
2574	119	9078	89.4636922977
2575	119	9080	89.4996267862
2576	119	9087	89.4171927148
2577	124	9088	89.3829231314
2578	121	9091	89.283112548
2579	117	9092	89.2795965735
2580	113	9097	89.2405613342
2581	117	9099	89.1890265057
2582	116	9103	89.1773557772
2583	117	9110	89.2051946701
2584	115	9110	89.1655390346
2585	117	9116	89.1300175986
2586	118	9123	89.1540143614
2587	121	9123	89.1687647563
2588	117	9124	89.1826799238
2589	113	9129	89.2538184439
2590	118	9132	89.2581869549
2591	117	9137	89.2336413437
2592	117	9141	89.3333031099
2593	118	9144	89.387360791
2594	122	9147	89.2981810547
2595	117	9153	89.3574178918
2596	113	9157	89.3363112275
2597	112	9157	89.3550419663
2598	110	9160	89.3065844288
2599	108	9164	89.3041603645
2600	108	9164	89.288945344
2601	110	9164	89.1990698951
2602	107	9164	89.2327790289
2603	102	9169	89.2645607332
2604	101	9175	89.3605113311
2605	96	9175	89.2978325624
2606	98	9181	89.3935877514
2607	93	9182	89.4675679022
2608	88	9185	89.4610682637
2609	89	9189	89.500927795
2610	92	9192	89.5008691179
2611	91	9192	89.5596454058
2612	89	9195	89.6408358657
2613	90	9195	89.5512877535
2614	85	9195	89.5078245783
2615	87	9196	89.5488043983
2616	88	9198	89.5972197241
2617	89	9202	89.5346636871
2618	85	9205	89.4889932363
2619	86	9210	89.4702508639
2620	84	9216	89.5404917767
2621	79	9218	89.5992380043
2622	76	9221	89.6903992446
2623	78	9222	89.6495535673
2624	80	9228	89.5890127299
2625	77	9234	89.5961693019
2626	78	9238	89.5397753819
2627	74	9243	89.5305358333
2628	73	9248	89.6266219017
2629	72	9248	89.6195900869
2630	73	9252	89.586402687
2631	74	9259	89.5817395889
2632	74	9261	89.6722030706
2633	75	9264	89.5874363017
2634	73	9265	89.6309934861
2635	77	9271	89.5831077517
2636	77	9274	89.6515344332
2637	82	9279	89.5517302682
2638	86	9284	89.5960628463
2639	86	9288	89.6402637265
2640	90	9295	89.5455406775
2641	95	9299	89.523586417
2642	96	9299	89.5769406375
2643	101	9299	89.599316142
2644	98	9301	89.5089845418
2645	95	9305	89.4452790365
2646	100	9308	89.4984980796
2647	101	9313	89.5052988059
2648	103	9315	89.5660429627
2649	106	9321	89.539571557
2650	105	9326	89.4780635608
2651	106	9329	89.4676747564
2652	109	9330	89.4468908908
2653	109	9333	89.5052299889
2654	106	9333	89.4094436474
2655	104	9335	89.3398768398
2656	101	9338	89.3325162598
2657	101	9344	89.2416651969
2658	103	9346	89.1875477176
2659	104	9348	89.2088179853
2660	105	9350	89.2326521936
2661	104	9356	89.183402083
2662	100	9363	89.191600343
2663	98	9370	89.1164635498
2664	96	9372	89.0473603827
2665	96	9375	89.096081747
2666	98	9377	89.0872873615
2667	94	9382	89.0096902461
2668	89	9383	88.9707871167
2669	90	9389	88.8727393404
2670	92	9390	88.9121723423
2671	89	9396	88.9514390549
2672	91	9400	88.9418412795
2673	87	9406	89.0001984175
2674	90	9407	89.021740071
2675	87	9413	89.0237965148
2676	85	9419	88.9790393625
2677	85	9426	89.0219012486
2678	84	9428	89.0419421029
2679	80	9429	88.9423112315
2680	79	9430	88.8714123153
2681	74	9435	88.9234551211
2682	71	9437	88.9221497052
2683	68	9443	88.9730778373
2684	64	9445	89.0484804782
2685	68	9450	89.0355620803
2686	68	9454	89.1089991586
2687	69	9459	89.051769439
2688	72	9464	89.0023390322
2689	68	9466	88.999104344
2690	73	9471	88.962013747
2691	78	9478	89.0038629439
2692	79	9478	89.044634681
2693	84	9481	89.0392288305
2694	84	9485	89.0701536734
2695	88	9490	88.9917307066
2696	90	9497	88.9287014812
2697	86	9498	88.8682723523
2698	86	9498	88.9669739157
2699	86	9503	88.9984850776
2700	85	9507	89.0192487073
2701	87	9513	89.0186205544
2702	84	9519	89.0075975602
2703	85	9524	89.0386489115
2704	89	9531	89.0125531231
2705	94	9536	89.0100479395
2706	91	9536	89.0871423057
2707	96	9541	89.0082633237
2708	99	9543	88.9989818579
2709	95	9544	88.9364537331
2710	95	9546	89.0252290969
2711	90	9549	89.0880587292
2712	93	9556	88.99868278
2713	90	9561	88.9429285849
2714	93	9566	88.9264781908
2715	98	9573	88.8266195796
2716	96	9574	88.9265660001
2717	94	9578	88.8798030985
2718	97	9580	88.8632802811
2719	96	9586	88.906546652
2720	93	9590	88.9412205151
2721	91	9593	88.8750327534
2722	95	9598	88.9037453908
2723	99	9598	88.9375435595
2724	95	9601	88.8636911923
2725	92	9601	88.8276139102
2726	90	9603	88.9230938689
2727	85	9609	89.0020809571
2728	87	9616	89.0197175873
2729	82	9619	89.0609234065
2730	84	9626	88.9706997764
2731	89	9627	89.0467883363
2732	88	9629	89.0716778464
2733	91	9631	89.0231039126
2734	95	9638	88.9697196768
2735	100	9644	88.9080563021
2736	100	9650	88.8302163924
2737	96	9657	88.8568977021
2738	95	9658	88.9032915612
2739	95	9661	88.8885799389
2740	97	9667	88.9259370237
2741	92	9674	89.017980728
2742	90	9677	88.9887753079
2743	86	9680	88.9256394573
2744	88	9681	88.8757668625
2745	91	9684	88.8047890891
2746	92	9690	88.732176769
2747	94	9694	88.7740226799
2748	93	9700	88.8097515854
2749	98	9706	88.8926545304
2750	94	9708	88.9586689931
2751	99	9715	88.8720397927
2752	96	9719	88.8979372738
2753	96	9720	88.8581730922
2754	92	9724	88.9287304694
2755	96	9725	88.8597285562
2756	93	9729	88.790189689
2757	88	9731	88.8097826635
2758	93	9738	88.8081879365
2759	92	9742	88.7302682476
2760	92	9748	88.7963291791
2761	93	9754	88.8389063052
2762	96	9758	88.7853012572
2763	92	9761	88.7855946893
2764	91	9764	88.7369362953
2765	95	9764	88.7049339175
2766	94	9770	88.6080404277
2767	97	9773	88.5206899251
2768	98	9774	88.6196097133
2769	96	9777	88.6495122665
2770	93	9782	88.6172528072
2771	90	9788	88.6354739696
2772	89	9794	88.7312798433
2773	86	9797	88.7835943258
2774	88	9802	88.6987017004
2775	92	9807	88.7082004232
2776	95	9807	88.6896385652
2777	91	9812	88.7120389742
2778	92	9813	88.6730883468
2779	92	9818	88.6766576093
2780	95	9822	88.6100706957
2781	94	9825	88.5785031148
2782	94	9829	88.6128040986
2783	90	9831	88.6720488849
2784	90	9832	88.6258831823
2785	94	9834	88.5598891901
2786	93	9839	88.6515344507
2787	93	9840	88.7183061751
2788	97	9841	88.6201015382
2789	96	9845	88.5232707005
2790	91	9848	88.5651356664
2791	86	9848	88.5149008841
2792	90	9854	88.474515858
2793	91	9856	88.4658947481
2794	89	9856	88.5291719201
2795	92	9858	88.5035828841
2796	91	9863	88.5440831949
2797	86	9869	88.612740444
2798	84	9874	88.6765135735
2799	85	9880	88.6329803375
2800	86	9886	88.5423687593
2801	87	9886	88.6296039866
2802	84	9887	88.5791537949
2803	80	9890	88.4861648396
2804	79	9893	88.4533163394
2805	84	9896	88.4304620945
2806	81	9897	88.5161506124
2807	86	9904	88.4909726819
2808	89	9905	88.4044785877
2809	86	9907	88.3262079777
2810	91	9907	88.2726015343
2811	92	9909	88.28022554
2812	89	9915	88.2112272765
2813	85	9919	88.2829257716
2814	83	9925	88.2531848176
2815	85	9929	88.3422383028
2816	90	9935	88.3002876011
2817	85	9939	88.3831163499
2818	89	9939	88.4572109924
2819	85	9943	88.5293741327
2820	83	9948	88.4999670976
2821	78	9949	88.4091214062
2822	81	9949	88.330392876
2823	82	9952	88.2980506167
2824	87	9952	88.2051173397
2825	87	9953	88.1670660049
2826	82	9956	88.0846445713
2827	86	9963	88.146578787
2828	82	9966	88.0486216113
2829	82	9966	88.1301624972
2830	86	9972	88.074899062
2831	83	9975	88.173636554
2832	85	9980	88.2166660303
2833	88	9985	88.1765571845
2834	89	9991	88.1365339478
2835	84	9997	88.0926124613
2836	79	10002	88.0917541652
2837	77	10008	88.1804851257
2838	73	10008	88.0901954
2839	76	10013	88.0283444435
2840	75	10015	88.0529425798
2841	80	10020	87.9662667701
2842	83	10025	88.0050900197
2843	82	10027	88.0066653543
2844	82	10031	87.9519218657
2845	86	10036	88.0372701551
2846	84	10039	88.0330080361
2847	81	10041	88.0181425195
2848	84	10046	88.0410870471
2849	83	10053	88.096946219
2850	83	10055	88.0887954573
2851	83	10056	88.0656467306
2852	84	10063	88.1300779244
2853	89	10068	88.0698546431
2854	93	10070	87.9887474985
2855	92	10076	88.0056110472
2856	95	10080	88.0019052504
2857	97	10087	88.0146021452
2858	98	10092	87.9513697979
2859	100	10095	87.8686597677
2860	105	10102	87.8853451909
2861	110	10104	87.9414126658
2862	108	10106	87.8964657982
2863	108	10107	87.8350877644
2864	109	10112	87.7509749416
2865	111	10113	87.653122621
2866	111	10117	87.6036972462
2867	111	10122	87.6131800177
2868	106	10125	87.6071695454
2869	105	10130	87.5571071778
2870	108	10134	87.5299173051
2871	103	10134	87.4726006905
2872	100	10136	87.4616541838
2873	102	10137	87.5443692798
2874	105	10137	87.4781849529
2875	104	10140	87.5040739446
2876	108	10142	87.443322095
2877	104	10148	87.5369402141
2878	104	10149	87.5734849724
2879	104	10149	87.5180431194
2880	100	10154	87.4602379697
2881	102	10159	87.4646028694
2882	105	10159	87.4028258348
2883	100	10163	87.4287135192
2884	98	10169	87.342780721
2885	97	10170	87.4340857157
2886	95	10176	87.4835695038
2887	93	10178	87.4505100462
2888	91	10183	87.3540750183
2889	86	10189	87.4148789234
2890	86	10191	87.3649076501
2891	86	10197	87.3021813992
2892	85	10204	87.2849687108
2893	85	10206	87.3277625669
2894	80	10211	87.2287704836
2895	83	10216	87.1872607866
2896	85	10221	87.2329079516
2897	83	10225	87.2710134997
2898	85	10230	87.2803258571
2899	88	10233	87.1858349848
2900	87	10236	87.1987372076
2901	89	10243	87.2683303417
2902	84	10247	87.1825939944
2903	82	10254	87.1360928416
2904	79	10261	87.1916844018
2905	74	10261	87.1566616775
2906	69	10261	87.1641407568
2907	64	10268	87.230329924
2908	62	10272	87.1883250694
2909	63	10273	87.2154696852
2910	66	10278	87.2144929789
2911	70	10282	87.1186229496
2912	66	10283	87.1590202272
2913	61	10287	87.1834763614
2914	59	10290	87.1390658007
2915	63	10295	87.1780321616
2916	65	10299	87.2065312917
2917	69	10304	87.1158317261
2918	66	10305	87.1904789111
2919	62	10307	87.2514288592
2920	61	10313	87.3214831106
2921	64	10318	87.2437476591
2922	64	10322	87.2730553764
2923	62	10325	87.3402130927
2924	57	10325	87.2771314268
