1	125	94.9998086484	1	1
2	129	94.9640367971	1	2
3	133	95.0116140967	1	3
4	135	94.9872952085	0	3
5	134	94.9940890056	3	6
6	129	94.9264644899	4	10
7	132	94.9730070996	3	13
8	135	94.9204431598	6	19
9	134	94.9605425646	7	26
10	131	95.0399043236	1	27
11	130	94.9701266003	1	28
12	128	94.9129554662	6	34
13	131	94.860371616	3	37
14	128	94.9357093385	5	42
15	123	94.9246462932	1	43
16	128	94.9049745145	5	48
17	124	94.8726409718	7	55
18	123	94.9669955439	6	61
19	122	94.9779973089	5	66
20	122	94.8965904735	5	71
21	124	94.8501737587	6	77
22	125	94.7708513673	0	77
23	123	94.7350393655	0	77
24	125	94.7118213108	1	78
25	129	94.6121063087	7	85
26	131	94.6917863285	4	89
27	135	94.6282603298	7	96
28	134	94.6093008484	4	100
29	136	94.5929898989	3	103
30	136	94.6065403968	1	104
31	133	94.6150616741	4	108
32	130	94.5421495017	5	113
33	133	94.5667083593	5	118
34	138	94.6044483879	3	121
35	135	94.5910089307	5	126
36	133	94.6476671135	2	128
37	136	94.6669461932	7	135
38	131	94.6041378865	6	141
39	132	94.6288053617	2	143
40	129	94.5813547415	7	150
41	131	94.6317049758	3	153
42	135	94.5324813633	0	153
43	137	94.5126117655	1	154
44	137	94.4250096964	6	160
45	140	94.4822992517	7	167
46	141	94.4776340759	2	169
47	136	94.522614031	6	175
48	141	94.4233267428	1	176
49	146	94.3753359684	1	177
50	143	94.3672580468	4	181
51	138	94.3004872655	3	184
52	134	94.2128480824	6	190
53	138	94.2772371799	0	190
54	134	94.2408372611	5	195
55	137	94.2503492993	4	199
56	135	94.268896191	2	201
57	138	94.2246940352	7	208
58	142	94.3118100084	7	215
59	146	94.3824531651	3	218
60	148	94.3912656962	1	219
61	151	94.4862368247	0	219
62	148	94.4530696362	5	224
63	148	94.3646880395	2	226
64	149	94.4039472603	5	231
65	148	94.4401129452	5	236
66	144	94.5186256923	1	237
67	146	94.4409498495	4	241
68	148	94.4197119858	0	241
69	144	94.476002154	3	244
70	147	94.5378816462	6	250
71	144	94.5303605735	4	254
72	149	94.589830963	1	255
73	154	94.5665356221	1	256
74	149	94.5495240974	7	263
75	146	94.5175164485	4	267
76	150	94.5381464474	5	272
77	152	94.5963120992	0	272
78	157	94.6099450682	6	278
79	161	94.5825507377	1	279
80	161	94.6766617813	1	280
81	158	94.6601906696	2	282
82	161	94.7036617853	0	282
83	163	94.6623477516	1	283
84	162	94.7503405607	0	283
85	167	94.7352544099	5	288
86	165	94.791830467	0	288
87	168	94.7824504386	4	292
88	163	94.7430348162	0	292
89	160	94.7053293351	4	296
90	157	94.6487815083	5	301
91	156	94.5493692575	5	306
92	153	94.6377022567	5	311
93	154	94.5744359016	0	311
94	152	94.4788503333	1	312
95	151	94.4026125119	5	317
96	155	94.3111509439	7	324
97	154	94.3782761077	3	327
98	152	94.3267866105	1	328
99	153	94.3248478163	2	330
100	152	94.2253512322	2	332
101	151	94.1422022941	1	333
102	149	94.1355481932	5	338
103	149	94.2332715794	7	345
104	152	94.2445202056	4	349
105	154	94.2244503116	7	356
106	149	94.199659959	1	357
107	146	94.2226272658	7	364
108	150	94.268478629	7	371
109	147	94.2144934336	1	372
110	151	94.1576595048	3	375
111	152	94.2000771919	2	377
112	151	94.1133419295	4	381
113	150	94.1006086496	5	386
114	149	94.0683894827	2	388
115	151	94.0933404135	0	388
116	154	94.0356171171	3	391
117	154	94.1192160987	5	396
118	149	94.0781177698	6	402
119	145	94.1425363919	7	409
120	143	94.1303449589	4	413
121	144	94.0911978219	0	413
122	147	94.1528690167	0	413
123	142	94.1921000566	2	415
124	146	94.2168361177	1	416
125	146	94.2739059531	3	419
126	150	94.3091216226	1	420
127	149	94.3010678029	3	423
128	145	94.2716803028	1	424
129	146	94.3328953043	6	430
130	143	94.3023289457	6	436
131	139	94.3791817755	1	437
132	142	94.3533271631	3	440
133	140	94.4451230919	0	440
134	140	94.3973444436	2	442
135	138	94.3717173398	0	442
136	135	94.2969471477	7	449
137	130	94.2466238119	0	449
138	126	94.3358693119	5	454
139	127	94.2396433963	2	456
140	132	94.1806850242	4	460
141	137	94.2101490433	3	463
142	140	94.1223889977	1	464
143	136	94.1637358862	1	465
144	136	94.07297564	5	470
145	133	94.1494998532	7	477
146	138	94.2455086294	2	479
147	138	94.2277139299	4	483
148	143	94.2651777826	5	488
149	141	94.2091641036	4	492
150	142	94.1298324417	3	495
151	147	94.1244322525	5	500
152	150	94.1187903057	5	505
153	145	94.1759422717	3	508
154	147	94.2133938423	2	510
155	152	94.2903540833	1	511
156	150	94.3657702233	0	511
157	155	94.4296984343	1	512
158	158	94.3441106103	1	513
159	157	94.3484236767	3	516
160	162	94.3092313368	6	522
161	166	94.3398795075	7	529
162	167	94.431058989	6	535
163	165	94.3416364563	7	542
164	163	94.3842015951	4	546
165	164	94.3364288821	0	546
166	165	94.2737434813	4	550
167	168	94.1762461956	0	550
168	163	94.1518813027	2	552
169	165	94.0975816722	5	557
170	170	94.0137770117	0	557
171	172	93.914320253	6	563
172	173	94.0139978648	2	565
173	169	94.1130773156	0	565
174	166	94.1234323788	1	566
175	164	94.0984935955	6	572
176	167	94.0120461306	2	574
177	172	93.9853173155	2	576
178	169	94.0045945798	7	583
179	165	93.9735620966	3	586
180	170	94.0512395393	3	589
181	165	93.996319066	4	593
182	166	94.0787093395	0	593
183	169	94.0511569571	7	600
184	174	94.1503849123	5	605
185	179	94.1326465781	2	607
186	181	94.0412695022	6	613
187	176	94.0149016291	4	617
188	177	93.9998492029	1	618
189	178	94.0016988949	3	621
190	173	94.0281187018	1	622
191	174	94.0901207941	7	629
192	176	94.0644930798	7	636
193	173	94.0161687202	1	637
194	177	94.1112937036	1	638
195	180	94.0743536311	3	641
196	175	93.9761309979	7	648
197	180	93.8806007205	5	653
198	181	93.929806141	6	659
199	178	93.8720567051	2	661
200	179	93.9694508542	6	667
201	184	93.9407197066	1	668
202	185	93.9790693423	5	673
203	183	93.9006407678	4	677
204	184	93.9412421007	0	677
205	187	93.9493517717	6	683
206	184	94.0012245402	5	688
207	181	94.04669324	6	694
208	182	94.0568394076	2	696
209	180	94.0197965632	4	700
210	177	93.9966594658	2	702
211	176	94.0205385688	0	702
212	180	94.0818847168	3	705
213	180	94.0528635753	2	707
214	175	94.0706743683	0	707
215	177	94.0139455132	4	711
216	182	93.9517533053	4	715
217	186	94.0191375153	4	719
218	181	94.0818621207	0	719
219	185	94.1537131855	4	723
220	181	94.0565920426	2	725
221	184	94.0698850708	0	725
222	179	94.1694644147	0	725
223	180	94.1802022987	5	730
224	177	94.1426055715	0	730
225	172	94.2059843853	2	732
226	167	94.1077097369	6	738
227	162	94.0383775896	2	740
228	163	94.0829080746	1	741
229	158	94.0307724599	1	742
230	163	94.0676049309	2	744
231	168	94.1610576112	7	751
232	173	94.1447479837	4	755
233	178	94.1031129945	6	761
234	180	94.1234934092	0	761
235	175	94.2191996041	1	762
236	177	94.2772785738	5	767
237	181	94.3121625002	0	767
238	184	94.2678360734	3	770
239	186	94.2517804964	4	774
240	184	94.2334807029	5	779
241	180	94.3308134034	2	781
242	180	94.3460706165	1	782
243	176	94.3753331808	6	788
244	177	94.3372901793	0	788
245	173	94.3239850642	2	790
246	175	94.3692824811	7	797
247	172	94.3134742427	4	801
248	174	94.3330460779	6	807
249	179	94.2420433324	2	809
250	178	94.3111477045	6	815
251	177	94.2657832875	2	817
252	179	94.2627043088	0	817
253	178	94.2126695195	0	817
254	176	94.1832037304	4	821
255	175	94.2657615743	0	821
256	170	94.1697630191	1	822
257	166	94.1933937821	4	826
258	165	94.1326309502	1	827
259	168	94.2246180591	2	829
260	169	94.2805854262	6	835
261	171	94.1865253766	4	839
262	171	94.2389888547	7	846
263	166	94.1551127171	6	852
264	163	94.1047507829	4	856
265	166	94.1075773488	0	856
266	167	94.1265853258	6	862
267	162	94.1354870694	1	863
268	165	94.1160588133	5	868
269	160	94.1234295304	5	873
270	156	94.1014899715	2	875
271	158	94.0464132878	3	878
272	163	94.100328045	3	881
273	158	94.0096289509	3	884
274	163	93.9379122774	6	890
275	166	94.0274956781	2	892
276	165	94.014377779	7	899
277	167	94.0883301572	1	900
278	169	94.0524155055	1	901
279	164	94.106120237	1	902
280	168	94.046822904	7	909
281	173	94.0587092717	4	913
282	172	94.0884471169	0	913
283	177	94.1846921854	0	913
284	182	94.20307483	0	913
285	186	94.1477919288	2	915
286	186	94.1056122458	0	915
287	191	94.0944004597	2	917
288	191	94.0385472052	7	924
289	187	94.0272685552	3	927
290	190	94.0341784976	4	931
291	190	94.1026290604	0	931
292	192	94.1458076115	3	934
293	193	94.1150235964	7	941
294	191	94.0501219466	5	946
295	194	94.1254869558	2	948
296	189	94.0628800545	4	952
297	189	93.9705602077	6	958
298	184	93.9582825219	7	965
299	183	94.010698069	1	966
300	179	93.9978046003	3	969
301	180	94.0974034035	5	974
302	175	94.0219591984	7	981
303	174	94.0050777176	3	984
304	171	93.968773974	7	991
305	170	93.9162993193	3	994
306	172	93.8863963175	7	1001
307	168	93.9338568219	3	1004
308	169	93.8731912078	5	1009
309	169	93.7792228563	4	1013
310	174	93.7530700454	7	1020
311	178	93.746113839	1	1021
312	183	93.806907894	6	1027
313	178	93.8074473236	7	1034
314	183	93.8463081453	2	1036
315	180	93.937020526	3	1039
316	180	93.8618043589	6	1045
317	181	93.8280505958	7	1052
318	180	93.9045273358	1	1053
319	181	93.8673066884	7	1060
320	186	93.7896372969	3	1063
321	190	93.8784808876	0	1063
322	185	93.8055427769	1	1064
323	184	93.7632931801	2	1066
324	184	93.8431397029	3	1069
325	180	93.9217138639	4	1073
326	181	94.0023147596	6	1079
327	185	94.0988568654	3	1082
328	184	94.0551041412	0	1082
329	189	94.0850440494	1	1083
330	193	94.0006138681	6	1089
331	197	94.0185571655	6	1095
332	193	94.1184277397	3	1098
333	196	94.1407564973	4	1102
334	200	94.0466409503	0	1102
335	200	93.9684827966	1	1103
336	200	94.0205173941	1	1104
337	199	94.0218859553	3	1107
338	200	93.9351371646	0	1107
339	198	93.9946711477	0	1107
340	198	93.9157912816	6	1113
341	199	93.9399274303	4	1117
342	200	93.8892703598	5	1122
343	196	93.9482976806	1	1123
344	198	93.9123688671	1	1124
345	194	94.0078157745	3	1127
346	189	93.9932331603	7	1134
347	191	93.9492758243	4	1138
348	195	94.0341472677	5	1143
349	194	93.9368808563	2	1145
350	195	93.8380287326	0	1145
351	199	93.9334943758	2	1147
352	200	93.8815390058	0	1147
353	199	93.9619729425	7	1154
354	196	93.9340473961	6	1160
355	198	93.8527920974	5	1165
356	199	93.8175839248	0	1165
357	200	93.7816102654	5	1170
358	195	93.7612327704	7	1177
359	195	93.6735369408	3	1180
360	191	93.6785560944	2	1182
361	191	93.6666725798	0	1182
362	196	93.5888790017	6	1188
363	193	93.5985048187	5	1193
364	191	93.5160810728	0	1193
365	194	93.5518951081	7	1200
366	190	93.4635831049	3	1203
367	188	93.5025776838	0	1203
368	193	93.5330488551	2	1205
369	198	93.4816609155	7	1212
370	200	93.3921576127	3	1215
371	200	93.4284024125	0	1215
372	200	93.4003683461	3	1218
373	198	93.4985313956	1	1219
374	196	93.4861632549	3	1222
375	193	93.4982687252	0	1222
376	189	93.4555566096	7	1229
377	184	93.5192070256	7	1236
378	181	93.4779900814	1	1237
379	184	93.3931616355	6	1243
380	189	93.2963484603	6	1249
381	192	93.318473781	6	1255
382	195	93.3692610061	0	1255
383	194	93.349002551	6	1261
384	193	93.4099680082	0	1261
385	194	93.4092169607	6	1267
386	198	93.3448025846	5	1272
387	200	93.444103814	0	1272
388	200	93.5289133066	2	1274
389	199	93.5480372707	4	1278
390	195	93.448407335	6	1284
391	196	93.5238415268	6	1290
392	192	93.5013701402	6	1296
393	195	93.4968373408	7	1303
394	192	93.5631889085	6	1309
395	192	93.4895135359	7	1316
396	188	93.4738315407	1	1317
397	193	93.3971460346	7	1324
398	193	93.4151991548	5	1329
399	193	93.4730980693	6	1335
400	188	93.3895087703	7	1342
401	192	93.3417445853	2	1344
402	194	93.3345764229	1	1345
403	195	93.4062654614	5	1350
404	190	93.4953318577	3	1353
405	186	93.4891251031	3	1356
406	183	93.5158714722	7	1363
407	184	93.4309088072	3	1366
408	188	93.4858051994	1	1367
409	193	93.4615163659	2	1369
410	191	93.5450060087	0	1369
411	189	93.5338053557	5	1374
412	193	93.4945506355	1	1375
413	194	93.3966258955	1	1376
414	189	93.466131689	7	1383
415	189	93.4154518801	0	1383
416	192	93.4687234012	4	1387
417	194	93.3860683551	1	1388
418	189	93.3959438498	5	1393
419	187	93.3935233169	6	1399
420	189	93.3089610217	4	1403
421	188	93.3062051755	2	1405
422	184	93.3934968291	4	1409
423	183	93.4484021599	6	1415
424	179	93.386913279	1	1416
425	180	93.4803126607	6	1422
426	178	93.5754000972	5	1427
427	177	93.5510183541	2	1429
428	178	93.5064590213	0	1429
429	175	93.4942419437	5	1434
430	175	93.5872780637	4	1438
431	176	93.5349569066	3	1441
432	173	93.4833914902	0	1441
433	170	93.4517739605	7	1448
434	167	93.495404065	6	1454
435	171	93.448492759	0	1454
436	172	93.5106020693	6	1460
437	176	93.5121551392	7	1467
438	171	93.5529910082	2	1469
439	166	93.499784645	2	1471
440	162	93.4700415834	6	1477
441	165	93.3994303361	4	1481
442	165	93.4086556267	6	1487
443	167	93.4309143589	7	1494
444	162	93.5236015458	3	1497
445	163	93.4835116984	6	1503
446	167	93.4385889454	1	1504
447	162	93.3782745643	7	1511
448	157	93.4165253306	6	1517
449	155	93.418629769	2	1519
450	153	93.4738098252	0	1519
451	158	93.5156541986	4	1523
452	158	93.5842324277	0	1523
453	154	93.5857325812	0	1523
454	159	93.5776058349	2	1525
455	154	93.5374957018	1	1526
456	150	93.583977981	4	1530
457	150	93.67247052	3	1533
458	147	93.6287113516	2	1535
459	149	93.5468685189	5	1540
460	154	93.5465812107	5	1545
461	152	93.5619524164	7	1552
462	147	93.5179064601	4	1556
463	144	93.4848513315	2	1558
464	147	93.5831059285	5	1563
465	142	93.6378060983	1	1564
466	139	93.5960207704	3	1567
467	135	93.5884485359	7	1574
468	138	93.5932509401	7	1581
469	138	93.687018741	2	1583
470	142	93.5999154908	3	1586
471	141	93.5939871613	1	1587
472	146	93.5439710884	1	1588
473	150	93.4845710954	0	1588
474	155	93.4153959034	1	1589
475	154	93.3513415709	4	1593
476	149	93.2520767781	5	1598
477	149	93.1724513327	0	1598
478	146	93.1259913589	2	1600
479	142	93.1755574224	5	1605
480	145	93.2578867918	0	1605
481	142	93.3170639331	7	1612
482	145	93.4040491716	0	1612
483	147	93.5000006575	7	1619
484	145	93.5089482596	7	1626
485	146	93.5349699331	1	1627
486	149	93.62195462	4	1631
487	147	93.5488079313	4	1635
488	150	93.4642773272	2	1637
489	147	93.5557086491	2	1639
490	151	93.4620388063	1	1640
491	153	93.432348291	1	1641
492	157	93.450016514	1	1642
493	153	93.5432468705	2	1644
494	155	93.5527824106	1	1645
495	159	93.6164739703	0	1645
496	164	93.6199218709	7	1652
497	160	93.6235161257	0	1652
498	164	93.5494241783	1	1653
499	163	93.5035269526	5	1658
500	163	93.4856704755	0	1658
501	158	93.5855172138	6	1664
502	155	93.6124727236	7	1671
503	154	93.6442092028	4	1675
504	156	93.6370691231	7	1682
505	152	93.6372300187	1	1683
506	155	93.7054407313	2	1685
507	159	93.6244719678	1	1686
508	162	93.6193247534	2	1688
509	167	93.6965262024	3	1691
510	168	93.6268368062	3	1694
511	165	93.5334862826	5	1699
512	164	93.5456890789	5	1704
513	169	93.4774604071	5	1709
514	168	93.4974165575	2	1711
515	169	93.4914391892	4	1715
516	168	93.5791791692	0	1715
517	173	93.4898619273	2	1717
518	177	93.5051305057	3	1720
519	178	93.5564482022	4	1724
520	176	93.6005032361	6	1730
521	177	93.6804238771	6	1736
522	182	93.6620245595	0	1736
523	185	93.5755771021	1	1737
524	180	93.5822816573	4	1741
525	175	93.6643589454	5	1746
526	180	93.5681444359	7	1753
527	178	93.480505615	2	1755
528	183	93.5595394713	4	1759
529	186	93.4719385761	5	1764
530	187	93.5346419243	5	1769
531	187	93.4757443415	4	1773
532	184	93.5751243302	0	1773
533	183	93.5225472179	6	1779
534	188	93.4913546617	7	1786
535	186	93.5249308064	5	1791
536	187	93.6025859697	6	1797
537	185	93.6501786427	1	1798
538	187	93.5625254614	6	1804
539	183	93.5896626151	7	1811
540	180	93.5979368081	1	1812
541	182	93.6798224458	2	1814
542	177	93.6907711188	6	1820
543	176	93.706965737	3	1823
544	180	93.6410974945	0	1823
545	182	93.7382835355	6	1829
546	177	93.7457468835	2	1831
547	178	93.8145590317	6	1837
548	182	93.8275441938	1	1838
549	182	93.7831877512	1	1839
550	185	93.7400534938	3	1842
551	188	93.7087620627	3	1845
552	192	93.7106880072	3	1848
553	187	93.7983592046	1	1849
554	192	93.7458719789	1	1850
555	188	93.7315703291	2	1852
556	183	93.7622060316	5	1857
557	180	93.7983142539	0	1857
558	183	93.8080711561	2	1859
559	182	93.8736309207	5	1864
560	187	93.855326016	2	1866
561	186	93.783223383	1	1867
562	181	93.7670686738	3	1870
563	180	93.7983461296	4	1874
564	177	93.7562907387	5	1879
565	176	93.6714003197	4	1883
566	175	93.5928472954	7	1890
567	175	93.6080842369	4	1894
568	173	93.5320336934	2	1896
569	168	93.5483378207	0	1896
570	163	93.4688417002	5	1901
571	159	93.4948684888	4	1905
572	154	93.5128418424	5	1910
573	158	93.4176212851	6	1916
574	155	93.4254285786	1	1917
575	152	93.4863319464	2	1919
576	156	93.5758400527	1	1920
577	160	93.6011192051	4	1924
578	155	93.6976672691	6	1930
579	158	93.629166814	1	1931
580	156	93.7110027886	4	1935
581	161	93.716936658	1	1936
582	160	93.6585136842	2	1938
583	160	93.6775149214	3	1941
584	164	93.7419782411	0	1941
585	161	93.6775802865	5	1946
586	163	93.7651791272	4	1950
587	163	93.8118799442	2	1952
588	168	93.7906587491	6	1958
589	165	93.7302085253	2	1960
590	164	93.6726742735	5	1965
591	169	93.7063184115	0	1965
592	164	93.6134022411	4	1969
593	169	93.6729937246	4	1973
594	172	93.7512418401	3	1976
595	171	93.8469767487	7	1983
596	168	93.80918485	1	1984
597	172	93.8504033207	0	1984
598	167	93.9405931264	0	1984
599	164	93.8784835862	5	1989
600	169	93.7847703792	2	1991
601	174	93.8252349133	5	1996
602	177	93.8761487293	3	1999
603	175	93.9518898304	7	2006
604	180	93.9613931228	6	2012
605	184	94.0208584387	7	2019
606	181	93.9910618837	3	2022
607	180	94.0801303896	0	2022
608	185	94.0092608236	2	2024
609	181	94.0175878062	6	2030
610	177	94.042070459	5	2035
611	176	93.9998668391	4	2039
612	181	94.0134383635	4	2043
613	183	94.0262334499	5	2048
614	181	93.9528193313	2	2050
615	185	94.020588724	3	2053
616	181	93.9865883248	2	2055
617	184	94.0370878068	4	2059
618	180	93.9886903442	0	2059
619	175	93.9014380946	6	2065
620	175	93.9583013205	0	2065
621	174	94.0557592918	0	2065
622	174	94.1050090931	0	2065
623	179	94.0668978635	1	2066
624	180	93.9991696289	2	2068
625	177	94.050671352	0	2068
626	181	93.9909666353	0	2068
627	186	93.9993149114	2	2070
628	186	94.0241377706	2	2072
629	187	94.0979402813	4	2076
630	186	94.1854293325	3	2079
631	188	94.254016794	0	2079
632	185	94.3323130015	6	2085
633	180	94.2558395067	4	2089
634	185	94.1967564305	1	2090
635	186	94.1693450965	4	2094
636	185	94.131225518	3	2097
637	183	94.1821769846	0	2097
638	183	94.1176265138	4	2101
639	178	94.0539500255	7	2108
640	175	94.1086784474	0	2108
641	170	94.0103178815	5	2113
642	168	94.0342836566	7	2120
643	166	94.04337415	0	2120
644	166	93.998225935	1	2121
645	168	93.9679915894	3	2124
646	168	94.0565382594	2	2126
647	173	94.0007435028	7	2133
648	171	93.9347945343	6	2139
649	173	93.9757582776	3	2142
650	177	93.9384368029	1	2143
651	175	93.8727195759	0	2143
652	179	93.9519073883	2	2145
653	176	93.9335930047	2	2147
654	173	93.8371593929	0	2147
655	170	93.8690423457	7	2154
656	169	93.8335264044	6	2160
657	166	93.7748927069	6	2166
658	161	93.7316184702	1	2167
659	156	93.7829576854	7	2174
660	156	93.8393560348	2	2176
661	160	93.8748214821	5	2181
662	165	93.9706085147	6	2187
663	160	93.9809834145	4	2191
664	165	93.8895711805	0	2191
665	161	93.9260996819	4	2195
666	165	93.8402287098	1	2196
667	169	93.8516050584	0	2196
668	167	93.9048115381	4	2200
669	172	93.9858795938	5	2205
670	172	93.924878411	3	2208
671	169	93.9650491821	2	2210
672	165	94.023576167	2	2212
673	161	94.0687367848	5	2217
674	162	94.0646995644	7	2224
675	165	93.982262534	5	2229
676	160	94.0596007791	2	2231
677	164	94.1576105463	2	2233
678	169	94.2165483174	5	2238
679	166	94.2860768104	1	2239
680	170	94.3478078932	1	2240
681	166	94.2792378078	0	2240
682	165	94.2575013059	3	2243
683	168	94.3221553266	4	2247
684	172	94.4026849066	1	2248
685	170	94.4790647559	5	2253
686	173	94.4499346309	5	2258
687	176	94.4165448613	6	2264
688	172	94.3531958209	4	2268
689	172	94.3000563842	5	2273
690	173	94.381191493	3	2276
691	174	94.4472051377	1	2277
692	178	94.4592976011	6	2283
693	175	94.5184265281	1	2284
694	174	94.5114634344	0	2284
695	172	94.468713813	5	2289
696	174	94.5573870038	0	2289
697	171	94.5164986691	1	2290
698	171	94.5661613088	7	2297
699	166	94.5088464559	3	2300
700	169	94.5086282733	3	2303
701	171	94.4486970062	5	2308
702	167	94.4020732455	1	2309
703	168	94.4093962211	4	2313
704	169	94.4698423537	7	2320
705	170	94.517517273	4	2324
706	168	94.6042461025	1	2325
707	167	94.507907546	5	2330
708	172	94.4862547997	7	2337
709	177	94.404461171	7	2344
710	176	94.502871818	4	2348
711	174	94.4342878408	5	2353
712	174	94.5172812447	5	2358
713	170	94.5311649627	4	2362
714	175	94.6209169063	1	2363
715	180	94.6719195846	7	2370
716	175	94.7613187587	7	2377
717	174	94.8222916248	0	2377
718	170	94.8401867017	5	2382
719	175	94.9014994965	7	2389
720	173	94.922775133	2	2391
721	177	94.9974279903	1	2392
722	181	94.9490356556	7	2399
723	185	95.0364612262	7	2406
724	187	95.0851002236	6	2412
725	192	95.0786965084	7	2419
726	195	95.1323263517	4	2423
727	198	95.1303904616	4	2427
728	194	95.2077397069	0	2427
729	196	95.2712270776	6	2433
730	197	95.2852098081	2	2435
731	192	95.3719772812	1	2436
732	189	95.434891914	3	2439
733	194	95.5206043009	2	2441
734	194	95.4664924426	4	2445
735	199	95.4454100606	7	2452
736	200	95.4411491194	3	2455
737	197	95.3784077741	2	2457
738	200	95.4063009813	5	2462
739	200	95.342577271	2	2464
740	200	95.3557420685	7	2471
741	200	95.4126609451	2	2473
742	198	95.4557386503	1	2474
743	200	95.5141166943	7	2481
744	196	95.5964619902	2	2483
745	199	95.6216659499	7	2490
746	196	95.7098596212	7	2497
747	196	95.6427844229	2	2499
748	199	95.6590419255	4	2503
749	196	95.6310586336	0	2503
750	197	95.5389250433	0	2503
751	198	95.4768231272	4	2507
752	196	95.4989088921	2	2509
753	200	95.4415278218	1	2510
754	196	95.3705749127	0	2510
755	199	95.2782213861	5	2515
756	198	95.2086672303	1	2516
757	199	95.20073254	6	2522
758	194	95.2904468728	3	2525
759	193	95.3539407948	2	2527
760	193	95.2958523735	6	2533
761	191	95.3377761374	2	2535
762	190	95.4251370082	3	2538
763	195	95.3973062497	6	2544
764	197	95.3376554163	4	2548
765	195	95.3654241336	7	2555
766	199	95.3816110243	3	2558
767	200	95.4124968252	0	2558
768	200	95.3763305986	3	2561
769	200	95.3162810957	5	2566
770	200	95.3926863737	7	2573
771	200	95.4118860344	4	2577
772	197	95.3636723452	0	2577
773	200	95.348776883	2	2579
774	200	95.2680788648	1	2580
775	196	95.2233630695	6	2586
776	200	95.2344469931	4	2590
777	198	95.1416460633	4	2594
778	193	95.2126931134	7	2601
779	194	95.1427896775	5	2606
780	192	95.0868812504	3	2609
781	196	95.0919289406	2	2611
782	199	95.0157426319	2	2613
783	200	95.0805601579	0	2613
784	200	95.0780436363	0	2613
785	200	95.0113117157	2	2615
786	200	94.9827149331	7	2622
787	198	95.0590361344	2	2624
788	195	94.9811013715	3	2627
789	200	95.0776813849	7	2634
790	200	95.055937307	4	2638
791	198	95.0561128127	6	2644
792	200	95.0181384899	0	2644
793	199	95.0085462033	4	2648
794	199	94.9625846227	1	2649
795	200	95.0467698921	0	2649
796	200	95.1196636118	7	2656
797	200	95.0545964773	4	2660
798	200	95.079649448	5	2665
799	197	95.0631962523	3	2668
800	196	95.1281299472	4	2672
801	198	95.1008198629	7	2679
802	200	95.0745826557	5	2684
803	200	95.1086319789	0	2684
804	196	95.044457274	7	2691
805	198	95.0206559076	2	2693
806	200	94.9538795992	1	2694
807	200	95.0493317408	2	2696
808	200	95.0236512255	5	2701
809	197	95.0124564228	3	2704
810	195	95.0554854926	3	2707
811	198	95.1056513854	1	2708
812	196	95.089447377	4	2712
813	200	94.99574544	1	2713
814	200	94.9965267981	6	2719
815	200	95.0447839325	2	2721
816	197	95.1308259744	5	2726
817	200	95.1294316681	0	2726
818	196	95.0783471877	7	2733
819	191	95.0450640509	3	2736
820	196	94.9545381693	7	2743
821	193	94.9688310238	2	2745
822	190	94.9577087756	1	2746
823	195	94.9785728129	6	2752
824	199	95.0100127582	3	2755
825	195	95.0290458033	2	2757
826	200	95.0460221953	4	2761
827	200	94.9812476769	2	2763
828	200	95.0778138428	0	2763
829	196	95.0748395868	0	2763
830	192	95.004906972	3	2766
831	193	94.9774144071	2	2768
832	190	94.9009627557	6	2774
833	188	94.8281565091	7	2781
834	185	94.7915057186	0	2781
835	180	94.7118880978	1	2782
836	177	94.6790497443	6	2788
837	178	94.7108786677	1	2789
838	180	94.6198248773	2	2791
839	177	94.645356677	4	2795
840	176	94.5766600595	3	2798
841	179	94.5166498942	0	2798
842	180	94.6092227451	7	2805
843	176	94.6382794898	4	2809
844	178	94.5913240809	2	2811
845	180	94.6379581344	3	2814
846	185	94.6402175112	4	2818
847	189	94.6440315903	3	2821
848	192	94.6160334883	2	2823
849	193	94.6260560152	5	2828
850	191	94.6701673761	6	2834
851	193	94.5706642017	5	2839
852	194	94.6095664149	3	2842
853	190	94.705612725	6	2848
854	192	94.719305584	3	2851
855	193	94.7858119178	0	2851
856	188	94.6946184805	6	2857
857	186	94.7464131631	7	2864
858	184	94.6604210266	5	2869
859	184	94.6747619292	6	2875
860	183	94.6887615471	7	2882
861	178	94.6515374502	2	2884
862	175	94.7509466008	7	2891
863	174	94.6918746616	0	2891
864	171	94.7437886801	0	2891
865	176	94.7353719198	6	2897
866	173	94.6994285848	2	2899
867	173	94.6990780274	2	2901
868	175	94.7808479708	3	2904
869	180	94.8235939843	7	2911
870	181	94.802272634	0	2911
871	184	94.7462116531	2	2913
872	188	94.7032136777	1	2914
873	189	94.8020069129	1	2915
874	185	94.8937845664	6	2921
875	190	94.9675364107	0	2921
876	192	95.0019381815	4	2925
877	193	95.042394724	6	2931
878	189	95.0381161279	1	2932
879	184	95.0938824777	2	2934
880	185	95.1868117891	6	2940
881	188	95.1116974187	0	2940
882	185	95.2054607399	7	2947
883	188	95.1221728317	3	2950
884	186	95.1715092692	2	2952
885	181	95.2588943347	5	2957
886	180	95.1854225973	4	2961
887	181	95.1755273146	7	2968
888	182	95.119202443	1	2969
889	180	95.1484390637	7	2976
890	175	95.1738484966	6	2982
891	178	95.1222679791	2	2984
892	176	95.1967398946	1	2985
893	177	95.1351304187	4	2989
894	181	95.1799392557	5	2994
895	182	95.1722464077	3	2997
896	183	95.1617192367	2	2999
897	183	95.0639874424	4	3003
898	180	95.129255856	0	3003
899	176	95.0470496833	4	3007
900	171	95.0820493931	1	3008
901	171	95.1654648412	3	3011
902	167	95.1067502857	3	3014
903	162	95.0206866928	1	3015
904	158	94.9960275792	4	3019
905	156	94.9380659559	2	3021
906	160	94.8429355269	3	3024
907	158	94.7987406826	3	3027
908	155	94.727894351	6	3033
909	155	94.7523354967	7	3040
910	155	94.7778155452	5	3045
911	152	94.8033854059	1	3046
912	154	94.8628598993	4	3050
913	154	94.8236598652	5	3055
914	159	94.7956301586	1	3056
915	161	94.7163462335	6	3062
916	163	94.7614428694	6	3068
917	168	94.7939848062	7	3075
918	164	94.8193328201	7	3082
919	169	94.7527147507	1	3083
920	169	94.8086794164	1	3084
921	174	94.8283461353	3	3087
922	179	94.7304379125	7	3094
923	180	94.7730183188	7	3101
924	185	94.7705100564	0	3101
925	186	94.7094346999	0	3101
926	184	94.7004480942	1	3102
927	186	94.6901663649	4	3106
928	189	94.6998259535	2	3108
929	194	94.7755183692	1	3109
930	197	94.7147782744	2	3111
931	195	94.6385321656	2	3113
932	192	94.6789606277	1	3114
933	194	94.7269083063	6	3120
934	195	94.7702996886	2	3122
935	190	94.7880844866	7	3129
936	190	94.7770541674	5	3134
937	189	94.7996515074	4	3138
938	192	94.8206213148	6	3144
939	196	94.7781469708	3	3147
940	200	94.7409040211	2	3149
941	195	94.6505592944	6	3155
942	193	94.644022559	4	3159
943	197	94.6180464887	4	3163
944	195	94.5273738416	3	3166
945	193	94.4929962559	5	3171
946	188	94.497067685	7	3178
947	183	94.4555152899	6	3184
948	178	94.429057828	7	3191
949	176	94.4760247582	2	3193
950	180	94.4189754162	1	3194
951	178	94.4468448267	6	3200
952	180	94.4847254358	6	3206
953	183	94.4667305675	6	3212
954	178	94.4972872623	3	3215
955	173	94.4712055338	5	3220
956	175	94.4806111718	7	3227
957	178	94.5614750465	3	3230
958	176	94.5545357646	4	3234
959	174	94.519591247	3	3237
960	169	94.5748636137	5	3242
961	169	94.6743490274	0	3242
962	170	94.7651871045	6	3248
963	175	94.7046105952	5	3253
964	177	94.6568871083	1	3254
965	177	94.580613749	6	3260
966	175	94.6670527308	3	3263
967	180	94.7275644774	3	3266
968	176	94.7521750627	5	3271
969	172	94.8492280234	0	3271
970	176	94.8499038937	2	3273
971	173	94.9058104492	2	3275
972	171	94.988157124	2	3277
973	172	94.9147763164	5	3282
974	171	94.8780779045	2	3284
975	166	94.9429641839	4	3288
976	170	94.9412715969	0	3288
977	168	94.9142373151	2	3290
978	173	94.8527119563	4	3294
979	169	94.7958723703	1	3295
980	166	94.8700828878	0	3295
981	169	94.7858556667	2	3297
982	170	94.8421472531	5	3302
983	169	94.9052900844	2	3304
984	171	94.9374152732	3	3307
985	166	94.8817019675	0	3307
986	162	94.9112869806	5	3312
987	166	94.8282607293	2	3314
988	161	94.9154446816	2	3316
989	160	94.9398750747	7	3323
990	161	94.890900667	1	3324
991	162	94.8703260017	4	3328
992	160	94.8622579844	6	3334
993	163	94.9460638104	1	3335
994	161	94.9797680834	5	3340
995	158	95.036842994	1	3341
996	163	94.9771660737	5	3346
997	168	95.0731299099	0	3346
998	164	95.1554301165	3	3349
999	168	95.1095345964	0	3349
1000	163	95.0138603	3	3352
1001	163	95.076559219	7	3359
1002	163	94.9790550262	2	3361
1003	161	95.0019826865	5	3366
1004	161	94.9202305809	1	3367
1005	157	94.9292544116	6	3373
1006	156	94.9424948894	7	3380
1007	152	94.9815260286	5	3385
1008	153	94.960159751	6	3391
1009	153	94.9562564208	3	3394
1010	155	94.8668078199	2	3396
1011	159	94.9614244665	1	3397
1012	162	94.9858039809	1	3398
1013	158	94.9302051714	6	3404
1014	158	94.9451596032	6	3410
1015	161	94.9359016534	7	3417
1016	156	94.9230112279	4	3421
1017	151	94.989848489	6	3427
1018	147	94.9030923746	2	3429
1019	149	94.9958138783	0	3429
1020	151	94.8975527005	7	3436
1021	156	94.9794677581	5	3441
1022	154	95.054266661	5	3446
1023	153	95.0615791847	5	3451
1024	153	95.0978740023	1	3452
1025	155	95.0334383055	7	3459
1026	155	95.102063879	3	3462
1027	159	95.1130961643	2	3464
1028	161	95.1031399745	6	3470
1029	159	95.0317580485	4	3474
1030	157	95.1196894716	6	3480
1031	162	95.1257243084	7	3487
1032	166	95.1881913936	6	3493
1033	168	95.1632884668	1	3494
1034	165	95.2394037763	5	3499
1035	162	95.1423304496	2	3501
1036	158	95.0803225068	3	3504
1037	153	95.0331259046	6	3510
1038	153	94.9666103318	0	3510
1039	150	94.8861945091	2	3512
1040	155	94.9807056501	5	3517
1041	151	94.9535856247	7	3524
1042	152	95.0194961575	7	3531
1043	155	94.9529537309	7	3538
1044	160	95.0501488128	2	3540
1045	160	95.0681556385	5	3545
1046	164	95.1524328685	0	3545
1047	164	95.1281812155	1	3546
1048	165	95.1600737036	0	3546
1049	166	95.1853721756	3	3549
1050	170	95.1305753088	7	3556
1051	165	95.1009836423	6	3562
1052	170	95.1120892865	7	3569
1053	167	95.0351229712	6	3575
1054	171	94.9733890635	5	3580
1055	175	94.9248690056	5	3585
1056	173	94.993208308	4	3589
1057	177	94.9137322135	2	3591
1058	181	94.8266735939	0	3591
1059	179	94.742803465	2	3593
1060	174	94.7282177927	1	3594
1061	175	94.7293435984	5	3599
1062	174	94.6324363602	1	3600
1063	176	94.5370314628	3	3603
1064	171	94.5487911694	1	3604
1065	173	94.605354878	6	3610
1066	178	94.6428957594	5	3615
1067	177	94.5847317851	7	3622
1068	173	94.5300262928	3	3625
1069	175	94.5863546349	3	3628
1070	170	94.6713259378	0	3628
1071	172	94.7022679775	2	3630
1072	167	94.78485762	3	3633
1073	169	94.7877760152	2	3635
1074	164	94.7046366841	3	3638
1075	165	94.6556809248	7	3645
1076	160	94.6011288417	3	3648
1077	156	94.539754318	0	3648
1078	157	94.4503644578	7	3655
1079	161	94.4896962273	7	3662
1080	163	94.5068914784	1	3663
1081	167	94.4975680705	1	3664
1082	162	94.474375085	6	3670
1083	160	94.4133379203	6	3676
1084	158	94.4106589387	6	3682
1085	153	94.4723160593	3	3685
1086	155	94.3885543021	1	3686
1087	156	94.3277478468	6	3692
1088	156	94.3838467766	2	3694
1089	152	94.3921119359	1	3695
1090	156	94.3416603945	5	3700
1091	159	94.30111666	6	3706
1092	156	94.23944829	4	3710
1093	153	94.1663517636	4	3714
1094	152	94.2661129193	1	3715
1095	148	94.196509507	2	3717
1096	153	94.2031785849	1	3718
1097	157	94.1153519822	0	3718
1098	162	94.0601057578	5	3723
1099	158	94.1189977092	1	3724
1100	158	94.1997602516	6	3730
1101	160	94.1422118414	6	3736
1102	156	94.1050303905	3	3739
1103	154	94.0059064489	1	3740
1104	159	94.0347496642	7	3747
1105	163	93.9696847464	2	3749
1106	165	93.9753548783	1	3750
1107	165	94.0011519142	1	3751
1108	167	94.020136018	5	3756
1109	163	94.0945126516	1	3757
1110	164	94.0926934271	2	3759
1111	167	94.1572569643	7	3766
1112	162	94.2087725752	0	3766
1113	157	94.1368499919	1	3767
1114	155	94.108661617	1	3768
1115	157	94.0310832006	2	3770
1116	153	93.9697421834	0	3770
1117	154	93.965243092	4	3774
1118	151	93.9387530161	4	3778
1119	146	93.8847456074	7	3785
1120	148	93.7961954897	4	3789
1121	147	93.770609306	2	3791
1122	152	93.76742603	3	3794
1123	153	93.8599793701	6	3800
1124	152	93.9191532384	3	3803
1125	151	94.0120705037	6	3809
1126	156	94.0707384364	7	3816
1127	155	93.9754796572	5	3821
1128	155	93.9884994294	3	3824
1129	151	94.0330427806	0	3824
1130	152	94.0443556582	3	3827
1131	153	94.0392029607	4	3831
1132	158	94.1267140468	1	3832
1133	158	94.0892679171	3	3835
1134	160	94.1542477273	7	3842
1135	163	94.2069920019	3	3845
1136	160	94.2626709221	2	3847
1137	158	94.1761949342	3	3850
1138	157	94.1464816915	7	3857
1139	153	94.2006439934	2	3859
1140	155	94.2965009044	5	3864
1141	152	94.3601785392	5	3869
1142	157	94.4503936257	3	3872
1143	161	94.4220352493	5	3877
1144	158	94.4263275404	0	3877
1145	153	94.5188714928	2	3879
1146	153	94.4372988288	5	3884
1147	153	94.4925017225	7	3891
1148	150	94.5654193745	5	3896
1149	146	94.5793485241	6	3902
1150	151	94.6076386013	1	3903
1151	154	94.5230183331	0	3903
1152	151	94.6126373856	1	3904
1153	154	94.6479161467	7	3911
1154	155	94.6150168327	0	3911
1155	159	94.6863452804	6	3917
1156	164	94.5999213654	2	3919
1157	167	94.6369921324	1	3920
1158	168	94.5468360652	3	3923
1159	169	94.5226326074	6	3929
1160	164	94.5055793023	3	3932
1161	167	94.4248642501	2	3934
1162	171	94.381089314	3	3937
1163	172	94.3723015843	3	3940
1164	169	94.3378559866	2	3942
1165	165	94.2382946296	3	3945
1166	161	94.170426133	7	3952
1167	157	94.2644086324	5	3957
1168	162	94.2230287054	1	3958
1169	161	94.1860865399	0	3958
1170	156	94.2219522219	7	3965
1171	160	94.2170783009	6	3971
1172	164	94.1255016757	1	3972
1173	164	94.0402062958	0	3972
1174	165	94.0999319708	2	3974
1175	168	94.024569083	6	3980
1176	171	93.9673779253	0	3980
1177	175	94.0576341902	1	3981
1178	175	94.1076879517	6	3987
1179	179	94.0732054048	6	3993
1180	179	94.0498486777	0	3993
1181	183	94.0598582137	0	3993
1182	181	93.9812064782	3	3996
1183	185	94.0720996599	0	3996
1184	182	94.0839529385	6	4002
1185	179	94.1490575079	5	4007
1186	183	94.2334805987	2	4009
1187	186	94.2212524042	7	4016
1188	186	94.1653124112	3	4019
1189	186	94.264812083	7	4026
1190	183	94.2440757453	4	4030
1191	188	94.177474277	0	4030
1192	184	94.101746589	7	4037
1193	179	94.167658244	2	4039
1194	179	94.2571233422	6	4045
1195	180	94.3361927171	4	4049
1196	184	94.319619903	4	4053
1197	188	94.4089794562	3	4056
1198	189	94.3795188218	0	4056
1199	184	94.3059967197	4	4060
1200	187	94.3706697067	3	4063
1201	187	94.3792491448	5	4068
1202	185	94.4382886556	2	4070
1203	182	94.4451000113	1	4071
1204	182	94.4408870152	3	4074
1205	181	94.4849563295	2	4076
1206	182	94.4169327007	5	4081
1207	181	94.355337462	0	4081
1208	177	94.300611265	1	4082
1209	178	94.3893299822	3	4085
1210	178	94.4884894076	0	4085
1211	178	94.3983959206	4	4089
1212	178	94.3380486104	3	4092
1213	181	94.3892548216	7	4099
1214	178	94.4036313769	4	4103
1215	181	94.3421971409	3	4106
1216	178	94.2571174067	3	4109
1217	183	94.3079144665	3	4112
1218	178	94.3940777411	6	4118
1219	183	94.3835146076	0	4118
1220	180	94.4147428855	1	4119
1221	185	94.3677322392	5	4124
1222	180	94.3646748732	5	4129
1223	177	94.3282466667	7	4136
1224	182	94.3141875025	1	4137
1225	178	94.2501655048	6	4143
1226	183	94.201865807	7	4150
1227	181	94.1590925711	5	4155
1228	184	94.109376151	7	4162
1229	189	94.1752626653	7	4169
1230	191	94.2033108383	3	4172
1231	188	94.1991578673	2	4174
1232	184	94.2788971308	2	4176
1233	188	94.3720549132	1	4177
1234	185	94.3480385851	3	4180
1235	181	94.2898686854	5	4185
1236	179	94.3306911701	6	4191
1237	174	94.3275879156	5	4196
1238	179	94.3285059298	5	4201
1239	178	94.2873273339	4	4205
1240	181	94.2978567137	5	4210
1241	184	94.3020613437	6	4216
1242	184	94.3625650521	1	4217
1243	185	94.3920190955	3	4220
1244	186	94.3114999292	3	4223
1245	186	94.3463661866	5	4228
1246	184	94.3005330743	5	4233
1247	186	94.2221116	7	4240
1248	183	94.2401217738	6	4246
1249	188	94.3288367365	4	4250
1250	185	94.3351141129	2	4252
1251	182	94.4199745487	7	4259
1252	180	94.5198554612	1	4260
1253	183	94.436733994	3	4263
1254	186	94.3592603238	6	4269
1255	187	94.4489943969	0	4269
1256	185	94.5483261159	3	4272
1257	186	94.6077614068	3	4275
1258	182	94.5751241437	2	4277
1259	186	94.663338579	7	4284
1260	185	94.6296412786	3	4287
1261	185	94.5572109592	0	4287
1262	185	94.5466677237	3	4290
1263	185	94.6289144874	4	4294
1264	184	94.7173554319	1	4295
1265	179	94.7817650231	7	4302
1266	183	94.8299803681	5	4307
1267	179	94.7931966084	7	4314
1268	183	94.7708979916	6	4320
1269	186	94.7883151744	3	4323
1270	184	94.8127089873	2	4325
1271	181	94.8792888077	1	4326
1272	184	94.8496770546	6	4332
1273	187	94.8942991134	3	4335
1274	191	94.8165520968	3	4338
1275	194	94.7230057529	3	4341
1276	196	94.6541110771	2	4343
1277	199	94.6464409397	6	4349
1278	200	94.6013092374	0	4349
1279	196	94.6676754001	1	4350
1280	199	94.7085875811	3	4353
1281	198	94.8036993276	5	4358
1282	200	94.8749241516	3	4361
1283	197	94.8576796832	2	4363
1284	194	94.8236328387	7	4370
1285	196	94.8504183006	3	4373
1286	193	94.7538681799	6	4379
1287	192	94.7313310541	5	4384
1288	191	94.7108002909	7	4391
1289	195	94.6827981154	0	4391
1290	197	94.7084332437	5	4396
1291	200	94.6945221419	4	4400
1292	195	94.6490065985	4	4404
1293	192	94.7351961825	5	4409
1294	191	94.6979698754	2	4411
1295	186	94.7605899139	1	4412
1296	182	94.7390050526	2	4414
1297	180	94.8341668721	7	4421
1298	176	94.9229345037	0	4421
1299	174	94.9095873328	1	4422
1300	174	94.8538471039	0	4422
1301	172	94.7698756264	3	4425
1302	170	94.6726351399	3	4428
1303	166	94.6214031342	4	4432
1304	162	94.6605696994	0	4432
1305	164	94.7544715575	4	4436
1306	168	94.6596157876	3	4439
1307	170	94.5780859973	0	4439
1308	172	94.5891977524	2	4441
1309	167	94.5520138724	2	4443
1310	164	94.6458490242	4	4447
1311	169	94.7138230945	5	4452
1312	167	94.7910601507	3	4455
1313	169	94.7925361269	5	4460
1314	164	94.7308103954	0	4460
1315	166	94.6656968672	1	4461
1316	167	94.5851706144	6	4467
1317	166	94.5834309669	4	4471
1318	163	94.6555847352	2	4473
1319	162	94.6305501798	2	4475
1320	166	94.6095320092	5	4480
1321	170	94.5365425004	0	4480
1322	169	94.488418771	3	4483
1323	168	94.5616568011	4	4487
1324	165	94.597131011	1	4488
1325	162	94.5689758868	7	4495
1326	160	94.5913227197	1	4496
1327	161	94.5029625354	1	4497
1328	163	94.499247423	1	4498
1329	163	94.5300715017	3	4501
1330	161	94.5470095793	6	4507
1331	158	94.5397813999	6	4513
1332	153	94.6197459157	4	4517
1333	150	94.5579662601	6	4523
1334	152	94.5977966071	1	4524
1335	147	94.6969569516	5	4529
1336	151	94.7527135601	3	4532
1337	146	94.8011972008	7	4539
1338	148	94.7879450852	2	4541
1339	148	94.7919904282	2	4543
1340	153	94.835853455	3	4546
1341	149	94.7749487076	1	4547
1342	151	94.7709335616	0	4547
1343	150	94.7014292938	2	4549
1344	145	94.7577736604	3	4552
1345	146	94.8217164202	1	4553
1346	142	94.8704411131	0	4553
1347	141	94.9000376934	7	4560
1348	139	94.8225015766	4	4564
1349	144	94.8965481616	0	4564
1350	144	94.8998319571	0	4564
1351	144	94.807271703	7	4571
1352	145	94.8679721919	2	4573
1353	141	94.8886918242	3	4576
1354	136	94.792989052	2	4578
1355	136	94.798265152	6	4584
1356	137	94.7000945502	2	4586
1357	141	94.6001729971	0	4586
1358	144	94.6870501948	7	4593
1359	141	94.5992014787	7	4600
1360	141	94.5136791844	1	4601
1361	136	94.5318973135	6	4607
1362	138	94.4800621647	1	4608
1363	137	94.5648089535	3	4611
1364	132	94.631881971	0	4611
1365	129	94.7052034336	7	4618
1366	124	94.766425435	7	4625
1367	126	94.6745510526	4	4629
1368	122	94.7146025366	3	4632
1369	121	94.7046875919	4	4636
1370	118	94.7876223401	0	4636
1371	121	94.8093748449	6	4642
1372	125	94.7279317878	6	4648
1373	130	94.6386125362	7	4655
1374	132	94.6053452889	6	4661
1375	134	94.6840993554	0	4661
1376	136	94.7305766976	4	4665
1377	138	94.8127658521	6	4671
1378	137	94.7877582125	0	4671
1379	137	94.7475691871	0	4671
1380	138	94.7663841932	6	4677
1381	143	94.8261930804	2	4679
1382	140	94.8486146867	6	4685
1383	138	94.913336347	4	4689
1384	135	94.8278369201	5	4694
1385	135	94.7601482899	4	4698
1386	136	94.6780701908	6	4704
1387	131	94.6576840902	1	4705
1388	135	94.7445136097	3	4708
1389	140	94.7515623975	7	4715
1390	145	94.7188168545	1	4716
1391	145	94.6915398622	4	4720
1392	145	94.7288312602	2	4722
1393	148	94.6553300292	6	4728
1394	145	94.6545119873	6	4734
1395	149	94.6497296813	0	4734
1396	147	94.724362324	0	4734
1397	148	94.7622593145	3	4737
1398	149	94.6660953114	0	4737
1399	149	94.730306053	2	4739
1400	153	94.7086001084	7	4746
1401	158	94.7870028658	3	4749
1402	161	94.8142333481	2	4751
1403	156	94.8908125486	5	4756
1404	159	94.8384471063	3	4759
1405	162	94.808820769	7	4766
1406	166	94.7395237835	5	4771
1407	162	94.7072435296	2	4773
1408	159	94.6540198872	1	4774
1409	158	94.7067620607	7	4781
1410	156	94.6097465245	6	4787
1411	152	94.6694534888	5	4792
1412	156	94.573376922	4	4796
1413	154	94.6687118028	2	4798
1414	149	94.6376423898	5	4803
1415	148	94.5756447672	5	4808
1416	151	94.5889880383	0	4808
1417	154	94.6270417447	1	4809
1418	157	94.6312602139	6	4815
1419	153	94.5800024496	5	4820
1420	156	94.581870156	1	4821
1421	158	94.6685138687	7	4828
1422	159	94.7441546215	4	4832
1423	159	94.7615638379	5	4837
1424	156	94.7550252618	3	4840
1425	156	94.7538847017	4	4844
1426	158	94.7758941246	3	4847
1427	157	94.8611449087	5	4852
1428	157	94.8405248941	2	4854
1429	152	94.8351460915	4	4858
1430	149	94.741733206	3	4861
1431	148	94.7797040343	1	4862
1432	148	94.6847321604	1	4863
1433	147	94.7601746687	5	4868
1434	149	94.7591960308	4	4872
1435	151	94.7855399348	5	4877
1436	146	94.88397962	4	4881
1437	148	94.8642552222	5	4886
1438	151	94.8846499868	4	4890
1439	147	94.8455071913	6	4896
1440	143	94.903923239	0	4896
1441	146	94.8446161013	7	4903
1442	141	94.9144375849	1	4904
1443	143	94.9669434707	4	4908
1444	145	94.9070272882	7	4915
1445	150	94.8388806788	2	4917
1446	149	94.9251984112	2	4919
1447	145	94.8794604027	6	4925
1448	150	94.7870320716	3	4928
1449	154	94.7711669028	4	4932
1450	159	94.7557339368	5	4937
1451	161	94.8145657472	0	4937
1452	160	94.7941443906	7	4944
1453	156	94.8725841436	5	4949
1454	153	94.8491231388	4	4953
1455	148	94.7911982032	4	4957
1456	143	94.8508326197	2	4959
1457	138	94.7791844023	6	4965
1458	135	94.8427987766	4	4969
1459	137	94.7639839256	6	4975
1460	138	94.7104702224	6	4981
1461	141	94.7443291577	3	4984
1462	146	94.703677406	4	4988
1463	147	94.6314997696	7	4995
1464	148	94.5533437979	2	4997
1465	149	94.5370956876	7	5004
1466	152	94.5044203757	5	5009
1467	147	94.5162388154	2	5011
1468	142	94.5425145983	6	5017
1469	137	94.6094580542	1	5018
1470	132	94.6230137312	3	5021
1471	133	94.663587788	5	5026
1472	138	94.6415945899	7	5033
1473	142	94.5543002446	4	5037
1474	139	94.4995369272	7	5044
1475	135	94.5870269646	6	5050
1476	133	94.5097241194	5	5055
1477	134	94.5083740949	0	5055
1478	136	94.5183186471	6	5061
1479	135	94.4766707581	2	5063
1480	134	94.4058918115	4	5067
1481	130	94.4506581244	6	5073
1482	126	94.4358948365	2	5075
1483	127	94.5074189162	3	5078
1484	126	94.5218449156	2	5080
1485	130	94.5764019118	0	5080
1486	129	94.6177395268	6	5086
1487	129	94.6610550108	4	5090
1488	132	94.5672264091	4	5094
1489	137	94.4730857812	6	5100
1490	132	94.4886162005	4	5104
1491	129	94.5169699525	0	5104
1492	125	94.507675391	5	5109
1493	125	94.4336215977	4	5113
1494	123	94.5289487014	0	5113
1495	124	94.537377556	6	5119
1496	126	94.4475813246	7	5126
1497	130	94.3847352398	3	5129
1498	133	94.35716613	4	5133
1499	129	94.317298119	3	5136
1500	126	94.2378159068	4	5140
1501	128	94.1921345341	5	5145
1502	127	94.1900998962	7	5152
1503	130	94.1048810001	3	5155
1504	128	94.0971945518	6	5161
1505	128	94.0025627232	4	5165
1506	126	94.0856594064	1	5166
1507	127	94.0192571711	6	5172
1508	125	94.0128452098	7	5179
1509	130	94.1017688058	2	5181
1510	130	94.0683585631	3	5184
1511	135	94.0552493784	0	5184
1512	135	93.9885981458	1	5185
1513	137	94.0067788984	0	5185
1514	139	94.0772064221	2	5187
1515	138	94.0220187173	6	5193
1516	142	94.0758890742	1	5194
1517	137	94.1664734191	7	5201
1518	142	94.1670192416	3	5204
1519	138	94.1885784241	5	5209
1520	140	94.2547265201	0	5209
1521	141	94.3127338638	6	5215
1522	138	94.3003729504	3	5218
1523	140	94.2059813099	4	5222
1524	139	94.2287037199	6	5228
1525	138	94.2750024085	5	5233
1526	133	94.3668298728	1	5234
1527	136	94.311793483	5	5239
1528	139	94.2675823353	4	5243
1529	134	94.2350143615	3	5246
1530	133	94.3131640766	3	5249
1531	135	94.2589983665	6	5255
1532	131	94.3104340282	2	5257
1533	136	94.3727483062	0	5257
1534	139	94.4311126966	2	5259
1535	140	94.5211155437	0	5259
1536	136	94.4463324093	6	5265
1537	135	94.5048061746	6	5271
1538	140	94.4264137086	2	5273
1539	136	94.5229108468	4	5277
1540	132	94.4633773205	7	5284
1541	132	94.4188675343	5	5289
1542	137	94.3418542851	3	5292
1543	142	94.4040608553	2	5294
1544	139	94.3984339457	2	5296
1545	136	94.403978861	4	5300
1546	136	94.5019263807	1	5301
1547	140	94.4050968406	0	5301
1548	138	94.3276044114	1	5302
1549	140	94.2693901782	4	5306
1550	137	94.2153271391	2	5308
1551	135	94.1276803729	4	5312
1552	140	94.0716638602	2	5314
1553	143	94.074670447	3	5317
1554	141	93.9821582475	1	5318
1555	145	94.0530036995	2	5320
1556	142	94.129684368	6	5326
1557	147	94.2159771625	2	5328
1558	148	94.2965516306	5	5333
1559	151	94.3299226872	7	5340
1560	148	94.30386856	2	5342
1561	146	94.3613353483	4	5346
1562	142	94.307613981	6	5352
1563	140	94.2856068155	5	5357
1564	144	94.214617613	0	5357
1565	139	94.1965494604	0	5357
1566	134	94.2393444052	2	5359
1567	139	94.2249789311	3	5362
1568	140	94.2136565665	6	5368
1569	135	94.2545817348	6	5374
1570	130	94.325450379	1	5375
1571	129	94.3984950222	4	5379
1572	130	94.4802968166	5	5384
1573	135	94.4988236095	7	5391
1574	138	94.4567154225	4	5395
1575	142	94.3691706725	7	5402
1576	145	94.4037205052	1	5403
1577	145	94.3613655416	7	5410
1578	147	94.3468992443	2	5412
1579	146	94.3600808706	0	5412
1580	141	94.3790486086	5	5417
1581	137	94.4015735645	3	5420
1582	136	94.3162669886	7	5427
1583	139	94.2901204598	4	5431
1584	142	94.3211128454	2	5433
1585	145	94.2537973517	1	5434
1586	140	94.219509123	3	5437
1587	145	94.2562956569	2	5439
1588	149	94.3149615572	2	5441
1589	146	94.3251111402	0	5441
1590	149	94.2943589937	4	5445
1591	148	94.2640310444	1	5446
1592	151	94.2534148189	2	5448
1593	148	94.1906475886	5	5453
1594	147	94.2359616398	1	5454
1595	145	94.1495361309	6	5460
1596	148	94.107388902	2	5462
1597	149	94.1544535161	7	5469
1598	145	94.1962038683	2	5471
1599	140	94.1704841653	6	5477
1600	139	94.1796855662	1	5478
1601	138	94.1428148637	5	5483
1602	142	94.2323711953	0	5483
1603	137	94.2933128966	3	5486
1604	136	94.3789883026	7	5493
1605	131	94.4460751028	1	5494
1606	127	94.5347668202	1	5495
1607	127	94.5108134649	1	5496
1608	131	94.4943078488	6	5502
1609	135	94.5344076954	3	5505
1610	131	94.4590460242	5	5510
1611	131	94.4981837618	3	5513
1612	136	94.4875100738	6	5519
1613	138	94.422770057	2	5521
1614	134	94.3447229973	6	5527
1615	131	94.3078326238	3	5530
1616	130	94.4021786265	6	5536
1617	128	94.3602367667	7	5543
1618	124	94.3794251792	1	5544
1619	123	94.3888923922	7	5551
1620	123	94.4161826225	7	5558
1621	119	94.5110485652	7	5565
1622	122	94.5439889831	3	5568
1623	120	94.4510666213	4	5572
1624	121	94.4062114234	5	5577
1625	125	94.3161164796	3	5580
1626	126	94.3624590419	6	5586
1627	122	94.3172690306	3	5589
1628	124	94.2318138319	0	5589
1629	122	94.245552523	6	5595
1630	119	94.3343757281	6	5601
1631	118	94.2735544197	3	5604
1632	121	94.209613596	5	5609
1633	121	94.1941162326	2	5611
1634	123	94.1858167476	1	5612
1635	122	94.1047749356	4	5616
1636	126	94.1025826384	3	5619
1637	131	94.0251986234	6	5625
1638	132	94.0884216728	4	5629
1639	132	94.0485474268	2	5631
1640	133	94.0294868434	6	5637
1641	128	94.1151924604	7	5644
1642	132	94.1846554157	2	5646
1643	137	94.1335381645	0	5646
1644	141	94.0656734112	6	5652
1645	136	94.1341054857	6	5658
1646	140	94.0792473357	3	5661
1647	142	94.1348322546	6	5667
1648	138	94.1559446398	3	5670
1649	142	94.1790117381	4	5674
1650	137	94.1663749355	5	5679
1651	135	94.0872525997	0	5679
1652	140	93.9935029293	3	5682
1653	140	93.905895524	4	5686
1654	136	93.8808286369	3	5689
1655	136	93.7914965824	6	5695
1656	133	93.7046776446	1	5696
1657	137	93.6232298206	6	5702
1658	138	93.600626052	4	5706
1659	140	93.512531469	4	5710
1660	144	93.5853007676	3	5713
1661	147	93.5254295076	1	5714
1662	144	93.4736581894	1	5715
1663	144	93.4728426387	6	5721
1664	148	93.515316635	6	5727
1665	146	93.5968863901	1	5728
1666	147	93.5071974278	7	5735
1667	149	93.4347414905	3	5738
1668	149	93.4422128318	2	5740
1669	145	93.4535133148	4	5744
1670	144	93.5186938819	2	5746
1671	146	93.4250384824	0	5746
1672	147	93.4245074988	4	5750
1673	146	93.3949582814	0	5750
1674	141	93.4145700341	2	5752
1675	145	93.3332702724	7	5759
1676	149	93.3818355211	5	5764
1677	152	93.4626353272	2	5766
1678	157	93.4648761346	3	5769
1679	160	93.4639304802	7	5776
1680	161	93.4763939484	3	5779
1681	160	93.4936578293	1	5780
1682	163	93.5296322392	4	5784
1683	163	93.5349479012	1	5785
1684	158	93.515773586	7	5792
1685	161	93.6144464167	7	5799
1686	159	93.6839756991	4	5803
1687	154	93.6927258772	3	5806
1688	159	93.671410845	1	5807
1689	154	93.6774472123	2	5809
1690	159	93.5916902159	5	5814
1691	161	93.6903516144	3	5817
1692	162	93.6853495068	0	5817
1693	158	93.6855759464	6	5823
1694	156	93.761821847	3	5826
1695	154	93.7035315359	4	5830
1696	154	93.6466725013	4	5834
1697	156	93.6016092131	5	5839
1698	153	93.5837356167	4	5843
1699	157	93.6571302625	7	5850
1700	155	93.719465782	6	5856
1701	153	93.7785358194	3	5859
1702	155	93.831958865	5	5864
1703	154	93.8749984503	4	5868
1704	158	93.8802047704	1	5869
1705	158	93.9451988062	6	5875
1706	157	94.0421352595	5	5880
1707	154	94.0880990551	1	5881
1708	151	94.0787456128	1	5882
1709	151	94.142859337	5	5887
1710	155	94.1506221514	0	5887
1711	152	94.1952905021	4	5891
1712	156	94.2907213553	1	5892
1713	153	94.3267886467	0	5892
1714	156	94.2663499998	4	5896
1715	157	94.2781925913	0	5896
1716	159	94.2190807983	6	5902
1717	155	94.2307756341	4	5906
1718	160	94.2261785035	5	5911
1719	160	94.2138881514	7	5918
1720	159	94.2757453874	5	5923
1721	154	94.2599300844	1	5924
1722	149	94.3428454382	6	5930
1723	148	94.3410807968	5	5935
1724	143	94.2746261435	7	5942
1725	139	94.3515283167	2	5944
1726	135	94.4470542238	2	5946
1727	140	94.3986401858	3	5949
1728	145	94.467429717	4	5953
1729	150	94.3761324074	0	5953
1730	145	94.3144063915	6	5959
1731	143	94.3754341238	2	5961
1732	139	94.437346955	1	5962
1733	134	94.5118967426	0	5962
1734	133	94.4193996054	1	5963
1735	129	94.4442748498	1	5964
1736	134	94.4421554356	0	5964
1737	135	94.4593589898	4	5968
1738	138	94.4071132894	5	5973
1739	143	94.4932165074	2	5975
1740	142	94.4413013829	2	5977
1741	137	94.5408632732	4	5981
1742	135	94.4880092705	1	5982
1743	140	94.5643379664	6	5988
1744	137	94.5858139873	3	5991
1745	137	94.5613333931	3	5994
1746	132	94.5002816831	4	5998
1747	130	94.4851570691	6	6004
1748	126	94.5098169182	3	6007
1749	123	94.560129751	0	6007
1750	122	94.5768119857	4	6011
1751	121	94.5522760112	0	6011
1752	118	94.5159123321	1	6012
1753	121	94.4226393969	7	6019
1754	125	94.5166045949	7	6026
1755	124	94.4422417822	2	6028
1756	126	94.3665010428	1	6029
1757	127	94.2794263362	2	6031
1758	123	94.1927042384	3	6034
1759	118	94.2142837582	2	6036
1760	116	94.2164729194	7	6043
1761	112	94.1201814647	6	6049
1762	112	94.0831941063	4	6053
1763	112	94.1460293783	2	6055
1764	110	94.1416578533	6	6061
1765	105	94.07298477	7	6068
1766	105	94.0649907943	4	6072
1767	105	94.1329942972	7	6079
1768	105	94.0792597483	0	6079
1769	110	94.0013070396	3	6082
1770	107	93.9885137513	3	6085
1771	103	93.9756256654	1	6086
1772	101	94.0190271425	7	6093
1773	102	94.0751878484	1	6094
1774	105	93.9887644576	2	6096
1775	102	93.9861943956	4	6100
1776	100	93.9725184334	3	6103
1777	99	93.9866667229	3	6106
1778	98	94.0330682922	7	6113
1779	100	94.0078656212	1	6114
1780	98	94.0705855776	0	6114
1781	103	93.9937452423	4	6118
1782	107	94.0730985737	2	6120
1783	110	94.1244745278	5	6125
1784	111	94.0971406644	2	6127
1785	112	94.0721598574	6	6133
1786	110	94.0765411828	0	6133
1787	111	94.0644559965	1	6134
1788	115	94.1027133748	5	6139
1789	116	94.1373091557	3	6142
1790	121	94.1724218218	5	6147
1791	122	94.2454161994	0	6147
1792	124	94.2069709691	4	6151
1793	127	94.3053907841	7	6158
1794	126	94.2197505248	2	6160
1795	130	94.1622246519	5	6165
1796	133	94.1469718442	2	6167
1797	128	94.2300666268	5	6172
1798	133	94.2443816535	0	6172
1799	136	94.1936954263	5	6177
1800	141	94.2612202678	5	6182
1801	143	94.3068168494	6	6188
1802	144	94.223281914	1	6189
1803	142	94.1309271425	5	6194
1804	141	94.1193273036	2	6196
1805	144	94.1379645706	1	6197
1806	146	94.0702321884	4	6201
1807	141	94.058026171	5	6206
1808	145	94.0126671719	4	6210
1809	144	93.9621454446	2	6212
1810	140	94.0105528911	6	6218
1811	139	94.0532251937	6	6224
1812	142	94.1395463928	3	6227
1813	138	94.2193593814	1	6228
1814	136	94.314349187	4	6232
1815	140	94.3605895607	3	6235
1816	145	94.4213649006	5	6240
1817	147	94.5192741828	7	6247
1818	149	94.5849230331	7	6254
1819	151	94.6224385227	0	6254
1820	150	94.5481936189	1	6255
1821	153	94.5354973374	3	6258
1822	153	94.5869993765	6	6264
1823	158	94.6504735309	3	6267
1824	161	94.6788200256	7	6274
1825	161	94.7487004049	3	6277
1826	161	94.749493313	1	6278
1827	164	94.7425961113	0	6278
1828	159	94.7111701115	2	6280
1829	158	94.7897278307	1	6281
1830	163	94.7555952617	6	6287
1831	168	94.8511087909	0	6287
1832	166	94.7934576007	0	6287
1833	164	94.8702830646	0	6287
1834	164	94.9592223905	6	6293
1835	165	95.0289837902	2	6295
1836	160	94.9785176274	6	6301
1837	160	95.0474136389	2	6303
1838	158	94.9789209564	4	6307
1839	161	95.0197763867	0	6307
1840	156	95.0239258282	4	6311
1841	151	95.1076252334	7	6318
1842	153	95.1023418873	5	6323
1843	150	95.068486646	7	6330
1844	148	95.1580259959	2	6332
1845	144	95.0890292259	1	6333
1846	144	95.1819451283	2	6335
1847	145	95.2754295154	1	6336
1848	142	95.2444765669	5	6341
1849	147	95.1450503626	1	6342
1850	149	95.1258225215	1	6343
1851	144	95.0623806542	5	6348
1852	139	95.0774237559	5	6353
1853	144	95.0183925241	2	6355
1854	143	94.949521792	4	6359
1855	142	95.0436977545	5	6364
1856	142	95.0858800978	4	6368
1857	145	95.0575802807	7	6375
1858	148	95.0119536326	4	6379
1859	145	94.9723308849	4	6383
1860	147	94.9259716633	1	6384
1861	150	94.8612249375	4	6388
1862	146	94.7724801026	3	6391
1863	143	94.6923326235	5	6396
1864	139	94.7304036745	0	6396
1865	140	94.7868997468	5	6401
1866	143	94.783659499	5	6406
1867	147	94.8799152316	6	6412
1868	147	94.9201507945	2	6414
1869	144	95.0136419422	1	6415
1870	142	94.9532147227	3	6418
1871	141	95.0068522955	7	6425
1872	136	94.954929449	7	6432
1873	133	94.9053890452	4	6436
1874	138	94.8777720216	0	6436
1875	141	94.8423042734	5	6441
1876	144	94.9195587673	1	6442
1877	147	94.8198945014	7	6449
1878	142	94.7580627189	7	6456
1879	144	94.8158854043	0	6456
1880	142	94.9125279563	0	6456
1881	137	94.8212034196	6	6462
1882	140	94.831768562	5	6467
1883	142	94.8640456624	4	6471
1884	139	94.8759777041	7	6478
1885	134	94.7974781811	0	6478
1886	134	94.7297516777	5	6483
1887	137	94.7298886991	2	6485
1888	139	94.6523847026	6	6491
1889	136	94.5822008925	0	6491
1890	134	94.6580310608	5	6496
1891	129	94.6296416481	0	6496
1892	129	94.6259016704	1	6497
1893	129	94.6863747391	7	6504
1894	127	94.7127438772	7	6511
1895	122	94.7014184902	3	6514
1896	117	94.7410771374	5	6519
1897	115	94.6614883389	5	6524
1898	119	94.5813146274	7	6531
1899	120	94.4953678169	1	6532
1900	117	94.515532001	3	6535
1901	116	94.5559365661	6	6541
1902	121	94.5698942413	0	6541
1903	123	94.4781942197	6	6547
1904	126	94.3985049563	3	6550
1905	131	94.3351594343	5	6555
1906	131	94.3895168168	7	6562
1907	134	94.3246094684	1	6563
1908	133	94.2741680436	6	6569
1909	130	94.1799815513	4	6573
1910	132	94.1044555945	6	6579
1911	129	94.0764773127	0	6579
1912	124	94.0491239094	0	6579
1913	124	93.9513528728	7	6586
1914	119	94.0368861863	0	6586
1915	122	93.9537824723	6	6592
1916	127	93.9701165357	4	6596
1917	131	93.8890817628	1	6597
1918	128	93.8714634868	5	6602
1919	123	93.8941111175	6	6608
1920	122	93.9402252553	6	6614
1921	120	93.842017722	2	6616
1922	118	93.8630205246	0	6616
1923	114	93.8323874603	1	6617
1924	114	93.8668724421	2	6619
1925	113	93.7700990125	1	6620
1926	115	93.6987207451	3	6623
1927	117	93.7183643821	2	6625
1928	115	93.6262752347	0	6625
1929	113	93.5867368931	7	6632
1930	110	93.4878199983	5	6637
1931	112	93.5207021757	2	6639
1932	107	93.6007028624	5	6644
1933	108	93.6308141623	0	6644
1934	112	93.6632810633	3	6647
1935	115	93.671896036	0	6647
1936	113	93.6708726262	0	6647
1937	118	93.6184731276	5	6652
1938	114	93.5451291976	7	6659
1939	115	93.512689201	3	6662
1940	110	93.4497295474	3	6665
1941	106	93.5452552165	2	6667
1942	103	93.6054883877	3	6670
1943	108	93.6293045203	4	6674
1944	110	93.6164051313	6	6680
1945	111	93.6521347044	6	6686
1946	107	93.5728155488	7	6693
1947	105	93.5653417572	5	6698
1948	108	93.5340216227	1	6699
1949	109	93.5720271911	0	6699
1950	106	93.5896323213	7	6706
1951	104	93.5353202953	4	6710
1952	102	93.5410515741	3	6713
1953	106	93.6215295671	3	6716
1954	105	93.6877617163	1	6717
1955	109	93.7613734564	1	6718
1956	107	93.8311248045	6	6724
1957	105	93.8003580482	1	6725
1958	110	93.7331440323	1	6726
1959	109	93.8316727363	3	6729
1960	112	93.7958279186	1	6730
1961	110	93.8779521335	6	6736
1962	115	93.8026140232	7	6743
1963	110	93.7129513939	7	6750
1964	115	93.7691053779	5	6755
1965	110	93.6966146273	1	6756
1966	106	93.635598626	7	6763
1967	106	93.6874106458	0	6763
1968	106	93.7585378705	7	6770
1969	105	93.6831167809	4	6774
1970	107	93.6767409108	7	6781
1971	103	93.6212292239	1	6782
1972	105	93.7061049713	0	6782
1973	101	93.773165671	4	6786
1974	105	93.7495488211	3	6789
1975	104	93.7367471546	1	6790
1976	101	93.7520769782	5	6795
1977	105	93.761262781	2	6797
1978	102	93.8146092574	1	6798
1979	100	93.9080040149	1	6799
1980	105	93.8472701983	7	6806
1981	109	93.946471755	0	6806
1982	106	93.9165158305	1	6807
1983	108	94.0127471946	5	6812
1984	108	93.9437188427	6	6818
1985	113	94.0263159499	5	6823
1986	110	94.1187827632	7	6830
1987	112	94.1408989737	4	6834
1988	108	94.1648008582	5	6839
1989	107	94.0881720831	4	6843
1990	109	94.0307580888	5	6848
1991	110	93.9441086028	0	6848
1992	106	94.0198387822	5	6853
1993	110	93.9250651233	5	6858
1994	113	93.8423661833	7	6865
1995	117	93.9026178756	3	6868
1996	120	93.9501488362	5	6873
1997	118	93.9609134256	6	6879
1998	116	93.870984759	0	6879
1999	112	93.8857726423	4	6883
2000	108	93.7914322187	3	6886
2001	112	93.7436000491	6	6892
2002	113	93.8053741862	4	6896
2003	117	93.7115183508	4	6900
2004	121	93.6696858108	3	6903
2005	119	93.6337382484	1	6904
2006	124	93.539759553	3	6907
2007	125	93.5664595802	1	6908
2008	121	93.5239335661	1	6909
2009	126	93.5296037484	2	6911
2010	127	93.4308312917	4	6915
2011	131	93.4293334591	1	6916
2012	131	93.4244068345	6	6922
2013	129	93.3453955524	6	6928
2014	125	93.3021075334	7	6935
2015	124	93.294244678	6	6941
2016	126	93.2851979442	0	6941
2017	127	93.2353745669	2	6943
2018	129	93.3111142742	5	6948
2019	132	93.2557828805	0	6948
2020	135	93.2097876314	1	6949
2021	139	93.1544860551	2	6951
2022	141	93.0659803491	7	6958
2023	138	92.9999347172	4	6962
2024	140	93.011526463	5	6967
2025	139	92.9820706432	5	6972
2026	135	92.8961744613	0	6972
2027	134	92.8164468125	3	6975
2028	136	92.8802965346	6	6981
2029	138	92.8040204166	7	6988
2030	142	92.8087509184	5	6993
2031	143	92.733139118	2	6995
2032	140	92.7878027702	6	7001
2033	137	92.7216633638	4	7005
2034	133	92.6860529335	2	7007
2035	135	92.7847970655	5	7012
2036	132	92.8144751371	4	7016
2037	131	92.7840057676	3	7019
2038	127	92.7713165875	7	7026
2039	124	92.6879085634	6	7032
2040	122	92.6241077634	6	7038
2041	126	92.5598681903	2	7040
2042	129	92.6274485033	3	7043
2043	126	92.5290108392	4	7047
2044	122	92.4702962799	6	7053
2045	125	92.5436231332	4	7057
2046	121	92.5725611153	3	7060
2047	125	92.5883164775	0	7060
2048	120	92.59595828	3	7063
2049	125	92.6904371079	3	7066
2050	122	92.6462291042	1	7067
2051	119	92.6670725065	1	7068
2052	116	92.6522382194	0	7068
2053	120	92.6729754506	2	7070
2054	115	92.7280688354	1	7071
2055	120	92.6734018197	1	7072
2056	116	92.7159153727	2	7074
2057	116	92.6590202275	4	7078
2058	119	92.59764442	7	7085
2059	114	92.6267733164	6	7091
2060	110	92.5698919841	5	7096
2061	113	92.5323273462	4	7100
2062	113	92.62661627	0	7100
2063	118	92.6117972089	3	7103
2064	122	92.6131881779	1	7104
2065	119	92.6215969861	2	7106
2066	124	92.6043229592	6	7112
2067	127	92.5666111375	4	7116
2068	126	92.6321047315	6	7122
2069	122	92.5780328633	0	7122
2070	122	92.6222752935	6	7128
2071	120	92.6977909066	0	7128
2072	125	92.7525338086	6	7134
2073	123	92.6737067789	1	7135
2074	122	92.6608314904	0	7135
2075	126	92.6149452095	5	7140
2076	121	92.5388034915	0	7140
2077	124	92.632958597	2	7142
2078	127	92.6772519889	3	7145
2079	126	92.7261354197	0	7145
2080	129	92.8154347801	3	7148
2081	134	92.8546680377	2	7150
2082	132	92.8617425162	7	7157
2083	136	92.7935407133	0	7157
2084	135	92.7131364606	3	7160
2085	133	92.6852247592	2	7162
2086	128	92.6383488405	2	7164
2087	133	92.6503604872	2	7166
2088	132	92.5582130396	5	7171
2089	130	92.5185710859	6	7177
2090	133	92.6004102198	5	7182
2091	131	92.6838719478	7	7189
2092	128	92.6856449294	1	7190
2093	127	92.590053514	5	7195
2094	127	92.638888734	6	7201
2095	129	92.7151130143	3	7204
2096	124	92.8006467348	2	7206
2097	120	92.7549110779	4	7210
2098	119	92.7232957292	4	7214
2099	120	92.668612518	0	7214
2100	125	92.5743616014	6	7220
2101	120	92.598716901	5	7225
2102	123	92.5037215095	4	7229
2103	122	92.5548827295	7	7236
2104	125	92.624176532	4	7240
2105	130	92.7031504326	6	7246
2106	125	92.7185627498	2	7248
2107	120	92.6368521006	2	7250
2108	118	92.5591682112	2	7252
2109	122	92.5383475825	7	7259
2110	124	92.5884918495	6	7265
2111	129	92.5036837857	6	7271
2112	127	92.5216438472	0	7271
2113	125	92.5639024341	1	7272
2114	120	92.6056262607	6	7278
2115	120	92.5797358698	2	7280
2116	115	92.5803909548	5	7285
2117	114	92.5979785734	7	7292
2118	113	92.6087916876	5	7297
2119	110	92.6363571838	6	7303
2120	108	92.581605471	7	7310
2121	105	92.6411307077	7	7317
2122	102	92.6855684148	0	7317
2123	103	92.6027756165	4	7321
2124	102	92.50430957	0	7321
2125	98	92.5660954421	0	7321
2126	97	92.4986944935	3	7324
2127	99	92.5817105735	0	7324
2128	101	92.4909471712	2	7326
2129	105	92.3974532604	0	7326
2130	102	92.3661608733	1	7327
2131	103	92.3041569675	6	7333
2132	102	92.3560928876	0	7333
2133	105	92.285577169	0	7333
2134	106	92.2079073828	1	7334
2135	101	92.2458561868	0	7334
2136	97	92.3324060769	2	7336
2137	99	92.4318699926	7	7343
2138	104	92.5163388528	6	7349
2139	102	92.5875266497	5	7354
2140	107	92.6664614486	3	7357
2141	105	92.6276424605	2	7359
2142	102	92.5400618365	1	7360
2143	101	92.6181677518	0	7360
2144	101	92.7025648275	4	7364
2145	98	92.7434858915	5	7369
2146	97	92.8367762773	2	7371
2147	99	92.9240575812	6	7377
2148	95	92.9366957388	6	7383
2149	99	92.9409156955	3	7386
2150	101	92.9171363784	1	7387
2151	97	92.9255984987	1	7388
2152	93	92.8260048487	4	7392
2153	88	92.8500895691	6	7398
2154	84	92.7626655571	3	7401
2155	79	92.8605490676	6	7407
2156	84	92.9135164981	1	7408
2157	87	92.9225646232	2	7410
2158	90	92.8956839536	6	7416
2159	91	92.9315442892	0	7416
2160	86	92.9477552571	4	7420
2161	82	93.0108026827	4	7424
2162	80	93.0339031999	4	7428
2163	79	93.079227324	1	7429
2164	82	93.1603538805	4	7433
2165	83	93.1466819615	7	7440
2166	78	93.1465077649	2	7442
2167	79	93.1658950636	2	7444
2168	80	93.2146089686	2	7446
2169	75	93.1459899793	4	7450
2170	71	93.1256371483	1	7451
2171	75	93.191498251	1	7452
2172	73	93.1922705968	1	7453
2173	76	93.2440285948	5	7458
2174	75	93.3372827544	6	7464
2175	78	93.2997979079	7	7471
2176	73	93.3268303488	4	7475
2177	74	93.2308705379	5	7480
2178	72	93.205885625	3	7483
2179	76	93.1129806925	7	7490
2180	76	93.207925872	0	7490
2181	79	93.2282873479	4	7494
2182	82	93.1918383346	7	7501
2183	82	93.2359475899	0	7501
2184	79	93.2811430151	1	7502
2185	82	93.2129136091	7	7509
2186	86	93.3025618292	7	7516
2187	90	93.3853777523	6	7522
2188	90	93.344236924	4	7526
2189	91	93.3153330843	7	7533
2190	94	93.366381759	6	7539
2191	99	93.4594101721	2	7541
2192	104	93.4965411344	1	7542
2193	105	93.4530882072	7	7549
2194	101	93.4709064618	4	7553
2195	106	93.4946396457	5	7558
2196	104	93.580069452	2	7560
2197	109	93.6794904977	4	7564
2198	105	93.6341937569	6	7570
2199	110	93.5645528631	4	7574
2200	106	93.6477658507	7	7581
2201	104	93.6174400876	6	7587
2202	100	93.5602360856	0	7587
2203	102	93.4754026541	5	7592
2204	107	93.3803937701	6	7598
2205	110	93.3448432025	0	7598
2206	113	93.351504742	6	7604
2207	118	93.3077671356	6	7610
2208	119	93.2495561326	6	7616
