1	126	2	94.9480334776
2	122	7	94.8682092329
3	119	9	94.896378955
4	124	12	94.8323268192
5	127	12	94.8794153889
6	131	16	94.8908703687
7	135	20	94.7938865475
8	138	25	94.8545557111
9	136	25	94.930957415
10	137	31	94.9193936412
11	137	33	95.0065788738
12	141	39	95.0139490096
13	146	39	94.9771092449
14	151	39	95.0010740674
15	146	44	94.9913314688
16	141	49	94.9471151857
17	142	49	94.8995782015
18	146	55	94.8906553726
19	147	55	94.9384733497
20	142	62	94.9139384344
21	139	63	94.9503210626
22	137	66	94.9330669612
23	137	72	94.8484041729
24	142	73	94.9014677064
25	137	77	94.9312493456
26	136	84	94.8598894855
27	132	84	94.9525264687
28	129	87	94.8778314938
29	132	91	94.9514251138
30	135	95	94.9635110931
31	137	96	94.9260331179
32	135	102	94.8320344686
33	138	105	94.7428920672
34	143	109	94.8225758837
35	139	114	94.8224455501
36	136	121	94.8262333604
37	137	128	94.7278099988
38	140	134	94.7767922967
39	142	139	94.7102306637
40	139	143	94.6987844501
41	142	146	94.6355477793
42	143	146	94.5571128575
43	141	151	94.5776751802
44	138	157	94.5163050431
45	139	164	94.6162791778
46	142	166	94.522005082
47	142	167	94.5767707208
48	143	170	94.6338218092
49	148	177	94.7100441373
50	146	180	94.6952682924
51	143	182	94.6423224402
52	138	184	94.5560691123
53	134	191	94.6383150439
54	132	195	94.703197127
55	132	199	94.6801168841
56	129	199	94.6200600503
57	132	203	94.6376445878
58	136	210	94.6524749772
59	134	212	94.6757105747
60	131	215	94.7355664305
61	132	222	94.6810999741
62	130	224	94.5842888404
63	128	230	94.5777664177
64	131	236	94.591168717
65	136	238	94.5964961881
66	132	245	94.5065957909
67	131	249	94.460396111
68	126	254	94.5525683061
69	128	258	94.4533213941
70	128	260	94.3913325108
71	131	261	94.3126363578
72	130	268	94.3294251991
73	126	274	94.2538956351
74	126	274	94.295848253
75	129	281	94.3531882142
76	128	285	94.2636132852
77	131	287	94.2813228881
78	136	293	94.3100676435
79	140	298	94.3508927152
80	144	299	94.4146163402
81	148	306	94.3762784613
82	146	308	94.3586894594
83	150	312	94.3240944655
84	152	312	94.3438978992
85	151	318	94.4246101305
86	146	324	94.3301918466
87	144	330	94.2524425196
88	149	335	94.3219334349
89	154	336	94.3001545478
90	157	336	94.2072368551
91	161	343	94.2241681359
92	161	347	94.2883144956
93	160	348	94.2144418762
94	164	355	94.2416981567
95	169	355	94.1627232943
96	165	361	94.1693658636
97	165	368	94.1227776935
98	168	368	94.0583823215
99	164	372	94.020364634
100	166	372	94.0504650007
101	166	377	94.0215843558
102	168	379	93.9452527409
103	170	386	93.8806491141
104	169	393	93.8035108749
105	174	395	93.7656524848
106	170	395	93.8204493524
107	173	402	93.86116542
108	170	404	93.7957632219
109	169	406	93.7748649856
110	170	410	93.8171569663
111	173	417	93.8878369397
112	170	421	93.962066135
113	170	427	93.8697912308
114	174	427	93.8572263796
115	173	432	93.9533533208
116	173	435	94.0132900176
117	170	442	94.0660664196
118	174	446	94.0416848126
119	179	447	94.0136392843
120	183	449	94.0482911134
121	182	454	94.1011077929
122	182	456	94.1389345999
123	179	462	94.0971681999
124	181	465	94.1966488339
125	178	468	94.1671089492
126	181	470	94.1299453086
127	178	473	94.185780763
128	183	474	94.116589763
129	179	475	94.122476659
130	178	482	94.1351497041
131	176	485	94.0469696512
132	173	485	94.1007624611
133	168	486	94.0433603355
134	172	489	94.0978963183
135	173	495	94.1045464251
136	176	500	94.1522377583
137	179	502	94.1238366339
138	174	505	94.1790112993
139	170	509	94.2472184003
140	170	513	94.3363082607
141	166	519	94.3303937058
142	164	522	94.3665566412
143	166	527	94.4379192454
144	162	527	94.4646692702
145	162	527	94.4413021301
146	165	532	94.3760957749
147	170	535	94.4257115001
148	175	538	94.4538132515
149	175	543	94.4608566862
150	173	543	94.4333627726
151	173	545	94.4550676591
152	168	548	94.4037721035
153	168	548	94.3278816264
154	169	555	94.4066361195
155	164	559	94.3648174397
156	159	565	94.3246439139
157	161	565	94.2436935936
158	159	571	94.294123288
159	164	577	94.2930391995
160	161	583	94.2482072637
161	164	589	94.3330991326
162	165	590	94.410757792
163	166	595	94.3682536407
164	161	595	94.3680086054
165	156	598	94.298070741
166	156	605	94.2229845095
167	158	609	94.2529378057
168	163	611	94.2049421545
169	163	618	94.2589026383
170	168	618	94.3232560145
171	173	618	94.2542956343
172	171	622	94.2322804702
173	175	626	94.2740012934
174	176	631	94.2460135834
175	174	631	94.2072519647
176	170	638	94.2875972859
177	169	642	94.2355650122
178	173	649	94.144435727
179	173	651	94.0957714825
180	177	652	94.1312308075
181	172	652	94.0480973959
182	175	655	94.0089089293
183	177	657	94.045586611
184	174	657	94.0216261973
185	173	663	93.9998840376
186	171	667	93.910639033
187	174	667	93.8369876872
188	172	674	93.7583990396
189	169	681	93.8159323727
190	169	688	93.747665504
191	170	689	93.8323228847
192	171	693	93.8723078743
193	169	693	93.8385185603
194	167	698	93.7410444679
195	165	699	93.7212422717
196	170	700	93.7359585002
197	174	702	93.7677616217
198	172	709	93.7670709007
199	174	710	93.8123929978
200	177	713	93.7807144153
201	172	715	93.7302569473
202	170	722	93.7948737029
203	165	724	93.8511817738
204	165	731	93.919427882
205	165	732	93.9105047362
206	165	738	94.0092140438
207	166	743	93.9271306974
208	169	745	93.9671323947
209	169	746	94.041559398
210	166	752	94.0822762497
211	170	756	94.0413029381
212	172	763	94.0978377588
213	176	767	94.0579048838
214	174	768	93.9847485225
215	176	772	94.0779672486
216	176	774	94.145005216
217	181	781	94.1113879586
218	183	787	94.0602913361
219	185	790	94.0975691949
220	181	790	94.1890499676
221	183	790	94.0891538278
222	183	793	94.1880407264
223	181	800	94.1090959089
224	180	804	94.2032154132
225	176	808	94.2621186021
226	180	812	94.1885330749
227	179	812	94.1379221931
228	182	816	94.0630814179
229	182	821	94.0935559831
230	179	824	94.051877237
231	179	825	94.1495531691
232	175	827	94.1338769856
233	176	828	94.2213416136
234	171	828	94.1667468927
235	175	830	94.2076198142
236	171	830	94.2699039964
237	167	836	94.295312944
238	168	843	94.298585236
239	167	850	94.2886498991
240	164	851	94.2836907014
241	162	851	94.2541671677
242	160	856	94.318973017
243	158	858	94.361138582
244	160	865	94.3873876613
245	159	870	94.3127583315
246	162	877	94.2234393814
247	161	879	94.2258545307
248	162	883	94.2496508318
249	162	886	94.1989298526
250	158	893	94.1069698617
251	160	899	94.0677211276
252	162	906	94.0316818905
253	158	906	93.9718405499
254	160	912	94.0412724512
255	156	916	94.1304873395
256	154	920	94.1051193151
257	157	921	94.1665129112
258	159	924	94.1843099695
259	157	927	94.2726108355
260	158	934	94.3665660439
261	155	936	94.3321460293
262	160	942	94.2417076019
263	161	947	94.2639513744
264	156	950	94.3594239572
265	161	950	94.3341546361
266	166	954	94.3083951171
267	171	954	94.2799807798
268	172	954	94.3312479865
269	173	956	94.2485696719
270	177	960	94.1712045891
271	172	963	94.270756677
272	172	969	94.2102776
273	169	973	94.2996135873
274	170	979	94.2139084671
275	168	979	94.2885241023
276	163	984	94.25752191
277	164	989	94.2994567667
278	166	993	94.3803260579
279	170	998	94.2938814117
280	166	1004	94.2552673385
281	169	1004	94.3366245127
282	167	1008	94.4288334934
283	171	1014	94.3841465931
284	170	1020	94.4709081841
285	165	1021	94.5218258962
286	162	1026	94.4743889526
287	160	1028	94.5616606704
288	165	1034	94.5929970405
289	164	1037	94.4970679331
290	163	1039	94.4259095783
291	159	1045	94.4215410176
292	158	1047	94.5072303088
293	158	1054	94.5212526651
294	159	1061	94.4568973836
295	158	1067	94.4566091018
296	153	1072	94.4987019134
297	152	1078	94.4590490283
298	151	1084	94.4346985319
299	151	1084	94.3854165485
300	149	1088	94.328605237
301	150	1090	94.3109760514
302	147	1096	94.3563263263
303	149	1096	94.3919846649
304	154	1101	94.3326380976
305	156	1107	94.3900450855
306	154	1107	94.299063494
307	155	1110	94.2223342542
308	151	1112	94.2579539285
309	156	1116	94.3221239893
310	157	1119	94.2762802023
311	155	1123	94.1881960005
312	159	1128	94.2210898069
313	161	1128	94.2117664487
314	166	1134	94.1511710543
315	163	1141	94.1020853376
316	163	1147	94.0518288878
317	158	1149	93.9620880384
318	153	1152	94.0340277829
319	156	1157	94.0563471346
320	154	1159	94.156273355
321	156	1159	94.1900839936
322	157	1161	94.2328328808
323	155	1163	94.1738375017
324	160	1165	94.194052254
325	159	1165	94.2880354997
326	162	1170	94.2897690454
327	163	1171	94.2584577096
328	161	1177	94.2826239847
329	164	1184	94.2877701259
330	163	1190	94.3422958631
331	160	1192	94.4104451546
332	160	1198	94.3379138486
333	158	1200	94.2789500478
334	154	1202	94.3716085358
335	154	1207	94.4705391565
336	151	1213	94.4613137901
337	156	1218	94.3756367203
338	151	1225	94.4021914669
339	153	1226	94.3612426867
340	152	1227	94.2736176993
341	147	1229	94.3198552514
342	143	1230	94.3633967654
343	140	1237	94.2773281267
344	137	1244	94.2153232003
345	142	1246	94.2817551
346	137	1253	94.2982380171
347	132	1255	94.3360146034
348	136	1257	94.2831697015
349	131	1257	94.2904798994
350	129	1261	94.2145202639
351	126	1265	94.3066666931
352	126	1272	94.2083281628
353	128	1275	94.2171799463
354	131	1280	94.1427139685
355	133	1285	94.1724424959
356	132	1292	94.1380493442
357	133	1297	94.1233291992
358	130	1299	94.0989980563
359	130	1301	94.0175303043
360	127	1303	94.0340732124
361	132	1307	93.9565939148
362	128	1311	94.0303268034
363	123	1315	93.9747821953
364	121	1318	93.9951569157
365	120	1318	93.992077645
366	119	1321	93.9973355418
367	119	1326	93.9329407681
368	116	1333	94.0193863584
369	112	1335	94.1160189761
370	115	1336	94.0233092003
371	111	1336	94.0028463505
372	107	1338	93.9513638411
373	103	1343	94.0049346946
374	100	1344	93.9277680093
375	104	1346	93.8975691055
376	103	1351	93.8934498215
377	101	1356	93.9325312549
378	104	1363	93.9754788698
379	106	1368	93.8858525698
380	108	1375	93.8722206444
381	112	1381	93.8841561508
382	113	1386	93.7936039012
383	109	1389	93.7259509474
384	105	1393	93.6372299745
385	110	1395	93.7238437663
386	115	1400	93.7771436529
387	113	1406	93.8715414024
388	110	1412	93.9059569418
389	105	1415	93.8915561519
390	106	1422	93.9202182038
391	104	1424	93.992083101
392	107	1425	93.9419322194
393	109	1428	93.9831761145
394	109	1428	94.0210427165
395	106	1433	93.9644665581
396	103	1440	94.0643503177
397	99	1447	93.9751007875
398	99	1450	93.9569652331
399	104	1452	93.9601554361
400	100	1459	93.92136055
401	104	1465	94.0102898684
402	103	1470	93.9438616921
403	100	1474	94.0256059085
404	100	1479	94.0422024466
405	95	1486	94.0973284529
406	96	1487	94.1180013272
407	101	1492	94.1610794893
408	103	1496	94.098766443
409	105	1497	94.1353334336
410	109	1497	94.2134601029
411	113	1500	94.1993509341
412	115	1500	94.2148820102
413	119	1507	94.2426113345
414	114	1509	94.2592824166
415	115	1515	94.2428706307
416	112	1521	94.3023511253
417	110	1524	94.2419259872
418	112	1525	94.2043882318
419	110	1532	94.1973948839
420	110	1535	94.1397213397
421	114	1538	94.0680613259
422	115	1538	93.9875668218
423	110	1544	94.0719141789
424	108	1544	94.1198014898
425	106	1548	94.060361822
426	109	1551	94.017724192
427	112	1552	94.0403566217
428	112	1558	94.1090562295
429	116	1561	94.1811844639
430	120	1561	94.2683256587
431	122	1567	94.1915833283
432	117	1567	94.1439430943
433	117	1572	94.0499974215
434	120	1578	94.1143403608
435	125	1583	94.1936529933
436	130	1589	94.2061877551
437	133	1589	94.2707704909
438	129	1592	94.3084952965
439	133	1592	94.2553920089
440	135	1596	94.219885728
441	136	1602	94.1397078732
442	140	1605	94.1598569686
443	139	1609	94.1315767275
444	140	1614	94.0758765887
445	142	1617	94.0248622289
446	140	1623	94.0825915252
447	140	1625	93.9847742507
448	144	1625	94.0135293641
449	147	1631	93.9247088085
450	146	1631	94.0087720226
451	141	1638	94.056858476
452	141	1642	93.9780097882
453	139	1645	93.9499912242
454	135	1652	93.9248404494
455	132	1658	93.8656328232
456	136	1661	93.8089122603
457	140	1668	93.8425902298
458	139	1671	93.7440623891
459	143	1673	93.8296952573
460	139	1678	93.7566478348
461	135	1680	93.7037855456
462	133	1681	93.6205116615
463	133	1685	93.559179736
464	134	1686	93.6115315382
465	138	1686	93.6056940265
466	141	1687	93.6279018989
467	137	1689	93.7060275669
468	140	1693	93.7235801221
469	138	1695	93.7486761584
470	143	1701	93.7138799039
471	145	1704	93.7812911263
472	140	1706	93.7346059804
473	143	1708	93.7719874132
474	144	1708	93.7618657704
475	142	1709	93.6978696262
476	140	1709	93.6913324465
477	142	1710	93.7240624977
478	145	1711	93.8112272622
479	149	1716	93.8890478872
480	151	1723	93.8938004292
481	148	1726	93.8935968536
482	145	1733	93.9706910941
483	140	1738	93.9086351491
484	144	1742	93.9328417878
485	147	1744	93.979312818
486	151	1751	93.9900373041
487	152	1751	94.0111501556
488	150	1752	94.1038704643
489	147	1753	94.0469746381
490	149	1753	94.038313586
491	146	1760	94.0505689667
492	147	1766	94.0783538117
493	143	1769	94.1003271388
494	140	1770	94.1919018696
495	136	1774	94.1109145798
496	136	1778	94.0115623442
497	133	1782	94.103204449
498	138	1786	94.1489901111
499	143	1792	94.1276675741
500	142	1793	94.2003221499
501	147	1793	94.1426773247
502	151	1793	94.2074973387
503	156	1793	94.1386132326
504	155	1800	94.117151253
505	155	1805	94.2107668102
506	153	1811	94.1744523702
507	152	1817	94.1648433214
508	156	1818	94.2338235514
509	160	1818	94.1600924644
510	163	1822	94.0895590343
511	165	1829	94.0127390586
512	166	1833	93.9835955507
513	161	1836	93.9455814623
514	165	1838	93.9519588509
515	165	1842	93.963487847
516	168	1843	94.0310477896
517	168	1850	94.0640307186
518	169	1850	94.1581308057
519	167	1855	94.1579906448
520	167	1857	94.1677789367
521	167	1859	94.0917847743
522	163	1864	93.9992487802
523	162	1865	94.0823360852
524	161	1869	94.1238935247
525	159	1875	94.1911031704
526	155	1882	94.1868299109
527	154	1889	94.1847070056
528	159	1893	94.2061162003
529	163	1900	94.302260015
530	167	1900	94.3126876006
531	164	1907	94.2494859325
532	159	1908	94.2796393964
533	161	1914	94.3487342233
534	159	1917	94.2659773838
535	161	1924	94.2004352286
536	162	1931	94.2421687874
537	164	1938	94.1492728186
538	163	1942	94.164169045
539	167	1943	94.1578706469
540	168	1947	94.1155476643
541	163	1953	94.1072389573
542	165	1955	94.165288854
543	165	1955	94.1900808549
544	167	1956	94.1614937996
545	166	1962	94.1899453056
546	171	1965	94.2151193466
547	176	1969	94.1733060068
548	178	1972	94.0942245369
549	174	1975	94.1632351889
550	174	1975	94.0818690523
551	177	1982	94.0798816149
552	176	1987	94.1037894357
553	179	1987	94.1126861541
554	181	1994	94.1810926789
555	182	1998	94.2798160787
556	187	2000	94.3338547542
557	186	2006	94.3022134784
558	183	2008	94.3521887079
559	187	2015	94.3004810984
560	184	2020	94.3109556263
561	179	2022	94.2577711694
562	181	2026	94.3534169282
563	180	2030	94.300665396
564	177	2032	94.3412879828
565	175	2034	94.3613438377
566	176	2036	94.36127553
567	175	2038	94.4302953392
568	171	2042	94.3579248098
569	168	2049	94.2991768981
570	173	2051	94.3344681574
571	174	2055	94.2512837763
572	169	2056	94.2498651222
573	164	2058	94.1650402817
574	168	2061	94.2248857501
575	165	2067	94.2690320823
576	162	2072	94.1725079802
577	167	2073	94.2298614122
578	163	2076	94.2252462341
579	162	2082	94.1695598342
580	157	2086	94.2381570656
581	156	2086	94.1994516874
582	156	2087	94.232262398
583	159	2094	94.2649993647
584	158	2097	94.3064852109
585	155	2103	94.206527274
586	154	2105	94.1161985317
587	158	2106	94.139837775
588	162	2109	94.1471045244
589	162	2114	94.2426366216
590	164	2117	94.2097691261
591	163	2119	94.1714519591
592	168	2125	94.1526041616
593	171	2129	94.1940392308
594	167	2132	94.1543028157
595	166	2137	94.0809294006
596	164	2143	93.9814856594
597	165	2147	94.035122266
598	163	2154	94.0623176787
599	164	2160	94.0729048408
600	162	2162	94.0575728011
601	161	2162	94.1568565356
602	164	2163	94.2172186127
603	168	2168	94.2945826672
604	166	2169	94.2553376866
605	168	2169	94.1976695104
606	168	2171	94.1002142461
607	166	2178	94.0774992276
608	171	2179	94.032287015
609	171	2180	94.0930923482
610	173	2186	94.0149021553
611	177	2193	94.1118414713
612	180	2193	94.140957465
613	175	2194	94.1511247727
614	173	2199	94.1728881819
615	175	2200	94.1559761246
616	172	2200	94.1729388604
617	170	2203	94.2172821538
618	173	2209	94.2196556595
619	169	2213	94.2036753809
620	174	2215	94.2420676053
621	176	2218	94.2285558065
622	178	2219	94.1491335041
623	180	2224	94.120044669
624	184	2226	94.1983433323
625	182	2232	94.2809757389
626	181	2234	94.1928690845
627	181	2239	94.1900108886
628	179	2246	94.2159463325
629	174	2253	94.1704289778
630	178	2254	94.1321119794
631	181	2254	94.1889295185
632	179	2261	94.2402822957
633	182	2266	94.1490575048
634	182	2272	94.1920559741
635	177	2273	94.2439518901
636	177	2275	94.2482083206
637	172	2279	94.2693670775
638	168	2285	94.2500549904
639	165	2290	94.295273887
640	160	2292	94.3698311167
641	161	2298	94.3326666098
642	157	2301	94.2561190736
643	152	2308	94.1835183572
644	154	2315	94.1679527776
645	154	2321	94.2336556691
646	156	2323	94.2781732375
647	154	2324	94.34633664
648	159	2326	94.2800811609
649	163	2330	94.2800531191
650	160	2337	94.2123775399
651	157	2337	94.2507302557
652	162	2338	94.2446010277
653	167	2338	94.2321938393
654	170	2345	94.2981163496
655	173	2349	94.2497069988
656	172	2351	94.1918763918
657	167	2356	94.242193982
658	165	2356	94.296857714
659	165	2357	94.3133292757
660	166	2364	94.2990900645
661	170	2369	94.2945675087
662	167	2374	94.3565537968
663	171	2377	94.2830404947
664	174	2380	94.36149938
665	174	2384	94.361114169
666	177	2384	94.2778076801
667	173	2389	94.1998708941
668	170	2395	94.2229465809
669	170	2401	94.1685509598
670	172	2407	94.1752832202
671	170	2407	94.2651927752
672	169	2414	94.2805991581
673	169	2421	94.3644670429
674	169	2425	94.4538948671
675	165	2425	94.5506099206
676	164	2430	94.4688848342
677	164	2437	94.4841134116
678	162	2443	94.5266464541
679	165	2444	94.4363081482
680	169	2447	94.3630910729
681	167	2450	94.3758476638
682	167	2455	94.3397452253
683	167	2462	94.2945303012
684	165	2469	94.2072334633
685	167	2475	94.1582973337
686	163	2480	94.120404342
687	167	2485	94.2164256858
688	164	2492	94.2956451961
689	165	2494	94.3209558678
690	167	2496	94.4169235574
691	171	2501	94.3245989064
692	167	2502	94.3570062971
693	165	2509	94.4530736077
694	165	2515	94.4192281616
695	170	2521	94.3639215559
696	169	2524	94.2792504021
697	167	2528	94.3668391536
698	171	2533	94.3689158178
699	176	2537	94.3835614181
700	175	2540	94.3402811346
701	170	2542	94.3964915187
702	174	2543	94.4519074424
703	170	2549	94.4405869696
704	168	2550	94.4685785531
705	169	2556	94.4576087914
706	174	2563	94.5558747754
707	177	2570	94.6384866993
708	181	2577	94.6143650664
709	177	2577	94.7030987095
710	173	2581	94.6720116707
711	177	2581	94.7001868785
712	180	2588	94.6249409994
713	178	2590	94.5686492794
714	177	2596	94.4844552209
715	182	2603	94.4722086662
716	177	2609	94.562737857
717	182	2612	94.6571951443
718	178	2615	94.6524302891
719	173	2616	94.7428308495
720	174	2617	94.6912809285
721	175	2622	94.709497615
722	175	2627	94.6405450817
723	175	2634	94.6046943208
724	175	2636	94.6193960616
725	179	2639	94.6242428131
726	174	2640	94.6266955638
727	179	2647	94.6974440168
728	174	2653	94.6278456269
729	177	2656	94.6734777945
730	177	2663	94.5928569194
731	175	2670	94.5321216141
732	173	2671	94.4323008728
733	178	2676	94.3884627953
734	174	2682	94.4419299627
735	176	2687	94.3946464352
736	175	2693	94.3960248127
737	180	2695	94.3239814418
738	185	2701	94.3189929285
739	181	2708	94.3568978584
740	182	2713	94.3801227488
741	179	2718	94.4073020691
742	178	2721	94.4621413795
743	183	2722	94.5328411682
744	187	2725	94.513996839
745	188	2727	94.6051395848
746	188	2729	94.579500404
747	193	2732	94.5910309272
748	190	2734	94.5603161216
749	185	2741	94.5440618231
750	190	2745	94.4942728869
751	188	2746	94.4516403217
752	185	2746	94.4266799573
753	185	2748	94.4143731054
754	185	2750	94.4331934179
755	184	2751	94.4445447664
756	183	2754	94.4389077371
757	184	2758	94.5036553356
758	180	2764	94.5244662359
759	175	2766	94.522684196
760	174	2767	94.5703309472
761	179	2768	94.5654156583
762	183	2775	94.5250394291
763	183	2778	94.5426220515
764	181	2782	94.4581628446
765	180	2784	94.4662044754
766	183	2784	94.4226408942
767	181	2786	94.4726784859
768	181	2786	94.5307828223
769	179	2788	94.4876687479
770	183	2794	94.576664255
771	184	2795	94.4942398237
772	180	2802	94.5175375307
773	185	2806	94.4904993929
774	182	2811	94.5873863645
775	186	2816	94.6782621753
776	190	2816	94.7303290563
777	185	2817	94.7352880412
778	180	2822	94.7759832708
779	179	2823	94.8154192006
780	182	2824	94.8765190214
781	184	2828	94.7929604807
782	184	2834	94.7839543331
783	186	2840	94.8259169893
784	182	2847	94.7948066839
785	178	2853	94.7739887657
786	176	2857	94.8491083594
787	180	2863	94.7838283222
788	184	2870	94.7777855519
789	183	2872	94.8536336666
790	178	2872	94.8316761599
791	176	2874	94.7362512844
792	174	2876	94.6775922971
793	177	2878	94.7081025002
794	172	2879	94.7919694167
795	172	2886	94.7044710702
796	173	2888	94.6623902808
797	174	2892	94.6024179475
798	178	2893	94.6810462447
799	181	2897	94.5910142971
800	176	2899	94.5068152374
801	176	2899	94.5321158945
802	180	2903	94.6264909234
803	182	2908	94.5391073673
804	181	2910	94.4819883428
805	184	2910	94.5519367979
806	185	2910	94.5630123888
807	190	2910	94.4977833951
808	193	2914	94.4262815063
809	191	2917	94.5112036671
810	194	2924	94.4252173761
811	189	2925	94.4470120807
812	193	2929	94.4244610383
813	195	2933	94.4658033655
814	190	2940	94.4681307248
815	193	2945	94.4542508924
816	197	2952	94.4763863511
817	194	2959	94.5323715877
818	195	2960	94.583438567
819	194	2966	94.5144504515
820	195	2966	94.4681023682
821	198	2967	94.374744361
822	199	2970	94.2773100671
823	200	2970	94.2989077059
824	200	2975	94.3269967413
825	199	2981	94.2381034551
826	198	2984	94.155925607
827	193	2991	94.099481509
828	196	2997	94.1617378406
829	197	2998	94.1980105917
830	198	3000	94.1828964783
831	200	3006	94.1212694375
832	199	3009	94.2022414402
833	200	3011	94.2739777109
834	200	3013	94.2830127722
835	195	3018	94.2333362036
836	197	3023	94.3330568165
837	192	3025	94.4326270354
838	195	3031	94.4651798607
839	199	3033	94.4358515837
840	200	3033	94.4185002806
841	200	3034	94.4464988853
842	199	3034	94.4108652028
843	200	3034	94.4154969609
844	196	3034	94.5081739197
845	200	3036	94.590503514
846	198	3038	94.6265369112
847	194	3040	94.5353594121
848	192	3041	94.6036936595
849	193	3044	94.635190458
850	192	3050	94.66233683
851	187	3050	94.6388720965
852	185	3056	94.6979926543
853	188	3061	94.6170269243
854	187	3067	94.5313055996
855	191	3073	94.5839922358
856	188	3076	94.5670610509
857	192	3083	94.5034209714
858	196	3090	94.4817589607
859	200	3092	94.4077341769
860	200	3096	94.4400986594
861	200	3101	94.386369147
862	197	3107	94.4344558995
863	196	3111	94.3798870238
864	198	3118	94.4369395907
865	200	3124	94.3443965608
866	197	3127	94.4024989077
867	199	3128	94.3029103955
868	198	3133	94.3364672717
869	193	3139	94.4259999627
870	194	3142	94.421828118
871	199	3149	94.3687313773
872	197	3149	94.3699770894
873	200	3151	94.3495288959
874	200	3156	94.3482353716
875	200	3161	94.2525062673
876	199	3161	94.167997216
877	197	3162	94.1722136582
878	200	3166	94.2576629793
879	200	3169	94.1989227006
880	198	3175	94.2959973629
881	200	3180	94.310504757
882	199	3183	94.3045494103
883	200	3183	94.2784169516
884	200	3184	94.3375094286
885	200	3189	94.3880909012
886	200	3195	94.410726585
887	200	3200	94.338990514
888	200	3202	94.2530232553
889	195	3203	94.199511468
890	194	3204	94.1190817604
891	192	3209	94.1532178487
892	194	3209	94.208650718
893	192	3211	94.2917762715
894	193	3211	94.3334671255
895	190	3216	94.4257633179
896	194	3219	94.4430363379
897	195	3223	94.5080020862
898	199	3223	94.5946675256
899	197	3225	94.6599983237
900	196	3231	94.626709853
901	200	3234	94.725328069
902	200	3235	94.7246393964
903	200	3242	94.6476927313
904	200	3246	94.6247048875
905	200	3249	94.5608182853
906	200	3255	94.5793970889
907	200	3258	94.6134821067
908	195	3263	94.6137608914
909	190	3265	94.6350348485
910	190	3270	94.6126957445
911	192	3272	94.6194512193
912	190	3272	94.6490628411
913	195	3277	94.5901993416
914	191	3284	94.6150916563
915	195	3288	94.5252406825
916	196	3294	94.5894815074
917	197	3301	94.5024109339
918	194	3308	94.4942411133
919	197	3312	94.399322143
920	196	3312	94.3693577523
921	198	3318	94.437532319
922	200	3323	94.4148416316
923	200	3324	94.4656261791
924	197	3324	94.5421298399
925	196	3330	94.5365223826
926	193	3335	94.476381489
927	198	3342	94.4437694516
928	199	3343	94.421216191
929	200	3350	94.4370549758
930	200	3357	94.4799132775
931	199	3361	94.52757829
932	200	3365	94.5743660149
933	198	3372	94.6482633509
934	200	3376	94.5502576468
935	195	3377	94.6050544542
936	198	3379	94.6448494535
937	197	3379	94.6662594339
938	200	3382	94.6162707577
939	196	3387	94.71288054
940	198	3394	94.6554421815
941	200	3396	94.5675716565
942	200	3399	94.4700332264
943	196	3400	94.4000095127
944	195	3407	94.3901209029
945	195	3413	94.320646939
946	194	3418	94.3832834973
947	190	3424	94.3866378176
948	188	3427	94.348402531
949	188	3431	94.3863266178
950	189	3433	94.4753840036
951	190	3440	94.4134703374
952	185	3441	94.5110223824
953	184	3442	94.5748390847
954	186	3442	94.6170183336
955	190	3447	94.673747412
956	188	3448	94.6097634774
957	183	3451	94.6631776333
958	180	3454	94.7012786984
959	183	3457	94.6494741529
960	181	3457	94.5936000365
961	177	3460	94.58018065
962	179	3464	94.6250843253
963	177	3467	94.6822418546
964	174	3469	94.772318776
965	173	3473	94.7299977394
966	172	3476	94.7339076342
967	173	3476	94.8150969163
968	174	3479	94.8259688227
969	171	3479	94.8917338475
970	173	3481	94.9026085172
971	168	3482	94.8687232222
972	171	3489	94.9031429623
973	171	3496	94.8545931648
974	170	3496	94.8881912537
975	169	3503	94.9371672829
976	171	3509	94.8467962325
977	170	3515	94.8368376429
978	169	3515	94.8968985554
979	169	3515	94.9468135954
980	174	3520	94.9985248933
981	179	3522	94.9696933772
982	183	3526	94.9954676405
983	187	3532	95.0505948461
984	190	3538	95.1104598184
985	188	3545	95.016769977
986	188	3546	94.9942226478
987	193	3548	94.9799297341
988	196	3550	94.9906117893
989	194	3557	94.9467709703
990	194	3557	94.8797613354
991	194	3559	94.8293582792
992	195	3559	94.8948194011
993	191	3564	94.7979182765
994	186	3569	94.7193643065
995	189	3572	94.7824723452
996	184	3577	94.6896994112
997	179	3584	94.5934907794
998	174	3588	94.5276152571
999	176	3588	94.5049747052
1000	177	3589	94.5454266136
1001	174	3591	94.6272600011
1002	177	3593	94.5435450783
1003	177	3600	94.590795025
1004	180	3607	94.5777637292
1005	179	3610	94.4976546417
1006	174	3615	94.586947639
1007	172	3616	94.6670074282
1008	172	3616	94.6265641908
1009	172	3620	94.7191993768
1010	169	3625	94.7262075008
1011	173	3631	94.6655280217
1012	176	3636	94.6897897639
1013	181	3643	94.7627391096
1014	180	3649	94.7363394418
1015	181	3653	94.7233563794
1016	181	3654	94.7210860994
1017	176	3658	94.7249271764
1018	176	3660	94.7184858951
1019	179	3663	94.7660871878
1020	174	3663	94.8084852464
1021	179	3663	94.904676405
1022	182	3670	94.8547110361
1023	187	3677	94.8664627915
1024	189	3682	94.8116619245
1025	185	3683	94.8237899788
1026	187	3689	94.9173133489
1027	188	3694	94.9157233235
1028	187	3698	95.0107549113
1029	188	3701	95.0985095696
1030	193	3707	95.0187185657
1031	191	3713	95.003146087
1032	194	3713	94.9296443408
1033	189	3714	94.9134432168
1034	187	3718	94.9798022093
1035	185	3723	95.0733373534
1036	189	3726	95.0908916051
1037	193	3727	95.1605345244
1038	188	3730	95.2304646625
1039	184	3737	95.1907542932
1040	188	3740	95.1845807874
1041	189	3745	95.1388062413
1042	189	3751	95.069378745
1043	190	3754	95.0072150068
1044	194	3756	95.1060839292
1045	198	3757	95.0179338926
1046	199	3763	95.0307251687
1047	200	3766	94.9868950877
1048	200	3770	94.9739273941
1049	200	3773	94.9255288465
1050	198	3778	94.8717269847
1051	196	3784	94.775248407
1052	192	3787	94.8685491606
1053	196	3792	94.8694364024
1054	197	3793	94.8130496163
1055	195	3800	94.9072379847
1056	198	3807	94.8665919029
1057	196	3813	94.9354633198
1058	197	3814	94.882900472
1059	192	3821	94.8276119575
1060	194	3825	94.7969361014
1061	192	3829	94.8243009885
1062	196	3834	94.7885062593
1063	200	3838	94.8826918072
1064	200	3839	94.9017411857
1065	199	3840	94.8976538161
1066	200	3846	94.9844567182
1067	195	3851	94.9713926199
1068	196	3851	95.0673638701
1069	197	3853	95.032478282
1070	200	3856	94.9351049143
1071	197	3862	94.8904944692
1072	200	3866	94.850567931
1073	200	3871	94.8142141049
1074	198	3872	94.9014557505
1075	195	3872	94.8955095027
1076	199	3877	94.948311927
1077	195	3877	94.9747446814
1078	198	3883	95.074038345
1079	199	3886	95.0979565816
1080	198	3886	95.1437678939
1081	195	3887	95.1443295363
1082	192	3887	95.0487929462
1083	190	3892	95.085905769
1084	189	3895	95.1655603572
1085	194	3899	95.07240292
1086	194	3899	95.1400037447
1087	193	3903	95.0611769627
1088	192	3907	95.1426209151
1089	197	3912	95.1906479835
1090	198	3912	95.1929521255
1091	199	3919	95.2641733787
1092	199	3924	95.3160610827
1093	199	3929	95.2962426738
1094	195	3929	95.3906951073
1095	200	3934	95.3439751715
1096	200	3940	95.2662146721
1097	200	3946	95.3086363189
1098	200	3951	95.3762904943
1099	200	3957	95.4358695913
1100	200	3962	95.503517103
1101	200	3964	95.528567381
1102	200	3967	95.6166482775
1103	200	3970	95.7008831345
1104	199	3973	95.7137829132
1105	200	3978	95.7595557106
1106	195	3985	95.6959524427
1107	191	3985	95.6385232176
1108	187	3989	95.5400792783
1109	186	3994	95.5025631192
1110	181	3994	95.571640359
1111	183	4001	95.4963828707
1112	180	4007	95.4669403469
1113	182	4010	95.5492398966
1114	182	4015	95.5344985608
1115	182	4017	95.4411684209
1116	182	4021	95.4760473943
1117	183	4025	95.3830638752
1118	185	4027	95.3757317771
1119	186	4030	95.4706728641
1120	189	4036	95.4360682821
1121	189	4041	95.4796283866
1122	193	4046	95.4898602227
1123	191	4050	95.4436604448
1124	195	4055	95.4692747175
1125	190	4059	95.5250966876
1126	195	4062	95.5869229369
1127	198	4064	95.5769421425
1128	200	4067	95.6587939318
1129	200	4067	95.6109232164
1130	199	4071	95.6917676341
1131	200	4071	95.722673147
1132	196	4077	95.6303494414
1133	193	4082	95.6901455325
1134	195	4087	95.6042073874
1135	197	4094	95.6464877776
1136	193	4101	95.6512244055
1137	192	4102	95.6434017131
1138	193	4108	95.5590119214
1139	190	4114	95.5937519531
1140	191	4119	95.5629996105
1141	196	4120	95.5023904742
1142	192	4126	95.5333184363
1143	196	4132	95.502955151
1144	193	4138	95.5912692688
1145	194	4145	95.5506371476
1146	199	4146	95.6287955948
1147	194	4147	95.6518923318
1148	197	4153	95.7373516233
1149	200	4154	95.8249784266
1150	200	4159	95.922497649
1151	198	4163	95.8508159306
1152	200	4167	95.9040380792
1153	196	4174	95.9177895095
1154	200	4176	96.0079886332
1155	199	4180	95.9953687055
1156	200	4183	96.0365181268
1157	195	4189	95.9835148042
1158	195	4193	96.0424623653
1159	191	4199	96.0918167968
1160	195	4200	96.1676680239
1161	198	4205	96.0877395511
1162	200	4212	96.0106220189
1163	200	4213	96.0542949606
1164	200	4213	96.13688593
1165	200	4214	96.1121801814
1166	199	4214	96.1813925105
1167	198	4214	96.1098624403
1168	193	4219	96.1469409794
1169	197	4226	96.123399104
1170	193	4233	96.1497941272
1171	198	4233	96.2105166837
1172	200	4237	96.2666652488
1173	200	4237	96.3188586351
1174	200	4242	96.3986490137
1175	200	4244	96.3799190773
1176	200	4245	96.4435655955
1177	200	4252	96.4015310887
1178	200	4257	96.4838100175
1179	200	4258	96.4422158524
1180	200	4258	96.3629193632
1181	200	4259	96.3210019193
1182	200	4261	96.3313008815
1183	200	4267	96.3259861949
1184	200	4268	96.3241511923
1185	195	4270	96.3336899327
1186	194	4275	96.2567320012
1187	189	4280	96.2910154471
1188	185	4286	96.3677339375
1189	187	4292	96.4477839065
1190	185	4297	96.4870350547
1191	181	4303	96.5584948963
1192	181	4309	96.5985539211
1193	185	4312	96.5052425057
1194	182	4319	96.4998183418
1195	177	4322	96.4884991627
1196	179	4323	96.5792695423
1197	181	4327	96.5184421711
1198	181	4332	96.5841699287
1199	179	4333	96.5292586161
1200	177	4337	96.5994341506
1201	182	4337	96.5747329166
1202	181	4344	96.5956949432
1203	182	4349	96.5377720344
1204	178	4354	96.5634132369
1205	182	4361	96.6238794393
1206	185	4362	96.5245422919
1207	185	4369	96.6071098941
1208	185	4375	96.6965744727
1209	186	4381	96.6227226722
1210	185	4387	96.6430522101
1211	187	4392	96.6262450632
1212	192	4398	96.5684680623
1213	193	4400	96.5941379742
1214	188	4402	96.6157730392
1215	183	4404	96.6862044143
1216	187	4405	96.7165202884
1217	182	4405	96.8027025015
1218	184	4405	96.8737275804
1219	179	4412	96.8895582557
1220	179	4417	96.8312119432
1221	181	4423	96.8493648091
1222	177	4430	96.7682741146
1223	178	4433	96.7152677831
1224	179	4436	96.6552839701
1225	176	4438	96.7410012809
1226	176	4442	96.8068814591
1227	171	4449	96.7111916387
1228	169	4449	96.728593007
1229	174	4451	96.7311075402
1230	170	4451	96.6816337423
1231	173	4456	96.7354663118
1232	178	4462	96.6622725759
1233	183	4462	96.6913997711
1234	179	4464	96.5954289696
1235	177	4469	96.5436433733
1236	176	4473	96.4766989139
1237	177	4476	96.5337229101
1238	179	4483	96.6239291778
1239	177	4488	96.6189944916
1240	178	4490	96.6373867283
1241	183	4495	96.5846310771
1242	185	4496	96.6370953122
1243	190	4500	96.6063511306
1244	188	4503	96.6409752058
1245	193	4505	96.5824191596
1246	193	4505	96.5240441155
1247	198	4505	96.5981517633
1248	196	4510	96.5852963645
1249	191	4511	96.4892045522
1250	186	4511	96.444008184
1251	185	4513	96.450916077
1252	180	4520	96.4372149078
1253	179	4521	96.4666739698
1254	176	4524	96.4276174836
1255	174	4531	96.4640745705
1256	170	4531	96.4746615984
1257	169	4534	96.4630185971
1258	169	4534	96.528125174
1259	167	4541	96.5827173321
1260	166	4547	96.4884872716
1261	169	4547	96.5367034482
1262	168	4553	96.5336886845
1263	165	4557	96.5594057385
1264	161	4564	96.5800706884
1265	159	4571	96.5169862304
1266	160	4571	96.5974826965
1267	161	4574	96.5687064979
1268	158	4578	96.5491370881
1269	155	4583	96.6093547928
1270	155	4584	96.6090722139
1271	151	4586	96.6978493257
1272	146	4591	96.7772108277
1273	142	4595	96.7412324141
1274	142	4600	96.6988407978
1275	140	4603	96.746334495
1276	140	4608	96.7035967139
1277	135	4612	96.7903173363
1278	134	4618	96.7744758307
1279	129	4618	96.6833134583
1280	134	4618	96.6945608195
1281	138	4623	96.7380288889
1282	139	4630	96.8016291
1283	142	4630	96.8267679487
1284	140	4634	96.924677172
1285	136	4636	96.8309879441
1286	141	4639	96.7862169287
1287	139	4639	96.8247766834
1288	137	4646	96.8917041944
1289	133	4646	96.8820863631
1290	131	4646	96.8673867475
1291	133	4649	96.8153571879
1292	137	4651	96.7684876767
1293	141	4655	96.865794487
1294	137	4660	96.7927489677
1295	140	4660	96.8224038971
1296	142	4662	96.8732503153
1297	140	4669	96.8870783231
1298	141	4671	96.8701109914
1299	142	4677	96.8546259126
1300	146	4678	96.920714278
1301	144	4678	97.019217276
1302	144	4684	97.0482288426
1303	144	4690	97.0559885324
1304	147	4695	97.1062549333
1305	146	4697	97.1511577447
1306	145	4702	97.09018384
1307	140	4702	97.0208641685
1308	145	4706	96.9762401696
1309	147	4711	97.0619665963
1310	147	4714	97.1121896522
1311	149	4715	97.1842017796
1312	151	4721	97.2353608552
1313	146	4727	97.3074696955
1314	150	4727	97.3751229404
1315	145	4733	97.3178070136
1316	145	4738	97.3803025871
1317	148	4742	97.4362959998
1318	149	4745	97.4497817468
1319	148	4745	97.5418483175
1320	146	4745	97.5581185556
1321	145	4749	97.5177710354
1322	147	4749	97.5968145336
1323	150	4749	97.6925465489
1324	151	4755	97.6500664889
1325	155	4758	97.5511814212
1326	154	4762	97.4785823527
1327	159	4766	97.578547582
1328	155	4768	97.5882237292
1329	160	4772	97.6094425363
1330	155	4778	97.6426884269
1331	157	4779	97.5652258782
1332	155	4783	97.6625366628
1333	156	4786	97.6379762536
1334	151	4787	97.5517167794
1335	151	4788	97.4789920096
1336	156	4792	97.492399979
1337	159	4793	97.4868465999
1338	162	4795	97.4223719837
1339	166	4799	97.3683173616
1340	161	4805	97.4246342345
1341	159	4808	97.3912742355
1342	161	4813	97.4635531099
1343	164	4815	97.3889648541
1344	162	4821	97.4117581475
1345	166	4827	97.3672075642
1346	163	4833	97.4127636624
1347	160	4833	97.4036459223
1348	164	4834	97.4722324414
1349	159	4838	97.4743377861
1350	163	4838	97.4797093514
1351	161	4845	97.5247536007
1352	166	4848	97.489304327
1353	168	4853	97.4945753481
1354	168	4857	97.5616188914
1355	164	4863	97.4927344758
1356	163	4870	97.5908955976
1357	159	4870	97.6667939039
1358	157	4872	97.6512965206
1359	160	4877	97.6669881488
1360	165	4879	97.68094121
1361	167	4880	97.6104775711
1362	165	4884	97.6055664939
1363	169	4889	97.6737677994
1364	164	4891	97.6479492793
1365	165	4895	97.5729842563
1366	170	4897	97.4753139626
1367	165	4901	97.5104884854
1368	163	4906	97.4625130522
1369	168	4911	97.5605179083
1370	172	4913	97.6348287402
1371	171	4915	97.6079686046
1372	173	4917	97.6363128523
1373	174	4924	97.5724849282
1374	175	4930	97.4789430792
1375	171	4934	97.4697287368
1376	167	4939	97.4458158909
1377	172	4940	97.4431404051
1378	169	4942	97.3707173309
1379	166	4947	97.4547367241
1380	166	4953	97.411786382
1381	171	4960	97.3749008376
1382	166	4966	97.4647295966
1383	164	4973	97.5207396668
1384	164	4973	97.5478924366
1385	169	4977	97.5749579822
1386	166	4984	97.6051887629
1387	165	4988	97.5213234621
1388	162	4990	97.5649727046
1389	158	4997	97.5717548166
1390	161	5004	97.5127933154
1391	158	5010	97.4694216983
1392	158	5014	97.5489611095
1393	162	5016	97.4933224466
1394	159	5022	97.5405188135
1395	155	5028	97.6085660707
1396	158	5029	97.5758344291
1397	155	5035	97.6668034899
1398	159	5042	97.599212358
1399	159	5046	97.5254560867
1400	160	5050	97.526595071
1401	159	5053	97.6109736545
1402	160	5057	97.693224952
1403	158	5062	97.7913968079
1404	153	5065	97.7543267867
1405	156	5068	97.7683514382
1406	159	5072	97.8475491427
1407	156	5072	97.8215236748
1408	152	5076	97.7876128363
1409	155	5079	97.8533422374
1410	155	5084	97.8585257778
1411	157	5089	97.803986739
1412	153	5095	97.8838698948
1413	153	5095	97.7868399293
1414	158	5096	97.8186254029
1415	161	5098	97.9054966315
1416	163	5105	97.880279422
1417	166	5106	97.7840241833
1418	164	5108	97.7349527124
1419	168	5108	97.7573769955
1420	171	5113	97.8223078763
1421	167	5114	97.7695201449
1422	168	5114	97.829117462
1423	168	5115	97.8031630211
1424	168	5115	97.70855884
1425	167	5121	97.7684744699
1426	164	5123	97.7346740845
1427	164	5125	97.7679869821
1428	168	5128	97.7600022174
1429	170	5130	97.7144560743
1430	166	5134	97.7606370336
1431	162	5134	97.6819400139
1432	158	5139	97.679318891
1433	157	5143	97.6236032672
1434	156	5143	97.7073450532
1435	153	5150	97.7208548071
1436	157	5155	97.6763555945
1437	152	5157	97.7225380485
1438	157	5159	97.8103485355
1439	155	5164	97.8900020848
1440	156	5167	97.86184106
1441	161	5167	97.8709531597
1442	161	5169	97.8492734743
1443	162	5171	97.7634320395
1444	158	5176	97.817293728
1445	162	5181	97.7436147406
1446	157	5186	97.7763434589
1447	155	5192	97.7320861419
1448	155	5192	97.6757463305
1449	156	5197	97.7639288764
1450	161	5202	97.6841392036
1451	156	5205	97.7645533649
1452	158	5206	97.7506025914
1453	159	5213	97.6683950074
1454	155	5213	97.7575345557
1455	156	5216	97.7310527875
1456	160	5218	97.7245367765
1457	160	5221	97.7466192692
1458	162	5226	97.7618356818
1459	159	5229	97.8314041123
1460	157	5230	97.7421894605
1461	160	5236	97.7469422991
1462	160	5236	97.7177228697
1463	161	5239	97.7058699543
1464	156	5246	97.7617289798
1465	155	5252	97.727624389
1466	159	5258	97.6676636869
1467	162	5262	97.6462198291
1468	159	5263	97.6250511966
1469	159	5268	97.6251618493
1470	154	5272	97.5842723603
1471	151	5277	97.6501443314
1472	148	5277	97.635896561
1473	145	5279	97.6855699178
1474	150	5280	97.7482028409
1475	148	5280	97.7858610599
1476	144	5284	97.7941410296
1477	146	5284	97.756884341
1478	147	5288	97.8210360318
1479	142	5295	97.8567970025
1480	144	5302	97.8793698416
1481	143	5308	97.9009858506
1482	147	5315	97.9855450681
1483	152	5321	97.9330690849
1484	148	5327	97.9931508617
1485	146	5328	97.9020786045
1486	146	5335	97.97955513
1487	150	5341	98.034396272
1488	151	5344	98.0642284405
1489	156	5349	98.0327750196
1490	156	5355	98.0669124815
1491	157	5361	98.1234148806
1492	158	5366	98.1386146114
1493	156	5368	98.1478143342
1494	154	5375	98.1426566743
1495	153	5381	98.1941900168
1496	149	5386	98.0983105709
1497	154	5386	98.0287397827
1498	157	5388	98.0507946027
1499	159	5395	98.0965150856
1500	156	5401	98.102471892
1501	161	5403	98.0697926964
1502	162	5408	98.1130642075
1503	163	5408	98.1680532371
1504	163	5408	98.0819973266
1505	158	5411	98.0525960242
1506	154	5417	98.1383354994
1507	154	5423	98.0518976491
1508	152	5423	98.1094607083
1509	153	5425	98.1856537011
1510	149	5426	98.2060894789
1511	148	5429	98.3053633325
1512	149	5433	98.3068857234
1513	145	5437	98.3496213874
1514	144	5440	98.448744254
1515	139	5447	98.352080755
1516	141	5449	98.2528319337
1517	141	5449	98.250694346
1518	141	5449	98.2246851221
1519	136	5449	98.2556885174
1520	137	5449	98.3477007004
1521	137	5449	98.2653768121
1522	139	5452	98.169166407
1523	140	5455	98.2179738918
1524	140	5462	98.2281146232
1525	139	5465	98.3002658509
1526	136	5466	98.2685890315
1527	141	5466	98.1941334508
1528	144	5469	98.2461027717
1529	148	5473	98.1582034512
1530	148	5473	98.0639180856
1531	151	5475	98.088704502
1532	152	5479	98.0852051473
1533	147	5480	98.0003214771
1534	146	5482	98.0639073682
1535	143	5482	97.9973782464
1536	143	5484	97.9164797745
1537	145	5490	97.9855127436
1538	143	5494	98.0571216984
1539	138	5495	98.1563595008
1540	143	5500	98.1276285395
1541	142	5500	98.1003275783
1542	144	5502	98.1094139735
1543	145	5503	98.066630863
1544	145	5507	98.0354297857
1545	140	5510	98.1269326072
1546	143	5512	98.1589696774
1547	148	5513	98.2324428594
1548	143	5520	98.3004310028
1549	143	5524	98.2099577168
1550	141	5528	98.2969268267
1551	145	5535	98.386485346
1552	145	5539	98.4590936206
1553	147	5539	98.3795572335
1554	147	5541	98.3259700801
1555	144	5545	98.2705037335
1556	149	5546	98.2332176144
1557	154	5549	98.2215123616
1558	153	5551	98.3133364647
1559	156	5558	98.2564779074
1560	157	5565	98.173525014
1561	161	5570	98.2057739225
1562	164	5574	98.2880544834
1563	162	5579	98.2561647692
1564	166	5582	98.3110528712
1565	168	5586	98.3285259764
1566	164	5592	98.2860025945
1567	162	5594	98.2685159199
1568	167	5600	98.2019826097
1569	172	5601	98.1613301889
1570	170	5602	98.2585107401
1571	167	5608	98.3376899482
1572	168	5609	98.2423780062
1573	163	5612	98.2577549302
1574	164	5614	98.2665410925
1575	168	5616	98.2427827238
1576	169	5621	98.2578030214
1577	168	5625	98.2063800099
1578	170	5626	98.2566039906
1579	171	5626	98.2024128471
1580	176	5633	98.1979600787
1581	172	5635	98.156679535
1582	170	5639	98.1951376198
1583	171	5644	98.2819115486
1584	166	5649	98.3117268236
1585	163	5652	98.2592430461
1586	158	5656	98.3083811401
1587	158	5657	98.3695957263
1588	162	5658	98.3316213912
1589	158	5659	98.3048145326
1590	158	5664	98.2165855907
1591	163	5665	98.2984677937
1592	161	5668	98.3900221873
1593	160	5672	98.4328588855
1594	162	5674	98.3919107339
1595	157	5677	98.4106458487
1596	160	5681	98.4248777166
1597	156	5682	98.3900718238
1598	158	5682	98.4350680355
1599	158	5687	98.3936754243
1600	162	5687	98.4151727331
1601	166	5690	98.3171897194
1602	163	5696	98.217701862
1603	167	5698	98.2765082731
1604	167	5702	98.3251294757
1605	169	5702	98.3194108488
1606	171	5704	98.3008517606
1607	166	5707	98.33461946
1608	166	5708	98.4236082029
1609	171	5714	98.41683243
1610	171	5719	98.325435638
1611	176	5723	98.3475294205
1612	175	5730	98.2603125376
1613	176	5731	98.2268472299
1614	174	5736	98.3197886805
1615	172	5739	98.3916342838
1616	167	5742	98.4117163906
1617	166	5742	98.3734673308
1618	161	5748	98.2840643401
1619	165	5750	98.2816541999
1620	164	5752	98.3137136697
1621	165	5757	98.2578601823
1622	162	5757	98.3050159679
1623	159	5760	98.3711530228
1624	162	5766	98.4077965486
1625	164	5771	98.4855328645
1626	168	5773	98.4107823204
1627	172	5779	98.4508239937
1628	170	5785	98.3953102573
1629	171	5789	98.4744291502
1630	173	5794	98.5502367424
1631	178	5796	98.5882045928
1632	179	5803	98.5601150949
1633	184	5810	98.4750245287
1634	182	5812	98.4345435119
1635	178	5813	98.4164286761
1636	181	5820	98.4636160137
1637	180	5827	98.4789075938
1638	181	5831	98.5753137822
1639	179	5832	98.5269236473
1640	181	5837	98.4394474594
1641	177	5837	98.5215483381
1642	179	5843	98.5428699882
1643	175	5843	98.5260828925
1644	180	5843	98.5540742365
1645	181	5846	98.5490732179
1646	177	5853	98.5377464235
1647	180	5857	98.5062304039
1648	182	5861	98.5739620906
1649	181	5863	98.5044035466
1650	181	5866	98.4382426592
1651	176	5873	98.50756557
1652	180	5876	98.4222536514
1653	182	5881	98.3505822467
1654	182	5884	98.4272596075
1655	178	5890	98.4742044545
1656	178	5896	98.5415152563
1657	183	5898	98.616506758
1658	178	5904	98.5961307692
1659	181	5910	98.6002169222
1660	185	5912	98.6913181028
1661	184	5917	98.6440368354
1662	184	5922	98.5441718554
1663	187	5927	98.4622866829
1664	192	5934	98.4913629052
1665	194	5934	98.5728663387
1666	194	5940	98.4974297924
1667	194	5941	98.58147684
1668	199	5947	98.5825772167
1669	200	5947	98.6279424958
1670	199	5948	98.5575022649
1671	197	5951	98.5774366552
1672	196	5957	98.6012914688
1673	195	5958	98.5208736815
1674	193	5958	98.4501162801
1675	194	5960	98.4734686632
1676	191	5966	98.4536503093
1677	191	5969	98.5200712683
1678	190	5970	98.4428810806
1679	190	5972	98.388384753
1680	195	5975	98.3828623373
1681	197	5979	98.3630651222
1682	193	5986	98.3680380536
1683	193	5987	98.4600987765
1684	197	5989	98.5153288086
1685	197	5991	98.5825379108
1686	195	5996	98.592226268
1687	192	6003	98.4922985191
1688	193	6008	98.4353491722
1689	194	6009	98.4741451817
1690	194	6014	98.3891999938
1691	192	6021	98.4801879003
1692	192	6026	98.4827948765
1693	196	6029	98.4329178814
1694	191	6029	98.3689852702
1695	192	6036	98.4031298002
1696	188	6042	98.495345444
1697	192	6047	98.5535924412
1698	191	6048	98.4746142763
1699	195	6055	98.5561476381
1700	198	6057	98.4952926431
1701	200	6058	98.488690836
1702	196	6064	98.3915163851
1703	193	6065	98.4595840131
1704	197	6066	98.3827077568
1705	199	6073	98.3249260209
1706	197	6080	98.3270805183
1707	195	6086	98.3055687161
1708	193	6088	98.3471888011
1709	194	6094	98.2878284802
1710	198	6100	98.303702797
1711	195	6106	98.2451112011
1712	196	6109	98.2906538371
1713	193	6115	98.3200981031
1714	189	6115	98.2902278039
1715	191	6120	98.2286481672
1716	187	6127	98.1438208328
1717	187	6128	98.2140446146
1718	192	6130	98.3127464039
1719	189	6133	98.4057419902
1720	187	6139	98.4811952848
1721	188	6146	98.3889540197
1722	185	6153	98.4112010967
1723	180	6157	98.435710298
1724	185	6161	98.3569038644
1725	190	6164	98.3245527621
1726	190	6171	98.4134289027
1727	194	6177	98.4117515334
1728	189	6182	98.5079805345
1729	194	6186	98.4768823662
1730	198	6186	98.4204600042
1731	197	6190	98.436406926
1732	200	6192	98.372197677
1733	200	6199	98.4104147311
1734	200	6206	98.3510624975
1735	200	6211	98.3538894044
1736	200	6211	98.3980951678
1737	200	6213	98.3247007189
1738	198	6219	98.3376241686
1739	200	6222	98.3004663251
1740	200	6225	98.2916924326
1741	197	6230	98.2101526071
1742	194	6235	98.1804617913
1743	193	6242	98.1690474029
1744	190	6242	98.1141994807
1745	193	6243	98.1212515993
1746	191	6248	98.1609590215
1747	191	6253	98.2142607008
1748	194	6255	98.1664817926
1749	196	6260	98.0811295317
1750	191	6267	98.1382396424
1751	193	6272	98.2228369327
1752	191	6276	98.2860242419
1753	186	6278	98.359356453
1754	189	6282	98.3495647762
1755	193	6282	98.2755564929
1756	198	6288	98.2012529852
1757	195	6289	98.2072776882
1758	200	6289	98.2033268987
1759	198	6291	98.1614342973
1760	200	6294	98.0737517775
1761	200	6298	97.9846895248
1762	196	6305	97.98452917
1763	194	6306	97.9689837483
1764	195	6311	97.9987233551
1765	193	6315	97.9369099848
1766	196	6318	97.9563272629
1767	192	6322	97.9753990686
1768	196	6327	97.9821081472
1769	192	6332	98.0391856458
1770	196	6338	97.9467532081
1771	200	6342	97.9369960981
1772	200	6344	97.9330053823
1773	195	6344	97.9932277215
1774	196	6344	98.005490548
1775	200	6351	97.9554425563
1776	200	6355	97.8652196561
1777	200	6360	97.9240308659
1778	200	6366	97.8534782698
1779	200	6372	97.786122187
1780	196	6375	97.8321265643
1781	192	6380	97.7884166883
1782	193	6387	97.8224342237
1783	188	6392	97.7247034382
1784	187	6399	97.7815766687
1785	189	6405	97.6944931518
1786	185	6407	97.7554860012
1787	182	6407	97.7333729176
1788	185	6410	97.6615084832
1789	190	6410	97.5993898822
1790	186	6410	97.63394155
1791	191	6410	97.6595150393
1792	196	6412	97.5702848644
1793	198	6414	97.5915566302
1794	194	6421	97.6844879977
1795	199	6421	97.5920603789
1796	197	6426	97.5071405199
1797	196	6432	97.5858541954
1798	200	6434	97.4886196951
1799	200	6438	97.5113706365
1800	200	6445	97.5504202801
1801	200	6448	97.6252037653
1802	200	6452	97.6534125359
1803	200	6457	97.5615849729
1804	200	6462	97.6010269654
1805	195	6466	97.5434679579
1806	192	6469	97.4685501972
1807	197	6475	97.5426530467
1808	193	6481	97.463596171
1809	197	6481	97.4847104381
1810	199	6486	97.4835605027
1811	194	6490	97.4115980838
1812	190	6492	97.4827075851
1813	186	6495	97.5352222452
1814	186	6502	97.464344711
1815	190	6506	97.4660278533
1816	192	6509	97.4787762682
1817	193	6514	97.5422178252
1818	195	6521	97.497236123
1819	193	6526	97.4422487927
1820	192	6530	97.4049082377
1821	195	6532	97.3561269555
1822	199	6539	97.3167203369
1823	198	6543	97.2780068572
1824	200	6545	97.3762254668
1825	198	6546	97.4188782636
1826	200	6548	97.4167494682
1827	199	6555	97.3645428847
1828	200	6561	97.4420249747
1829	195	6561	97.3534739538
1830	191	6561	97.3338661171
1831	186	6568	97.4027701906
1832	183	6573	97.423400397
1833	178	6577	97.3870057149
1834	182	6578	97.4000939759
1835	183	6585	97.4259885513
1836	178	6588	97.3811475839
1837	176	6589	97.3762511212
1838	177	6591	97.3074941469
1839	175	6591	97.3617966586
1840	172	6594	97.3306948774
1841	170	6599	97.3146329918
1842	170	6600	97.2477888102
1843	172	6604	97.333090927
1844	177	6610	97.3239883692
1845	181	6613	97.3127538098
1846	178	6614	97.3998205846
1847	178	6620	97.4226581805
1848	178	6626	97.3233429646
1849	179	6629	97.3036409528
1850	179	6631	97.273857038
1851	178	6636	97.2897795069
1852	176	6639	97.294052969
1853	179	6644	97.2438571408
1854	182	6648	97.1704412032
1855	179	6650	97.2135530111
1856	182	6656	97.1483277232
1857	177	6656	97.1455145342
1858	179	6663	97.1880369225
1859	176	6664	97.0970248094
1860	180	6671	97.0090973847
1861	175	6677	97.0458289532
1862	174	6679	97.1145044971
1863	177	6683	97.1442010762
1864	181	6683	97.1890866376
1865	177	6687	97.1143175743
1866	173	6692	97.1653738475
1867	170	6695	97.2328200071
1868	165	6696	97.3051150798
1869	168	6700	97.3089770346
1870	165	6704	97.3493789127
1871	165	6704	97.3517201452
1872	167	6709	97.2552064688
1873	168	6715	97.2781701304
1874	172	6719	97.2979493682
1875	176	6723	97.1983132988
1876	176	6723	97.2164278988
1877	175	6727	97.1232735464
1878	176	6733	97.1938620421
1879	176	6737	97.1714994143
1880	176	6744	97.1907947157
1881	179	6745	97.1264022239
1882	177	6748	97.0425496328
1883	175	6749	97.0016021687
1884	170	6752	96.9728395382
1885	166	6759	97.0212780219
1886	166	6759	96.9856291841
1887	171	6759	96.8930444545
1888	173	6763	96.9878660195
1889	177	6768	97.0639153618
1890	172	6774	97.1452492064
1891	168	6776	97.1212007909
1892	166	6782	97.208365423
1893	161	6782	97.3033336567
1894	160	6785	97.3838396551
1895	156	6789	97.3170782733
1896	152	6795	97.3685353908
1897	148	6798	97.3985034483
1898	152	6802	97.3319036037
1899	147	6803	97.37877234
1900	152	6810	97.3948638159
1901	152	6817	97.3250653082
1902	149	6819	97.3508070943
1903	147	6826	97.3781794153
1904	145	6833	97.4275761717
1905	147	6836	97.3934174688
1906	150	6841	97.399066319
1907	151	6845	97.343919339
1908	152	6851	97.3911703651
1909	155	6854	97.3171185399
1910	155	6856	97.2771202782
1911	160	6857	97.2310147075
1912	157	6857	97.1446771575
1913	162	6862	97.194333206
1914	163	6862	97.1545792032
1915	159	6866	97.1639068428
1916	161	6868	97.0980621281
1917	166	6875	97.1465958248
1918	170	6880	97.1457921724
1919	169	6884	97.1705722142
1920	168	6887	97.2558793713
1921	163	6894	97.3344385116
1922	161	6897	97.2694811064
1923	166	6901	97.2018154445
1924	164	6903	97.279910244
1925	162	6905	97.2090275349
1926	167	6908	97.1648110736
1927	171	6914	97.1049873751
1928	168	6915	97.0375566281
1929	171	6917	97.119809827
1930	175	6922	97.0481808665
1931	176	6923	97.0142533325
1932	176	6927	97.0191035947
1933	173	6931	97.0337752131
1934	168	6935	97.0695621498
1935	163	6937	97.0396128993
1936	160	6943	97.0559042761
1937	158	6949	97.0414398632
1938	153	6956	96.9549192954
1939	150	6956	96.9495387676
1940	148	6961	97.0385227603
1941	143	6968	97.0325875283
1942	139	6968	97.0816374477
1943	137	6972	97.1679248066
1944	134	6973	97.1345751313
1945	137	6980	97.1634156218
1946	138	6982	97.1877082507
1947	141	6985	97.1457219585
1948	136	6988	97.1006666165
1949	135	6993	97.1343812113
1950	135	6993	97.1894072064
1951	135	6993	97.1357164356
1952	130	6995	97.1625194027
1953	134	6996	97.1629078176
1954	135	6996	97.2458064155
1955	130	6998	97.3087924017
1956	130	7000	97.3341868787
1957	126	7000	97.3299889412
1958	128	7004	97.3420150763
1959	128	7011	97.3511964626
1960	129	7014	97.281643455
1961	134	7020	97.3469662349
1962	133	7023	97.3606324251
1963	136	7025	97.3318420977
1964	134	7026	97.3544796911
1965	131	7032	97.403740513
1966	127	7036	97.494536172
1967	126	7036	97.4367543151
1968	131	7036	97.458747277
1969	132	7043	97.486292199
1970	129	7049	97.5105208213
1971	130	7051	97.5426453261
1972	128	7053	97.5933342905
1973	126	7058	97.4966345711
1974	130	7062	97.5655639895
1975	128	7063	97.535153384
1976	131	7069	97.5459167822
1977	127	7069	97.5656467165
1978	123	7075	97.4678433686
1979	125	7081	97.3927737041
1980	120	7085	97.2977569669
1981	124	7086	97.3574496848
1982	126	7090	97.3416658671
1983	123	7094	97.3347557121
1984	127	7097	97.3487017844
1985	130	7099	97.3178868348
1986	132	7103	97.3467550995
1987	131	7109	97.4167514366
1988	134	7109	97.3213052317
1989	133	7114	97.2616884482
1990	135	7118	97.1753326479
1991	132	7121	97.2071065958
1992	135	7125	97.1781442373
1993	130	7132	97.2570243824
1994	125	7134	97.3244885786
1995	129	7134	97.268503853
1996	127	7140	97.2835822023
1997	122	7144	97.1963045235
1998	124	7147	97.1551817585
1999	119	7147	97.1308518267
2000	119	7150	97.0745842051
2001	115	7152	97.0886676774
2002	118	7159	97.0525122296
2003	123	7161	97.0953973525
2004	119	7161	97.1618496363
2005	115	7162	97.1772243178
2006	115	7165	97.162131962
2007	114	7171	97.1987393405
2008	117	7173	97.2125785722
2009	112	7173	97.2667942078
2010	111	7175	97.2151502819
2011	111	7182	97.1848772886
2012	114	7187	97.2177265606
2013	115	7194	97.197938729
2014	114	7194	97.1606084678
2015	113	7197	97.1262335537
2016	114	7201	97.2243059745
2017	116	7207	97.3168397263
2018	115	7214	97.3418182155
2019	111	7215	97.3896174993
2020	114	7222	97.4785962933
2021	115	7228	97.5182677959
2022	116	7232	97.5893083555
2023	111	7234	97.6832932715
2024	116	7238	97.7766630555
2025	118	7239	97.8024894442
2026	115	7245	97.8218194197
2027	118	7252	97.739826767
2028	122	7252	97.7586517793
2029	120	7254	97.8414599318
2030	122	7260	97.9182628517
2031	119	7266	97.9482525392
2032	120	7271	97.98541336
2033	116	7273	98.0824172442
2034	116	7277	98.1604512156
2035	116	7284	98.1890724315
2036	116	7289	98.2324209621
2037	113	7294	98.2149605246
2038	113	7300	98.227197138
2039	111	7307	98.1982365194
2040	110	7311	98.2286573112
2041	108	7315	98.226465736
2042	110	7316	98.2604912229
2043	108	7320	98.3027169793
2044	112	7324	98.3804103588
2045	114	7328	98.3841972216
2046	118	7328	98.4542310325
2047	122	7333	98.4637033404
2048	125	7338	98.3855189415
2049	125	7344	98.4148455671
2050	127	7345	98.4390631238
2051	129	7347	98.4209874246
2052	126	7349	98.4980811989
2053	121	7356	98.5942859888
2054	121	7361	98.5274073564
2055	122	7366	98.489554347
2056	121	7366	98.4282522188
2057	118	7371	98.4546041142
2058	113	7372	98.5326845892
2059	114	7375	98.4566006861
2060	114	7378	98.5396641184
2061	117	7384	98.460259544
2062	115	7384	98.5272577122
2063	118	7388	98.5402768256
2064	119	7393	98.4435398482
2065	115	7396	98.4822843612
2066	115	7399	98.3972992827
2067	113	7403	98.4848452249
2068	110	7406	98.5095885063
2069	114	7413	98.453449417
2070	114	7415	98.4814793203
2071	116	7419	98.5566789755
2072	120	7425	98.4666627152
2073	120	7432	98.3954828692
2074	117	7438	98.3876117186
2075	118	7438	98.3598355346
2076	119	7439	98.4579784883
2077	116	7445	98.3930475298
2078	111	7447	98.3699184023
2079	110	7454	98.3668737996
2080	115	7455	98.4548800928
2081	114	7462	98.4449782647
2082	116	7468	98.5212536426
2083	112	7468	98.5033334914
2084	107	7475	98.4450124613
2085	111	7476	98.4014087186
2086	106	7477	98.3615581491
2087	110	7484	98.357572866
2088	108	7486	98.311350953
2089	104	7489	98.3717760574
2090	100	7494	98.2800351375
2091	97	7500	98.1889595446
2092	99	7503	98.2842055489
2093	98	7505	98.3343194689
2094	98	7505	98.2736968805
2095	102	7510	98.3596571379
2096	103	7510	98.3544153173
2097	102	7515	98.4474931926
2098	106	7515	98.4093004057
2099	105	7516	98.507836057
2100	108	7518	98.4709589435
2101	113	7520	98.4838376303
2102	108	7521	98.4133302405
2103	111	7522	98.3752373251
2104	113	7522	98.3224875367
2105	109	7528	98.2624992917
2106	110	7535	98.3418281772
2107	107	7538	98.296590585
2108	107	7539	98.1981800664
2109	106	7541	98.2902241717
2110	103	7542	98.3576197747
2111	106	7542	98.3680860761
2112	104	7542	98.3736918554
2113	100	7546	98.4218119666
2114	96	7549	98.4870516585
2115	92	7551	98.5690692187
2116	87	7554	98.589092778
2117	83	7554	98.5019276176
2118	84	7557	98.5252823788
2119	81	7557	98.6036693754
2120	85	7563	98.5805154207
2121	82	7566	98.4813682212
2122	78	7571	98.5480721431
2123	73	7576	98.557208316
2124	72	7580	98.4994109949
2125	69	7586	98.5340369589
2126	70	7591	98.5705115147
2127	73	7592	98.5462307148
2128	72	7592	98.6386683835
2129	67	7595	98.6794144098
2130	68	7601	98.6920467631
2131	70	7608	98.7399321911
2132	68	7611	98.8159701397
2133	69	7618	98.7878987624
2134	74	7625	98.7837970993
2135	71	7625	98.8545522505
2136	76	7626	98.8434300396
2137	75	7626	98.8613258572
2138	78	7626	98.827779181
2139	75	7631	98.9005729265
2140	75	7635	98.9987947023
2141	78	7636	99.0514758098
2142	76	7636	99.120264713
2143	74	7637	99.0615323844
2144	69	7637	98.9986005229
2145	67	7641	99.0893567292
2146	63	7644	99.0338644421
2147	67	7644	99.1124313366
2148	72	7649	99.1594215523
2149	67	7653	99.1053088839
2150	64	7656	99.181851071
2151	63	7657	99.2650324699
2152	61	7658	99.1827542079
2153	58	7664	99.1426481806
2154	57	7667	99.2036457639
2155	57	7667	99.2169084812
2156	53	7668	99.3062522705
2157	57	7674	99.254379919
2158	59	7678	99.2054397576
2159	58	7685	99.1850736769
2160	53	7685	99.2003030207
2161	52	7692	99.2771558234
2162	56	7697	99.3565385878
2163	54	7703	99.4141840547
2164	58	7706	99.4193296933
2165	57	7710	99.4985986818
2166	61	7712	99.5577802849
2167	64	7713	99.6113483749
2168	63	7714	99.6230722548
2169	61	7719	99.5550101055
2170	58	7724	99.4713960766
2171	63	7724	99.3920628919
2172	65	7729	99.4703134814
2173	65	7736	99.5698254605
2174	62	7739	99.4995281691
2175	61	7740	99.4298239514
2176	66	7745	99.3354798836
2177	70	7748	99.2848499161
2178	70	7750	99.3246175271
2179	75	7757	99.2511076006
2180	79	7763	99.1680049867
2181	81	7765	99.26078892
2182	86	7771	99.3097727375
2183	85	7775	99.3170690571
2184	84	7775	99.4104128221
2185	84	7778	99.4691548221
2186	83	7780	99.3913062859
2187	78	7783	99.3878167004
2188	73	7788	99.3039388768
2189	69	7789	99.3531266214
2190	66	7796	99.2661628694
2191	62	7802	99.2029202852
2192	62	7803	99.1337932941
2193	59	7803	99.079495054
2194	59	7804	99.0198418484
2195	64	7811	98.9253328988
2196	67	7818	98.8473507991
2197	68	7818	98.8492764011
2198	68	7820	98.8118381921
2199	72	7824	98.8688411397
2200	76	7830	98.90274446
2201	78	7832	98.8775172208
2202	76	7839	98.9442782739
2203	71	7845	99.0353515811
2204	66	7846	98.975636841
2205	64	7849	98.9818854097
2206	69	7853	98.8956428137
2207	74	7858	98.8413847969
2208	70	7864	98.8683331575
2209	71	7866	98.8592950839
2210	67	7869	98.8817904699
2211	62	7869	98.9538806337
2212	60	7870	99.0503179281
2213	56	7874	99.0551747202
2214	52	7877	98.9859910139
2215	57	7883	98.9981071145
2216	61	7889	98.9742924806
2217	65	7890	98.9673231056
2218	67	7897	98.9114867085
2219	71	7897	98.9165624499
2220	67	7899	98.8457726677
2221	62	7899	98.8907107459
2222	65	7901	98.86413929
2223	67	7905	98.8178739502
2224	68	7906	98.797346547
2225	63	7911	98.7066022542
2226	66	7918	98.6696780933
2227	67	7925	98.6996579116
2228	67	7928	98.7062987313
2229	63	7931	98.77148809
2230	59	7932	98.7253489778
2231	62	7932	98.723391256
2232	64	7935	98.6653951974
2233	62	7937	98.6716393769
2234	64	7944	98.6909298693
2235	61	7948	98.6325820191
2236	60	7949	98.5441092178
2237	64	7953	98.4806094346
2238	66	7953	98.5567136345
2239	68	7959	98.5566152032
2240	71	7959	98.4839489351
2241	74	7965	98.5558093979
2242	75	7970	98.5632539708
2243	70	7973	98.468729888
2244	72	7974	98.5018634002
2245	68	7981	98.4704868668
2246	68	7988	98.5162265791
2247	71	7989	98.5451267671
2248	74	7995	98.6230271811
2249	77	7996	98.698187314
2250	81	8000	98.7830122654
2251	78	8002	98.7183269027
2252	78	8002	98.6421777288
2253	82	8009	98.5711549482
2254	79	8012	98.6595834086
2255	83	8018	98.6385763088
2256	84	8025	98.5597178504
2257	89	8027	98.5162393052
2258	87	8032	98.571390821
2259	89	8034	98.5671262055
2260	89	8035	98.6046664493
2261	94	8039	98.5863222137
2262	97	8046	98.6481620364
2263	102	8050	98.6063663146
2264	101	8053	98.5324941257
2265	100	8055	98.4637170055
2266	99	8060	98.5106771703
2267	102	8063	98.4493241491
2268	103	8069	98.5470249728
2269	106	8073	98.517845313
2270	105	8078	98.5555422631
2271	109	8083	98.4962215227
2272	106	8086	98.5763260165
2273	111	8088	98.6167983527
2274	111	8090	98.6464766055
2275	114	8091	98.6072937414
2276	114	8094	98.5290729832
2277	114	8095	98.5859507152
2278	116	8099	98.6268302883
2279	111	8101	98.5425712856
2280	116	8104	98.4829930627
2281	117	8107	98.4921173988
2282	116	8110	98.4608291021
2283	116	8110	98.4608026638
2284	112	8114	98.3752299623
2285	115	8118	98.4578323226
2286	110	8121	98.4945034222
2287	114	8121	98.400277568
2288	115	8126	98.408063166
2289	117	8130	98.4258190073
2290	121	8133	98.3619450512
2291	119	8134	98.400264444
2292	124	8135	98.4135979481
2293	124	8137	98.3481235588
2294	129	8137	98.418067035
2295	124	8140	98.4979973532
2296	120	8143	98.4673351502
2297	117	8148	98.5053558891
2298	115	8149	98.5918063375
2299	118	8154	98.6843534955
2300	121	8161	98.7018794196
2301	118	8167	98.7372767407
2302	115	8168	98.6520643184
2303	119	8174	98.6568021492
2304	119	8179	98.6050723534
2305	121	8180	98.693550013
2306	122	8180	98.736090322
2307	124	8184	98.7456219673
2308	123	8189	98.7429822343
2309	126	8196	98.7083170873
2310	128	8197	98.6750995807
2311	131	8201	98.7316841639
2312	133	8201	98.7896789269
2313	134	8208	98.7796171465
2314	134	8209	98.7485514432
2315	136	8214	98.7467070112
2316	141	8219	98.8382314241
2317	137	8225	98.8453940596
2318	138	8226	98.881231582
2319	135	8232	98.97270387
2320	130	8232	98.9656029407
2321	134	8239	98.9503500176
2322	132	8246	98.9472624751
2323	127	8252	98.9185723993
2324	125	8253	98.9982201853
2325	124	8254	98.9837306043
2326	125	8258	98.956914248
2327	127	8259	99.017254226
2328	126	8265	99.0802403986
2329	126	8270	99.1253092177
2330	129	8272	99.0324355294
2331	130	8277	98.9373358484
2332	131	8277	98.8963002061
2333	131	8281	98.9642283559
2334	130	8282	98.9469849925
2335	127	8283	98.9461297319
2336	132	8288	98.8597236562
2337	136	8289	98.9016677148
2338	138	8293	98.8570327899
2339	141	8296	98.8811491441
2340	143	8301	98.8076544687
2341	140	8301	98.7840013819
2342	137	8308	98.78022946
2343	134	8311	98.85609763
2344	134	8317	98.9109423249
2345	132	8324	98.8400766836
2346	131	8324	98.8967097939
2347	130	8329	98.956714868
2348	130	8331	99.0095761285
2349	126	8335	98.9783114586
2350	129	8335	99.0046781709
2351	126	8336	99.0107247159
2352	125	8336	98.9343132133
2353	126	8341	98.9257960914
2354	130	8344	99.000219626
2355	126	8345	98.9204852667
2356	128	8347	98.9885391685
2357	132	8348	98.9023345452
2358	135	8349	98.9079528738
2359	134	8350	98.9142145234
2360	130	8350	98.8941682444
2361	135	8350	98.9597667545
2362	135	8352	98.9219541239
2363	133	8358	99.0142605651
2364	136	8364	99.1043919616
2365	131	8368	99.1641087875
2366	132	8370	99.0989919564
2367	137	8377	99.1268085776
2368	136	8380	99.0350612246
2369	133	8383	98.993666028
2370	138	8390	98.9282078617
2371	133	8392	98.9991993869
2372	129	8399	99.0653723877
2373	133	8406	99.1395643394
2374	133	8409	99.2110373149
2375	137	8415	99.1809270138
2376	141	8417	99.1411221187
2377	144	8421	99.0540516567
2378	142	8422	99.1041172316
2379	142	8429	99.1135435062
2380	142	8435	99.104667618
2381	141	8441	99.1904583323
2382	146	8443	99.2822351064
2383	151	8449	99.1891775945
2384	154	8450	99.215951748
2385	158	8454	99.1983354914
2386	157	8454	99.1835754485
2387	154	8460	99.1725758523
2388	150	8462	99.2204433937
2389	147	8468	99.1983839149
2390	145	8475	99.183113636
2391	144	8479	99.1009140409
2392	141	8480	99.0552977643
2393	139	8483	98.9648218854
2394	143	8485	99.0221962591
2395	146	8492	99.0232874478
2396	151	8496	99.110694338
2397	147	8502	99.1053686813
2398	152	8509	99.1307945476
2399	157	8514	99.0571161828
2400	153	8518	99.0895105893
2401	156	8519	99.050335644
2402	159	8522	98.9624125726
2403	162	8529	99.0610649935
2404	166	8535	99.1497995
2405	163	8541	99.0988632767
2406	163	8541	99.0566031517
2407	159	8545	99.0676999692
2408	162	8546	99.0191779631
2409	158	8552	98.9982524723
2410	153	8559	99.020403025
2411	154	8563	98.9286019595
2412	158	8569	99.0075247169
2413	161	8571	98.988501554
2414	165	8575	98.9858997072
2415	167	8575	98.9836534957
2416	167	8575	98.9584354681
2417	163	8580	99.0197885739
2418	161	8580	98.9269506716
2419	161	8587	98.8973589563
2420	165	8588	98.9724138822
2421	164	8593	98.9739547106
2422	159	8593	98.9332865106
2423	160	8597	98.8869230601
2424	158	8602	98.9102662424
2425	154	8602	99.0017866701
2426	159	8607	99.0442208332
2427	154	8611	99.1194981081
2428	153	8614	99.0342114185
2429	148	8618	99.0800854146
2430	148	8618	99.132894806
2431	150	8624	99.1318177343
2432	154	8628	99.0835928446
2433	154	8629	99.1112024788
2434	156	8629	99.1598722945
2435	151	8629	99.1688095782
2436	146	8634	99.1444429735
2437	150	8641	99.2358714955
2438	145	8644	99.3197724442
2439	140	8645	99.3811093144
2440	142	8649	99.4098682159
2441	144	8656	99.3927104739
2442	149	8659	99.4449947795
2443	146	8659	99.4987581308
2444	147	8661	99.4034750831
2445	151	8661	99.4619074477
2446	150	8662	99.3823628798
2447	147	8669	99.2880022306
2448	143	8672	99.3042026372
2449	148	8677	99.3103926518
2450	144	8682	99.3185219614
2451	145	8684	99.2499366235
2452	142	8684	99.1523326597
2453	143	8688	99.1940333587
2454	140	8689	99.158119725
2455	136	8695	99.1250059681
2456	138	8701	99.0795555361
2457	142	8703	98.9881402208
2458	142	8706	98.8924950784
2459	145	8713	98.868565283
2460	141	8720	98.7730624477
2461	146	8721	98.8258051184
2462	148	8725	98.8855276323
2463	148	8731	98.9566066645
2464	145	8735	99.0342800713
2465	142	8739	99.0157661261
2466	144	8744	99.046969441
2467	141	8745	98.9833729494
2468	140	8746	98.9749684194
2469	144	8752	98.98484878
2470	139	8755	99.0486354812
2471	135	8758	99.0310693423
2472	133	8763	99.1278389593
2473	131	8768	99.0944034363
2474	136	8774	99.0820146495
2475	133	8778	98.9820233711
2476	136	8785	98.952834216
2477	132	8785	98.9496742696
2478	130	8791	98.9226691448
2479	130	8798	98.8956076115
2480	127	8799	98.9503329392
2481	129	8801	98.9704320984
2482	128	8804	98.8889683772
2483	133	8804	98.7986344464
2484	129	8810	98.71572876
2485	124	8816	98.6232120155
2486	123	8821	98.6465033822
2487	119	8828	98.6117956997
2488	116	8835	98.6934489893
2489	112	8840	98.6355758134
2490	111	8845	98.5525925752
2491	115	8852	98.5224564398
2492	114	8856	98.5220974608
2493	113	8863	98.4790071926
2494	109	8867	98.5107228486
2495	109	8874	98.416642297
2496	105	8880	98.4692292995
2497	101	8884	98.4843904718
2498	96	8890	98.4458191862
2499	97	8894	98.3813303083
2500	95	8896	98.3370161071
2501	95	8900	98.3709048935
2502	93	8901	98.4648947673
2503	93	8908	98.4378482158
2504	94	8911	98.4733378641
2505	92	8917	98.466991241
2506	90	8919	98.444198702
2507	89	8921	98.3809901981
2508	87	8923	98.3386623607
2509	87	8926	98.2546215408
2510	92	8927	98.2161400412
2511	93	8932	98.2965859491
2512	97	8934	98.2752464747
2513	93	8939	98.2952885058
2514	98	8940	98.3822075617
2515	100	8945	98.367366306
2516	96	8949	98.3213194289
2517	94	8955	98.3344495743
2518	98	8961	98.2602097421
2519	95	8968	98.263222861
2520	97	8971	98.1840357062
2521	100	8976	98.2282222755
2522	101	8976	98.1926614451
2523	96	8983	98.256864186
2524	91	8985	98.3138121537
2525	95	8988	98.3157082977
2526	90	8988	98.2640149755
2527	90	8988	98.2615139979
2528	90	8991	98.2744099953
2529	85	8995	98.2660652703
2530	81	9001	98.3002111095
2531	83	9001	98.3735025354
2532	79	9005	98.3862730787
2533	81	9011	98.3704414907
2534	82	9015	98.4435516607
2535	81	9020	98.4958719705
2536	77	9024	98.5147082444
2537	76	9028	98.4507243911
2538	76	9032	98.3583034093
2539	76	9034	98.3305982033
2540	77	9037	98.284547889
2541	77	9041	98.3735769214
2542	78	9047	98.3670940376
2543	73	9050	98.3925763701
2544	69	9051	98.3118783806
2545	73	9055	98.3945920218
2546	69	9055	98.3857229609
2547	71	9059	98.3722416338
2548	67	9063	98.461713184
2549	64	9066	98.4693686451
2550	63	9069	98.4145633056
2551	64	9075	98.3267961997
2552	59	9080	98.3979883686
2553	54	9084	98.4346835441
2554	53	9085	98.5239787026
2555	52	9088	98.5609348974
2556	54	9090	98.6405250293
2557	55	9091	98.6920091667
2558	55	9091	98.6772413736
2559	50	9096	98.7316355545
2560	53	9101	98.6600687744
2561	56	9101	98.6738873847
2562	51	9107	98.7708921164
2563	50	9113	98.8638370044
2564	54	9118	98.8213504586
2565	57	9125	98.7758615936
2566	61	9127	98.7476292078
2567	62	9127	98.6730180619
2568	62	9127	98.7501607945
2569	60	9134	98.6579552519
2570	60	9141	98.7130979787
2571	59	9143	98.7124899486
2572	54	9149	98.7852203745
2573	59	9149	98.869643524
2574	63	9153	98.9505637776
2575	64	9156	98.9091617815
2576	64	9159	98.8302614998
2577	63	9161	98.7440926246
2578	61	9161	98.789365756
2579	61	9164	98.6966325279
2580	62	9166	98.7704917156
2581	63	9168	98.7104498537
2582	67	9170	98.7393220761
2583	72	9170	98.7912919365
2584	68	9174	98.821596956
2585	68	9177	98.7523961513
2586	69	9177	98.7887958572
2587	64	9184	98.8141181304
2588	60	9187	98.750073982
2589	63	9189	98.7093675626
2590	58	9192	98.7415501709
2591	55	9196	98.688618304
2592	50	9198	98.6440145636
2593	53	9202	98.644170257
2594	51	9207	98.7431957749
2595	55	9213	98.7216705123
2596	51	9214	98.6881930612
2597	52	9217	98.7024671136
2598	51	9224	98.7695261733
2599	50	9228	98.8617645578
2600	50	9232	98.9170479093
2601	54	9233	98.8625496004
2602	54	9237	98.808987224
2603	56	9239	98.7129636236
2604	54	9241	98.6240902248
2605	50	9243	98.5705297509
2606	50	9249	98.4722960383
2607	50	9256	98.5683668205
2608	50	9259	98.5430231411
2609	55	9259	98.54744973
2610	52	9260	98.4485652146
2611	50	9263	98.3900795818
2612	54	9264	98.3500554503
2613	55	9265	98.3638719616
2614	58	9268	98.3613032905
2615	54	9275	98.3760989517
2616	50	9280	98.3706190376
2617	50	9284	98.3998869184
2618	50	9290	98.4527267232
2619	53	9297	98.4181151803
2620	58	9298	98.3392316777
2621	55	9298	98.3636219368
2622	56	9299	98.2757925157
2623	51	9299	98.3105590727
2624	50	9306	98.3946111695
2625	55	9306	98.3260340594
2626	50	9310	98.3896206452
2627	50	9311	98.3524694402
2628	54	9311	98.3715699411
2629	55	9311	98.3743905352
2630	58	9313	98.2855000656
2631	54	9316	98.2508756556
2632	55	9319	98.2447100851
2633	52	9325	98.3078474333
2634	51	9325	98.397770278
2635	53	9328	98.3832455852
2636	56	9333	98.4100478886
2637	54	9333	98.4755663301
2638	52	9336	98.5588398388
2639	55	9340	98.6551496515
2640	59	9341	98.6271469409
2641	54	9346	98.5494170911
2642	50	9349	98.465360389
2643	50	9353	98.5429294447
2644	50	9355	98.4713860706
2645	52	9359	98.4920554999
2646	50	9366	98.4624491082
2647	50	9368	98.4774088123
2648	50	9373	98.4801704897
2649	50	9379	98.5572364499
2650	50	9380	98.5575785352
2651	50	9380	98.5118863998
2652	50	9386	98.4822594612
2653	50	9392	98.5192874288
2654	52	9394	98.540782003
2655	50	9397	98.5065302597
2656	50	9400	98.5228075048
2657	50	9404	98.5091518968
2658	50	9409	98.5887451708
2659	50	9410	98.6666596978
2660	51	9410	98.7574840825
2661	54	9410	98.8235964803
2662	59	9411	98.8598981327
2663	61	9413	98.9278804682
2664	60	9420	98.8910689191
2665	63	9427	98.815923805
2666	59	9430	98.7507042699
2667	63	9437	98.8253919123
2668	65	9444	98.8164524495
2669	63	9449	98.8312563419
2670	67	9451	98.7759091624
2671	69	9452	98.7802238838
2672	65	9452	98.8208374277
2673	64	9458	98.7915674186
2674	64	9463	98.7804637852
2675	65	9469	98.8304617435
2676	66	9473	98.9169682647
2677	71	9475	98.8891238214
2678	76	9480	98.8555979131
2679	76	9486	98.7629937395
2680	74	9492	98.7630642288
2681	72	9499	98.6967606447
2682	67	9502	98.7391223161
2683	71	9504	98.7574276838
2684	73	9507	98.6697715718
2685	73	9511	98.6353000532
2686	74	9513	98.6441503234
2687	70	9516	98.5974228262
2688	72	9521	98.5753914796
2689	72	9527	98.574625579
2690	75	9534	98.5807734499
2691	70	9535	98.5254344139
2692	68	9537	98.5912519454
2693	63	9540	98.6649658517
2694	68	9541	98.587999337
2695	67	9541	98.6314031571
2696	70	9541	98.6604844026
2697	68	9542	98.6185822495
2698	72	9547	98.5893888005
2699	77	9552	98.6380907532
2700	80	9553	98.6806035646
2701	85	9557	98.6927793056
2702	87	9563	98.6349350549
2703	92	9570	98.6666362593
2704	94	9571	98.5802840404
2705	93	9572	98.6716871242
2706	89	9577	98.7645706122
2707	90	9583	98.6873636891
2708	85	9583	98.6983290691
2709	80	9586	98.6251702225
2710	76	9588	98.611492355
2711	72	9592	98.5144213574
2712	68	9598	98.5125082393
2713	66	9598	98.4281541275
2714	69	9604	98.4845848606
2715	70	9611	98.4253003428
2716	72	9617	98.4853185706
2717	77	9622	98.4203958924
2718	76	9624	98.3673954059
2719	73	9628	98.3997323469
2720	76	9631	98.4380339702
2721	75	9638	98.4348074361
2722	79	9644	98.4771240922
2723	77	9647	98.5334857701
2724	77	9648	98.5244934867
2725	82	9649	98.5963848793
2726	83	9656	98.4988705747
2727	87	9660	98.4044050288
2728	89	9667	98.373590926
2729	86	9672	98.4511222398
2730	83	9679	98.5329323468
2731	81	9686	98.5856093033
2732	83	9693	98.6045387415
2733	88	9698	98.5884983719
2734	91	9705	98.6735677859
2735	95	9705	98.7347803576
2736	100	9708	98.8181698442
2737	95	9711	98.8251322403
2738	99	9715	98.7998979741
2739	98	9719	98.7334691435
2740	102	9726	98.7000303416
2741	98	9728	98.6806679798
2742	102	9734	98.7185357884
2743	99	9739	98.7988882276
2744	95	9743	98.847179147
2745	100	9749	98.8635135251
2746	105	9754	98.8255851263
2747	100	9761	98.7385732326
2748	96	9761	98.6988037043
2749	97	9766	98.6632736436
2750	102	9773	98.5727633372
2751	98	9773	98.629336961
2752	95	9780	98.696473121
2753	99	9786	98.7371522845
2754	101	9786	98.7178655157
2755	106	9792	98.732313646
2756	101	9794	98.6977490105
2757	96	9801	98.705437963
2758	91	9805	98.7844675821
2759	95	9805	98.7286510349
2760	97	9811	98.7222314512
2761	101	9811	98.757040243
2762	97	9814	98.7256243145
2763	99	9814	98.6853926667
2764	99	9817	98.7426426971
2765	94	9818	98.6579518934
2766	95	9821	98.589332492
2767	92	9821	98.4989840562
2768	94	9823	98.4701652024
2769	97	9828	98.5375625763
2770	97	9830	98.4695942396
2771	93	9834	98.4316281565
2772	90	9837	98.4822468656
2773	87	9841	98.5696300727
2774	82	9846	98.479190983
2775	86	9852	98.5732230175
2776	89	9859	98.642743612
2777	88	9859	98.6864835396
2778	89	9866	98.5947358507
2779	86	9866	98.550623167
2780	91	9866	98.4738047188
2781	86	9873	98.4319183068
2782	83	9878	98.4414324047
2783	84	9885	98.373090126
2784	86	9890	98.4253566534
2785	82	9897	98.4990744624
2786	78	9901	98.4170913772
2787	77	9905	98.4005645604
2788	80	9905	98.3522265023
2789	78	9911	98.4411054755
2790	82	9916	98.4698840069
2791	79	9918	98.5041792921
2792	77	9925	98.4945854062
2793	81	9929	98.4709586127
2794	77	9934	98.3886380183
2795	74	9940	98.4594472039
2796	79	9941	98.4508842454
2797	83	9947	98.3790759924
2798	79	9953	98.4362566417
2799	83	9954	98.4484809311
2800	87	9960	98.5251549887
2801	82	9963	98.5895913354
2802	84	9963	98.6731173866
2803	81	9967	98.6047661892
2804	83	9969	98.5704023231
2805	84	9971	98.4946486857
2806	80	9972	98.4818292201
2807	83	9976	98.4568538184
2808	83	9978	98.4701211816
2809	80	9984	98.4135699766
2810	80	9988	98.4610247517
2811	80	9990	98.5348948251
2812	75	9991	98.5891077202
2813	74	9995	98.4950227088
2814	69	9999	98.4037578948
2815	67	10002	98.3829090271
2816	66	10004	98.3080077155
2817	70	10006	98.2811678645
2818	65	10012	98.256517131
2819	68	10016	98.2174990059
2820	69	10021	98.1382147588
2821	66	10028	98.1411559806
2822	71	10028	98.0749138036
2823	70	10034	98.1566252962
2824	74	10038	98.1911506316
2825	79	10045	98.1160560711
2826	75	10049	98.0213257565
2827	78	10055	98.0210522763
2828	76	10061	97.9780035625
2829	80	10064	97.965210542
2830	83	10068	97.9933817191
2831	88	10073	97.9188091555
2832	83	10080	97.8297293528
2833	81	10083	97.7347282705
2834	78	10083	97.773964134
2835	82	10084	97.7756651283
2836	80	10090	97.7612850153
2837	79	10096	97.8455661255
2838	81	10101	97.9113050369
2839	78	10104	98.0014318699
2840	77	10105	97.936156818
2841	73	10106	97.8922805601
2842	68	10111	97.9879841172
2843	64	10111	98.0053604495
2844	62	10111	98.0434197594
2845	59	10111	97.9451958874
2846	56	10118	97.8775352615
2847	53	10125	97.8112515514
2848	50	10132	97.8755485132
2849	55	10136	97.9445523232
2850	60	10142	97.947483581
2851	56	10142	98.0408211223
2852	55	10142	97.9562019449
2853	51	10143	97.8685951945
2854	50	10143	97.8100008436
2855	52	10143	97.7368845047
2856	50	10150	97.8263591569
2857	54	10150	97.7669655525
2858	51	10151	97.8013343038
2859	52	10156	97.8607059156
2860	57	10156	97.9549319326
2861	56	10162	97.9776232074
2862	55	10168	97.9767736485
2863	51	10173	98.0678538084
2864	51	10177	98.0408931175
2865	51	10182	98.0161646615
2866	55	10189	98.0899764488
2867	60	10194	98.0566747499
2868	61	10197	98.0551956314
2869	57	10200	98.0049287626
2870	61	10206	97.9594862363
2871	66	10209	97.9447469727
2872	65	10211	97.8522203248
2873	68	10213	97.8258885126
2874	68	10214	97.7391576943
2875	66	10219	97.8350793964
2876	69	10224	97.8292144747
2877	71	10227	97.9114296916
2878	74	10233	97.8957174522
2879	75	10234	97.8347243362
2880	76	10236	97.79832954
2881	77	10237	97.7869754745
2882	76	10242	97.8271195426
2883	76	10249	97.8489068949
2884	80	10250	97.754167792
2885	85	10251	97.666349222
2886	83	10258	97.7421184424
2887	81	10264	97.7398306588
2888	84	10269	97.7927872319
2889	82	10276	97.8611063492
2890	86	10277	97.9537922485
2891	83	10279	97.9027687943
2892	80	10281	97.9642121283
2893	81	10286	98.0107575709
2894	85	10287	98.0287668623
2895	85	10294	98.0822852963
2896	85	10299	98.0464837464
2897	86	10305	98.1073764275
2898	86	10306	98.0995603361
2899	86	10308	98.0871822257
2900	88	10315	98.056608231
2901	89	10319	98.0262209082
2902	93	10324	98.0014858395
2903	94	10328	97.9446505356
2904	93	10333	97.9190989422
2905	95	10339	97.8820263192
2906	94	10346	97.7959985836
2907	92	10348	97.720515576
2908	94	10351	97.7538806051
2909	98	10351	97.7818023556
2910	98	10351	97.810459051
2911	102	10351	97.8997644399
2912	97	10351	97.8835301113
2913	94	10356	97.8962140287
2914	95	10359	97.9544971522
2915	94	10363	98.0157127749
2916	97	10364	98.0205728397
2917	98	10368	98.0557012532
2918	98	10369	98.0751536922
2919	102	10374	98.1164069808
2920	98	10374	98.2071470656
2921	102	10381	98.1239674128
2922	101	10386	98.207111312
2923	98	10386	98.2270345098
2924	102	10390	98.1741002512
2925	103	10394	98.0999376649
2926	107	10396	98.1339205102
2927	102	10400	98.2065900371
2928	97	10407	98.2085262551
2929	100	10411	98.1808698835
2930	97	10412	98.1560212152
2931	95	10412	98.064747676
2932	93	10418	98.1509045136
2933	89	10420	98.175401879
2934	86	10420	98.1244157937
2935	85	10424	98.1616072588
2936	89	10425	98.071247534
2937	85	10432	98.054446021
2938	86	10435	98.0774832532
2939	90	10435	98.074297086
2940	95	10439	98.0212267613
2941	91	10445	98.0393940397
2942	86	10451	97.9512308658
2943	82	10454	97.9439307285
2944	86	10455	97.9855768148
2945	89	10456	98.0608617469
2946	87	10461	97.9875818021
2947	83	10462	97.9448277158
2948	84	10463	97.9270498963
2949	79	10463	97.8507875229
2950	76	10469	97.9286393749
2951	81	10476	98.0227343892
2952	80	10482	98.0706230287
2953	81	10489	97.9964138024
2954	85	10492	98.0897694751
2955	82	10499	98.0958911213
2956	85	10506	98.1009659659
2957	86	10510	98.0221141601
2958	90	10512	98.1080393293
2959	89	10516	98.0113276262
2960	84	10517	97.9563382733
2961	87	10522	97.8855644806
2962	82	10523	97.9716246773
2963	83	10526	97.9520417151
2964	87	10532	97.9597773966
2965	88	10536	97.9910519538
2966	92	10537	98.0602843969
2967	88	10542	98.0075005714
2968	84	10549	97.9156680262
2969	86	10554	98.0013684789
2970	83	10556	98.0100150042
2971	81	10563	98.0955132336
2972	76	10569	97.9967884066
2973	71	10573	97.9854118201
2974	76	10576	97.9857712152
2975	77	10583	97.9140393848
2976	72	10583	97.9510838773
2977	69	10587	98.0273501566
2978	71	10587	98.1032362723
2979	69	10589	98.045801765
2980	69	10589	98.0395479255
2981	73	10590	98.1369611282
2982	68	10596	98.0888653684
2983	69	10602	98.1183024832
2984	66	10604	98.0997394762
2985	68	10611	98.1503587479
2986	73	10613	98.0822177015
2987	69	10617	98.1351482172
2988	74	10619	98.1451015369
2989	73	10624	98.1214007541
2990	73	10627	98.1539877444
2991	75	10627	98.2404584039
2992	78	10630	98.2932077096
2993	78	10632	98.3205353757
2994	76	10634	98.292260722
2995	72	10636	98.3379957117
2996	67	10636	98.3891095183
2997	67	10636	98.4488501099
2998	70	10641	98.4624707039
2999	68	10647	98.5447594689
3000	70	10647	98.4476507919
3001	66	10653	98.4678703007
3002	70	10656	98.5559692339
3003	69	10658	98.4626240936
3004	64	10663	98.4267929921
3005	67	10664	98.4704541567
3006	71	10666	98.3931608458
3007	69	10673	98.4523174633
3008	68	10674	98.4189153196
3009	69	10674	98.417077711
3010	68	10677	98.3803643077
3011	68	10677	98.2950213162
3012	69	10682	98.2696564632
3013	72	10683	98.3374825196
3014	76	10686	98.2521017731
3015	78	10687	98.3465374384
3016	82	10693	98.2807553637
3017	85	10697	98.3771037187
3018	85	10701	98.3420467293
3019	89	10707	98.440389069
3020	92	10708	98.3986781141
3021	94	10714	98.3120536474
3022	99	10719	98.3258768787
3023	96	10724	98.288587548
3024	101	10727	98.2661445355
3025	105	10728	98.3419937686
3026	106	10735	98.3721828115
3027	109	10739	98.389157503
3028	112	10745	98.3577252845
3029	107	10747	98.2948883563
3030	102	10749	98.352545901
3031	107	10756	98.3129626896
3032	107	10758	98.2842892505
3033	104	10763	98.3277286307
3034	103	10769	98.2905071879
3035	108	10769	98.2909652792
3036	104	10775	98.2703591234
3037	105	10782	98.2117913749
3038	107	10784	98.2459496564
3039	104	10787	98.1636373326
3040	107	10792	98.1610049138
3041	105	10799	98.0633188623
3042	104	10802	98.0165850908
3043	105	10807	98.1088140386
3044	106	10812	98.1753566959
3045	104	10812	98.1066498807
3046	104	10814	98.0338162945
3047	102	10814	98.0210915803
3048	100	10821	97.9679102832
3049	99	10828	97.9330366679
3050	96	10831	97.8453993543
3051	100	10834	97.8790862221
3052	95	10837	97.9202926872
3053	98	10841	97.9139509584
3054	101	10845	97.8692264102
3055	100	10849	97.9248101513
3056	104	10850	97.9299745537
3057	100	10853	97.8520022897
3058	105	10854	97.8486915995
3059	102	10861	97.7967829587
3060	99	10868	97.7412280791
3061	98	10872	97.6900402479
3062	95	10877	97.7828430046
3063	99	10881	97.7622646373
3064	98	10887	97.7175117035
3065	95	10891	97.7713697108
3066	96	10891	97.6914463611
3067	100	10897	97.6914879078
3068	99	10903	97.7786524296
3069	99	10907	97.7653778733
3070	96	10909	97.7808184645
3071	95	10911	97.74155742
3072	95	10916	97.8246343955
3073	98	10923	97.9187723962
3074	100	10925	97.8892078716
3075	98	10928	97.87112902
3076	99	10929	97.8722407205
3077	101	10931	97.8359697222
3078	97	10937	97.833072893
3079	97	10941	97.8070535689
3080	92	10944	97.8150821079
3081	94	10944	97.7579684726
3082	93	10950	97.8559275414
3083	97	10950	97.894859877
3084	98	10951	97.9569761828
3085	95	10958	98.0125516543
3086	96	10961	97.9699368512
3087	97	10967	97.8905275035
3088	95	10970	97.8766380958
3089	93	10972	97.7833920942
3090	93	10976	97.8415007275
3091	89	10976	97.8065636921
3092	85	10980	97.7391076004
3093	86	10984	97.8018021423
3094	90	10990	97.7357887387
3095	93	10993	97.7719880465
3096	95	10994	97.687374603
3097	94	10996	97.7867024933
3098	99	10999	97.7926706655
3099	103	11002	97.7041373154
3100	98	11007	97.6077510433
3101	101	11011	97.5381673929
3102	98	11017	97.580953409
3103	101	11023	97.4869996478
3104	102	11025	97.569954854
3105	100	11027	97.5320282465
3106	103	11031	97.5316926982
3107	105	11037	97.6178312027
3108	105	11039	97.6882722349
3109	101	11042	97.6874627287
3110	100	11048	97.7729217981
3111	99	11055	97.7201717503
3112	96	11061	97.8164004621
3113	93	11061	97.8477845966
3114	91	11068	97.7707640776
3115	93	11071	97.7933089392
3116	95	11074	97.7722414236
3117	96	11081	97.8487004978
3118	94	11085	97.8196057281
3119	99	11085	97.8396075937
3120	95	11091	97.9223090683
3121	92	11098	97.8338774948
3122	87	11100	97.8997446441
3123	85	11104	97.9876431193
3124	84	11104	97.8949761222
3125	85	11108	97.8694042961
3126	85	11114	97.9571715322
3127	90	11117	97.9236873304
3128	90	11124	97.9615567887
3129	91	11126	97.9466792629
3130	95	11131	97.9062139179
3131	91	11132	97.9746344019
3132	86	11134	98.0111066717
3133	82	11138	97.9637488016
3134	84	11144	97.920537249
3135	84	11148	97.8986892771
3136	83	11155	97.8057485347
3137	86	11161	97.8431779306
3138	91	11167	97.8891332276
3139	91	11168	97.9012901929
3140	89	11173	97.8393212445
3141	92	11179	97.9082534817
3142	87	11185	97.861277509
3143	89	11186	97.9008992099
3144	94	11188	97.9562701529
3145	97	11188	97.8899664698
3146	96	11194	97.8571171061
3147	98	11194	97.8951622722
3148	93	11198	97.8620095061
3149	91	11200	97.9048436582
3150	94	11201	97.9950197945
3151	99	11207	98.0650090173
3152	103	11213	98.0430426291
3153	98	11219	97.9561718486
3154	95	11220	98.0242129752
3155	91	11220	98.1048800406
3156	90	11221	98.0427398891
3157	89	11227	97.9579306032
3158	85	11232	97.9335134999
3159	90	11235	98.020494412
3160	94	11237	97.9835429694
3161	94	11242	97.8904884485
3162	97	11246	97.9351393232
3163	92	11252	98.0249137535
3164	96	11258	98.0145445411
3165	96	11261	98.102526053
3166	99	11267	98.1060151747
3167	101	11271	98.1792975354
3168	106	11277	98.1228609104
3169	102	11280	98.09289826
3170	101	11285	98.0634502769
3171	97	11286	98.0959126479
3172	99	11291	98.1864419397
3173	97	11298	98.2769189434
3174	98	11298	98.3591874268
3175	98	11298	98.367871259
3176	100	11300	98.4347319096
3177	103	11304	98.4469861164
3178	102	11307	98.4652300319
3179	103	11311	98.3927865826
3180	98	11314	98.3888432104
3181	98	11317	98.4449105127
3182	95	11321	98.4262568315
3183	100	11322	98.4999229812
3184	97	11328	98.5111741579
3185	102	11331	98.5298748266
3186	107	11331	98.5197591571
3187	102	11335	98.4587666187
3188	97	11337	98.4094115306
3189	97	11337	98.4569911121
3190	92	11344	98.5491440918
3191	93	11345	98.6383854514
3192	93	11352	98.5958714645
3193	90	11354	98.5987048582
3194	88	11359	98.526849922
3195	93	11365	98.4796012402
3196	91	11366	98.5249579106
3197	86	11367	98.4693507943
3198	84	11371	98.4600010772
3199	79	11375	98.4084821944
3200	74	11381	98.3163622111
3201	78	11388	98.3293238832
3202	76	11392	98.2880769381
3203	71	11395	98.2768542617
3204	70	11397	98.2884275807
3205	73	11403	98.3274250949
3206	72	11406	98.2364671929
3207	76	11406	98.2612592852
3208	78	11409	98.2180002916
3209	81	11411	98.2429725665
3210	86	11416	98.3145132078
3211	89	11421	98.2461838532
3212	86	11424	98.1672676154
3213	81	11428	98.2263432418
3214	81	11432	98.3262706924
3215	84	11436	98.3567543869
3216	85	11440	98.4300079231
3217	89	11440	98.4321980861
3218	94	11441	98.3810983402
3219	95	11446	98.2884559003
3220	91	11446	98.2523974484
3221	96	11449	98.2295180468
3222	92	11455	98.1840982329
3223	92	11460	98.1322016743
3224	90	11463	98.0476901292
3225	86	11464	97.9596751969
3226	86	11469	97.9648441515
3227	88	11472	97.9077369557
3228	88	11473	97.9628617028
3229	89	11478	97.9519535203
3230	90	11485	97.8764287738
3231	86	11490	97.9137191672
3232	83	11492	97.9536711451
3233	85	11498	97.977648485
3234	83	11502	98.0333166603
3235	84	11504	97.9463190256
3236	86	11510	98.0259820134
3237	86	11514	97.9709829082
3238	82	11517	97.9793986402
3239	83	11518	97.9559721141
3240	82	11521	97.9734412377
3241	86	11525	98.0498749415
3242	83	11527	97.9504658152
3243	78	11529	97.8608942368
3244	77	11535	97.8644160286
3245	81	11542	97.8645937576
3246	76	11549	97.8392783686
3247	75	11551	97.9051690984
3248	75	11556	97.9435077656
3249	70	11557	97.9780628138
3250	72	11557	98.000088452
3251	69	11560	98.0518112819
3252	67	11564	98.1036526962
3253	68	11571	98.1861835346
3254	69	11573	98.2782889481
3255	65	11575	98.2104802369
3256	70	11577	98.2064195992
3257	74	11579	98.1133173325
3258	73	11581	98.0415904249
3259	77	11583	97.9440902708
3260	74	11587	98.0324110688
3261	77	11589	98.0560952747
3262	79	11590	98.1501772793
3263	80	11590	98.0574633183
3264	78	11594	98.0709995156
3265	78	11594	98.0096386662
3266	83	11598	97.9143905595
3267	84	11603	97.9186841804
3268	81	11605	97.8458808859
3269	81	11606	97.7893395114
3270	77	11607	97.8817936602
3271	75	11613	97.7904800851
3272	75	11620	97.8664153263
3273	70	11622	97.9394823976
3274	72	11624	97.8875740779
3275	77	11627	97.9119998829
3276	78	11633	98.001775396
3277	83	11637	98.0436564329
3278	87	11641	98.0347876974
3279	87	11643	98.1070003184
3280	91	11645	98.0502782925
3281	88	11647	98.1388466798
3282	91	11647	98.2357809687
3283	91	11650	98.2973701476
3284	86	11655	98.2906600265
3285	83	11661	98.359883364
3286	79	11662	98.4149212797
3287	79	11663	98.3919033973
3288	81	11665	98.4040047714
3289	78	11668	98.3879742935
3290	81	11671	98.4624924282
3291	82	11674	98.5114361529
3292	84	11675	98.5361231716
3293	79	11680	98.4691044779
3294	78	11681	98.4648196175
3295	82	11681	98.5327668075
3296	80	11688	98.5182618881
3297	80	11691	98.4679739591
3298	82	11693	98.5212529278
3299	83	11698	98.5727684035
3300	87	11700	98.5552591203
3301	88	11706	98.5178211677
3302	84	11712	98.4453163613
3303	86	11719	98.4588757539
3304	81	11721	98.4407305462
3305	85	11722	98.415725487
3306	82	11722	98.4191207206
3307	77	11722	98.4293054912
3308	75	11726	98.5268943744
3309	71	11728	98.5963299073
3310	67	11734	98.5272133948
3311	65	11736	98.5664911715
3312	66	11740	98.4860492335
3313	71	11743	98.5069759985
3314	76	11748	98.5274422764
3315	78	11754	98.5379003091
3316	79	11754	98.4433663727
3317	77	11757	98.4903855644
3318	79	11761	98.4498236851
3319	74	11765	98.5041057317
3320	77	11769	98.5952286562
3321	72	11775	98.631997745
3322	72	11778	98.6633534099
3323	72	11781	98.7317911854
3324	70	11788	98.6746584896
3325	72	11795	98.5997337558
3326	72	11801	98.5555408476
3327	69	11808	98.5398249293
3328	65	11808	98.5813602026
3329	70	11814	98.5688188879
3330	70	11817	98.4811805922
3331	72	11817	98.4215029792
3332	73	11818	98.3218381639
