1	125	94.9090528228	7	7
2	120	94.8117331668	5	12
3	117	94.8638843537	7	19
4	113	94.7661756274	5	24
5	115	94.8649227726	7	31
6	111	94.9566192813	7	38
7	115	95.014978767	5	43
8	117	94.9809998529	3	46
9	118	95.0211510834	1	47
10	123	95.0076864201	0	47
11	122	94.9171220038	4	51
12	117	94.9497998978	6	57
13	116	94.9520361253	0	57
14	116	94.9076212951	5	62
15	120	94.836828972	6	68
16	119	94.7464216492	3	71
17	116	94.7085223653	3	74
18	115	94.6159049785	5	79
19	111	94.6719418154	4	83
20	108	94.7482601342	6	89
21	107	94.7961280383	6	95
22	102	94.8561324476	6	101
23	104	94.8722970203	5	106
24	105	94.9638516835	7	113
25	109	95.0121088509	4	117
26	105	95.036415371	7	124
27	101	95.0618473151	5	129
28	104	95.0031084638	1	130
29	101	94.9124634869	4	134
30	96	95.0124181967	3	137
31	96	95.0929789125	3	140
32	96	95.0004254621	6	146
33	98	94.9842749779	5	151
34	101	94.9485405762	7	158
35	106	94.8721677384	0	158
36	109	94.7990537167	3	161
37	106	94.72887127	4	165
38	105	94.8018394055	6	171
39	106	94.7548831252	7	178
40	102	94.8321345527	3	181
41	97	94.8202235677	0	181
42	96	94.7933970947	4	185
43	99	94.8732796371	4	189
44	102	94.7857049006	5	194
45	100	94.7168582739	7	201
46	100	94.6583642915	3	204
47	105	94.6778527116	2	206
48	101	94.6279958506	4	210
49	105	94.6699708094	4	214
50	104	94.5898689644	4	218
51	105	94.6559849513	0	218
52	109	94.583718517	2	220
53	105	94.5226390237	2	222
54	105	94.5317554486	1	223
55	107	94.4774492876	7	230
56	112	94.4418220968	7	237
57	107	94.3676707839	5	242
58	108	94.2894848871	6	248
59	105	94.2609110241	1	249
60	104	94.3603606002	1	250
61	101	94.3494221147	7	257
62	98	94.3502592032	0	257
63	102	94.3046792372	2	259
64	101	94.4002652912	2	261
65	97	94.3397302759	0	261
66	102	94.3929546534	3	264
67	101	94.4376335362	0	264
68	102	94.3648973879	6	270
69	102	94.2837038318	3	273
70	106	94.3765459286	4	277
71	107	94.3828054915	2	279
72	103	94.2929021849	1	280
73	106	94.3443655847	5	285
74	110	94.3305320003	5	290
75	115	94.3925611116	6	296
76	111	94.3846380587	1	297
77	114	94.4738767751	7	304
78	119	94.4793003044	7	311
79	119	94.5735890865	5	316
80	121	94.5237861385	5	321
81	124	94.5894659013	1	322
82	124	94.6050517163	0	322
83	129	94.7030248993	5	327
84	124	94.6631197521	2	329
85	119	94.6586317106	0	329
86	124	94.6976969103	4	333
87	126	94.6321159899	4	337
88	121	94.5946015746	2	339
89	117	94.5787266673	1	340
90	120	94.5303875562	6	346
91	120	94.5900539974	3	349
92	120	94.581231626	2	351
93	115	94.527069246	6	357
94	119	94.5128041329	3	360
95	121	94.4951075744	5	365
96	125	94.4030549498	3	368
97	129	94.4368573875	5	373
98	130	94.3904816756	3	376
99	125	94.4329843825	4	380
100	121	94.4255281427	6	386
101	123	94.3428557487	4	390
102	122	94.380855566	6	396
103	123	94.2994360649	4	400
104	120	94.2215217366	0	400
105	120	94.259918456	4	404
106	119	94.1723399856	2	406
107	121	94.1483949382	6	412
108	121	94.2089261427	7	419
109	123	94.2140647706	4	423
110	122	94.1717866601	1	424
111	124	94.1880695626	5	429
112	122	94.1602098386	0	429
113	125	94.2431953156	4	433
114	126	94.1695752489	3	436
115	129	94.1353842874	1	437
116	132	94.1719585397	0	437
117	135	94.266755525	0	437
118	137	94.2317295266	4	441
119	133	94.219162989	7	448
120	129	94.1609226525	0	448
121	124	94.1094651691	1	449
122	123	94.0869188035	5	454
123	123	93.9932160864	4	458
124	118	93.9210278563	3	461
125	113	93.940935538	2	463
126	116	93.9587263627	5	468
127	121	93.9547708403	6	474
128	116	93.9979959533	4	478
129	115	93.9941677761	5	483
130	119	93.9639534535	1	484
131	121	93.9766126987	4	488
132	122	93.9323775791	4	492
133	117	93.9287927782	1	493
134	114	93.891786006	0	493
135	116	93.8419169764	2	495
136	117	93.8869939519	3	498
137	112	93.8464758818	3	501
138	117	93.8778497953	2	503
139	116	93.8192331721	2	505
140	118	93.870782914	5	510
141	121	93.8906031452	4	514
142	121	93.9027502756	5	519
143	118	93.8223166759	1	520
144	115	93.8260769309	1	521
145	110	93.7758919731	1	522
146	110	93.8718104249	0	522
147	110	93.921689759	6	528
148	111	93.8558247983	1	529
149	115	93.9487879966	4	533
150	120	94.0118890111	0	533
151	117	94.0404887461	7	540
152	118	94.0160167563	2	542
153	113	94.0116758236	7	549
154	112	93.9451184746	4	553
155	112	93.8779182789	7	560
156	117	93.9159935813	3	563
157	113	93.9480905209	4	567
158	112	93.8626712084	5	572
159	114	93.9052924142	7	579
160	118	93.9647999633	2	581
161	118	93.9712983477	1	582
162	121	93.8722642801	0	582
163	120	93.9436808952	4	586
164	123	94.0078623275	0	586
165	123	93.9088015079	0	586
166	124	93.8735504894	3	589
167	123	93.8049338001	1	590
168	123	93.8485131742	7	597
169	125	93.8608023249	5	602
170	125	93.7986350039	6	608
171	127	93.7715638909	7	615
172	125	93.6916603217	3	618
173	122	93.718666091	3	621
174	123	93.7095508561	7	628
175	121	93.6362224689	1	629
176	126	93.5782626468	6	635
177	130	93.6521495267	5	640
178	131	93.5608103609	5	645
179	132	93.4640792093	1	646
180	135	93.3830609634	4	650
181	132	93.4700896602	7	657
182	137	93.384348205	5	662
183	138	93.3842006093	4	666
184	139	93.3922737175	0	666
185	139	93.4072452752	7	673
186	144	93.3167971777	6	679
187	147	93.4157114919	5	684
188	146	93.324085209	0	684
189	149	93.2883703855	0	684
190	153	93.3233539337	6	690
191	157	93.300037057	5	695
192	157	93.210948716	7	702
193	162	93.1578247035	1	703
194	159	93.2135690637	5	708
195	164	93.1446081735	5	713
196	161	93.0892210256	7	720
197	162	93.1888849619	1	721
198	161	93.1823726185	6	727
199	166	93.0994700206	0	727
200	166	93.1029960992	7	734
201	163	93.1536636999	7	741
202	161	93.2489716997	7	748
203	158	93.2949929057	7	755
204	162	93.339946013	6	761
205	167	93.2593004961	3	764
206	171	93.3533634441	4	768
207	167	93.4414105785	1	769
208	171	93.4138838419	0	769
209	167	93.4154349136	1	770
210	163	93.4588886861	4	774
211	166	93.4767746827	1	775
212	164	93.5201641304	5	780
213	166	93.5245273967	6	786
214	166	93.5137046811	0	786
215	167	93.5291253343	1	787
216	167	93.4536784348	4	791
217	166	93.5158333593	3	794
218	163	93.4492430223	5	799
219	162	93.4351061281	5	804
220	163	93.4167148197	3	807
221	165	93.3396245172	0	807
222	164	93.3844438885	2	809
223	164	93.4767346838	2	811
224	162	93.5453351594	2	813
225	164	93.5771094067	3	816
226	168	93.5873128004	1	817
227	167	93.6435414045	1	818
228	170	93.605637794	1	819
229	173	93.6855053068	5	824
230	175	93.7187012779	5	829
231	171	93.7986408431	6	835
232	174	93.7210772533	2	837
233	170	93.6923552082	6	843
234	168	93.6124531654	1	844
235	170	93.7001103251	5	849
236	173	93.7358582853	3	852
237	169	93.6829774601	1	853
238	174	93.6110191451	4	857
239	171	93.5260412667	2	859
240	172	93.4295678734	3	862
241	168	93.4581999948	7	869
242	171	93.5007979434	0	869
243	173	93.4178928427	0	869
244	176	93.4726060772	4	873
245	172	93.3737836501	7	880
246	169	93.4183260231	1	881
247	173	93.4939125413	5	886
248	172	93.4386593601	6	892
249	176	93.3775087873	3	895
250	181	93.2920277287	2	897
251	182	93.3353138819	3	900
252	184	93.3364637752	0	900
253	187	93.395970468	1	901
254	188	93.4624207473	2	903
255	191	93.3955131217	7	910
256	190	93.3245247595	1	911
257	195	93.2875783495	0	911
258	191	93.3562770012	7	918
259	187	93.2965031906	2	920
260	187	93.3536706321	0	920
261	184	93.4258052288	1	921
262	183	93.4399973394	3	924
263	182	93.37992218	6	930
264	187	93.4446868576	1	931
265	186	93.367861259	1	932
266	189	93.3447145613	5	937
267	190	93.4149712281	6	943
268	191	93.3504795076	1	944
269	187	93.433615915	7	951
270	187	93.3436082678	6	957
271	188	93.258490986	2	959
272	184	93.2377724359	1	960
273	179	93.3306253543	7	967
274	175	93.3845929258	5	972
275	177	93.3839126602	2	974
276	173	93.3383183938	3	977
277	170	93.3760053756	6	983
278	171	93.3229846998	3	986
279	169	93.4056684852	2	988
280	171	93.4023425243	2	990
281	173	93.4081865016	5	995
282	178	93.4172360312	4	999
283	174	93.3290029314	3	1002
284	171	93.2637632464	3	1005
285	174	93.3557543264	7	1012
286	172	93.3273523901	6	1018
287	173	93.2388306946	1	1019
288	168	93.3187913687	1	1020
289	167	93.2699253396	6	1026
290	165	93.3698759682	3	1029
291	160	93.4363740155	6	1035
292	157	93.3692802082	3	1038
293	155	93.3971239961	2	1040
294	159	93.3551979074	1	1041
295	160	93.4278666196	6	1047
296	164	93.3873105917	3	1050
297	162	93.4279530909	6	1056
298	164	93.4690378406	2	1058
299	164	93.399283229	7	1065
300	161	93.4026843819	5	1070
301	161	93.4662829749	2	1072
302	163	93.4447704013	5	1077
303	158	93.4679760009	1	1078
304	160	93.4968059957	1	1079
305	161	93.4744192684	6	1085
306	158	93.5357023338	3	1088
307	156	93.4849527419	6	1094
308	158	93.3972538822	6	1100
309	154	93.3394058612	4	1104
310	156	93.4019412038	7	1111
311	156	93.3678658144	3	1114
312	159	93.3411485445	6	1120
313	155	93.2817669266	4	1124
314	157	93.277877932	7	1131
315	157	93.2171297058	5	1136
316	153	93.1758270515	5	1141
317	150	93.2315364445	5	1146
318	150	93.3047036918	3	1149
319	155	93.2761782696	5	1154
320	159	93.2923132237	2	1156
321	154	93.3716569051	6	1162
322	154	93.3095383117	3	1165
323	154	93.2527266916	5	1170
324	152	93.3222657963	0	1170
325	157	93.2520330893	7	1177
326	152	93.2744641618	5	1182
327	156	93.1909696287	6	1188
328	155	93.2025382084	5	1193
329	157	93.2929464561	1	1194
330	153	93.3191818303	2	1196
331	155	93.4093113401	2	1198
332	157	93.502518729	1	1199
333	159	93.4072868219	7	1206
334	155	93.406021447	4	1210
335	151	93.472062509	2	1212
336	156	93.518114067	2	1214
337	157	93.5325382522	7	1221
338	152	93.5495755017	5	1226
339	153	93.511979867	1	1227
340	157	93.5425039488	2	1229
341	152	93.4557424101	4	1233
342	149	93.5418364043	6	1239
343	147	93.5542631573	3	1242
344	144	93.5920765025	3	1245
345	142	93.6575538833	6	1251
346	137	93.7157285954	6	1257
347	136	93.6949831849	6	1263
348	133	93.6400750781	4	1267
349	129	93.6382257216	3	1270
350	134	93.5832736444	1	1271
351	136	93.604250588	6	1277
352	141	93.5351732291	6	1283
353	141	93.5675562839	7	1290
354	140	93.6110722015	6	1296
355	145	93.5144797853	0	1296
356	143	93.4234650259	4	1300
357	143	93.4584275595	0	1300
358	143	93.5412752503	4	1304
359	146	93.57370606	4	1308
360	142	93.5503107773	4	1312
361	139	93.6200034555	0	1312
362	139	93.6281336016	2	1314
363	134	93.5685088723	1	1315
364	137	93.5000132354	4	1319
365	132	93.5943547141	3	1322
366	137	93.54696284	2	1324
367	142	93.5356603577	6	1330
368	137	93.5086380847	2	1332
369	135	93.4436462442	3	1335
370	133	93.4810138509	5	1340
371	132	93.5111478736	7	1347
372	133	93.5684892451	7	1354
373	138	93.5667661468	7	1361
374	140	93.6399829062	7	1368
375	138	93.6790975417	5	1373
376	133	93.7262321601	0	1373
377	131	93.7827460365	2	1375
378	127	93.7883781082	4	1379
379	132	93.8527484091	1	1380
380	132	93.7750796375	3	1383
381	127	93.733664097	3	1386
382	124	93.7057092272	0	1386
383	121	93.652394271	4	1390
384	116	93.6671149907	5	1395
385	118	93.5781993981	6	1401
386	123	93.6561239996	7	1408
387	119	93.5833841388	4	1412
388	123	93.6605368457	4	1416
389	121	93.5952318718	2	1418
390	123	93.5302864109	2	1420
391	124	93.5037456457	3	1423
392	121	93.5696908302	5	1428
393	125	93.5263985978	6	1434
394	125	93.5179985657	0	1434
395	126	93.5422033307	1	1435
396	126	93.5135313383	1	1436
397	125	93.433012659	4	1440
398	128	93.4311485465	3	1443
399	123	93.4302719342	6	1449
400	123	93.4050973009	7	1456
401	126	93.3286110865	3	1459
402	131	93.3018618346	6	1465
403	126	93.3421677319	0	1465
404	125	93.2654018749	0	1465
405	130	93.2015590576	5	1470
406	131	93.1821207623	0	1470
407	128	93.2164113505	0	1470
408	133	93.279112395	7	1477
409	130	93.3446198371	5	1482
410	126	93.3186424154	7	1489
411	121	93.374652154	4	1493
412	120	93.3394849088	0	1493
413	115	93.3088960103	7	1500
414	114	93.2829915111	3	1503
415	116	93.3105313141	1	1504
416	117	93.2587880718	2	1506
417	114	93.2940899673	0	1506
418	112	93.2012187724	4	1510
419	117	93.2214262347	0	1510
420	116	93.3055932438	5	1515
421	111	93.3947094342	5	1520
422	109	93.488924757	7	1527
423	109	93.5839040386	7	1534
424	108	93.5917929927	7	1541
425	113	93.574551792	4	1545
426	118	93.6216367426	1	1546
427	114	93.6308718582	1	1547
428	116	93.7172001531	2	1549
429	118	93.6355692128	6	1555
430	118	93.6552848155	4	1559
431	113	93.5591278191	4	1563
432	110	93.5060786676	0	1563
433	115	93.4550299738	7	1570
434	111	93.5498413742	3	1573
435	112	93.6288683595	2	1575
436	108	93.7059894985	5	1580
437	106	93.6772772889	2	1582
438	111	93.6398217571	1	1583
439	115	93.7234762082	2	1585
440	112	93.7800896869	1	1586
441	108	93.8475636429	4	1590
442	104	93.7525690436	1	1591
443	102	93.6859848117	0	1591
444	105	93.65684902	5	1596
445	104	93.6234199757	3	1599
446	105	93.6232628246	5	1604
447	108	93.6177448202	1	1605
448	113	93.555539218	3	1608
449	117	93.5314280204	2	1610
450	122	93.5971750253	2	1612
451	121	93.6150522438	6	1618
452	120	93.6230400138	2	1620
453	115	93.5292786666	2	1622
454	120	93.6207395363	6	1628
455	118	93.6218361722	1	1629
456	115	93.5484983685	4	1633
457	114	93.5050977267	2	1635
458	111	93.4428833017	6	1641
459	106	93.4807881936	6	1647
460	102	93.4875731845	1	1648
461	102	93.5700579311	5	1653
462	103	93.5506798606	5	1658
463	105	93.4871933617	2	1660
464	106	93.5498408709	4	1664
465	102	93.4923169778	1	1665
466	107	93.5131976008	1	1666
467	112	93.4914983638	6	1672
468	114	93.4494586826	1	1673
469	114	93.4669545019	6	1679
470	114	93.3682722435	3	1682
471	119	93.2725219761	4	1686
472	115	93.3515340507	6	1692
473	113	93.264039095	1	1693
474	114	93.2742248892	7	1700
475	115	93.306577122	5	1705
476	110	93.2740641172	4	1709
477	112	93.3123561144	5	1714
478	107	93.2936852117	0	1714
479	111	93.2891905387	7	1721
480	115	93.2982948529	2	1723
481	114	93.3412205352	4	1727
482	111	93.3501530578	2	1729
483	111	93.438486804	3	1732
484	114	93.4063203553	1	1733
485	113	93.501460167	7	1740
486	108	93.4553439553	7	1747
487	109	93.5080712727	4	1751
488	112	93.5320996406	2	1753
489	114	93.4877456343	3	1756
490	112	93.4539657628	3	1759
491	115	93.3706334083	2	1761
492	111	93.418170489	2	1763
493	106	93.3346706375	0	1763
494	101	93.2622300679	2	1765
495	103	93.2186304475	2	1767
496	106	93.2789755585	2	1769
497	110	93.369408297	5	1774
498	114	93.3669181045	7	1781
499	118	93.3763804619	2	1783
500	113	93.3310712838	3	1786
501	110	93.3002689132	2	1788
502	106	93.351459907	1	1789
503	110	93.3265630945	2	1791
504	114	93.3902568026	7	1798
505	114	93.4513224658	7	1805
506	110	93.4132942013	6	1811
507	106	93.3206808869	1	1812
508	107	93.2518610364	4	1816
509	104	93.2868047679	0	1816
510	100	93.2944271068	2	1818
511	104	93.2366701637	2	1820
512	107	93.1811496603	7	1827
513	106	93.2107767863	7	1834
514	101	93.2043069159	7	1841
515	101	93.2462668813	7	1848
516	98	93.3243235839	0	1848
517	103	93.3341088833	7	1855
518	100	93.3849482741	0	1855
519	105	93.4156686399	1	1856
520	104	93.4300676097	0	1856
521	99	93.4982233404	5	1861
522	104	93.5531234629	6	1867
523	99	93.6250986468	2	1869
524	103	93.6909872327	2	1871
525	101	93.6104523739	5	1876
526	102	93.5451518953	2	1878
527	106	93.4844473	1	1879
528	102	93.5250721519	0	1879
529	106	93.4910275763	6	1885
530	108	93.400561815	5	1890
531	108	93.3156084019	7	1897
532	106	93.234265208	1	1898
533	106	93.3061835487	2	1900
534	105	93.2690425124	6	1906
535	106	93.3458277397	0	1906
536	104	93.2698920722	5	1911
537	102	93.2506476445	2	1913
538	105	93.2583294569	4	1917
539	106	93.2812210288	2	1919
540	102	93.2167972603	1	1920
541	98	93.310317095	3	1923
542	98	93.2965505499	0	1923
543	99	93.2948466326	5	1928
544	98	93.3845600341	0	1928
545	98	93.422689246	0	1928
546	96	93.4218496217	5	1933
547	101	93.3969140593	4	1937
548	105	93.4651480326	5	1942
549	104	93.4058689198	6	1948
550	106	93.3679114566	2	1950
551	105	93.3958270478	0	1950
552	108	93.3912517749	7	1957
553	113	93.4214739061	0	1957
554	115	93.3505356582	7	1964
555	110	93.3011392342	7	1971
556	108	93.3470952051	5	1976
557	110	93.4138203343	4	1980
558	112	93.4281218826	3	1983
559	110	93.3952314747	2	1985
560	108	93.3216860453	5	1990
561	104	93.2532011157	6	1996
562	104	93.2007393279	6	2002
563	109	93.1961788832	3	2005
564	111	93.1202658896	6	2011
565	116	93.1277316779	3	2014
566	111	93.1394991046	6	2020
567	114	93.2186418072	1	2021
568	119	93.2005022257	5	2026
569	117	93.2089147934	6	2032
570	122	93.210703074	6	2038
571	117	93.2158464223	4	2042
572	116	93.1908867146	6	2048
573	114	93.1170510886	6	2054
574	114	93.1141129497	6	2060
575	117	93.1120023904	6	2066
576	114	93.0169662322	5	2071
577	114	92.9380675216	6	2077
578	117	93.0305758151	4	2081
579	113	92.9600216275	5	2086
580	108	92.9288187323	3	2089
581	104	92.907611457	2	2091
582	103	92.9781298854	3	2094
583	107	92.9840947597	5	2099
584	112	92.9150981248	4	2103
585	115	93.0101578483	4	2107
586	118	93.0064801872	0	2107
587	121	93.0472899919	4	2111
588	116	93.0998816006	7	2118
589	114	93.043994113	2	2120
590	116	92.9807738123	4	2124
591	117	92.9490409538	7	2131
592	113	92.8976373894	4	2135
593	109	92.943840031	6	2141
594	105	93.0003613944	2	2143
595	109	93.0673018143	3	2146
596	108	93.1052255552	1	2147
597	110	93.0196343189	0	2147
598	113	92.9459281478	1	2148
599	117	92.9153693409	5	2153
600	120	92.8166697601	7	2160
601	122	92.7272817424	0	2160
602	127	92.7105617339	6	2166
603	124	92.717375703	7	2173
604	126	92.6678029501	0	2173
605	131	92.6963709559	0	2173
606	127	92.7898482864	2	2175
607	127	92.8741135514	5	2180
608	129	92.9047243682	0	2180
609	133	92.8330492826	2	2182
610	134	92.9080115684	0	2182
611	138	92.9007398183	4	2186
612	137	92.9049402529	4	2190
613	142	92.9808947099	3	2193
614	145	92.9893554452	6	2199
615	145	92.9517033632	7	2206
616	148	92.8794079091	6	2212
617	144	92.7982784181	6	2218
618	149	92.7522117331	2	2220
619	147	92.705802663	1	2221
620	144	92.7873457572	6	2227
621	145	92.6977078623	3	2230
622	141	92.6023936725	1	2231
623	141	92.6653536469	1	2232
624	143	92.7512308697	4	2236
625	143	92.7219465422	1	2237
626	141	92.811654128	7	2244
627	141	92.7415710927	7	2251
628	143	92.6963235807	0	2251
629	138	92.7250058745	7	2258
630	137	92.7132329886	6	2264
631	135	92.668439984	3	2267
632	138	92.7263477493	7	2274
633	139	92.7455869017	2	2276
634	138	92.7297592603	5	2281
635	134	92.7820558107	5	2286
636	130	92.7673679307	3	2289
637	127	92.8620280256	6	2295
638	124	92.9151756454	2	2297
639	129	92.88377206	2	2299
640	134	92.9591528739	2	2301
641	135	92.8993203113	7	2308
642	135	92.9377202026	4	2312
643	137	92.8985679613	3	2315
644	142	92.9385209158	5	2320
645	138	92.882134431	4	2324
646	136	92.9684247571	2	2326
647	141	93.0556927144	5	2331
648	137	93.13054659	4	2335
649	142	93.1916391428	5	2340
650	142	93.172318566	6	2346
651	137	93.1945902966	0	2346
652	137	93.1908603447	1	2347
653	138	93.2022550478	7	2354
654	137	93.1871194842	7	2361
655	135	93.2534848991	2	2363
656	134	93.2793731971	4	2367
657	131	93.2738385321	1	2368
658	126	93.2805901501	0	2368
659	126	93.2862527628	5	2373
660	121	93.2981067576	0	2373
661	117	93.2567956462	0	2373
662	121	93.3470870165	7	2380
663	123	93.2850668557	2	2382
664	121	93.2360952077	4	2386
665	125	93.3118391025	6	2392
666	120	93.3696604789	4	2396
667	120	93.3366859318	4	2400
668	115	93.3522766616	6	2406
669	111	93.2648671156	4	2410
670	108	93.229555977	3	2413
671	112	93.1952007261	4	2417
672	116	93.1394831966	2	2419
673	114	93.1314725923	5	2424
674	112	93.0596135024	3	2427
675	109	93.1517050925	6	2433
676	108	93.0663523146	1	2434
677	104	93.0016271339	5	2439
678	101	93.0407014897	2	2441
679	103	93.0186529646	1	2442
680	107	93.0728918278	4	2446
681	103	93.0501058459	2	2448
682	105	93.118141567	5	2453
683	110	93.0390649723	1	2454
684	110	92.9730573466	7	2461
685	112	92.907866724	6	2467
686	107	92.8555976983	6	2473
687	111	92.7791216732	1	2474
688	106	92.8007398221	3	2477
689	103	92.8224402332	0	2477
690	105	92.8482731416	2	2479
691	109	92.8615266194	2	2481
692	110	92.903171871	6	2487
693	108	92.9479933615	5	2492
694	106	92.8528317092	6	2498
695	102	92.9131253278	0	2498
696	98	92.9091964728	7	2505
697	96	93.0036538733	2	2507
698	93	93.1036148269	5	2512
699	98	93.1601071661	6	2518
700	101	93.066737175	3	2521
701	99	92.9878080369	0	2521
702	104	92.8893138726	1	2522
703	100	92.8578186607	4	2526
704	104	92.9406857453	1	2527
705	105	92.9704081281	3	2530
706	108	92.9624118108	2	2532
707	113	93.0060621513	1	2533
708	113	93.0786711556	5	2538
709	117	93.1754360799	2	2540
710	119	93.0874897176	6	2546
711	124	93.0695917439	5	2551
712	128	93.0272323517	7	2558
713	125	93.0975130564	4	2562
714	120	93.1142355152	6	2568
715	121	93.0763609799	3	2571
716	126	93.0159605651	2	2573
717	123	92.9882814835	5	2578
718	121	92.9277028204	4	2582
719	125	92.9085793734	4	2586
720	129	92.9841747707	3	2589
721	125	92.8974242652	2	2591
722	124	92.8692576615	4	2595
723	123	92.8112655774	5	2600
724	127	92.7593015223	4	2604
725	130	92.8445519635	2	2606
726	133	92.8910980715	2	2608
727	129	92.868409285	4	2612
728	130	92.8791472478	3	2615
729	133	92.921890194	7	2622
730	130	92.9326812968	3	2625
731	128	93.0288508741	6	2631
732	129	93.0698958402	7	2638
733	134	93.1409553474	1	2639
734	134	93.0794480475	0	2639
735	136	93.0534896998	6	2645
736	137	93.0751427621	4	2649
737	132	93.156115741	1	2650
738	136	93.070929767	6	2656
739	134	92.9988588183	1	2657
740	137	93.0111403751	3	2660
741	138	92.9195176096	5	2665
742	136	92.8469883636	7	2672
743	133	92.9199825552	0	2672
744	138	92.8978481743	5	2677
745	143	92.9703449704	1	2678
746	144	92.9241919273	1	2679
747	147	92.9990568222	7	2686
748	147	93.0667978763	5	2691
749	148	93.0155587054	3	2694
750	144	92.9893299055	3	2697
751	139	93.0804650943	5	2702
752	140	93.0833029478	3	2705
753	136	93.0599472886	2	2707
754	137	93.1412376189	7	2714
755	141	93.1638264001	1	2715
756	137	93.1501410003	3	2718
757	135	93.1054793601	4	2722
758	131	93.0317317931	6	2728
759	133	92.9944527245	3	2731
760	130	93.0263175948	0	2731
761	125	93.059594768	0	2731
762	127	93.0783993974	5	2736
763	130	93.16978684	5	2741
764	129	93.2467326605	1	2742
765	127	93.3443745029	5	2747
766	132	93.288841604	3	2750
767	136	93.2776565404	6	2756
768	133	93.3110485683	2	2758
769	138	93.2117567726	4	2762
770	135	93.1432174268	5	2767
771	137	93.2118167459	4	2771
772	132	93.121548231	7	2778
773	128	93.0757552443	1	2779
774	129	93.1432609258	4	2783
775	125	93.1155361182	6	2789
776	128	93.147746393	0	2789
777	129	93.0987604552	7	2796
778	130	93.0376899247	0	2796
779	130	93.092249136	7	2803
780	127	93.0381204662	7	2810
781	130	93.1117469238	3	2813
782	130	93.0499215397	6	2819
783	135	92.9875673482	7	2826
784	134	92.9800588786	0	2826
785	134	92.9004006273	3	2829
786	135	92.8264533288	0	2829
787	139	92.8167514851	5	2834
788	135	92.8328302287	7	2841
789	139	92.8230618764	6	2847
790	140	92.8924466017	7	2854
791	144	92.8894163975	3	2857
792	146	92.8880294546	0	2857
793	150	92.9011669653	0	2857
794	145	92.9874511396	4	2861
795	144	93.0325852366	0	2861
796	149	92.94840729	7	2868
797	145	93.0338078137	5	2873
798	143	93.1039393921	0	2873
799	144	93.0090134398	1	2874
800	139	93.0516424673	3	2877
801	138	93.1163813897	0	2877
802	141	93.1847773286	6	2883
803	142	93.2745448043	3	2886
804	144	93.2423179005	5	2891
805	145	93.1705057672	2	2893
806	146	93.0967878046	4	2897
807	151	93.1112749799	5	2902
808	147	93.0482576579	7	2909
809	147	93.0652956869	2	2911
810	145	93.127152563	0	2911
811	146	93.1911677627	1	2912
812	145	93.1946032623	6	2918
813	143	93.1203112069	7	2925
814	141	93.214650292	2	2927
815	144	93.2314951718	3	2930
816	145	93.1975582766	4	2934
817	150	93.26346252	7	2941
818	150	93.3346296276	0	2941
819	146	93.3054991658	0	2941
820	144	93.3816361285	5	2946
821	147	93.3831613656	1	2947
822	142	93.3610270843	6	2953
823	143	93.4338141236	3	2956
824	145	93.4362239482	7	2963
825	150	93.4496872154	7	2970
826	149	93.4774008379	0	2970
827	151	93.563733215	3	2973
828	156	93.5921642882	6	2979
829	156	93.5765220029	5	2984
830	152	93.5855920783	1	2985
831	154	93.6045460403	6	2991
832	157	93.5648140067	4	2995
833	156	93.4822982113	1	2996
834	159	93.500419615	6	3002
835	160	93.5811092822	0	3002
836	160	93.5728066205	3	3005
837	163	93.6679524151	6	3011
838	166	93.5847005153	5	3016
839	166	93.4901356327	0	3016
840	164	93.4684758636	5	3021
841	169	93.4478064712	7	3028
842	164	93.5012371972	2	3030
843	166	93.4081368235	2	3032
844	167	93.4466069807	2	3034
845	165	93.351832214	1	3035
846	166	93.2747268081	2	3037
847	164	93.324692525	0	3037
848	168	93.3405555043	1	3038
849	167	93.2605276452	2	3040
850	163	93.3002520439	3	3043
851	164	93.2707481274	2	3045
852	162	93.3390616137	0	3045
853	159	93.2528579505	0	3045
854	162	93.3216378222	1	3046
855	167	93.272907944	2	3048
856	162	93.2269871338	1	3049
857	163	93.1953568639	3	3052
858	158	93.1394705004	2	3054
859	157	93.1014541213	3	3057
860	152	93.0080171598	4	3061
861	156	92.9571621346	5	3066
862	159	92.8578218734	0	3066
863	164	92.7663474894	4	3070
864	168	92.7133836995	3	3073
865	170	92.812896085	1	3074
866	169	92.8271556059	4	3078
867	170	92.74869859	4	3082
868	169	92.8199189073	2	3084
869	164	92.7285632128	7	3091
870	167	92.7759571326	4	3095
871	169	92.7951724045	5	3100
872	172	92.8533633805	5	3105
873	167	92.8027873534	6	3111
874	162	92.8228216617	0	3111
875	161	92.8484040088	5	3116
876	158	92.7847543838	4	3120
877	154	92.7181348507	3	3123
878	159	92.68018788	3	3126
879	162	92.7588827765	0	3126
880	162	92.7134780324	1	3127
881	161	92.6384859977	4	3131
882	163	92.5619603617	4	3135
883	164	92.4931203007	6	3141
884	160	92.5330954538	2	3143
885	159	92.5842226325	5	3148
886	157	92.6617000628	7	3155
887	155	92.6895119596	7	3162
888	159	92.6697513916	5	3167
889	161	92.6201852454	2	3169
890	166	92.5482901677	0	3169
891	164	92.5419965285	4	3173
892	168	92.6402037684	5	3178
893	164	92.6067805207	4	3182
894	161	92.5508595573	6	3188
895	164	92.5231550728	1	3189
896	162	92.6013922178	0	3189
897	166	92.5948439323	7	3196
898	164	92.5783705485	0	3196
899	160	92.5864686778	0	3196
900	163	92.6086058781	0	3196
901	168	92.5101247051	4	3200
902	169	92.4405749487	2	3202
903	169	92.4439644265	6	3208
904	169	92.5009427781	3	3211
905	171	92.5300897968	4	3215
906	174	92.6158372006	3	3218
907	178	92.5405287909	7	3225
908	178	92.5183564993	7	3232
909	176	92.5700837264	4	3236
910	179	92.6607946148	5	3241
911	183	92.5738565325	1	3242
912	185	92.5961889665	6	3248
913	183	92.6468433993	5	3253
914	183	92.6138413383	4	3257
915	187	92.6156213858	6	3263
916	183	92.5392510964	1	3264
917	188	92.5245478195	3	3267
918	187	92.6046001815	1	3268
919	184	92.5421215091	2	3270
920	186	92.5015193471	4	3274
921	181	92.4321299585	5	3279
922	180	92.5068990786	3	3282
923	180	92.4631664323	4	3286
924	175	92.4217851463	0	3286
925	180	92.4203892656	1	3287
926	175	92.3428634059	6	3293
927	173	92.264058464	6	3299
928	169	92.2359268175	0	3299
929	172	92.2745636909	5	3304
930	169	92.3060811226	6	3310
931	166	92.2359426572	6	3316
932	171	92.3074012337	4	3320
933	168	92.2533390626	6	3326
934	170	92.2800579229	4	3330
935	175	92.2538077259	3	3333
936	172	92.2250760247	6	3339
937	167	92.1453402388	1	3340
938	172	92.0981684739	1	3341
939	171	92.1363234089	2	3343
940	173	92.0550678965	2	3345
941	178	92.0738180474	7	3352
942	175	92.1425693584	2	3354
943	170	92.0928263771	0	3354
944	169	92.098642385	0	3354
945	172	92.1105584519	5	3359
946	174	92.0821452922	3	3362
947	176	92.0949235712	6	3368
948	171	92.0873509241	2	3370
949	174	92.1262164983	6	3376
950	169	92.2039460512	3	3379
951	168	92.2026400799	1	3380
952	169	92.164724856	4	3384
953	164	92.2112505874	4	3388
954	165	92.1602834218	6	3394
955	163	92.1668105402	3	3397
956	167	92.1644603996	6	3403
957	168	92.090300725	1	3404
958	170	92.1006267164	1	3405
959	169	92.0151307098	0	3405
960	165	91.9624106472	3	3408
961	167	92.042884723	7	3415
962	164	91.9981623426	2	3417
963	165	91.924288708	6	3423
964	164	91.855123924	4	3427
965	167	91.7998400422	5	3432
966	166	91.7544660495	5	3437
967	166	91.8525282277	0	3437
968	169	91.8324976844	3	3440
969	170	91.7906189482	5	3445
970	166	91.8776655157	0	3445
971	170	91.8728569438	1	3446
972	170	91.9237824896	6	3452
973	170	91.9780419614	6	3458
974	167	92.0761923777	7	3465
975	169	92.1473203562	6	3471
976	166	92.221859358	3	3474
977	166	92.2648037656	5	3479
978	166	92.262995034	3	3482
979	171	92.3090600123	4	3486
980	170	92.338116945	0	3486
981	173	92.368730625	1	3487
982	168	92.4431030006	0	3487
983	165	92.49650063	2	3489
984	162	92.4339946942	1	3490
985	165	92.4993221428	3	3493
986	166	92.59167071	5	3498
987	164	92.502590904	5	3503
988	165	92.5022787744	5	3508
989	160	92.4720157561	6	3514
990	156	92.4335645404	5	3519
991	161	92.4211560277	5	3524
992	159	92.4502867481	2	3526
993	158	92.4985135275	5	3531
994	155	92.575297841	1	3532
995	154	92.6608507753	2	3534
996	152	92.6876948709	0	3534
997	151	92.6180542302	4	3538
998	152	92.7001118301	0	3538
999	157	92.6161299341	5	3543
1000	155	92.7122034054	7	3550
1001	150	92.7992551532	3	3553
1002	152	92.8121864481	2	3555
1003	155	92.8549201755	7	3562
1004	159	92.82744089	1	3563
1005	157	92.7319747408	5	3568
1006	155	92.6535045139	4	3572
1007	160	92.6196321145	6	3578
1008	165	92.6746703702	7	3585
1009	170	92.6433697231	2	3587
1010	165	92.5618772242	1	3588
1011	160	92.5258143345	1	3589
1012	164	92.4433411733	5	3594
1013	163	92.4668037789	2	3596
1014	168	92.5567774849	4	3600
1015	164	92.5336941099	6	3606
1016	168	92.6203626003	4	3610
1017	167	92.6681326667	7	3617
1018	162	92.7247121238	4	3621
1019	166	92.6830621139	0	3621
1020	166	92.5998978794	3	3624
1021	169	92.5480643726	6	3630
1022	164	92.6080511152	0	3630
1023	169	92.5874107182	4	3634
1024	170	92.489822439	7	3641
1025	173	92.474169922	7	3648
1026	173	92.4557478205	4	3652
1027	170	92.5296376518	2	3654
1028	170	92.6224566131	4	3658
1029	168	92.6397264012	3	3661
1030	168	92.5957531859	5	3666
1031	169	92.5304092244	5	3671
1032	164	92.5379123374	3	3674
1033	167	92.525051807	5	3679
1034	171	92.6226589988	4	3683
1035	176	92.7118464318	7	3690
1036	175	92.6482711478	3	3693
1037	176	92.5746657233	5	3698
1038	177	92.5985880326	1	3699
1039	175	92.6254279743	6	3705
1040	173	92.7203092763	2	3707
1041	170	92.6699466481	3	3710
1042	168	92.6327113204	1	3711
1043	163	92.728457569	1	3712
1044	160	92.6645596134	3	3715
1045	157	92.7161596351	7	3722
1046	162	92.6178472196	2	3724
1047	158	92.6006202219	5	3729
1048	162	92.6579636856	4	3733
1049	162	92.6898621031	2	3735
1050	160	92.7121192327	0	3735
1051	164	92.6249505754	4	3739
1052	168	92.6560224798	5	3744
1053	173	92.7540467031	0	3744
1054	168	92.6669124556	6	3750
1055	165	92.7256481113	3	3753
1056	168	92.7351242976	1	3754
1057	169	92.7152024359	4	3758
1058	174	92.7456314637	2	3760
1059	176	92.8262488049	0	3760
1060	176	92.909907169	6	3766
1061	181	92.9618736739	2	3768
1062	185	92.9515545284	6	3774
1063	187	92.9234501209	0	3774
1064	190	92.9719920208	3	3777
1065	193	92.8970936109	0	3777
1066	195	92.9937104649	3	3780
1067	190	92.9449983537	2	3782
1068	194	92.9849440283	6	3788
1069	189	93.0180020907	2	3790
1070	193	93.0221834327	5	3795
1071	193	93.1129028016	7	3802
1072	194	93.1662392814	3	3805
1073	199	93.1989593055	6	3811
1074	200	93.2031379176	7	3818
1075	200	93.2355267716	5	3823
1076	200	93.2249957101	6	3829
1077	196	93.297188193	1	3830
1078	191	93.2703931845	1	3831
1079	194	93.2028517639	3	3834
1080	197	93.2221912454	2	3836
1081	199	93.2068629974	1	3837
1082	195	93.1967589801	1	3838
1083	196	93.1004292292	4	3842
1084	192	93.0401427795	0	3842
1085	189	93.0400337503	0	3842
1086	193	93.0626610051	0	3842
1087	193	93.0186536831	5	3847
1088	189	93.0380954585	4	3851
1089	188	92.9675052498	3	3854
1090	186	92.9854511073	1	3855
1091	189	92.9248231724	7	3862
1092	187	92.9865403205	5	3867
1093	192	92.9202517911	0	3867
1094	189	92.9282076751	2	3869
1095	194	92.8309931756	6	3875
1096	197	92.8379436255	4	3879
1097	193	92.7446649063	6	3885
1098	195	92.8351990612	4	3889
1099	190	92.8778965342	4	3893
1100	194	92.9728817464	5	3898
1101	198	92.9129110952	0	3898
1102	197	92.9254497607	0	3898
1103	200	92.8955008574	5	3903
1104	200	92.8898520755	1	3904
1105	200	92.9045576962	5	3909
1106	200	92.926725655	6	3915
1107	200	92.9233836322	3	3918
1108	200	93.005540953	7	3925
1109	200	93.0160109688	2	3927
1110	195	92.9933761685	4	3931
1111	193	92.956073956	6	3937
1112	193	93.0105780551	4	3941
1113	190	92.9585237973	4	3945
1114	187	92.98393404	5	3950
1115	184	93.0576009294	0	3950
1116	181	93.0907464059	5	3955
1117	182	93.1632004056	6	3961
1118	187	93.1475304979	3	3964
1119	191	93.2366805888	7	3971
1120	191	93.1401433761	7	3978
1121	191	93.0864555657	6	3984
1122	192	93.0827612531	3	3987
1123	196	93.1325821384	7	3994
1124	195	93.173221427	3	3997
1125	194	93.116767559	3	4000
1126	193	93.2039625703	1	4001
1127	188	93.2836772754	5	4006
1128	183	93.1920307137	2	4008
1129	180	93.1624524575	7	4015
1130	183	93.0729621406	6	4021
1131	186	93.024858876	3	4024
1132	183	92.960232445	4	4028
1133	179	92.9867970458	2	4030
1134	178	93.0559287818	1	4031
1135	183	93.0148214644	7	4038
1136	184	93.056310041	1	4039
1137	185	93.0483312184	2	4041
1138	184	93.0387024348	6	4047
1139	188	93.1198466272	3	4050
1140	187	93.1949353089	7	4057
1141	182	93.2136262527	3	4060
1142	183	93.2865056688	6	4066
1143	187	93.2784711849	1	4067
1144	187	93.2037768144	0	4067
1145	185	93.2778008687	7	4074
1146	185	93.3662744772	5	4079
1147	189	93.3489235261	1	4080
1148	185	93.2905052765	4	4084
1149	183	93.2641545217	7	4091
1150	181	93.3384412182	2	4093
1151	182	93.4194460768	2	4095
1152	179	93.3281824764	4	4099
1153	182	93.4123046875	2	4101
1154	183	93.3591441321	4	4105
1155	183	93.3573213416	4	4109
1156	178	93.2733565566	5	4114
1157	173	93.1857228996	2	4116
1158	176	93.1499637436	7	4123
1159	176	93.1145828387	1	4124
1160	175	93.0590712083	1	4125
1161	172	92.9783666694	4	4129
1162	176	92.92346785	6	4135
1163	172	93.0184926714	6	4141
1164	172	93.0383727325	5	4146
1165	177	93.0826164934	0	4146
1166	181	93.0473045506	2	4148
1167	184	92.9833336574	2	4150
1168	179	93.0462765408	0	4150
1169	181	93.0511405715	3	4153
1170	179	93.0009078643	5	4158
1171	177	92.9143836055	1	4159
1172	179	92.8158965445	5	4164
1173	184	92.7566113254	5	4169
1174	187	92.7341436658	7	4176
1175	186	92.8266763559	0	4176
1176	190	92.8265046418	2	4178
1177	194	92.8552728896	2	4180
1178	198	92.7844337048	0	4180
1179	199	92.701405183	3	4183
1180	200	92.7088782963	0	4183
1181	200	92.7850433104	3	4186
1182	197	92.7359087634	3	4189
1183	198	92.8222594091	2	4191
1184	200	92.800672869	2	4193
1185	196	92.8848326833	0	4193
1186	197	92.9570335642	2	4195
1187	199	92.996825288	5	4200
1188	200	92.9345088171	1	4201
1189	196	92.8356415861	0	4201
1190	197	92.8948317939	7	4208
1191	192	92.9790232522	1	4209
1192	188	92.8858104726	2	4211
1193	191	92.8329192907	2	4213
1194	192	92.8571799765	6	4219
1195	192	92.9276093425	7	4226
1196	191	92.9219554894	0	4226
1197	193	92.9360948267	2	4228
1198	193	92.892842762	5	4233
1199	193	92.9198359898	6	4239
1200	193	92.9115408073	3	4242
1201	196	92.955275374	0	4242
1202	199	92.9038032604	1	4243
1203	199	92.965616664	4	4247
1204	194	93.0086555479	0	4247
1205	197	92.9287704891	2	4249
1206	199	93.0168837284	1	4250
1207	200	93.1100978759	5	4255
1208	200	93.1517843951	7	4262
1209	198	93.1241381986	4	4266
1210	194	93.0799661267	0	4266
1211	194	93.0776152932	7	4273
1212	193	93.1297677759	5	4278
1213	196	93.0802413483	6	4284
1214	198	93.15629903	7	4291
1215	194	93.2289797887	2	4293
1216	199	93.2093928104	6	4299
1217	200	93.1327117731	1	4300
1218	200	93.0508802455	7	4307
1219	197	93.1115868391	3	4310
1220	192	93.1748501513	5	4315
1221	188	93.1894292896	5	4320
1222	193	93.2407450413	6	4326
1223	197	93.2384923732	0	4326
1224	197	93.182520835	5	4331
1225	200	93.1129740417	6	4337
1226	198	93.1406544073	4	4341
1227	194	93.1172677718	7	4348
1228	192	93.1596613426	2	4350
1229	196	93.1218355075	1	4351
1230	193	93.0242982378	2	4353
1231	195	93.0886799166	6	4359
1232	199	93.1752415171	0	4359
1233	199	93.1755246387	6	4365
1234	200	93.1128317916	7	4372
1235	200	93.1862584425	3	4375
1236	200	93.1591454343	3	4378
1237	198	93.0690257517	4	4382
1238	200	93.075488369	7	4389
1239	200	93.0639069631	2	4391
1240	200	93.0056593959	0	4391
1241	196	93.0669470013	0	4391
1242	191	93.1251986274	6	4397
1243	191	93.2118009995	0	4397
1244	193	93.1642783768	3	4400
1245	190	93.2631822401	5	4405
1246	192	93.3426541811	3	4408
1247	190	93.3997887651	3	4411
1248	194	93.4350836046	5	4416
1249	196	93.5189106071	6	4422
1250	197	93.4196401273	4	4426
1251	192	93.376915018	5	4431
1252	187	93.328424079	7	4438
1253	184	93.3521028814	5	4443
1254	188	93.388485737	3	4446
1255	188	93.4428092395	7	4453
1256	187	93.5371917269	0	4453
1257	186	93.501319099	4	4457
1258	183	93.4679079735	5	4462
1259	187	93.5541925588	0	4462
1260	185	93.5362441674	4	4466
1261	190	93.60290288	0	4466
1262	187	93.5799451863	3	4469
1263	182	93.5146151055	3	4472
1264	185	93.451206473	6	4478
1265	183	93.4286965929	0	4478
1266	179	93.35918011	4	4482
1267	179	93.3474381759	6	4488
1268	180	93.3792177504	4	4492
1269	179	93.3592034274	6	4498
1270	174	93.4404856484	7	4505
1271	179	93.3934268958	5	4510
1272	174	93.413608446	7	4517
1273	174	93.3599468946	2	4519
1274	177	93.4377528649	5	4524
1275	182	93.3395174493	1	4525
1276	181	93.4393134937	4	4529
1277	183	93.5370500838	6	4535
1278	188	93.4562639311	0	4535
1279	191	93.3992466777	7	4542
1280	188	93.3920304958	5	4547
1281	187	93.4353625688	0	4547
1282	192	93.3780922956	7	4554
1283	188	93.4671689518	1	4555
1284	191	93.4297293049	5	4560
1285	194	93.3424760046	0	4560
1286	195	93.2791542003	2	4562
1287	195	93.1895488951	1	4563
1288	196	93.1436283697	6	4569
1289	198	93.2050002713	4	4573
1290	195	93.1386517157	0	4573
1291	200	93.1877158586	7	4580
1292	200	93.2100255608	1	4581
1293	200	93.2825996534	4	4585
1294	200	93.3550009953	6	4591
1295	200	93.3165147632	7	4598
1296	200	93.3244269027	7	4605
1297	197	93.2619867958	7	4612
1298	195	93.2142344685	1	4613
1299	199	93.2112665835	1	4614
1300	200	93.2014776559	1	4615
1301	198	93.2938606142	7	4622
1302	199	93.2824101098	4	4626
1303	194	93.2782361599	6	4632
1304	194	93.2846040651	3	4635
1305	194	93.2946112082	6	4641
1306	190	93.3691715889	6	4647
1307	194	93.4335789323	0	4647
1308	198	93.3855938141	7	4654
1309	196	93.3455017475	2	4656
1310	192	93.4346557053	6	4662
1311	190	93.5149391869	1	4663
1312	193	93.4582963767	4	4667
1313	193	93.5466265449	6	4673
1314	198	93.4795117687	4	4677
1315	193	93.5705732918	3	4680
1316	194	93.6668738557	0	4680
1317	193	93.6548237214	6	4686
1318	197	93.6052893169	3	4689
1319	192	93.5264348312	0	4689
1320	194	93.5924907938	4	4693
1321	193	93.6592753603	2	4695
1322	195	93.6330663367	3	4698
1323	190	93.5593266515	4	4702
1324	191	93.6584828745	7	4709
1325	187	93.6515672606	7	4716
1326	187	93.7196453899	7	4723
1327	182	93.6454615935	6	4729
1328	186	93.5934577903	4	4733
1329	189	93.5745689443	6	4739
1330	187	93.4815222398	1	4740
1331	190	93.5581988149	1	4741
1332	195	93.6216793207	1	4742
1333	190	93.6302904802	4	4746
1334	193	93.6611813808	0	4746
1335	190	93.6507608462	7	4753
1336	188	93.6857670508	5	4758
1337	189	93.7603001303	3	4761
1338	192	93.7687608149	0	4761
1339	190	93.7768702764	7	4768
1340	187	93.8551619151	1	4769
1341	187	93.8839610718	2	4771
1342	189	93.9007994118	1	4772
1343	185	93.9882833268	6	4778
1344	188	93.9714694547	3	4781
1345	185	93.9666534007	5	4786
1346	183	93.9307718872	7	4793
1347	188	93.9992176018	3	4796
1348	190	94.0075302263	1	4797
1349	193	93.9157097592	7	4804
1350	190	93.8988978936	3	4807
1351	191	93.9025544519	4	4811
1352	186	93.810839306	1	4812
1353	189	93.7724250152	5	4817
1354	187	93.8269300702	7	4824
1355	184	93.8346580067	3	4827
1356	179	93.8816095362	6	4833
1357	179	93.8417614713	4	4837
1358	181	93.8905010504	3	4840
1359	181	93.9874606851	0	4840
1360	179	93.9422761	6	4846
1361	178	93.9871511944	2	4848
1362	178	93.9135836043	4	4852
1363	177	93.9320159764	2	4854
1364	179	93.9931647375	7	4861
1365	177	94.0833776047	1	4862
1366	181	94.1276937998	4	4866
1367	182	94.15120651	7	4873
1368	178	94.1735109268	6	4879
1369	181	94.1756671858	6	4885
1370	186	94.2075878444	5	4890
1371	188	94.1405029252	5	4895
1372	183	94.1707293325	7	4902
1373	188	94.243873274	7	4909
1374	186	94.2801988375	2	4911
1375	190	94.2136056849	6	4917
1376	187	94.1450575562	4	4921
1377	190	94.0591605309	6	4927
1378	194	93.9652321504	7	4934
1379	192	93.9579437648	6	4940
1380	187	93.9977627084	3	4943
1381	190	94.0145641849	3	4946
1382	194	94.0309754702	5	4951
1383	196	93.9378383059	1	4952
1384	199	93.8500093335	6	4958
1385	196	93.8552986094	5	4963
1386	191	93.9279238885	5	4968
1387	196	93.8650171947	4	4972
1388	197	93.9172878375	7	4979
1389	192	93.9368376527	5	4984
1390	189	94.0025185825	6	4990
1391	193	93.9929832859	5	4995
1392	195	93.9939393412	4	4999
1393	199	93.9460437393	4	5003
1394	195	93.9770044566	6	5009
1395	190	93.9490441913	0	5009
1396	193	94.0148399307	2	5011
1397	190	94.0186349015	7	5018
1398	191	94.0591676551	6	5024
1399	187	94.0184648664	3	5027
1400	182	94.0170564329	4	5031
1401	182	94.0645703311	6	5037
1402	181	94.1535669596	6	5043
1403	182	94.1119436788	3	5046
1404	186	94.0123549125	4	5050
1405	185	93.99379998	7	5057
1406	180	94.0243366965	2	5059
1407	179	94.1120736916	7	5066
1408	177	94.0415442785	1	5067
1409	180	94.0843662978	1	5068
1410	179	94.0869542409	1	5069
1411	177	93.9977702694	4	5073
1412	177	94.029950629	5	5078
1413	172	94.0931374464	3	5081
1414	172	94.026130588	5	5086
1415	169	94.1012547897	5	5091
1416	174	94.0061819569	7	5098
1417	177	93.9989963533	2	5100
1418	173	94.0519481666	0	5100
1419	168	93.9883188424	7	5107
1420	167	93.8942539583	4	5111
1421	170	93.9280720335	6	5117
1422	165	93.8476119533	5	5122
1423	164	93.8194803427	3	5125
1424	161	93.918276354	0	5125
1425	159	94.0143279492	7	5132
1426	164	94.0609715613	0	5132
1427	164	94.1471468142	7	5139
1428	167	94.232397935	2	5141
1429	172	94.2586704806	4	5145
1430	172	94.2968761778	5	5150
1431	174	94.3084858428	0	5150
1432	172	94.3745090432	5	5155
1433	171	94.3805996713	5	5160
1434	174	94.467557672	1	5161
1435	177	94.4212785215	6	5167
1436	177	94.4259994847	6	5173
1437	179	94.3943588661	2	5175
1438	181	94.3826637627	7	5182
1439	186	94.3085780128	1	5183
1440	186	94.2780794426	4	5187
1441	185	94.2578134608	7	5194
1442	185	94.1904064777	7	5201
1443	185	94.1618567158	2	5203
1444	186	94.1294003207	7	5210
1445	182	94.1858011298	4	5214
1446	185	94.2531536827	1	5215
1447	181	94.3303928359	6	5221
1448	182	94.4262232605	7	5228
1449	185	94.4885876514	2	5230
1450	190	94.4453488404	7	5237
1451	191	94.5236469729	3	5240
1452	191	94.5269005016	1	5241
1453	193	94.5776033789	4	5245
1454	193	94.6103759776	3	5248
1455	196	94.6726747516	0	5248
1456	196	94.6179403104	5	5253
1457	196	94.687638369	2	5255
1458	198	94.7537347656	1	5256
1459	199	94.6876969573	1	5257
1460	200	94.6141319533	7	5264
1461	198	94.5593708219	3	5267
1462	200	94.6438587157	6	5273
1463	197	94.712998406	3	5276
1464	200	94.6358847244	1	5277
1465	200	94.5728110011	2	5279
1466	200	94.5958000184	1	5280
1467	199	94.6703105794	3	5283
1468	194	94.5879594841	5	5288
1469	192	94.590976052	0	5288
1470	193	94.5360088017	4	5292
1471	195	94.4978428678	5	5297
1472	191	94.5297069697	4	5301
1473	187	94.449687223	2	5303
1474	192	94.5425212494	0	5303
1475	197	94.5100059117	3	5306
1476	200	94.5084575399	2	5308
1477	195	94.4717172366	7	5315
1478	194	94.4986157761	0	5315
1479	190	94.503890155	4	5319
1480	187	94.4348476317	2	5321
1481	189	94.4695920295	2	5323
1482	186	94.4149945943	6	5329
1483	181	94.4125203559	5	5334
1484	183	94.3723093815	5	5339
1485	186	94.3800802012	0	5339
1486	191	94.3790764706	1	5340
1487	196	94.3654774081	3	5343
1488	200	94.440378541	2	5345
1489	200	94.5200262362	5	5350
1490	195	94.5026088082	4	5354
1491	200	94.5571442871	6	5360
1492	200	94.4836790387	2	5362
1493	200	94.5342908004	0	5362
1494	200	94.5894371289	7	5369
1495	200	94.6050334633	5	5374
1496	200	94.5258029221	4	5378
1497	200	94.5464747947	1	5379
1498	200	94.5620250966	6	5385
1499	199	94.6195054397	3	5388
1500	194	94.6066710499	6	5394
1501	197	94.526170806	2	5396
1502	197	94.592543642	1	5397
1503	200	94.6864954043	6	5403
1504	198	94.6570773713	3	5406
1505	200	94.6372506429	1	5407
1506	200	94.592702302	1	5408
1507	196	94.5950746326	5	5413
1508	198	94.6802610982	1	5414
1509	193	94.6983892626	7	5421
1510	195	94.7852628302	2	5423
1511	198	94.7540065252	4	5427
1512	200	94.7697336981	6	5433
1513	196	94.7435675553	7	5440
1514	194	94.6961526016	0	5440
1515	199	94.7872191501	7	5447
1516	196	94.7303448326	1	5448
1517	194	94.7166492147	3	5451
1518	189	94.757879049	4	5455
1519	193	94.8277349912	4	5459
1520	188	94.8283171465	3	5462
1521	192	94.7975321644	6	5468
1522	195	94.7589894826	1	5469
1523	196	94.722145775	0	5469
1524	199	94.6873659798	1	5470
1525	199	94.6991018484	3	5473
1526	199	94.7256202009	0	5473
1527	198	94.6960532953	3	5476
1528	194	94.626630176	6	5482
1529	194	94.6941442272	2	5484
1530	192	94.7016438904	3	5487
1531	193	94.6760267744	4	5491
1532	188	94.6014441788	1	5492
1533	193	94.5964870379	2	5494
1534	192	94.6560049223	5	5499
1535	190	94.7463715467	5	5504
1536	191	94.7184636868	5	5509
1537	195	94.6878105536	4	5513
1538	195	94.7595943688	6	5519
1539	200	94.8030681875	5	5524
1540	198	94.8780389651	6	5530
1541	195	94.9308858424	6	5536
1542	190	94.946938419	6	5542
1543	193	94.9241106889	7	5549
1544	196	94.8387902428	4	5553
1545	191	94.855634706	1	5554
1546	191	94.7655581221	6	5560
1547	189	94.6828126511	1	5561
1548	191	94.6220305536	7	5568
1549	192	94.6402673523	0	5568
1550	191	94.7362700463	7	5575
1551	191	94.7845203343	4	5579
1552	189	94.7519083071	1	5580
1553	191	94.6799990486	7	5587
1554	193	94.6317901322	7	5594
1555	195	94.6534482642	1	5595
1556	192	94.7392874273	5	5600
1557	196	94.7085735627	4	5604
1558	194	94.6445004361	2	5606
1559	192	94.5776154067	0	5606
1560	197	94.5526832297	5	5611
1561	198	94.5435573082	0	5611
1562	200	94.5371147085	7	5618
1563	195	94.4521069046	7	5625
1564	199	94.3856409162	6	5631
1565	197	94.317105042	6	5637
1566	200	94.3486316064	5	5642
1567	199	94.3563813506	3	5645
1568	200	94.430891993	3	5648
1569	195	94.3962102204	7	5655
1570	191	94.4607565706	6	5661
1571	187	94.3768625056	2	5663
1572	182	94.4457798747	0	5663
1573	184	94.3824369184	7	5670
1574	179	94.4465417068	4	5674
1575	177	94.3497536677	6	5680
1576	174	94.2577312956	5	5685
1577	172	94.183089712	0	5685
1578	171	94.2674589104	5	5690
1579	174	94.2858160292	4	5694
1580	175	94.2357110309	1	5695
1581	175	94.3047956319	2	5697
1582	175	94.3935217481	4	5701
1583	179	94.3229397658	2	5703
1584	182	94.3064859962	1	5704
1585	182	94.3870918439	1	5705
1586	181	94.3781602859	4	5709
1587	178	94.2927148252	4	5713
1588	177	94.325381062	6	5719
1589	172	94.2730313536	6	5725
1590	175	94.206990758	3	5728
1591	172	94.2368259036	1	5729
1592	173	94.3069307803	4	5733
1593	169	94.2317354926	7	5740
1594	170	94.2588893831	0	5740
1595	170	94.1819596828	2	5742
1596	169	94.2531469688	2	5744
1597	172	94.2636199015	3	5747
1598	172	94.3160804629	2	5749
1599	169	94.2546108829	0	5749
1600	171	94.2411440696	0	5749
1601	175	94.2872603343	4	5753
1602	172	94.3071496846	3	5756
1603	169	94.2543663808	5	5761
1604	174	94.3179947607	1	5762
1605	175	94.3805978789	3	5765
1606	172	94.474487988	7	5772
1607	175	94.5548392651	1	5773
1608	176	94.4751262742	0	5773
1609	180	94.3873852796	6	5779
1610	175	94.3487449722	2	5781
1611	173	94.3104263782	5	5786
1612	171	94.3220766613	0	5786
1613	173	94.4053705514	3	5789
1614	176	94.4992965313	1	5790
1615	171	94.5641573196	1	5791
1616	168	94.5755489836	2	5793
1617	167	94.6172618885	1	5794
1618	170	94.5872493792	2	5796
1619	167	94.5756952914	2	5798
1620	171	94.6316835899	6	5804
1621	171	94.5397155099	1	5805
1622	173	94.5356609638	5	5810
1623	174	94.5226522316	1	5811
1624	177	94.5316938476	4	5815
1625	181	94.5584916554	5	5820
1626	177	94.52798083	0	5820
1627	180	94.5456287225	4	5824
1628	179	94.4882130843	1	5825
1629	182	94.4781720714	1	5826
1630	183	94.508959181	7	5833
1631	188	94.4476678673	0	5833
1632	190	94.3597443548	3	5836
1633	189	94.2639867953	4	5840
1634	187	94.3401102205	4	5844
1635	192	94.3761041679	0	5844
1636	187	94.3643524009	7	5851
1637	183	94.3989835998	6	5857
1638	184	94.4397591415	2	5859
1639	179	94.4744600753	3	5862
1640	184	94.3943660219	2	5864
1641	181	94.4275061415	5	5869
1642	179	94.3330640727	4	5873
1643	179	94.3725414093	1	5874
1644	174	94.432323343	4	5878
1645	176	94.5290005781	7	5885
1646	177	94.5712069257	2	5887
1647	178	94.6557803264	0	5887
1648	182	94.5863312691	6	5893
1649	185	94.5258018909	7	5900
1650	184	94.4763220413	6	5906
1651	180	94.5554369002	0	5906
1652	183	94.5733856587	6	5912
1653	188	94.5947893286	1	5913
1654	189	94.5998664164	7	5920
1655	187	94.6869229632	0	5920
1656	182	94.7773037371	7	5927
1657	178	94.858956839	6	5933
1658	179	94.9439628436	2	5935
1659	182	94.8652899929	3	5938
1660	184	94.7677572386	6	5944
1661	187	94.865194591	4	5948
1662	190	94.8553123976	7	5955
1663	193	94.8306700218	2	5957
1664	197	94.8561733696	3	5960
1665	196	94.9284123255	6	5966
1666	197	94.9797563578	7	5973
1667	194	95.076151147	4	5977
1668	199	95.0948822467	2	5979
1669	196	95.1835966366	2	5981
1670	199	95.1139748891	0	5981
1671	198	95.0883173615	5	5986
1672	200	95.0686765315	5	5991
1673	200	95.0518359021	2	5993
1674	200	95.1389056157	4	5997
1675	200	95.0627310404	7	6004
1676	200	94.9776718081	2	6006
1677	198	95.0761365859	7	6013
1678	196	95.1446376956	5	6018
1679	193	95.056285289	4	6022
1680	191	95.0816150183	4	6026
1681	186	95.1365611732	7	6033
1682	188	95.2099039393	0	6033
1683	192	95.136191099	4	6037
1684	192	95.1923070076	5	6042
1685	196	95.1949750332	6	6048
1686	197	95.1252645458	2	6050
1687	195	95.2135422355	1	6051
1688	197	95.3080626792	7	6058
1689	197	95.2266534655	5	6063
1690	200	95.1654455846	4	6067
1691	200	95.1564247223	2	6069
1692	200	95.2016970116	3	6072
1693	200	95.1294494259	3	6075
1694	197	95.1822307742	6	6081
1695	198	95.2507309468	7	6088
1696	198	95.1531624761	3	6091
1697	197	95.0825614158	1	6092
1698	192	95.0586068211	7	6099
1699	197	94.9952229973	4	6103
1700	200	95.0444655382	5	6108
1701	195	95.1148891596	5	6113
1702	200	95.1712031465	4	6117
1703	200	95.2383701071	4	6121
1704	198	95.235727804	3	6124
1705	193	95.1594503224	3	6127
1706	194	95.1037223927	1	6128
1707	190	95.0593356287	2	6130
1708	189	95.0102562362	0	6130
1709	188	94.9966967017	2	6132
1710	190	95.0224642975	5	6137
1711	191	95.0753723712	4	6141
1712	193	95.0624891806	4	6145
1713	197	95.0191344005	2	6147
1714	200	95.1010594648	6	6153
1715	200	95.1775909639	7	6160
1716	200	95.2435529219	1	6161
1717	197	95.1910419393	4	6165
1718	196	95.2368356739	4	6169
1719	195	95.2180416851	2	6171
1720	197	95.2330081418	6	6177
1721	197	95.1498849635	4	6181
1722	195	95.2300355634	0	6181
1723	191	95.1648198003	2	6183
1724	186	95.095314221	3	6186
1725	191	95.0413880832	3	6189
1726	186	95.0594268872	0	6189
1727	186	95.0010002055	3	6192
1728	184	94.9476446297	5	6197
1729	185	94.8565033657	1	6198
1730	186	94.7759900774	0	6198
1731	191	94.6995279309	3	6201
1732	194	94.6574719248	3	6204
1733	199	94.6526886407	6	6210
1734	200	94.5528589378	7	6217
1735	198	94.5687349361	6	6223
1736	197	94.6654978906	0	6223
1737	192	94.6710502211	7	6230
1738	197	94.7288535905	3	6233
1739	200	94.7669837083	2	6235
1740	199	94.7354822104	4	6239
1741	199	94.7922740409	1	6240
1742	194	94.6968013413	6	6246
1743	199	94.6853879467	3	6249
1744	200	94.7666451488	6	6255
1745	200	94.8445513704	1	6256
1746	200	94.820542326	5	6261
1747	200	94.8839225924	6	6267
1748	198	94.7886082363	4	6271
1749	193	94.7450291124	7	6278
1750	198	94.804633628	0	6278
1751	200	94.8850144718	6	6284
1752	200	94.951413503	1	6285
1753	200	94.8927537029	7	6292
1754	196	94.9519976248	3	6295
1755	196	94.8563914512	1	6296
1756	200	94.7617946586	3	6299
1757	200	94.7712590472	1	6300
1758	197	94.7117109236	2	6302
1759	194	94.6377566663	5	6307
1760	192	94.6365733713	2	6309
1761	193	94.67707724	1	6310
1762	188	94.6151288394	1	6311
1763	190	94.6166904583	3	6314
1764	194	94.6145511608	1	6315
1765	197	94.5917056927	3	6318
1766	193	94.6808838764	5	6323
1767	197	94.7630215628	1	6324
1768	200	94.7295950028	6	6330
1769	195	94.7786970549	4	6334
1770	198	94.7960385157	3	6337
1771	200	94.713401965	4	6341
1772	200	94.7260915114	5	6346
1773	195	94.8020752332	7	6353
1774	200	94.7914228867	0	6353
1775	198	94.7613608525	4	6357
1776	198	94.7367019299	0	6357
1777	200	94.804432174	6	6363
1778	198	94.8620732325	0	6363
1779	193	94.880086928	0	6363
1780	197	94.9110780565	4	6367
1781	194	94.9590784489	1	6368
1782	195	95.009018206	4	6372
1783	191	94.9549757242	6	6378
1784	188	94.903373567	3	6381
1785	183	94.875072084	3	6384
1786	182	94.9342237467	2	6386
1787	184	94.9127954787	0	6386
1788	183	94.8638267275	3	6389
1789	185	94.8266796006	2	6391
1790	185	94.8336845866	1	6392
1791	182	94.7349830646	4	6396
1792	184	94.7853925012	5	6401
1793	181	94.8765162035	7	6408
1794	181	94.841402962	4	6412
1795	178	94.8254171351	5	6417
1796	175	94.8594934579	4	6421
1797	178	94.95280262	4	6425
1798	182	94.8752383561	0	6425
1799	187	94.8372750762	2	6427
1800	190	94.8153713636	2	6429
1801	190	94.8988728881	1	6430
1802	186	94.8857976259	5	6435
1803	187	94.8466215207	7	6442
1804	185	94.8505021286	3	6445
1805	186	94.7596764835	4	6449
1806	186	94.79608164	7	6456
1807	186	94.7023559676	3	6459
1808	189	94.7563525046	4	6463
1809	186	94.8404924678	7	6470
1810	189	94.9371744511	0	6470
1811	189	95.0128479046	0	6470
1812	185	94.9427721673	5	6475
1813	180	94.9256770867	0	6475
1814	185	94.9998406564	4	6479
1815	184	95.0638801484	3	6482
1816	188	95.1105685922	5	6487
1817	185	95.1632568373	6	6493
1818	190	95.0633478258	6	6499
1819	192	95.1570170827	3	6502
1820	192	95.0837490317	1	6503
1821	197	94.9918989068	1	6504
1822	199	94.9160118772	4	6508
1823	200	94.9131974623	1	6509
1824	196	94.8520495584	2	6511
1825	195	94.7952336054	5	6516
1826	193	94.7378996263	7	6523
1827	190	94.6404407295	3	6526
1828	187	94.6310024803	6	6532
1829	187	94.643493822	1	6533
1830	182	94.5909525722	3	6536
1831	183	94.6105425966	2	6538
1832	185	94.6849844428	5	6543
1833	190	94.7746821584	0	6543
1834	192	94.7479550848	0	6543
1835	194	94.829899825	0	6543
1836	198	94.8081209665	6	6549
1837	199	94.8498811816	6	6555
1838	200	94.9381711625	7	6562
1839	200	94.9324080663	1	6563
1840	195	94.9904020836	6	6569
1841	191	94.9470706381	2	6571
1842	196	95.0116445585	1	6572
1843	198	94.9860619287	3	6575
1844	195	95.0155603421	7	6582
1845	196	95.0313284588	5	6587
1846	198	94.961099113	6	6593
1847	200	95.0136086629	1	6594
1848	200	95.0217966715	1	6595
1849	200	95.053957016	5	6600
1850	200	94.973627567	7	6607
1851	200	95.0405550122	6	6613
1852	198	95.1266617317	7	6620
1853	194	95.0707818802	6	6626
1854	199	94.9902100836	1	6627
1855	200	94.9445435983	5	6632
1856	199	94.8450039925	2	6634
1857	200	94.7492879072	1	6635
1858	200	94.6832870331	2	6637
1859	196	94.6332931147	1	6638
1860	197	94.675631502	7	6645
1861	195	94.6123150289	5	6650
1862	193	94.6522551163	4	6654
1863	193	94.6934150243	2	6656
1864	191	94.6717923638	7	6663
1865	189	94.7192923164	1	6664
1866	188	94.7301324784	4	6668
1867	187	94.802324807	1	6669
1868	183	94.8495021297	2	6671
1869	188	94.914936874	6	6677
1870	190	95.010769457	5	6682
1871	189	95.0114987113	1	6683
1872	184	95.0625424367	7	6690
1873	183	95.1549782731	5	6695
1874	180	95.1882710204	4	6699
1875	177	95.2312277532	4	6703
1876	181	95.1443074757	7	6710
1877	181	95.1257699866	5	6715
1878	181	95.0350646448	6	6721
1879	180	95.0331109491	0	6721
1880	177	95.0885727789	3	6724
1881	172	95.0392765805	5	6729
1882	167	94.9943636612	2	6731
1883	164	94.9866165483	7	6738
1884	166	94.9309933016	6	6744
1885	167	94.9478403274	7	6751
1886	168	94.9243682464	6	6757
1887	165	94.8346044553	3	6760
1888	164	94.8068768991	2	6762
1889	167	94.8747473562	1	6763
1890	166	94.8635743538	3	6766
1891	171	94.9364331425	3	6769
1892	176	94.9352850959	1	6770
1893	177	94.9882832395	5	6775
1894	173	94.9644366365	4	6779
1895	176	94.9073366052	6	6785
1896	181	94.9871026638	7	6792
1897	179	94.9031960188	0	6792
1898	175	94.8558293263	0	6792
1899	178	94.8083939908	5	6797
1900	177	94.8609833683	7	6804
1901	180	94.7955853377	7	6811
1902	177	94.8529583373	4	6815
1903	173	94.8867632526	3	6818
1904	174	94.9227099008	5	6823
1905	175	94.8889847961	1	6824
1906	174	94.8897487467	3	6827
1907	176	94.8817450015	1	6828
1908	180	94.9432652389	1	6829
1909	185	95.0367967282	7	6836
1910	186	95.0508878823	5	6841
1911	186	95.0397689611	5	6846
1912	190	95.098450512	1	6847
1913	188	95.130823251	3	6850
1914	187	95.1170668862	1	6851
1915	182	95.1285458846	4	6855
1916	184	95.0419786215	0	6855
1917	179	95.1159638214	5	6860
1918	174	95.1514057076	2	6862
1919	172	95.0765667057	7	6869
1920	170	95.0410765858	6	6875
1921	170	94.9515677509	4	6879
1922	169	94.8674283385	3	6882
1923	167	94.7694150553	1	6883
1924	172	94.713964686	0	6883
1925	177	94.6418921596	6	6889
1926	174	94.5689562489	3	6892
1927	174	94.5475951477	2	6894
1928	177	94.4751950961	6	6900
1929	174	94.387651454	3	6903
1930	173	94.3683149105	3	6906
1931	168	94.3765732762	6	6912
1932	170	94.3892477346	7	6919
1933	173	94.4688950717	5	6924
1934	170	94.4844947687	5	6929
1935	173	94.4409195671	0	6929
1936	174	94.5163718589	5	6934
1937	176	94.5963134494	1	6935
1938	174	94.6120611535	6	6941
1939	174	94.6915334178	7	6948
1940	173	94.6188074968	2	6950
1941	170	94.5331040771	7	6957
1942	165	94.4806642699	3	6960
1943	163	94.4510369054	5	6965
1944	159	94.5373611787	0	6965
1945	158	94.5695976046	3	6968
1946	162	94.600119442	5	6973
1947	167	94.5603170709	2	6975
1948	163	94.6269696472	0	6975
1949	164	94.5342961771	5	6980
1950	165	94.4356523336	5	6985
1951	164	94.5026345876	5	6990
1952	162	94.5073085995	4	6994
1953	167	94.5532939229	0	6994
1954	168	94.6420796945	0	6994
1955	165	94.7379923203	1	6995
1956	162	94.6915233858	7	7002
1957	165	94.6136344784	0	7002
1958	168	94.679460409	7	7009
1959	171	94.689524574	3	7012
1960	171	94.605969596	7	7019
1961	172	94.6621207289	7	7026
1962	168	94.7020220614	5	7031
1963	169	94.6550311703	0	7031
1964	171	94.5602997146	5	7036
1965	167	94.4941556092	6	7042
1966	168	94.4721008545	4	7046
1967	167	94.4561030112	4	7050
1968	162	94.4897540755	0	7050
1969	158	94.5020269579	3	7053
1970	163	94.5314616911	2	7055
1971	162	94.5502185989	0	7055
1972	157	94.5129022225	2	7057
1973	159	94.5630815192	0	7057
1974	160	94.5761113365	5	7062
1975	164	94.541519141	3	7065
1976	159	94.4796222028	6	7071
1977	158	94.4537294758	1	7072
1978	155	94.5097751584	4	7076
1979	156	94.4283815963	3	7079
1980	155	94.3377625221	2	7081
1981	155	94.405886974	5	7086
1982	150	94.35661716	6	7092
1983	150	94.3586830576	6	7098
1984	149	94.4399634083	1	7099
1985	146	94.5255633703	1	7100
1986	148	94.6147985891	0	7100
1987	151	94.6565952437	3	7103
1988	156	94.5589713973	1	7104
1989	158	94.5308608304	6	7110
1990	158	94.4509284665	1	7111
1991	156	94.3599976797	4	7115
1992	152	94.2811802953	1	7116
1993	157	94.3296693227	0	7116
1994	154	94.4175270601	1	7117
1995	154	94.4773263447	2	7119
1996	152	94.5548737059	3	7122
1997	155	94.5843919317	6	7128
1998	154	94.6414206264	1	7129
1999	159	94.6496535531	5	7134
2000	161	94.6339816123	0	7134
2001	163	94.6934101243	2	7136
2002	165	94.6218057997	3	7139
2003	164	94.5422802491	6	7145
2004	162	94.450773324	3	7148
2005	160	94.4771492508	1	7149
2006	161	94.5014311581	6	7155
2007	162	94.5051465815	5	7160
2008	159	94.5074965153	2	7162
2009	159	94.4977786558	1	7163
2010	157	94.4728209206	1	7164
2011	159	94.5600648955	4	7168
2012	160	94.6519554318	1	7169
2013	156	94.6337075819	2	7171
2014	161	94.6560958137	7	7178
2015	166	94.5889522024	0	7178
2016	171	94.6304923457	2	7180
2017	167	94.6222012348	1	7181
2018	167	94.6278705361	2	7183
2019	162	94.722634761	3	7186
2020	159	94.686334394	0	7186
2021	157	94.6961226522	0	7186
2022	159	94.6761159371	7	7193
2023	155	94.6384288406	6	7199
2024	157	94.7037863758	6	7205
2025	157	94.6462657917	6	7211
2026	157	94.6805147218	3	7214
2027	154	94.7075872607	0	7214
2028	154	94.7203880609	2	7216
2029	151	94.7983270902	6	7222
2030	156	94.8260630743	3	7225
2031	156	94.7603605666	2	7227
2032	158	94.6833565909	5	7232
2033	155	94.7159138678	6	7238
2034	156	94.8062131526	2	7240
2035	152	94.7266711388	6	7246
2036	153	94.6281420096	2	7248
2037	153	94.6018623025	3	7251
2038	155	94.5912231047	4	7255
2039	152	94.6910435374	5	7260
2040	153	94.5912462837	7	7267
2041	155	94.5736454411	4	7271
2042	153	94.5485213661	1	7272
2043	151	94.4717781263	2	7274
2044	148	94.379566062	4	7278
2045	150	94.3677967791	7	7285
2046	152	94.3304130277	3	7288
2047	152	94.3127393379	0	7288
2048	150	94.3816265338	5	7293
2049	150	94.4285450954	0	7293
2050	147	94.3889748476	4	7297
2051	150	94.3611207271	4	7301
2052	154	94.445535059	4	7305
2053	157	94.454756909	1	7306
2054	158	94.3728795614	0	7306
2055	163	94.2811839536	4	7310
2056	158	94.3759065965	5	7315
2057	162	94.3729151533	4	7319
2058	161	94.4358381013	1	7320
2059	166	94.381717889	7	7327
2060	164	94.360797031	6	7333
2061	163	94.4206559264	2	7335
2062	159	94.4721014423	6	7341
2063	164	94.4847491981	2	7343
2064	163	94.582533073	5	7348
2065	167	94.4881287895	3	7351
2066	170	94.5540499363	2	7353
2067	168	94.5605381942	7	7360
2068	165	94.5578386537	3	7363
2069	164	94.6464626066	5	7368
2070	168	94.6147061129	1	7369
2071	166	94.6582091699	6	7375
2072	168	94.6025298331	4	7379
2073	164	94.6298109622	2	7381
2074	165	94.6310804686	6	7387
2075	165	94.7143420989	1	7388
2076	161	94.8020665565	6	7394
2077	162	94.774342936	4	7398
2078	160	94.706896209	0	7398
2079	159	94.6356509035	6	7404
2080	157	94.607732948	4	7408
2081	161	94.5385055579	7	7415
2082	159	94.5495625952	4	7419
2083	161	94.4651799722	3	7422
2084	164	94.4010469145	3	7425
2085	161	94.3336729105	1	7426
2086	157	94.24977413	2	7428
2087	161	94.2566619468	4	7432
2088	160	94.3350900454	2	7434
2089	160	94.3634393843	1	7435
2090	162	94.2998036386	1	7436
2091	167	94.2436401973	2	7438
2092	162	94.2536218794	6	7444
2093	161	94.3295909405	6	7450
2094	162	94.2697584954	4	7454
2095	165	94.3458414741	3	7457
2096	163	94.398391223	6	7463
2097	160	94.4185953517	2	7465
2098	158	94.4798465705	6	7471
2099	163	94.5197750282	3	7474
2100	162	94.4865303228	2	7476
2101	167	94.3891827152	6	7482
2102	165	94.3469500938	5	7487
2103	165	94.3414391963	5	7492
2104	168	94.3403657172	7	7499
2105	173	94.3826089453	6	7505
2106	169	94.3695076065	5	7510
2107	164	94.3411131003	6	7516
2108	164	94.3165652827	4	7520
2109	162	94.3620522656	5	7525
2110	158	94.4537929084	1	7526
2111	157	94.5293649708	6	7532
2112	153	94.5809831919	4	7536
2113	158	94.6678805163	2	7538
2114	162	94.5866396074	3	7541
2115	157	94.5059480107	7	7548
2116	155	94.5058195556	2	7550
2117	159	94.4620162782	5	7555
2118	164	94.4925325873	1	7556
2119	165	94.423869873	1	7557
2120	163	94.3338951624	5	7562
2121	158	94.4137947043	5	7567
2122	163	94.4274363918	6	7573
2123	158	94.4704663272	1	7574
2124	154	94.5509703582	2	7576
2125	155	94.5627219887	0	7576
2126	154	94.5978448394	3	7579
2127	158	94.6415328567	5	7584
2128	157	94.6523041881	3	7587
2129	155	94.5742756953	4	7591
2130	154	94.4842249238	5	7596
2131	150	94.4795830144	2	7598
2132	153	94.4170849703	1	7599
2133	156	94.4967171826	3	7602
2134	161	94.5668227208	6	7608
2135	163	94.5284120622	7	7615
2136	160	94.5421317603	4	7619
2137	159	94.5561165955	6	7625
2138	158	94.590808368	6	7631
2139	158	94.4916211365	5	7636
2140	158	94.4552735888	2	7638
2141	154	94.405102036	5	7643
2142	149	94.4260918972	5	7648
2143	152	94.4944006329	2	7650
2144	157	94.5096585457	7	7657
2145	154	94.4932092575	1	7658
2146	152	94.4297197479	4	7662
2147	151	94.4327296375	0	7662
2148	149	94.3904786049	1	7663
2149	146	94.409586637	3	7666
2150	142	94.4002885561	6	7672
2151	141	94.3486694195	3	7675
2152	141	94.4472309969	2	7677
2153	146	94.5126647909	5	7682
2154	149	94.4773741243	6	7688
2155	149	94.3851019374	1	7689
2156	150	94.3075388242	2	7691
2157	149	94.3945548778	0	7691
2158	150	94.4381609954	2	7693
2159	149	94.4686015186	2	7695
2160	145	94.3921873423	0	7695
2161	140	94.3639214045	6	7701
2162	142	94.3900656558	2	7703
2163	146	94.4665753788	7	7710
2164	146	94.4277125839	3	7713
2165	145	94.4306989334	0	7713
2166	148	94.4595489326	3	7716
2167	151	94.5046706089	2	7718
2168	153	94.501339201	5	7723
2169	152	94.5881908336	4	7727
2170	149	94.6345633275	2	7729
2171	147	94.5644615724	2	7731
2172	145	94.491286326	0	7731
2173	141	94.443374314	5	7736
2174	139	94.4824142419	7	7743
2175	135	94.4864700979	5	7748
2176	139	94.465214373	1	7749
2177	136	94.4837136635	0	7749
2178	138	94.4459636669	0	7749
2179	140	94.3794036231	6	7755
2180	140	94.3623238843	1	7756
2181	143	94.370500708	5	7761
2182	143	94.3267694072	5	7766
2183	146	94.4129778403	3	7769
2184	150	94.4351037928	5	7774
2185	153	94.3607016732	6	7780
2186	150	94.2613097581	5	7785
2187	150	94.1864590153	1	7786
2188	152	94.2707621678	3	7789
2189	151	94.18192502	4	7793
2190	146	94.2143565605	3	7796
2191	142	94.1960393162	3	7799
2192	139	94.1880025436	4	7803
2193	141	94.2623870737	3	7806
2194	137	94.2814760549	7	7813
2195	142	94.2593912704	2	7815
2196	144	94.1693961164	1	7816
2197	143	94.1383312598	2	7818
2198	146	94.0639507744	6	7824
2199	147	94.1176187539	7	7831
2200	150	94.091391391	6	7837
2201	150	94.078411542	7	7844
2202	152	94.0337906921	2	7846
2203	153	94.0891511036	5	7851
2204	149	94.1314395806	6	7857
2205	151	94.1387019426	2	7859
2206	146	94.1241676339	4	7863
2207	151	94.1139178204	0	7863
2208	152	94.1664288165	3	7866
2209	149	94.2001126215	6	7872
2210	151	94.2933935415	7	7879
2211	146	94.3445115062	1	7880
2212	144	94.3227683622	4	7884
2213	147	94.2794957239	1	7885
2214	142	94.3313248921	5	7890
2215	139	94.4186178412	5	7895
2216	137	94.4126978536	4	7899
2217	133	94.4914763509	6	7905
2218	129	94.445368111	5	7910
2219	129	94.4997775165	5	7915
2220	127	94.5796671462	7	7922
2221	123	94.6635554933	0	7922
2222	119	94.5975156143	7	7929
2223	123	94.6104286199	4	7933
2224	128	94.56921294	3	7936
2225	129	94.5784427426	4	7940
2226	133	94.4903437745	0	7940
2227	135	94.5898085274	4	7944
2228	131	94.688466062	2	7946
2229	127	94.7567745691	7	7953
2230	128	94.8104920816	5	7958
2231	123	94.7621454593	3	7961
2232	119	94.6861661897	0	7961
2233	119	94.6459863189	5	7966
2234	115	94.7406658148	4	7970
2235	118	94.7551750642	3	7973
2236	117	94.8301755367	2	7975
2237	117	94.8923299452	2	7977
2238	113	94.8954448813	6	7983
2239	111	94.8365581594	5	7988
2240	110	94.8027181342	5	7993
2241	115	94.7672307827	0	7993
2242	119	94.7728375449	2	7995
2243	123	94.8372042994	5	8000
2244	119	94.8204549087	4	8004
2245	122	94.8815323577	6	8010
2246	123	94.8590810661	2	8012
2247	127	94.9287436129	1	8013
2248	130	94.9304155754	6	8019
2249	126	94.9771140533	4	8023
2250	131	94.918969449	3	8026
2251	126	94.860421015	5	8031
2252	123	94.9497552946	4	8035
2253	121	94.9840914442	4	8039
2254	124	94.979178795	3	8042
2255	124	94.9781356652	0	8042
2256	125	95.0114075403	6	8048
2257	130	95.0033131234	7	8055
2258	130	95.0732384905	0	8055
2259	127	95.1533976707	4	8059
2260	130	95.129332868	4	8063
2261	131	95.0603951141	5	8068
2262	133	95.0686699757	6	8074
2263	138	95.0977499555	5	8079
2264	134	95.0695721209	6	8085
2265	132	95.0463816843	5	8090
2266	127	94.9474255516	4	8094
2267	131	94.9545859958	4	8098
2268	134	94.8629107284	0	8098
2269	131	94.7737603742	2	8100
2270	126	94.7321350089	3	8103
2271	122	94.6938203195	1	8104
2272	121	94.7072568908	2	8106
2273	117	94.6380465728	1	8107
2274	116	94.6806165915	5	8112
2275	113	94.623148657	6	8118
2276	118	94.575220589	6	8124
2277	120	94.6303930237	6	8130
2278	115	94.6979666764	2	8132
2279	115	94.6093963768	2	8134
2280	120	94.6247874669	7	8141
2281	118	94.66431912	1	8142
2282	123	94.5914978796	0	8142
2283	119	94.5466790785	5	8147
2284	123	94.5011387635	6	8153
2285	121	94.4328321137	0	8153
2286	120	94.425132403	5	8158
2287	123	94.4062722321	4	8162
2288	118	94.3397030383	3	8165
2289	122	94.4260864281	1	8166
2290	127	94.4258041516	3	8169
2291	130	94.4749336826	6	8175
2292	132	94.4945449823	4	8179
2293	130	94.4450807359	1	8180
2294	129	94.4513509794	5	8185
2295	127	94.3965302136	0	8185
2296	127	94.4108546821	2	8187
2297	125	94.3665889096	7	8194
2298	127	94.3255264222	3	8197
2299	122	94.342373676	1	8198
2300	125	94.4253489702	7	8205
2301	123	94.3684347917	4	8209
2302	125	94.3579685366	7	8216
2303	130	94.276683348	5	8221
2304	135	94.2246530902	7	8228
2305	140	94.2455016424	1	8229
2306	137	94.3157311752	1	8230
2307	136	94.3108462942	3	8233
2308	131	94.2862082373	3	8236
2309	126	94.2917822866	2	8238
2310	122	94.3596075298	1	8239
2311	126	94.4311755683	1	8240
2312	125	94.4640909351	7	8247
2313	128	94.4152291264	6	8253
2314	132	94.4956821251	5	8258
2315	129	94.4605691569	4	8262
2316	128	94.4221745934	6	8268
2317	133	94.4565887688	6	8274
2318	128	94.4892197802	7	8281
2319	132	94.4188810267	1	8282
2320	132	94.4262237729	6	8288
2321	134	94.3468089676	4	8292
2322	132	94.3895813428	1	8293
2323	135	94.484734025	3	8296
2324	134	94.3862884876	5	8301
2325	137	94.36040618	1	8302
2326	136	94.4225120464	3	8305
2327	136	94.4892491488	2	8307
2328	135	94.4573966726	7	8314
2329	132	94.5336625134	5	8319
2330	127	94.4989386048	2	8321
2331	129	94.5740088025	0	8321
2332	132	94.6520896395	3	8324
2333	135	94.6044878565	3	8327
2334	134	94.6709503417	2	8329
2335	138	94.7494499395	3	8332
2336	133	94.7542938205	7	8339
2337	137	94.8161299379	3	8342
2338	137	94.7373202985	3	8345
2339	137	94.72415014	4	8349
2340	139	94.7027831593	3	8352
2341	135	94.7055040591	0	8352
2342	140	94.7236044587	7	8359
2343	140	94.7752042804	7	8366
2344	141	94.6810059008	0	8366
2345	142	94.6783688665	7	8373
2346	143	94.6172856422	7	8380
2347	144	94.5932823854	0	8380
2348	146	94.6747576255	5	8385
2349	144	94.6279604547	0	8385
2350	140	94.5322632744	7	8392
2351	140	94.4969133774	6	8398
2352	136	94.5756356432	4	8402
2353	135	94.5273230534	1	8403
2354	138	94.5421405202	4	8407
2355	135	94.4984424584	0	8407
2356	131	94.5943162707	3	8410
2357	134	94.5491157927	1	8411
2358	139	94.4864564248	1	8412
2359	136	94.5710489799	6	8418
2360	135	94.4852789131	7	8425
2361	136	94.4161878411	5	8430
2362	141	94.400524301	1	8431
2363	139	94.3474592578	0	8431
2364	143	94.3330144022	7	8438
2365	145	94.2520072678	2	8440
2366	143	94.2723869376	0	8440
2367	138	94.2399740504	1	8441
2368	143	94.1513193874	2	8443
2369	146	94.2351801085	2	8445
2370	149	94.2704441841	2	8447
2371	152	94.3214728634	7	8454
2372	150	94.4178279868	5	8459
2373	151	94.4722073394	3	8462
2374	154	94.3912042985	4	8466
2375	156	94.3037846033	0	8466
2376	156	94.3441126895	0	8466
2377	153	94.2985548557	3	8469
2378	150	94.2446561417	6	8475
2379	149	94.1577348581	7	8482
2380	153	94.1921351009	2	8484
2381	148	94.1222557598	1	8485
2382	151	94.0921870493	2	8487
2383	154	94.1274182419	5	8492
2384	149	94.0953657876	7	8499
2385	153	94.0360084477	5	8504
2386	151	94.084697681	4	8508
2387	154	94.1270270816	1	8509
2388	157	94.1800473202	3	8512
2389	159	94.1061686508	6	8518
2390	156	94.2044513959	3	8521
2391	151	94.2295007133	2	8523
2392	151	94.1378196832	6	8529
2393	153	94.2279465893	5	8534
2394	149	94.2058529456	6	8540
2395	146	94.1487121128	1	8541
2396	141	94.0497269602	1	8542
2397	136	93.9554208553	7	8549
2398	141	93.876724849	0	8549
2399	144	93.8860811326	4	8553
2400	148	93.8843611006	6	8559
2401	146	93.804698759	1	8560
2402	147	93.8734242291	1	8561
2403	152	93.9056309223	6	8567
2404	150	93.8971272511	3	8570
2405	154	93.9906553175	3	8573
2406	154	93.9527777035	4	8577
2407	154	93.972339845	7	8584
2408	158	93.9457687628	7	8591
2409	159	94.0101202745	1	8592
2410	164	93.9586375772	3	8595
2411	162	93.860444672	7	8602
2412	158	93.8851889368	0	8602
2413	161	93.9479481852	3	8605
2414	159	93.8543680566	3	8608
2415	158	93.9483540723	4	8612
2416	154	94.0126883456	0	8612
2417	149	94.079216815	6	8618
2418	147	94.1068067308	3	8621
2419	150	94.1037458282	1	8622
2420	146	94.0239436586	7	8629
2421	148	93.9369198274	1	8630
2422	151	93.9097199881	7	8637
2423	155	93.8509497363	5	8642
2424	151	93.8255914337	2	8644
2425	151	93.8575061238	4	8648
2426	154	93.7590473028	7	8655
2427	159	93.7922818569	5	8660
2428	163	93.6955050539	3	8663
2429	162	93.6911314458	6	8669
2430	165	93.6703484524	6	8675
2431	166	93.6197749792	3	8678
2432	162	93.5720954625	0	8678
2433	162	93.5028541554	5	8683
2434	165	93.4601215488	2	8685
2435	170	93.5255627044	5	8690
2436	165	93.5785287851	3	8693
2437	161	93.5006232694	6	8699
2438	156	93.5046631103	2	8701
2439	153	93.5731124229	0	8701
2440	152	93.48795154	6	8707
2441	152	93.583670624	4	8711
2442	156	93.5282125584	3	8714
2443	155	93.5566072966	5	8719
2444	155	93.5506023158	3	8722
2445	160	93.6441074	5	8727
2446	162	93.7037178418	5	8732
2447	162	93.6552343554	2	8734
2448	159	93.6013654648	3	8737
2449	161	93.6986450393	2	8739
2450	156	93.6699832065	0	8739
2451	153	93.6781863594	7	8746
2452	155	93.6497045782	2	8748
2453	157	93.692866018	4	8752
2454	160	93.7585967271	5	8757
2455	162	93.6629483941	7	8764
2456	167	93.5845150985	3	8767
2457	164	93.5159171826	3	8770
2458	161	93.4596564761	5	8775
2459	163	93.4575309649	7	8782
2460	161	93.5542982336	5	8787
2461	161	93.6350504706	0	8787
2462	163	93.5776631393	0	8787
2463	165	93.5471497299	6	8793
2464	160	93.4780367575	6	8799
2465	157	93.5051555936	3	8802
2466	157	93.4456277894	4	8806
2467	161	93.5380294	2	8808
2468	165	93.5230751014	7	8815
2469	164	93.455056679	3	8818
2470	160	93.5452699526	2	8820
2471	157	93.4453472263	2	8822
2472	153	93.4706416639	7	8829
2473	151	93.5625279193	6	8835
2474	146	93.4806530805	2	8837
2475	144	93.4869325586	6	8843
2476	142	93.5634738059	0	8843
2477	139	93.5717833406	2	8845
2478	143	93.5639613361	7	8852
2479	143	93.4871569985	7	8859
2480	146	93.4201575182	6	8865
2481	148	93.4488219322	0	8865
2482	151	93.4920688126	1	8866
2483	152	93.5883251467	4	8870
2484	156	93.6873047854	1	8871
2485	157	93.6378338028	3	8874
2486	156	93.5401771226	4	8878
2487	158	93.5748134439	4	8882
2488	159	93.6331807346	0	8882
2489	155	93.5725087937	2	8884
2490	158	93.5623263709	5	8889
2491	155	93.5958320164	2	8891
2492	152	93.526345916	6	8897
2493	147	93.4594834114	5	8902
2494	147	93.418800179	7	8909
2495	150	93.3998228248	4	8913
2496	150	93.4854389243	6	8919
2497	147	93.4790880722	1	8920
2498	147	93.4919541788	5	8925
2499	143	93.4219554445	7	8932
2500	147	93.3620838127	6	8938
2501	150	93.366553119	7	8945
2502	149	93.3400576468	6	8951
2503	144	93.3809053426	5	8956
2504	143	93.4674885125	5	8961
2505	147	93.4230599011	6	8967
2506	151	93.4604901085	0	8967
2507	153	93.3848595575	6	8973
2508	153	93.3472086915	7	8980
2509	156	93.3101048453	3	8983
2510	158	93.39898235	0	8983
2511	154	93.4025493449	4	8987
2512	158	93.4138634849	5	8992
2513	162	93.3852992073	2	8994
2514	160	93.4124090435	0	8994
2515	164	93.38072643	7	9001
2516	167	93.3775636395	1	9002
2517	165	93.3022934479	0	9002
2518	160	93.3021679221	2	9004
2519	160	93.233098679	4	9008
2520	161	93.2106827815	0	9008
2521	158	93.2757761692	1	9009
2522	154	93.3240197338	4	9013
2523	157	93.4103815996	0	9013
2524	160	93.4653719996	3	9016
2525	161	93.4720578505	5	9021
2526	162	93.5175187952	2	9023
2527	163	93.4392773147	4	9027
2528	158	93.4493918954	7	9034
2529	156	93.3880738212	6	9040
2530	161	93.3552489725	2	9042
2531	165	93.4280144034	3	9045
2532	169	93.4335002107	6	9051
2533	174	93.5326439497	1	9052
2534	177	93.4579554264	1	9053
2535	172	93.5200695621	4	9057
2536	171	93.5954168894	6	9063
2537	169	93.5111519759	2	9065
2538	170	93.5272108749	5	9070
2539	168	93.6231382787	6	9076
2540	170	93.5902397419	6	9082
2541	168	93.6500916456	3	9085
2542	164	93.6554213784	4	9089
2543	166	93.5634789315	7	9096
2544	165	93.6143219458	3	9099
2545	161	93.6668554023	6	9105
2546	165	93.6240137505	7	9112
2547	160	93.7014467432	7	9119
2548	159	93.7505165927	1	9120
2549	164	93.6796066008	4	9124
2550	165	93.61116752	7	9131
2551	160	93.6730729135	1	9132
2552	162	93.643545873	2	9134
2553	165	93.5550129031	4	9138
2554	162	93.494838668	6	9144
2555	160	93.4866694218	3	9147
2556	161	93.4171531671	6	9153
2557	158	93.4236017493	5	9158
2558	153	93.3284641213	2	9160
2559	152	93.2516395285	2	9162
2560	153	93.1829983467	3	9165
2561	156	93.1509959363	4	9169
2562	158	93.1555966972	2	9171
2563	163	93.1685698699	3	9174
2564	158	93.2314893137	4	9178
2565	156	93.3290364766	3	9181
2566	158	93.4173511635	6	9187
2567	160	93.3924098799	2	9189
2568	156	93.3781110818	0	9189
2569	151	93.3827509234	2	9191
2570	152	93.3037972087	7	9198
2571	148	93.2860079965	6	9204
2572	144	93.2919793447	3	9207
2573	144	93.2650072936	5	9212
2574	147	93.3380851652	2	9214
2575	142	93.273469308	1	9215
2576	146	93.3661815443	0	9215
2577	150	93.4376575212	5	9220
2578	148	93.362998443	4	9224
2579	149	93.3611529863	5	9229
2580	151	93.4372602148	2	9231
2581	148	93.4636256805	1	9232
2582	150	93.4275103867	2	9234
2583	152	93.3449614463	6	9240
2584	147	93.4249117555	1	9241
2585	152	93.3927885687	6	9247
2586	153	93.365892845	1	9248
2587	153	93.3207522471	4	9252
2588	155	93.3243971128	0	9252
2589	152	93.3607016161	4	9256
2590	147	93.4042067485	5	9261
2591	148	93.4168278453	1	9262
2592	153	93.4050344534	3	9265
2593	152	93.320690778	5	9270
2594	154	93.3321598712	2	9272
2595	149	93.4300313301	3	9275
2596	152	93.4034989886	2	9277
2597	148	93.3686771984	5	9282
2598	146	93.4341412651	3	9285
2599	142	93.4844853199	1	9286
2600	143	93.4351196131	1	9287
2601	142	93.4865871477	2	9289
2602	142	93.5645034343	7	9296
2603	142	93.566773893	3	9299
2604	143	93.6663741177	6	9305
2605	146	93.6879244995	0	9305
2606	142	93.6067436146	0	9305
2607	140	93.5122167144	3	9308
2608	138	93.487446449	7	9315
2609	141	93.5328703617	3	9318
2610	139	93.4578951747	1	9319
2611	138	93.4757624733	5	9324
2612	140	93.5144632303	6	9330
2613	137	93.4701990758	3	9333
2614	142	93.4365907504	0	9333
2615	145	93.4700038984	3	9336
2616	150	93.5461263565	0	9336
2617	153	93.6359825654	2	9338
2618	155	93.7248430906	7	9345
2619	150	93.7910344592	5	9350
2620	147	93.8377334034	4	9354
2621	152	93.8009287371	0	9354
2622	156	93.8067905796	6	9360
2623	153	93.7355937092	6	9366
2624	150	93.6854119166	7	9373
2625	155	93.6632819365	4	9377
2626	160	93.615920585	5	9382
2627	158	93.6111913373	3	9385
2628	154	93.6343610459	0	9385
2629	156	93.6460300534	0	9385
2630	156	93.6807516989	3	9388
2631	156	93.7217149247	1	9389
2632	160	93.7090738404	2	9391
2633	159	93.8023170062	1	9392
2634	160	93.808327225	7	9399
2635	162	93.7124585031	2	9401
2636	167	93.7247083336	2	9403
2637	165	93.6998511808	0	9403
2638	167	93.7005887462	7	9410
2639	168	93.6820929521	7	9417
2640	170	93.6807625459	6	9423
2641	171	93.7640541074	2	9425
2642	172	93.7640190796	7	9432
2643	170	93.7958445079	6	9438
2644	171	93.8106435892	1	9439
2645	169	93.8952240773	2	9441
2646	168	93.8914050427	5	9446
2647	163	93.8298352291	7	9453
2648	159	93.7628029601	2	9455
2649	162	93.6876855874	7	9462
2650	164	93.6154874719	5	9467
2651	159	93.5192005071	1	9468
2652	164	93.5069506737	7	9475
2653	165	93.5930513492	7	9482
2654	165	93.6905343169	3	9485
2655	162	93.60470492	6	9491
2656	159	93.677581628	1	9492
2657	161	93.6311033169	0	9492
2658	161	93.7137430415	3	9495
2659	164	93.6571632856	0	9495
2660	160	93.6735194032	5	9500
2661	162	93.7331672294	4	9504
2662	159	93.6630891466	4	9508
2663	162	93.6580864051	4	9512
2664	159	93.7132451705	5	9517
2665	163	93.7426971655	6	9523
2666	166	93.7238510494	7	9530
2667	168	93.7945657021	2	9532
2668	171	93.7941045915	3	9535
2669	174	93.7269723722	2	9537
2670	179	93.728534659	0	9537
2671	177	93.8087105143	7	9544
2672	173	93.8849566668	2	9546
2673	174	93.9567582937	5	9551
2674	170	93.8711148241	2	9553
2675	168	93.8992085429	7	9560
2676	170	93.8151442708	5	9565
2677	175	93.7459110536	0	9565
2678	178	93.6642090103	5	9570
2679	174	93.7616946679	6	9576
2680	172	93.7882752421	2	9578
2681	175	93.7281762722	3	9581
2682	177	93.6456816425	6	9587
2683	172	93.5579630058	6	9593
2684	167	93.5464617067	5	9598
2685	168	93.6193124038	4	9602
2686	167	93.6085132296	3	9605
2687	164	93.6662908266	4	9609
2688	161	93.6841627394	4	9613
2689	164	93.6302092935	0	9613
2690	161	93.581604247	4	9617
2691	158	93.5454919282	2	9619
2692	159	93.5804275193	1	9620
2693	164	93.5079735858	5	9625
2694	165	93.4558605818	0	9625
2695	170	93.553989888	0	9625
2696	169	93.5380142403	1	9626
2697	171	93.5291312184	5	9631
2698	169	93.610736912	0	9631
2699	166	93.6646238746	2	9633
2700	169	93.7484556925	4	9637
2701	165	93.7483695936	3	9640
2702	169	93.7729794922	5	9645
2703	173	93.8584013394	0	9645
2704	171	93.7940969678	5	9650
2705	170	93.7345848319	0	9650
2706	168	93.8282669861	1	9651
2707	173	93.8594671863	0	9651
2708	168	93.9099888359	5	9656
2709	173	93.8367216766	0	9656
2710	171	93.8809032536	6	9662
2711	169	93.9480551645	1	9663
2712	166	93.991283779	7	9670
2713	169	94.0129884308	0	9670
2714	170	94.0022883482	0	9670
2715	165	94.0727265271	2	9672
2716	168	94.0884536089	1	9673
2717	163	93.9909468745	1	9674
2718	161	94.0472777573	7	9681
2719	166	94.0241120732	5	9686
2720	167	94.0959022102	3	9689
2721	163	94.0010986791	3	9692
2722	160	93.9015587167	7	9699
2723	160	93.9983692647	6	9705
2724	156	94.0515651526	4	9709
2725	159	94.0715651774	5	9714
2726	163	93.9858081922	2	9716
2727	158	93.9906469805	3	9719
2728	153	94.0514951837	1	9720
2729	148	94.100894349	3	9723
2730	146	94.058128752	1	9724
2731	141	94.0903416334	4	9728
2732	142	94.0260280554	6	9734
2733	142	93.9406542499	0	9734
2734	138	93.8648131796	5	9739
2735	140	93.9557661952	2	9741
2736	141	93.9630739746	4	9745
2737	145	94.0214738311	1	9746
2738	148	94.048086691	7	9753
2739	148	94.1123942556	0	9753
2740	147	94.034685828	0	9753
2741	144	94.1290257572	3	9756
2742	148	94.0470813538	3	9759
2743	145	94.0437593101	6	9765
2744	150	94.0756660974	4	9769
2745	149	94.0070198107	4	9773
2746	145	93.9653156156	4	9777
2747	148	93.9115145327	2	9779
2748	143	93.8976769751	2	9781
2749	144	93.9354257975	3	9784
2750	142	93.9420817172	6	9790
2751	142	93.975955791	7	9797
2752	145	93.9358139269	1	9798
2753	150	93.8478231247	1	9799
2754	148	93.9444229037	2	9801
2755	148	93.9599706124	4	9805
2756	147	94.0557726262	1	9806
2757	147	93.9574307454	0	9806
2758	147	93.9531591903	4	9810
2759	151	94.005028179	4	9814
2760	153	93.9911060126	5	9819
2761	151	93.8967818143	4	9823
2762	153	93.8269365112	4	9827
2763	158	93.8383524882	4	9831
2764	156	93.8271454675	2	9833
2765	153	93.7501082688	3	9836
2766	158	93.7788537973	5	9841
2767	163	93.7894279559	1	9842
2768	166	93.7786384919	3	9845
2769	170	93.6896787113	6	9851
2770	174	93.7067483192	0	9851
2771	173	93.6557788036	6	9857
2772	175	93.5704089645	0	9857
2773	176	93.5288161296	6	9863
2774	171	93.5938153249	0	9863
2775	171	93.5111684364	1	9864
2776	168	93.6094856055	5	9869
2777	168	93.5264504805	2	9871
2778	170	93.6259473727	6	9877
2779	172	93.5783907624	4	9881
2780	175	93.6043566105	3	9884
2781	179	93.6406381553	2	9886
2782	183	93.5571621786	4	9890
2783	187	93.5634931485	0	9890
2784	183	93.4883361506	7	9897
2785	185	93.5444408976	4	9901
2786	186	93.6300936198	1	9902
2787	184	93.5733128429	7	9909
2788	182	93.6335588961	1	9910
2789	177	93.6477208533	7	9917
2790	176	93.6516058614	6	9923
2791	180	93.6938436799	5	9928
2792	179	93.6558878682	5	9933
2793	183	93.7323020233	7	9940
2794	181	93.7895115484	7	9947
2795	176	93.81501492	5	9952
2796	181	93.8592181589	7	9959
2797	179	93.8803831916	0	9959
2798	181	93.9440238094	4	9963
2799	182	94.038432934	3	9966
2800	178	93.9941016932	0	9966
2801	175	93.9874395954	5	9971
2802	174	94.0554332743	5	9976
2803	173	93.9771281262	6	9982
2804	168	93.8841997288	6	9988
2805	168	93.8568113755	3	9991
2806	172	93.8910500535	6	9997
2807	167	93.9164685115	0	9997
2808	164	93.9488457474	1	9998
2809	163	94.0431539476	2	10000
2810	164	94.0549236065	7	10007
2811	161	94.1057092206	7	10014
2812	163	94.0844188799	0	10014
2813	164	94.0580875814	7	10021
2814	163	94.1323813813	6	10027
2815	168	94.177172986	5	10032
2816	163	94.2738495128	2	10034
2817	165	94.2174107318	1	10035
2818	168	94.244382849	6	10041
2819	171	94.2524615304	4	10045
2820	166	94.1591974418	2	10047
2821	161	94.2511237265	0	10047
2822	165	94.1901262881	5	10052
2823	167	94.2324785169	1	10053
2824	163	94.2098480311	1	10054
2825	158	94.1905598254	1	10055
2826	160	94.2649748714	7	10062
2827	160	94.3381965168	3	10065
2828	160	94.2724511093	2	10067
2829	159	94.3582382545	1	10068
2830	155	94.4259819478	1	10069
2831	156	94.4172562719	1	10070
2832	160	94.5032666435	0	10070
2833	159	94.5541902897	2	10072
2834	155	94.5743557273	6	10078
2835	154	94.6276183004	5	10083
2836	157	94.688742151	7	10090
2837	158	94.7831641948	6	10096
2838	160	94.7531991705	5	10101
2839	155	94.8072531052	7	10108
2840	160	94.7550904904	0	10108
2841	164	94.8143214554	3	10111
2842	159	94.7539436551	5	10116
2843	156	94.7799082798	4	10120
2844	153	94.7848282449	0	10120
2845	155	94.7185109025	5	10125
2846	153	94.7965256821	2	10127
2847	151	94.7073452568	2	10129
2848	154	94.7397506458	3	10132
2849	149	94.8384363585	6	10138
2850	147	94.739651444	7	10145
2851	146	94.8279447833	6	10151
2852	145	94.8789148876	7	10158
2853	146	94.8182883848	7	10165
2854	146	94.8578302799	4	10169
2855	143	94.9206235622	6	10175
2856	139	94.8922093148	3	10178
2857	139	94.9183389549	7	10185
2858	140	94.9603738044	4	10189
2859	135	94.8742425933	2	10191
2860	131	94.8913693499	3	10194
2861	134	94.8980600664	6	10200
2862	132	94.9607154695	4	10204
2863	135	94.864705896	0	10204
2864	135	94.8039110128	0	10204
2865	134	94.8711836501	5	10209
2866	135	94.8236272927	7	10216
2867	139	94.910329181	3	10219
2868	143	94.9858112176	7	10226
2869	148	95.0035216037	1	10227
2870	152	94.9037279299	6	10233
2871	148	94.9030100312	1	10234
2872	151	94.9541953723	5	10239
2873	151	94.9386659436	3	10242
2874	148	94.8974619539	3	10245
2875	143	94.958859027	5	10250
2876	139	94.8909272325	4	10254
2877	142	94.9623213111	6	10260
2878	137	95.0114144772	7	10267
2879	138	95.0287295887	5	10272
2880	133	95.0414005862	7	10279
2881	135	95.1404606796	6	10285
2882	134	95.1631691869	4	10289
2883	138	95.0692933544	2	10291
2884	141	94.9966256982	7	10298
2885	136	95.0823162624	3	10301
2886	140	95.026929092	5	10306
2887	137	95.0295888012	4	10310
2888	135	95.0627758152	5	10315
2889	140	95.0212225722	7	10322
2890	139	95.0147361578	1	10323
2891	141	94.9204475866	3	10326
2892	144	94.9611510445	4	10330
2893	141	95.0093089234	0	10330
2894	139	94.9833900814	0	10330
2895	137	95.0456228318	4	10334
2896	137	94.9588390701	7	10341
2897	135	94.9793255408	5	10346
2898	130	95.0369288195	3	10349
2899	131	94.9927431764	3	10352
2900	132	95.0151864102	5	10357
2901	128	94.9185673857	0	10357
2902	125	94.8262913393	5	10362
2903	130	94.9086441368	2	10364
2904	128	94.8921834301	3	10367
2905	130	94.9917720224	3	10370
2906	130	94.9655139011	0	10370
2907	127	94.9665272844	0	10370
2908	131	94.8811023386	7	10377
2909	131	94.8557716438	5	10382
2910	130	94.786822635	5	10387
2911	129	94.8002162436	4	10391
2912	124	94.7791823931	4	10395
2913	125	94.7672921611	7	10402
2914	130	94.7940193726	2	10404
2915	132	94.7323783667	0	10404
2916	137	94.7334923485	1	10405
2917	133	94.7067400933	2	10407
2918	132	94.6637229894	6	10413
2919	128	94.7001578966	6	10419
2920	132	94.7429764514	4	10423
2921	135	94.6921538158	2	10425
2922	130	94.7689819488	5	10430
2923	130	94.7149378918	6	10436
2924	128	94.8069275202	1	10437
2925	123	94.7806370487	6	10443
2926	121	94.8241434672	7	10450
2927	122	94.8243952219	1	10451
2928	117	94.857480372	3	10454
2929	118	94.8076805397	2	10456
2930	114	94.7983545591	4	10460
2931	115	94.7521310781	5	10465
2932	119	94.6900765209	4	10469
2933	117	94.6664382814	0	10469
2934	116	94.6647656304	7	10476
2935	120	94.7078426539	6	10482
2936	118	94.672023089	0	10482
2937	117	94.6915948201	5	10487
2938	119	94.6643018499	7	10494
2939	123	94.6629695966	4	10498
2940	119	94.6006923755	6	10504
2941	118	94.6604289479	2	10506
2942	119	94.6529156613	3	10509
2943	115	94.6538074947	6	10515
2944	119	94.576896466	3	10518
2945	121	94.5168861587	1	10519
2946	116	94.5482206676	2	10521
2947	114	94.5782813788	5	10526
2948	114	94.6085660196	6	10532
2949	113	94.7012126222	4	10536
2950	109	94.7824614264	4	10540
2951	108	94.8577607364	3	10543
2952	109	94.8349969553	4	10547
2953	108	94.8829596797	4	10551
2954	109	94.9110505096	7	10558
2955	108	94.8254627437	6	10564
2956	111	94.7970640598	1	10565
2957	107	94.8396214125	7	10572
2958	112	94.796742091	1	10573
2959	109	94.8775445548	5	10578
2960	111	94.8380699491	2	10580
2961	114	94.8213195208	4	10584
2962	118	94.7528195884	3	10587
2963	119	94.7619813584	6	10593
2964	122	94.8093544751	1	10594
2965	117	94.901599259	7	10601
2966	121	94.8514218499	6	10607
2967	117	94.7695324995	6	10613
2968	113	94.7095165656	7	10620
2969	116	94.7027248511	4	10624
2970	112	94.6987668482	6	10630
2971	111	94.7863346366	7	10637
2972	110	94.8652937819	4	10641
2973	115	94.7732511051	7	10648
2974	115	94.7446487587	1	10649
2975	120	94.705783448	2	10651
2976	117	94.7406444456	4	10655
2977	115	94.7727608083	4	10659
2978	120	94.8043026119	2	10661
2979	124	94.7785519346	2	10663
2980	127	94.7686770635	4	10667
2981	129	94.7080030053	1	10668
2982	134	94.668398853	5	10673
2983	134	94.6341034252	5	10678
2984	137	94.5345627543	4	10682
2985	134	94.6002497176	5	10687
2986	137	94.6420831581	6	10693
2987	137	94.6976016878	7	10700
2988	135	94.7515780153	2	10702
2989	140	94.7276186335	0	10702
2990	141	94.7528608949	5	10707
2991	145	94.7825407265	2	10709
2992	145	94.6847428745	5	10714
2993	140	94.7508305541	3	10717
2994	144	94.8231710023	6	10723
2995	141	94.7616508412	5	10728
2996	138	94.71953785	7	10735
2997	140	94.731824874	0	10735
2998	139	94.6719058624	3	10738
2999	134	94.708091159	5	10743
3000	129	94.7516389959	0	10743
3001	128	94.6600678218	7	10750
3002	130	94.7030279922	5	10755
3003	135	94.7179143986	6	10761
3004	140	94.6740627341	6	10767
3005	136	94.7718580645	2	10769
3006	141	94.7716741583	6	10775
3007	144	94.7348890862	4	10779
3008	144	94.6495817347	1	10780
3009	141	94.7054312007	1	10781
3010	142	94.7049364943	6	10787
3011	137	94.74169664	1	10788
3012	132	94.6478397309	5	10793
3013	135	94.6224836306	7	10800
3014	130	94.5751841728	2	10802
3015	126	94.5153577693	1	10803
3016	126	94.4221850203	1	10804
3017	121	94.4588277447	3	10807
3018	122	94.5467918669	7	10814
3019	124	94.5242433079	4	10818
3020	120	94.5314974508	2	10820
3021	121	94.4682648436	6	10826
3022	122	94.4418766967	6	10832
3023	119	94.4133215127	4	10836
3024	119	94.4060913907	2	10838
3025	118	94.4876473946	5	10843
3026	120	94.5015446879	4	10847
3027	124	94.4974440707	5	10852
3028	123	94.4458477239	1	10853
3029	127	94.3899115144	6	10859
3030	126	94.3039272759	6	10865
3031	128	94.3411188443	4	10869
3032	133	94.295464816	1	10870
3033	135	94.3072172488	7	10877
3034	133	94.347896722	1	10878
3035	128	94.4065116154	6	10884
3036	126	94.3300529573	3	10887
3037	131	94.2407120707	4	10891
3038	126	94.1474606031	5	10896
3039	127	94.1927752566	0	10896
3040	123	94.170347619	6	10902
3041	123	94.2693272827	6	10908
3042	120	94.3241930647	6	10914
3043	115	94.4000176209	3	10917
3044	119	94.438203402	0	10917
3045	123	94.4279913787	1	10918
3046	123	94.4674620647	6	10924
3047	122	94.5487271235	6	10930
3048	120	94.5348318445	1	10931
3049	124	94.6305618446	6	10937
3050	125	94.6970716745	4	10941
3051	127	94.6443823461	4	10945
3052	124	94.6156637818	6	10951
3053	123	94.6710458027	1	10952
3054	122	94.667864957	7	10959
3055	126	94.6068820789	5	10964
3056	121	94.6674952542	6	10970
3057	119	94.698575332	7	10977
3058	115	94.6373119838	4	10981
3059	117	94.5796799322	7	10988
3060	116	94.5688275405	3	10991
3061	114	94.4989792959	3	10994
3062	111	94.5910414761	0	10994
3063	106	94.6845724088	3	10997
3064	105	94.6191147959	3	11000
3065	110	94.6834069157	2	11002
3066	108	94.7805277107	6	11008
3067	104	94.7784942656	7	11015
3068	108	94.8327584755	3	11018
3069	108	94.8065947042	3	11021
3070	113	94.7148053492	3	11024
3071	110	94.7759176702	0	11024
3072	110	94.7092854569	3	11027
3073	115	94.6193218146	1	11028
3074	115	94.7007783285	6	11034
3075	119	94.7567640706	0	11034
3076	121	94.8099254061	7	11041
3077	124	94.8413897051	3	11044
3078	125	94.8015664708	0	11044
3079	123	94.8675675155	6	11050
3080	126	94.9422978355	7	11057
3081	124	94.8447597502	0	11057
3082	128	94.8871744519	1	11058
3083	123	94.9510766862	5	11063
3084	120	95.0191581903	4	11067
3085	123	95.0118978917	1	11068
3086	119	95.0281366796	1	11069
3087	115	95.0058036384	4	11073
3088	120	95.0986459271	4	11077
3089	117	95.079854459	4	11081
3090	121	95.0195208508	4	11085
3091	117	95.0849094075	2	11087
3092	115	95.047467248	5	11092
3093	110	94.9739359681	3	11095
3094	115	94.877637819	7	11102
3095	113	94.9553354596	0	11102
3096	118	94.8790305889	1	11103
3097	121	94.8534057339	0	11103
3098	117	94.7894225257	6	11109
3099	117	94.7094862304	0	11109
3100	115	94.7486346966	1	11110
3101	114	94.8269249334	3	11113
3102	110	94.9001811698	6	11119
3103	114	94.8578545571	7	11126
3104	118	94.9390386824	2	11128
3105	122	94.868971119	7	11135
3106	120	94.7847056374	5	11140
3107	118	94.6935983438	5	11145
3108	118	94.6135702583	2	11147
3109	113	94.5930628066	1	11148
3110	117	94.6473743	0	11148
3111	112	94.6679115761	6	11154
3112	113	94.6207339355	4	11158
3113	108	94.7182422614	2	11160
3114	111	94.6746250092	6	11166
3115	111	94.686388958	5	11171
3116	114	94.7667909264	5	11176
3117	114	94.7898434331	0	11176
3118	112	94.7737926247	4	11180
3119	108	94.8652844992	3	11183
3120	106	94.9133789436	0	11183
3121	110	94.8533722005	4	11187
3122	112	94.7943543679	6	11193
3123	108	94.888847783	5	11198
3124	110	94.8800181035	5	11203
3125	109	94.7860515226	1	11204
3126	104	94.6885181816	0	11204
3127	109	94.7034359721	7	11211
3128	113	94.7924186255	7	11218
3129	118	94.7799911814	1	11219
3130	117	94.7928671603	1	11220
3131	113	94.8529242841	3	11223
3132	116	94.8914493147	4	11227
3133	119	94.9695224828	2	11229
3134	120	94.9695557767	0	11229
3135	116	94.9210290788	3	11232
3136	117	94.9125282891	4	11236
3137	120	94.8200583052	3	11239
3138	122	94.8665182471	3	11242
3139	121	94.8495954782	4	11246
3140	120	94.8151704617	1	11247
3141	122	94.7202538696	2	11249
3142	120	94.7150067028	3	11252
3143	117	94.667345249	0	11252
3144	122	94.7116342091	7	11259
3145	125	94.6827271184	0	11259
3146	123	94.5944463316	0	11259
3147	121	94.5995886328	3	11262
3148	116	94.5263487435	3	11265
3149	114	94.5712287401	3	11268
3150	111	94.5443858561	3	11271
3151	115	94.5013085159	3	11274
3152	120	94.4901687184	2	11276
3153	120	94.4079342233	3	11279
3154	122	94.4738079267	7	11286
3155	118	94.545425236	2	11288
3156	115	94.4674712147	6	11294
3157	119	94.4663706958	2	11296
3158	117	94.4708055778	1	11297
3159	120	94.4491065447	4	11301
3160	115	94.3834142905	4	11305
3161	118	94.350190123	5	11310
3162	119	94.3102468041	2	11312
3163	120	94.3879405511	5	11317
3164	125	94.3201436663	5	11322
3165	122	94.4100989942	4	11326
3166	125	94.4307923203	7	11333
3167	125	94.3726821852	0	11333
3168	124	94.4710023636	2	11335
3169	123	94.4365224507	5	11340
3170	120	94.4109184063	5	11345
3171	117	94.3423092164	6	11351
