1	132	5	95.0234495421
2	131	10	95.0213510472
3	136	17	95.0214956268
4	132	24	94.9981504414
5	129	31	95.0879546991
6	128	33	95.1684090451
7	123	39	95.2338198177
8	126	44	95.3046984742
9	124	51	95.2273567312
10	129	51	95.2823245004
11	125	52	95.2684873105
12	122	58	95.2442695919
13	118	65	95.258618315
14	122	70	95.1672099215
15	123	72	95.2633852317
16	124	77	95.2418936792
17	125	82	95.2461629533
18	122	88	95.2689447838
19	122	88	95.291154509
20	125	93	95.1972677293
21	128	98	95.2109715033
22	123	105	95.2802692148
23	123	111	95.3582748686
24	128	112	95.3344783541
25	133	118	95.3771798771
26	133	123	95.4511474074
27	134	126	95.5353363218
28	136	128	95.5136805082
29	135	130	95.4864885614
30	138	134	95.4399036597
31	133	138	95.4449428118
32	128	144	95.3503577762
33	129	148	95.3947075819
34	127	153	95.3811810413
35	131	154	95.4218055339
36	135	161	95.3535626276
37	131	166	95.3555348577
38	132	169	95.3526161624
39	137	173	95.4433269605
40	142	175	95.4568182979
41	138	178	95.4216336827
42	142	180	95.4762178685
43	138	187	95.4479736245
44	136	193	95.4674032084
45	136	199	95.4566524711
46	131	203	95.4424346918
47	127	209	95.3653597681
48	130	215	95.4634720259
49	125	222	95.4794108103
50	127	223	95.5314785043
51	130	225	95.5267299868
52	132	225	95.6180809701
53	133	229	95.5537772843
54	130	229	95.5612572642
55	128	233	95.5990574911
56	125	240	95.6404837669
57	129	247	95.6883836473
58	132	252	95.7067124816
59	127	253	95.708859566
60	132	257	95.6532347527
61	129	263	95.6741509659
62	131	264	95.6746432856
63	131	268	95.6655520486
64	134	269	95.7026823482
65	137	271	95.7588189085
66	138	272	95.6810022604
67	138	272	95.7607863796
68	133	278	95.7943347842
69	129	284	95.7547816729
70	127	290	95.7079837769
71	125	292	95.6959733538
72	122	296	95.7451691187
73	120	296	95.7830623851
74	120	300	95.8335522178
75	115	303	95.8475786536
76	113	306	95.8142887378
77	114	311	95.8883092468
78	116	311	95.907720906
79	116	312	95.9441442772
80	118	316	95.935474712
81	114	321	95.9322160047
82	116	327	95.9250933703
83	111	328	95.8966897077
84	110	330	95.8179638674
85	113	335	95.7349047605
86	116	335	95.7185879514
87	114	339	95.7403695549
88	109	344	95.7356675908
89	111	348	95.7215789397
90	110	349	95.7699078298
91	114	350	95.7648021795
92	115	352	95.8347868261
93	111	356	95.7854170452
94	113	363	95.7668134563
95	118	370	95.6837018509
96	121	373	95.6365899964
97	124	373	95.6839187922
98	122	375	95.7522357269
99	126	379	95.8472509999
100	128	383	95.7574605077
101	127	388	95.752664987
102	127	388	95.7171825982
103	131	388	95.7056998605
104	126	388	95.6936147143
105	125	393	95.7087679192
106	123	398	95.7118911342
107	125	403	95.7493864092
108	125	410	95.823481096
109	121	413	95.7624070606
110	116	418	95.7179647999
111	121	424	95.7482945739
112	117	431	95.7312380227
113	121	436	95.6936734506
114	125	443	95.6176420508
115	127	443	95.5438669532
116	132	445	95.4913698349
117	136	445	95.5438615892
118	140	450	95.6326343316
119	142	457	95.5476667375
120	140	463	95.5483392473
121	137	466	95.4625413932
122	142	466	95.4052860141
123	146	470	95.3420666192
124	151	472	95.2967497192
125	147	473	95.28052634
126	145	477	95.2196616384
127	145	484	95.226131425
128	142	490	95.325104205
129	138	494	95.370148796
130	133	498	95.4217592659
131	132	502	95.4661741492
132	134	505	95.516576564
133	136	506	95.50885507
134	133	512	95.5364421052
135	136	516	95.6316212159
136	137	516	95.5493299669
137	142	520	95.6354679688
138	142	526	95.5520269244
139	142	530	95.6336096031
140	138	533	95.5376330505
141	137	536	95.5245872353
142	132	537	95.5772602593
143	135	544	95.6410403169
144	131	550	95.6392939265
145	128	553	95.7008873873
146	130	557	95.650801221
147	130	562	95.5548659469
148	133	569	95.6340592175
149	135	575	95.5739578658
150	137	578	95.5766810626
151	141	583	95.4912426083
152	146	583	95.3997525066
153	141	589	95.4857496365
154	144	593	95.5361036362
155	145	599	95.5349053842
156	150	600	95.5129731904
157	147	602	95.4213945693
158	151	604	95.5192199493
159	148	607	95.526079295
160	153	610	95.4664256831
161	154	616	95.3674101086
162	153	616	95.3592666695
163	151	620	95.3471610922
164	151	623	95.261558123
165	154	629	95.167969177
166	151	631	95.2595645925
167	153	631	95.3593523864
168	157	638	95.2882821467
169	160	641	95.2281805112
170	162	648	95.2853503035
171	161	653	95.378817526
172	163	659	95.4435954847
173	164	666	95.4225994026
174	167	672	95.3434574178
175	170	674	95.37541088
176	167	678	95.36845436
177	164	681	95.3407893708
178	164	686	95.340221867
179	159	689	95.2731636456
180	155	690	95.2928793515
181	154	696	95.2807601552
182	150	702	95.2206818844
183	146	708	95.1310752215
184	149	713	95.2011360326
185	147	715	95.1897511624
186	149	718	95.2227998641
187	152	723	95.139197077
188	155	723	95.119766374
189	153	723	95.1134384143
190	151	726	95.0332922669
191	152	731	94.9590616925
192	149	733	95.0217981741
193	154	740	94.9927345296
194	159	740	94.9580484065
195	164	745	94.97068547
196	162	751	94.8938714464
197	157	757	94.8437381259
198	162	764	94.7788381307
199	167	769	94.8324354846
200	162	774	94.7457415054
201	161	779	94.7974907934
202	158	782	94.7205312758
203	162	784	94.710359658
204	162	789	94.6455494421
205	158	794	94.6602698739
206	159	800	94.6354314796
207	162	804	94.6299793777
208	157	811	94.6666691723
209	162	815	94.7425524574
210	161	819	94.8297087474
211	164	820	94.8726971929
212	168	821	94.8932744319
213	165	823	94.8624187295
214	169	827	94.9563242245
215	172	831	95.0100784118
216	176	831	94.9938587685
217	176	831	95.0584786878
218	180	834	95.0041798985
219	185	841	95.0272678661
220	181	847	94.9419593008
221	181	848	94.8857384826
222	181	848	94.8757825849
223	184	853	94.9165159112
224	181	859	94.9539968465
225	178	864	94.9604361985
226	173	870	94.9129653197
227	176	870	94.8523534358
228	181	871	94.9256442214
229	185	872	94.863436398
230	181	874	94.8454603201
231	178	877	94.7798541143
232	176	881	94.7543723906
233	171	882	94.7748612624
234	175	887	94.7698119812
235	178	893	94.819343378
236	174	896	94.8577792931
237	172	896	94.9208793298
238	175	902	95.0090090703
239	176	904	94.9266302107
240	172	907	94.9986580626
241	169	908	94.9964515352
242	166	909	94.9599653898
243	161	910	95.0272028455
244	158	911	95.0374443453
245	159	913	95.1061971616
246	163	919	95.097341963
247	158	923	95.0622114377
248	156	928	95.1033522066
249	153	934	95.0398992789
250	156	940	95.0887194894
251	154	944	95.032554673
252	159	950	94.9426782523
253	156	953	94.9925540249
254	160	955	94.9844128078
255	165	956	94.9278542892
256	168	960	94.9916658684
257	163	963	94.8933486793
258	158	963	94.8612539145
259	162	968	94.8112232391
260	164	974	94.8494843937
261	165	977	94.8482646557
262	161	977	94.8787758296
263	161	979	94.9698511124
264	162	981	94.8762363462
265	164	986	94.8109950723
266	160	991	94.739890423
267	164	996	94.6749478954
268	163	1003	94.7106852614
269	158	1006	94.6974297598
270	157	1007	94.6575105922
271	159	1011	94.6765455024
272	157	1012	94.6671052377
273	153	1015	94.6422867155
274	150	1015	94.6931501749
275	155	1021	94.7395677157
276	151	1024	94.8046273212
277	153	1030	94.8880039092
278	149	1031	94.8258481081
279	147	1036	94.8562899182
280	147	1041	94.9267834066
281	152	1048	94.8270485701
282	149	1051	94.7433464115
283	148	1057	94.643945949
284	149	1061	94.5831137538
285	150	1061	94.5505939999
286	145	1065	94.5756265099
287	145	1072	94.5566349902
288	148	1078	94.5556427013
289	146	1080	94.4908624449
290	144	1087	94.4612164451
291	139	1089	94.4234638554
292	136	1090	94.3462519991
293	135	1090	94.3087943181
294	138	1092	94.2692352051
295	135	1092	94.3328874491
296	135	1099	94.2668827243
297	138	1105	94.3334108488
298	139	1111	94.4105418438
299	134	1111	94.3810467685
300	135	1113	94.4148032063
301	136	1115	94.3371482247
302	136	1120	94.3897940745
303	133	1122	94.4380674633
304	138	1129	94.427488361
305	142	1136	94.4502178988
306	147	1142	94.4635639208
307	148	1146	94.4617686939
308	149	1147	94.3643343063
309	151	1149	94.3772300742
310	153	1153	94.4354168927
311	156	1157	94.4004335392
312	161	1164	94.436344309
313	159	1168	94.4850381149
314	163	1169	94.477421062
315	168	1171	94.4404150784
316	165	1173	94.3804253833
317	168	1178	94.4350177126
318	168	1184	94.4274258045
319	163	1189	94.4292046894
320	164	1196	94.5223182676
321	161	1196	94.5347727189
322	156	1201	94.558746031
323	154	1206	94.5808733666
324	152	1209	94.5062411388
325	152	1213	94.485051824
326	149	1217	94.5677075121
327	150	1223	94.5848881627
328	154	1226	94.5962635523
329	149	1232	94.6388229288
330	152	1239	94.5705473851
331	157	1242	94.5726872489
332	162	1246	94.5366726352
333	159	1253	94.4464148535
334	164	1258	94.4199766421
335	167	1264	94.4533767465
336	169	1269	94.3719791729
337	168	1273	94.4083976416
338	167	1277	94.3979444063
339	165	1284	94.456011928
340	168	1289	94.4273173618
341	164	1291	94.4234869062
342	165	1297	94.3846010819
343	160	1301	94.4437685365
344	162	1302	94.3606130119
345	157	1303	94.3328285919
346	156	1309	94.254887482
347	158	1311	94.2108084076
348	162	1314	94.134166421
349	159	1316	94.0739744049
350	154	1320	94.1385370022
351	158	1321	94.168787037
352	155	1322	94.2081150554
353	160	1328	94.2253281521
354	155	1331	94.2380926608
355	151	1336	94.3213071425
356	151	1341	94.3166698775
357	155	1343	94.2372853753
358	160	1344	94.1910609629
359	165	1349	94.1848803766
360	160	1350	94.1674746005
361	164	1357	94.1353287996
362	167	1363	94.1430561985
363	162	1363	94.0670410416
364	159	1367	94.0797085178
365	159	1368	94.1312492117
366	161	1372	94.0547885853
367	164	1376	93.9881004294
368	160	1380	94.0357354168
369	161	1387	93.9574382031
370	165	1390	93.9476669268
371	160	1391	93.9171120319
372	155	1398	93.8355239942
373	157	1401	93.8007625002
374	155	1401	93.8351182405
375	155	1408	93.7392557846
376	159	1410	93.6798311762
377	164	1410	93.7509578331
378	165	1410	93.7405203823
379	168	1417	93.6675695058
380	167	1420	93.6344826594
381	162	1420	93.7156100606
382	165	1425	93.7304130895
383	165	1432	93.7889694171
384	162	1432	93.79912562
385	166	1439	93.8741330373
386	170	1441	93.9603453911
387	166	1446	94.0170827035
388	164	1449	94.0078495021
389	169	1451	93.9946483655
390	167	1455	94.0495100776
391	165	1462	94.1468400217
392	162	1467	94.1000944188
393	167	1468	94.089090075
394	168	1468	94.1351884317
395	164	1470	94.2070167869
396	164	1477	94.2293421221
397	164	1479	94.1835185657
398	161	1484	94.2041560325
399	165	1489	94.2282385519
400	167	1496	94.296277476
401	164	1500	94.2010891512
402	166	1506	94.2262636358
403	164	1511	94.1372480166
404	162	1511	94.1496025792
405	166	1513	94.1463185955
406	169	1513	94.1117847525
407	166	1515	94.2077976222
408	162	1519	94.1728947776
409	159	1519	94.2646231882
410	156	1525	94.2723907174
411	157	1528	94.2480734791
412	158	1532	94.1577482697
413	159	1534	94.1239567625
414	154	1538	94.0672396125
415	152	1542	94.0257892921
416	152	1548	93.9735500283
417	151	1552	93.9822019734
418	152	1556	93.9071819086
419	150	1556	93.8787420099
420	151	1561	93.8122792381
421	152	1568	93.8411380661
422	148	1568	93.7962670582
423	144	1575	93.6999150381
424	148	1579	93.6440232758
425	147	1585	93.5686048614
426	150	1586	93.6022475799
427	149	1586	93.549722216
428	151	1590	93.5488042369
429	146	1592	93.5525351209
430	142	1596	93.541075709
431	145	1598	93.5907371775
432	146	1605	93.5687618309
433	151	1610	93.5145566411
434	154	1615	93.5285343089
435	150	1615	93.4349195166
436	153	1622	93.351247826
437	149	1622	93.2673042129
438	154	1628	93.1744886136
439	149	1630	93.183464239
440	150	1637	93.1705258502
441	146	1640	93.2551656351
442	150	1640	93.3036371069
443	150	1646	93.3848507541
444	148	1648	93.2865607825
445	143	1652	93.319965307
446	147	1654	93.2391238643
447	144	1654	93.21195069
448	147	1655	93.2068779333
449	152	1656	93.2246561353
450	151	1661	93.2943122102
451	154	1664	93.2857195858
452	149	1664	93.3745683094
453	153	1664	93.3170047068
454	153	1669	93.311147892
455	153	1671	93.381364679
456	150	1675	93.4733940438
457	146	1677	93.4457226518
458	148	1684	93.4847154107
459	145	1684	93.5653105101
460	145	1684	93.6128895203
461	150	1684	93.5205570537
462	153	1689	93.6033688599
463	149	1689	93.6151256587
464	149	1693	93.6916242881
465	152	1697	93.5947811029
466	157	1699	93.546618958
467	162	1702	93.5889316502
468	157	1702	93.6018802612
469	156	1709	93.6369146417
470	154	1712	93.6356208357
471	154	1715	93.6766659617
472	150	1719	93.7044202458
473	147	1726	93.6251032565
474	143	1730	93.6668386984
475	143	1733	93.601468613
476	142	1738	93.5518822342
477	144	1743	93.5006672491
478	141	1746	93.4985016477
479	144	1752	93.4698552904
480	146	1757	93.4614160461
481	149	1758	93.4401675046
482	150	1765	93.4766855377
483	145	1769	93.4771621337
484	150	1775	93.5051882326
485	149	1779	93.5184659202
486	152	1780	93.6037933332
487	150	1783	93.6754961634
488	146	1790	93.6364717925
489	147	1795	93.6053639889
490	142	1796	93.5647639415
491	138	1802	93.6509795326
492	138	1806	93.6602992898
493	143	1812	93.6679091169
494	146	1818	93.6924901251
495	142	1821	93.752158665
496	145	1824	93.6811842066
497	144	1830	93.6712201329
498	148	1837	93.6633715576
499	147	1844	93.7069960562
500	143	1845	93.7001587537
501	138	1845	93.6288959741
502	133	1852	93.5363634329
503	134	1855	93.4777736062
504	139	1857	93.5281734162
505	143	1861	93.6036761035
506	138	1865	93.5926725686
507	141	1867	93.5982322802
508	144	1868	93.6208353479
509	145	1869	93.6573411075
510	150	1875	93.5916547957
511	152	1875	93.6606630241
512	148	1877	93.6097213719
513	153	1882	93.5836897366
514	156	1882	93.6234247628
515	156	1883	93.5332377752
516	161	1885	93.5327457404
517	163	1890	93.5281426598
518	166	1893	93.5570936198
519	162	1895	93.5829948857
520	162	1898	93.6296296034
521	161	1899	93.6608663642
522	163	1900	93.6229070715
523	163	1906	93.6885273147
524	164	1911	93.6024801403
525	164	1913	93.5863045072
526	165	1917	93.6467175143
527	160	1918	93.5812759496
528	158	1920	93.5801590269
529	159	1924	93.5021190015
530	156	1929	93.580248804
531	161	1936	93.5508083528
532	164	1936	93.5798608279
533	164	1942	93.4911838735
534	162	1946	93.426745358
535	157	1947	93.3556330487
536	157	1951	93.4323466037
537	159	1954	93.492767881
538	156	1957	93.4604849539
539	152	1961	93.4302269183
540	152	1965	93.3807998763
541	152	1969	93.4433296664
542	155	1972	93.3531154479
543	157	1976	93.260996547
544	161	1976	93.2909363569
545	160	1977	93.3508509891
546	162	1983	93.2642726743
547	167	1990	93.2588218723
548	162	1991	93.2982269498
549	161	1996	93.3593636149
550	159	1996	93.3756989037
551	163	2001	93.3164843034
552	160	2002	93.3491068164
553	164	2004	93.3247733303
554	168	2007	93.3117423288
555	164	2008	93.2159442783
556	159	2014	93.2840171168
557	158	2019	93.3731486899
558	158	2023	93.4466379095
559	159	2024	93.3880805882
560	162	2027	93.481026924
561	167	2030	93.4155803473
562	169	2033	93.3695759252
563	164	2033	93.3323164463
564	162	2037	93.283837972
565	161	2038	93.3071435944
566	163	2038	93.3525487123
567	168	2045	93.4072788077
568	165	2045	93.3628102316
569	170	2047	93.2956675005
570	175	2054	93.2513683843
571	172	2055	93.333217833
572	176	2061	93.4087452762
573	181	2063	93.458166504
574	177	2065	93.5376359898
575	174	2067	93.4804369589
576	172	2069	93.4850945713
577	173	2074	93.4145449931
578	169	2080	93.3301361158
579	168	2080	93.2337596319
580	168	2082	93.1845710418
581	173	2085	93.275210114
582	172	2090	93.2872427859
583	175	2091	93.3029055349
584	179	2093	93.2039822958
585	177	2094	93.2764345393
586	178	2101	93.2800352303
587	175	2105	93.3222560012
588	180	2112	93.2994031932
589	177	2116	93.2896511078
590	178	2122	93.3304106573
591	183	2122	93.2435696123
592	179	2125	93.177894263
593	184	2132	93.208678522
594	183	2134	93.2137893371
595	188	2136	93.2669379811
596	190	2142	93.320391971
597	190	2147	93.3888374986
598	194	2153	93.2967753407
599	196	2153	93.3419777265
600	200	2154	93.248658304
601	200	2157	93.2646885624
602	198	2159	93.2486423347
603	199	2162	93.245126517
604	200	2166	93.3229268027
605	195	2172	93.2317200445
606	196	2179	93.2936780705
607	194	2183	93.2202131873
608	194	2190	93.2751196391
609	199	2192	93.3615475178
610	200	2192	93.3745341622
611	196	2199	93.3675886851
612	199	2205	93.3328885973
613	197	2206	93.2976260209
614	197	2206	93.2419861035
615	200	2212	93.2552018962
616	200	2213	93.327092412
617	195	2219	93.3921392234
618	195	2223	93.4136942595
619	194	2224	93.4708035384
620	194	2231	93.5267906968
621	191	2236	93.6247389361
622	193	2243	93.6120231507
623	189	2243	93.6606035352
624	191	2247	93.5945111881
625	192	2250	93.6157744458
626	189	2255	93.5857043535
627	190	2259	93.5955186618
628	191	2260	93.5110615224
629	196	2266	93.4250937423
630	194	2268	93.500513832
631	199	2273	93.5999979494
632	200	2275	93.6421536222
633	200	2280	93.5768930687
634	198	2282	93.597782138
635	194	2283	93.591209939
636	196	2289	93.5010102888
637	191	2291	93.4329507248
638	189	2297	93.393799554
639	187	2298	93.4385013801
640	186	2303	93.3810211625
641	190	2304	93.2906397345
642	186	2309	93.2273417786
643	188	2315	93.1830058185
644	183	2320	93.1337216349
645	183	2322	93.1825363995
646	183	2322	93.2141159394
647	178	2324	93.2587414159
648	179	2329	93.3499832054
649	180	2330	93.40591592
650	175	2332	93.4760149191
651	172	2334	93.4048641324
652	172	2339	93.4954687692
653	177	2343	93.411046555
654	172	2346	93.4692826346
655	176	2349	93.3975721843
656	181	2356	93.3861824665
657	179	2356	93.3953971017
658	181	2362	93.3386303408
659	176	2366	93.2434235806
660	181	2366	93.2456821157
661	181	2373	93.1665327167
662	178	2375	93.2467242629
663	175	2382	93.1919999976
664	174	2383	93.1099189818
665	173	2385	93.0210402649
666	168	2389	92.9369266045
667	167	2390	92.9569708692
668	167	2391	92.9483974844
669	167	2392	92.916442873
670	168	2395	93.0067936278
671	164	2398	93.0432530533
672	163	2399	93.1173489439
673	166	2406	93.1760769023
674	162	2407	93.1276709995
675	166	2414	93.1396102267
676	170	2418	93.1037948808
677	173	2418	93.023022869
678	173	2422	93.0829336169
679	168	2426	92.9847397113
680	163	2428	92.9279100846
681	163	2433	92.9417856263
682	160	2440	92.8863696373
683	159	2440	92.905643071
684	159	2445	92.8996854916
685	158	2446	92.9817118234
686	158	2447	92.9219349479
687	161	2450	92.9180916922
688	161	2451	92.8449071442
689	158	2454	92.8265604243
690	163	2454	92.7331184671
691	166	2459	92.8220818591
692	163	2463	92.8472457573
693	161	2467	92.8265268761
694	158	2469	92.7294601834
695	154	2474	92.6725741231
696	154	2475	92.6652063975
697	154	2480	92.5659690589
698	152	2486	92.5601258341
699	148	2491	92.6071426626
700	148	2495	92.6632372282
701	146	2497	92.5733754838
702	142	2504	92.496700985
703	146	2505	92.5035473479
704	145	2507	92.5207501673
705	144	2510	92.5366660781
706	147	2517	92.6266758301
707	152	2521	92.6246129832
708	147	2523	92.6347801538
709	149	2526	92.6772268506
710	145	2531	92.6560684554
711	141	2537	92.62449051
712	137	2541	92.6267396185
713	142	2543	92.5676050099
714	146	2544	92.5518549003
715	147	2545	92.4937096697
716	144	2546	92.4660390186
717	146	2548	92.4230844081
718	148	2551	92.5163495177
719	143	2552	92.5767722289
720	147	2559	92.5577797292
721	150	2564	92.6331182111
722	149	2567	92.729422178
723	145	2569	92.7474277174
724	142	2572	92.759998568
725	145	2576	92.8122945794
726	141	2580	92.8471909663
727	142	2585	92.839470647
728	139	2592	92.8088200624
729	140	2598	92.8112383938
730	137	2599	92.8130226354
731	135	2599	92.8893756712
732	136	2603	92.9643676245
733	141	2608	93.0075086289
734	137	2611	92.9564323295
735	139	2614	92.9057465087
736	142	2619	92.9966089709
737	143	2622	92.9499669735
738	147	2622	93.0341466441
739	149	2623	92.9893975604
740	150	2627	92.998370525
741	149	2627	92.9109945161
742	147	2630	92.8918072391
743	152	2631	92.9268508536
744	152	2632	92.8734328808
745	149	2635	92.9150253055
746	148	2638	92.8795408659
747	147	2645	92.939305705
748	148	2647	92.956062162
749	148	2653	92.9188063096
750	146	2658	93.0035324659
751	143	2660	93.0057989822
752	140	2667	93.0338287079
753	141	2673	93.015800882
754	142	2675	93.1156624234
755	137	2679	93.0506728445
756	132	2685	93.0575099299
757	136	2685	93.1362343262
758	132	2692	93.1788662879
759	129	2696	93.1231915211
760	130	2696	93.0362887914
761	125	2699	93.0482471677
762	122	2706	93.1129614927
763	118	2711	93.0178818991
764	113	2716	92.9721194134
765	114	2721	92.9980101166
766	112	2726	93.0024141843
767	108	2730	93.0685142346
768	110	2730	93.1377344212
769	107	2733	93.1697865643
770	108	2740	93.1564973028
771	112	2742	93.1031364267
772	107	2747	93.1849188081
773	108	2751	93.2158355966
774	106	2752	93.2428000417
775	108	2757	93.2483440824
776	113	2757	93.1658716807
777	117	2762	93.1799107525
778	116	2764	93.1054948942
779	112	2767	93.1454166286
780	116	2774	93.0836613235
781	112	2775	93.1302295216
782	109	2776	93.2254954933
783	110	2777	93.2556045975
784	108	2777	93.2234338031
785	106	2778	93.1635118717
786	106	2781	93.115840429
787	105	2786	93.1631518048
788	101	2790	93.2481195187
789	102	2797	93.2051993817
790	106	2797	93.1899803487
791	102	2801	93.162619293
792	106	2804	93.118607816
793	111	2808	93.1870874368
794	107	2814	93.2747726588
795	112	2817	93.3606851194
796	115	2824	93.3966241241
797	114	2827	93.3722264579
798	109	2830	93.2927582273
799	113	2834	93.2421706608
800	108	2841	93.1808603999
801	111	2843	93.1868257439
802	115	2845	93.2120536397
803	116	2848	93.1575950079
804	113	2851	93.2207839556
805	109	2852	93.1500428446
806	112	2854	93.21835578
807	107	2855	93.2082292702
808	108	2861	93.2782010361
809	112	2866	93.2317755334
810	110	2871	93.327390863
811	106	2873	93.3584482601
812	105	2879	93.428595394
813	101	2885	93.5061191923
814	97	2885	93.4498552702
815	101	2892	93.4854473577
816	99	2898	93.4929892319
817	102	2905	93.542010105
818	99	2907	93.5599979045
819	99	2914	93.5257571476
820	94	2916	93.4765375829
821	89	2918	93.5373145847
822	94	2924	93.4639604882
823	96	2924	93.4403490801
824	94	2925	93.5130117996
825	89	2931	93.516313957
826	94	2935	93.4635512514
827	95	2942	93.522043319
828	94	2944	93.4412148925
829	93	2944	93.4679129535
830	98	2947	93.5268502927
831	94	2954	93.5927712449
832	95	2961	93.6669705775
833	92	2965	93.649726954
834	91	2967	93.6917124513
835	90	2969	93.6109782338
836	90	2970	93.5998257249
837	87	2972	93.5046845755
838	82	2976	93.4349441368
839	81	2980	93.5115388999
840	81	2982	93.5909252521
841	80	2986	93.6372913562
842	84	2989	93.7267385687
843	88	2993	93.8198130654
844	89	2999	93.8519785235
845	84	3001	93.8556326247
846	82	3006	93.89899849
847	81	3011	93.8695595863
848	84	3016	93.841934163
849	83	3022	93.9293874361
850	79	3023	93.9184606519
851	75	3029	93.8237219043
852	80	3030	93.7394068951
853	78	3030	93.6973552261
854	83	3030	93.7100696301
855	79	3036	93.7332613439
856	83	3040	93.6821735622
857	83	3041	93.7073278854
858	80	3044	93.7039130277
859	75	3048	93.6721707406
860	72	3048	93.6018410988
861	77	3052	93.6756623737
862	72	3054	93.6897685593
863	68	3058	93.6590654166
864	65	3063	93.6721154664
865	64	3067	93.653281203
866	68	3067	93.6654936343
867	70	3074	93.570733482
868	73	3074	93.5654090565
869	76	3077	93.4801414754
870	76	3080	93.4768704207
871	71	3083	93.4725965309
872	73	3086	93.5321873844
873	74	3089	93.5535363018
874	76	3092	93.5102120104
875	75	3096	93.4216020361
876	75	3097	93.4534524591
877	70	3099	93.5294094449
878	65	3102	93.6261391279
879	60	3103	93.6902360683
880	59	3107	93.681956655
881	62	3114	93.671928385
882	67	3121	93.6029693542
883	67	3121	93.5385718536
884	71	3128	93.5207460473
885	76	3131	93.5521318324
886	80	3136	93.6467271847
887	79	3139	93.6595060039
888	80	3140	93.6545128089
889	79	3146	93.5887264558
890	80	3153	93.6546290093
891	79	3156	93.7419782083
892	77	3156	93.6964543208
893	72	3157	93.6645136952
894	68	3157	93.6523774705
895	67	3159	93.7502770748
896	71	3159	93.7996321116
897	69	3165	93.817947948
898	69	3168	93.8557045883
899	74	3170	93.7635706503
900	77	3177	93.7973911763
901	79	3183	93.7975882726
902	76	3184	93.7349915852
903	75	3186	93.6501981445
904	73	3187	93.5683590865
905	74	3194	93.5058167197
906	69	3201	93.5853046128
907	64	3203	93.6838389318
908	64	3204	93.6558171551
909	59	3210	93.7415756933
910	54	3211	93.8199329683
911	54	3211	93.7770717317
912	58	3213	93.7868359015
913	59	3219	93.7222690524
914	61	3223	93.6840380692
915	66	3230	93.6651653676
916	66	3232	93.619697385
917	65	3234	93.6050391771
918	66	3241	93.6162473909
919	61	3241	93.7018069367
920	57	3242	93.7125764163
921	55	3243	93.8073332075
922	54	3246	93.848141657
923	57	3251	93.7482589398
924	59	3254	93.6502674733
925	57	3257	93.5789001451
926	56	3258	93.6098121934
927	60	3263	93.5372292921
928	57	3266	93.4932767927
929	52	3273	93.536927232
930	50	3279	93.5373076334
931	50	3284	93.6150944692
932	52	3287	93.6898900262
933	54	3288	93.6446540227
934	55	3289	93.6874190063
935	59	3291	93.6157037611
936	58	3292	93.6416086584
937	61	3295	93.565140248
938	60	3299	93.5615980961
939	60	3300	93.5243573182
940	58	3302	93.584899731
941	59	3306	93.6713355055
942	63	3308	93.7095413666
943	66	3308	93.7783511795
944	70	3310	93.8671539452
945	65	3310	93.8608331462
946	60	3312	93.8540793757
947	56	3313	93.936033584
948	52	3318	93.8450825903
949	50	3321	93.8924349011
950	55	3325	93.9564210544
951	51	3326	93.9415321473
952	50	3326	94.0078857429
953	52	3328	93.9096803192
954	55	3328	93.9134470971
955	59	3331	93.8384457166
956	59	3335	93.9102164584
957	58	3339	93.8180583505
958	61	3341	93.8097622285
959	60	3344	93.8896271308
960	56	3347	93.8510685874
961	54	3354	93.8660759747
962	59	3355	93.8260477655
963	60	3360	93.7368153673
964	56	3367	93.7669877242
965	57	3374	93.6970801764
966	56	3376	93.7469264548
967	57	3382	93.8107963899
968	60	3387	93.7698508566
969	59	3388	93.8648122519
970	63	3389	93.7713916018
971	67	3389	93.7136716537
972	62	3396	93.6701899834
973	66	3399	93.6648812083
974	65	3404	93.5840003722
975	70	3407	93.4898939843
976	73	3410	93.3951934784
977	68	3417	93.3262648749
978	68	3417	93.4108486453
979	67	3419	93.3783130773
980	68	3423	93.3720479767
981	72	3426	93.3405543156
982	72	3428	93.2672859624
983	76	3433	93.3520862951
984	72	3436	93.3581790607
985	72	3436	93.3255556456
986	74	3440	93.3178969259
987	74	3447	93.366799181
988	73	3451	93.4012901271
989	77	3457	93.426158016
990	76	3461	93.4537647918
991	71	3465	93.533698499
992	66	3469	93.5835021949
993	65	3470	93.6212251624
994	68	3476	93.6147848555
995	71	3476	93.5282212116
996	75	3482	93.4498541987
997	71	3486	93.499832082
998	69	3489	93.4955604989
999	69	3493	93.4520271066
1000	71	3495	93.4470991202
1001	68	3495	93.3973687063
1002	68	3502	93.4616868348
1003	73	3508	93.5163468258
1004	71	3508	93.5171445457
1005	71	3511	93.4471825893
1006	74	3513	93.4985120988
1007	72	3519	93.5036448244
1008	72	3525	93.4170262996
1009	73	3528	93.3370155877
1010	78	3529	93.4254225743
1011	81	3535	93.3825505127
1012	82	3539	93.4815267432
1013	79	3546	93.5572719143
1014	81	3552	93.4695614959
1015	76	3554	93.4131565353
1016	76	3561	93.363024659
1017	76	3561	93.3593340882
1018	79	3568	93.3299368217
1019	76	3568	93.3951767257
1020	77	3571	93.4489082387
1021	81	3574	93.4573035861
1022	76	3574	93.4569290736
1023	76	3581	93.4935775534
1024	72	3587	93.4628659172
1025	69	3589	93.4359494388
1026	65	3596	93.5342492252
1027	64	3596	93.5213563043
1028	68	3597	93.5958802114
1029	69	3598	93.6799094522
1030	71	3605	93.6741337586
1031	68	3608	93.6858467827
1032	71	3609	93.6530270239
1033	68	3610	93.6926747498
1034	70	3612	93.60250783
1035	75	3613	93.5657132967
1036	73	3615	93.6481023317
1037	73	3618	93.6242080536
1038	75	3625	93.6731660404
1039	76	3629	93.6117746086
1040	72	3632	93.7020342239
1041	70	3635	93.7483227732
1042	72	3638	93.8009036496
1043	69	3640	93.9008447015
1044	74	3646	93.9401680703
1045	75	3650	93.8482292683
1046	80	3657	93.820707913
1047	77	3659	93.9054684304
1048	73	3660	93.848083079
1049	68	3662	93.8604698898
1050	73	3663	93.8187066636
1051	69	3665	93.8640998658
1052	68	3665	93.9199388981
1053	73	3666	93.9097460377
1054	78	3667	93.862374851
1055	79	3671	93.7940697914
1056	74	3676	93.7823272628
1057	74	3678	93.6867512428
1058	76	3682	93.6976220121
1059	80	3684	93.7075938263
1060	83	3688	93.7688857395
1061	84	3694	93.7790280638
1062	80	3698	93.7403033701
1063	77	3702	93.6996870495
1064	81	3707	93.7691724376
1065	86	3708	93.7509888318
1066	88	3712	93.6874922066
1067	89	3715	93.6798363249
1068	84	3719	93.6843210404
1069	84	3723	93.621882616
1070	80	3727	93.5536846683
1071	81	3731	93.5735978235
1072	85	3738	93.5667405104
1073	88	3740	93.5253559469
1074	93	3745	93.5204403186
1075	98	3750	93.4550673433
1076	95	3757	93.4532939213
1077	93	3759	93.4402847214
1078	94	3764	93.5379061732
1079	95	3771	93.5759146337
1080	97	3771	93.612947556
1081	96	3777	93.5461587045
1082	96	3780	93.5365952104
1083	100	3784	93.4931277466
1084	102	3791	93.510476735
1085	102	3796	93.4975719206
1086	103	3801	93.5080545482
1087	100	3804	93.4235734369
1088	102	3806	93.4923474491
1089	104	3808	93.4743250649
1090	105	3813	93.4654154523
1091	110	3815	93.4466291123
1092	110	3819	93.4888163889
1093	105	3824	93.5693371463
1094	100	3828	93.5195176409
1095	103	3834	93.4311321836
1096	100	3838	93.4567528939
1097	95	3840	93.3882323247
1098	98	3840	93.3708879341
1099	97	3846	93.3345269231
1100	101	3846	93.2372294251
1101	102	3853	93.2375999612
1102	104	3853	93.2334073869
1103	106	3859	93.179200463
1104	105	3863	93.1606384042
1105	106	3864	93.1025698142
1106	109	3868	93.0233068458
1107	107	3872	93.0443129797
1108	104	3879	93.123663376
1109	102	3881	93.0303655069
1110	103	3888	93.0546545101
1111	102	3894	93.1481348561
1112	102	3897	93.1481039832
1113	97	3900	93.1169499299
1114	98	3903	93.121520756
1115	94	3907	93.0225155757
1116	93	3908	92.9969285518
1117	95	3912	93.0907512312
1118	94	3917	92.9933645439
1119	89	3917	93.0091980295
1120	90	3917	93.0212341574
1121	94	3923	93.0625603101
1122	91	3924	92.985980465
1123	89	3930	92.9043870925
1124	84	3933	92.8111683526
1125	83	3938	92.8096290464
1126	86	3943	92.8464339951
1127	90	3949	92.9339010821
1128	85	3954	92.9987998201
1129	83	3954	92.9012614654
1130	85	3958	92.9710337171
1131	80	3963	92.872119239
1132	79	3967	92.8362497532
1133	75	3968	92.8038700529
1134	71	3968	92.8761747619
1135	72	3972	92.9288741535
1136	73	3979	92.8343039566
1137	74	3985	92.8570200572
1138	79	3991	92.8007400123
1139	78	3995	92.8147358312
1140	83	3996	92.7149987317
1141	85	4001	92.7796804759
1142	85	4005	92.7634322461
1143	87	4005	92.6917187839
1144	88	4009	92.7114965672
1145	91	4015	92.7269143036
1146	96	4021	92.7053785256
1147	94	4027	92.6360399431
1148	95	4032	92.6173238892
1149	98	4034	92.5239302054
1150	94	4036	92.4258386395
1151	98	4036	92.4894674471
1152	98	4038	92.4221223474
1153	95	4044	92.4661803948
1154	98	4050	92.3871630122
1155	101	4057	92.3871792186
1156	106	4061	92.3589443799
1157	108	4061	92.3319958775
1158	107	4065	92.2556428687
1159	102	4066	92.2264503449
1160	98	4073	92.2570498769
1161	95	4073	92.3159643509
1162	90	4077	92.2629956339
1163	92	4084	92.2192888576
1164	97	4090	92.2197344691
1165	97	4097	92.1634269434
1166	97	4097	92.0701095651
1167	98	4097	92.0417497572
1168	97	4098	91.9729225791
1169	99	4103	91.9114869185
1170	99	4109	91.8888590621
1171	97	4115	91.9717479487
1172	102	4120	92.0595344673
1173	102	4125	92.1436960899
1174	98	4127	92.0762407817
1175	95	4133	92.0927697962
1176	100	4139	92.0980136075
1177	101	4141	92.1687298886
1178	104	4144	92.1832019048
1179	108	4147	92.2089948425
1180	111	4152	92.2723011993
1181	110	4152	92.2952228546
1182	115	4156	92.2040978297
1183	120	4160	92.2654034844
1184	124	4163	92.3515379664
1185	128	4164	92.4290110437
1186	126	4170	92.4086202953
1187	122	4174	92.4933767949
1188	121	4180	92.578297709
1189	116	4181	92.49802043
1190	117	4183	92.5213208084
1191	114	4188	92.6191506974
1192	111	4195	92.683740404
1193	113	4202	92.739811378
1194	114	4209	92.7765245663
1195	118	4213	92.6891279543
1196	116	4215	92.7224356099
1197	112	4220	92.6710819221
1198	111	4220	92.7330273461
1199	106	4227	92.7201557766
1200	109	4231	92.8158553712
1201	105	4238	92.8170358576
1202	102	4239	92.8842029409
1203	104	4242	92.8250635482
1204	101	4245	92.7809872284
1205	99	4245	92.8799387378
1206	103	4245	92.8193739404
1207	103	4249	92.8936047034
1208	105	4253	92.9278943774
1209	101	4253	92.9907561295
1210	103	4260	93.0257205873
1211	103	4263	92.9552948081
1212	105	4263	92.9979454593
1213	106	4265	92.9245688132
1214	109	4270	92.985131635
1215	107	4272	93.0382301874
1216	109	4279	92.9891133483
1217	104	4282	92.9672435787
1218	105	4288	92.9414431075
1219	104	4288	93.0397730737
1220	108	4291	92.9644148265
1221	109	4293	92.892729903
1222	111	4299	92.9421992065
1223	106	4302	93.0164246681
1224	101	4302	93.0284265384
1225	100	4303	93.0483706176
1226	104	4303	93.1379285331
1227	105	4310	93.2165579631
1228	110	4312	93.2590038778
1229	105	4314	93.1781424172
1230	109	4321	93.2739167842
1231	113	4322	93.2738825806
1232	118	4322	93.2887057483
1233	120	4327	93.1924199954
1234	123	4333	93.2902210065
1235	125	4340	93.2011912229
1236	126	4341	93.1189338206
1237	125	4348	93.1835909072
1238	123	4353	93.243568811
1239	127	4357	93.2176213929
1240	132	4364	93.1243929671
1241	136	4365	93.1801018417
1242	140	4372	93.2003241513
1243	139	4372	93.2248255507
1244	135	4379	93.2659802522
1245	139	4384	93.3011741479
1246	141	4385	93.3913622094
1247	139	4392	93.4741692385
1248	138	4399	93.5165960853
1249	142	4404	93.4676874558
1250	138	4405	93.5195845636
1251	142	4406	93.5741053446
1252	141	4406	93.6563844979
1253	137	4409	93.7255717733
1254	132	4413	93.7011355138
1255	133	4417	93.6032400743
1256	136	4419	93.6758525829
1257	136	4422	93.7429075761
1258	136	4425	93.6762603497
1259	134	4428	93.6643751447
1260	137	4435	93.6265205592
1261	135	4439	93.7104744619
1262	130	4440	93.6306470851
1263	128	4441	93.6427341547
1264	123	4447	93.64019484
1265	125	4447	93.7297425775
1266	130	4453	93.7082646333
1267	135	4458	93.7237494787
1268	139	4465	93.6243258642
1269	135	4467	93.6871500532
1270	138	4473	93.7010675923
1271	140	4475	93.6328261336
1272	135	4477	93.5369509808
1273	140	4482	93.4740472243
1274	141	4483	93.4985027853
1275	142	4489	93.4886529594
1276	139	4489	93.4339517154
1277	143	4494	93.4723350892
1278	140	4494	93.4209129083
1279	144	4496	93.369371085
1280	146	4498	93.3247526761
1281	142	4504	93.2954350329
1282	137	4510	93.3910681329
1283	136	4510	93.4689443586
1284	132	4510	93.5179697396
1285	133	4517	93.4317888374
1286	131	4522	93.355416631
1287	132	4529	93.4471066743
1288	132	4536	93.4731340185
1289	130	4536	93.4625015132
1290	126	4539	93.4326808383
1291	121	4545	93.496425603
1292	120	4551	93.508661642
1293	122	4552	93.4905791184
1294	125	4556	93.4580767155
1295	126	4562	93.3900561475
1296	125	4566	93.4295703888
1297	126	4568	93.4009997654
1298	128	4569	93.3995678486
1299	127	4574	93.4067474492
1300	124	4579	93.3550486099
1301	119	4579	93.2901058215
1302	121	4581	93.2231886981
1303	116	4582	93.1972235004
1304	112	4589	93.1255778015
1305	114	4591	93.1174397424
1306	119	4597	93.1096098429
1307	116	4599	93.1534566689
1308	121	4606	93.186732531
1309	120	4609	93.1567140739
1310	123	4610	93.1171280167
1311	127	4611	93.0504302421
1312	132	4611	92.950703619
1313	134	4617	92.9941928604
1314	136	4621	93.0621913454
1315	134	4623	93.1229010886
1316	136	4630	93.0261283064
1317	134	4635	93.1206144963
1318	131	4637	93.0338982581
1319	132	4640	93.0571412911
1320	135	4647	92.9768339468
1321	130	4648	93.0176578621
1322	130	4650	92.9878725013
1323	125	4655	92.9006508367
1324	126	4658	92.8022467195
1325	122	4664	92.7192502526
1326	120	4664	92.719927282
1327	119	4671	92.7703380402
1328	121	4672	92.83025894
1329	120	4679	92.757791923
1330	119	4681	92.7423929767
1331	118	4688	92.8387187827
1332	115	4694	92.9344386584
1333	114	4701	92.9827353134
1334	110	4701	92.9337424106
1335	108	4708	92.9562183102
1336	105	4709	92.984454002
1337	110	4716	92.9530606684
1338	113	4719	92.9031769926
1339	115	4726	92.9092108741
1340	114	4727	93.0003378893
1341	117	4729	93.069257574
1342	112	4736	93.1274728108
1343	117	4742	93.0562967844
1344	117	4748	93.1035182995
1345	115	4748	93.084756712
1346	113	4750	93.0652595851
1347	112	4750	93.018497811
1348	110	4753	92.9814107558
1349	112	4760	92.916288549
1350	107	4766	92.9095104713
1351	104	4773	92.8983908707
1352	106	4776	92.8220845737
1353	101	4778	92.9160826235
1354	99	4784	92.9987630627
1355	99	4785	92.9112825739
1356	96	4785	92.8534880136
1357	94	4786	92.8874202617
1358	93	4792	92.9228458057
1359	91	4794	92.9782809011
1360	87	4801	92.9673763845
1361	90	4804	92.9146424481
1362	89	4807	92.9782532126
1363	89	4814	92.9435002019
1364	87	4817	92.9936956833
1365	91	4820	93.0470694349
1366	86	4827	92.9610457793
1367	84	4827	92.9176652625
1368	81	4827	92.9018105363
1369	76	4834	92.9585313665
1370	81	4841	93.0025960841
1371	77	4841	92.9340269009
1372	78	4845	92.8623333705
1373	78	4850	92.7893703991
1374	82	4852	92.7597608187
1375	85	4853	92.7761511331
1376	83	4857	92.705617653
1377	85	4860	92.7812880115
1378	88	4861	92.7692294617
1379	90	4864	92.6901986562
1380	89	4871	92.5929040918
1381	87	4875	92.5594313368
1382	85	4878	92.5273448004
1383	83	4884	92.5228818544
1384	87	4886	92.4270490484
1385	89	4891	92.5049186348
1386	93	4893	92.5922789449
1387	97	4899	92.5775202888
1388	102	4901	92.5923825662
1389	98	4902	92.5951458616
1390	103	4907	92.5018354949
1391	98	4912	92.5354126496
1392	102	4919	92.466183837
1393	98	4923	92.3663933669
1394	101	4924	92.4108164298
1395	100	4926	92.3719945388
1396	100	4932	92.2750022446
1397	100	4932	92.3447061771
1398	97	4932	92.3118325825
1399	94	4939	92.2664680387
1400	89	4939	92.204859349
1401	88	4944	92.1348541309
1402	83	4944	92.1754387109
1403	87	4944	92.1225893563
1404	91	4947	92.1925236763
1405	90	4950	92.1659119765
1406	89	4953	92.2497070101
1407	94	4959	92.3410839697
1408	98	4959	92.2715761619
1409	96	4961	92.3701915192
1410	94	4961	92.4621318659
1411	97	4964	92.4605290618
1412	101	4969	92.4166475356
1413	103	4975	92.3450314507
1414	100	4978	92.3976667126
1415	99	4979	92.3566173448
1416	104	4985	92.4228137946
1417	107	4986	92.450504945
1418	111	4986	92.4138419098
1419	114	4991	92.3928883845
1420	111	4991	92.4048606541
1421	107	4997	92.372342202
1422	104	4998	92.3663462806
1423	108	5001	92.4103994241
1424	112	5004	92.4435232825
1425	112	5007	92.4924303356
1426	116	5013	92.5813831031
1427	115	5019	92.4870796507
1428	111	5019	92.5223587683
1429	109	5023	92.4792074472
1430	114	5024	92.4029919566
1431	119	5025	92.4143623267
1432	116	5030	92.3186763131
1433	118	5030	92.2894449685
1434	115	5032	92.199401587
1435	120	5036	92.2317402286
1436	116	5043	92.3253375558
1437	121	5049	92.4068386219
1438	120	5053	92.4312722876
1439	117	5057	92.3554981056
1440	115	5059	92.3291623126
1441	115	5064	92.3127142569
1442	120	5069	92.2897508608
1443	123	5071	92.3810379738
1444	123	5075	92.3266939171
1445	128	5075	92.2757964069
1446	125	5082	92.2118340986
1447	126	5089	92.2553156971
1448	126	5095	92.3186344437
1449	122	5095	92.2649636509
1450	124	5100	92.1882416493
1451	128	5105	92.260232502
1452	133	5112	92.1661603246
1453	133	5115	92.1933082284
1454	131	5116	92.1194036902
1455	129	5120	92.183386601
1456	129	5124	92.1558084942
1457	131	5130	92.1160140592
1458	132	5130	92.081035277
1459	134	5137	92.0468881601
1460	136	5140	92.0236463651
1461	141	5141	91.9964320178
1462	141	5146	91.9025685793
1463	137	5148	91.8516284382
1464	139	5148	91.90797942
1465	144	5152	91.9679431957
1466	140	5159	91.8955771497
1467	140	5160	91.8292764705
1468	141	5165	91.7689091302
1469	136	5165	91.7649095608
1470	140	5166	91.8578451193
1471	145	5166	91.9192865583
1472	146	5166	91.8404991513
1473	144	5169	91.7582208703
1474	146	5175	91.8013165865
1475	151	5176	91.8600664487
1476	147	5178	91.8022261967
1477	144	5182	91.7537658056
1478	146	5184	91.659026891
1479	141	5184	91.5633263712
1480	138	5191	91.5827342862
1481	139	5195	91.5469502702
1482	138	5200	91.6379797077
1483	143	5205	91.5953163509
1484	142	5206	91.669241181
1485	147	5213	91.5780260932
1486	145	5218	91.4904986848
1487	148	5220	91.4233363906
1488	148	5226	91.4119598852
1489	145	5227	91.3446272072
1490	147	5228	91.2652564848
1491	151	5228	91.2454473919
1492	154	5229	91.2470856479
1493	149	5234	91.228950023
1494	146	5235	91.2914194823
1495	141	5240	91.2130022782
1496	145	5245	91.1291595595
1497	146	5252	91.114503199
1498	147	5259	91.2102516713
1499	148	5265	91.1621396358
1500	151	5268	91.2490532598
1501	146	5271	91.190864752
1502	143	5271	91.2717973926
1503	142	5271	91.2449993202
1504	142	5272	91.3207671379
1505	137	5272	91.3741696296
1506	135	5272	91.369173781
1507	138	5276	91.4360186565
1508	142	5282	91.3603482235
1509	140	5289	91.268602908
1510	138	5289	91.2845946234
1511	138	5289	91.2507032099
1512	135	5295	91.3336271292
1513	136	5297	91.2400528762
1514	134	5304	91.1668242381
1515	132	5308	91.1033293814
1516	132	5308	91.0280156877
1517	127	5310	90.9917450539
1518	124	5316	90.9026494249
1519	125	5320	90.9247825155
1520	127	5324	90.9165023797
1521	131	5325	90.9695786455
1522	136	5331	90.8823614711
1523	140	5337	90.9069995144
1524	142	5342	90.9781107492
1525	146	5346	91.061545066
1526	151	5353	91.0981403482
1527	152	5360	91.1412399533
1528	156	5367	91.0612495142
1529	157	5373	91.0335468198
1530	162	5377	91.0918690876
1531	164	5377	91.0654919512
1532	163	5384	91.0999294511
1533	164	5391	91.1545852005
1534	169	5392	91.1756187398
1535	167	5398	91.0890918984
1536	168	5400	91.0504995474
1537	172	5407	91.0401076579
1538	172	5407	91.0839815264
1539	175	5409	91.1107706723
1540	173	5411	91.0191455075
1541	172	5413	91.0269315633
1542	176	5413	90.9865350097
1543	179	5415	90.9644534351
1544	180	5420	90.9342292592
1545	181	5425	90.9328577224
1546	177	5428	90.9163131318
1547	173	5428	90.8523301734
1548	175	5433	90.8236245511
1549	173	5435	90.7390049017
1550	177	5435	90.7158847
1551	176	5440	90.620419524
1552	181	5442	90.5947296597
1553	186	5442	90.5323295334
1554	191	5443	90.4866960948
1555	187	5443	90.5224524102
1556	192	5449	90.4324674212
1557	189	5453	90.3510605303
1558	191	5453	90.2729575996
1559	193	5453	90.2279954067
1560	198	5456	90.2918356178
1561	194	5458	90.3669810368
1562	194	5459	90.2711749264
1563	198	5464	90.29236649
1564	198	5469	90.2676665484
1565	200	5474	90.2208265132
1566	200	5474	90.1664603416
1567	200	5479	90.0937389433
1568	200	5479	90.1370695825
1569	200	5481	90.151955586
1570	195	5484	90.0593319675
1571	199	5490	90.0107375475
1572	196	5493	89.9962718934
1573	198	5494	89.9793781528
1574	200	5499	89.9607989416
1575	195	5504	90.0392395825
1576	192	5505	90.0473767435
1577	197	5506	90.1279537703
1578	193	5512	90.2109259078
1579	193	5519	90.2223100508
1580	191	5521	90.2127936338
1581	196	5521	90.1871999603
1582	200	5523	90.162511982
1583	200	5524	90.1915855085
1584	198	5527	90.2423813863
1585	198	5534	90.2885751522
1586	198	5535	90.3129424676
1587	200	5541	90.2191919745
1588	200	5542	90.1740389089
1589	200	5544	90.223393698
1590	197	5548	90.2948271188
1591	193	5552	90.2658023934
1592	188	5552	90.3390810228
1593	185	5552	90.3999605051
1594	180	5559	90.3230103638
1595	185	5562	90.3988733201
1596	185	5569	90.3242770674
1597	181	5574	90.3570620737
1598	184	5576	90.2747526554
1599	182	5577	90.3540805904
1600	178	5580	90.4014328428
1601	177	5587	90.4796774486
1602	180	5587	90.4363461143
1603	181	5587	90.471454704
1604	178	5593	90.4191250347
1605	174	5595	90.4156631004
1606	179	5596	90.3210996288
1607	184	5600	90.4014384992
1608	179	5606	90.4944587509
1609	178	5611	90.4571693984
1610	177	5614	90.5140388654
1611	176	5615	90.4320908659
1612	179	5617	90.5178015574
1613	182	5624	90.4487766363
1614	183	5626	90.378016069
1615	185	5632	90.3950553996
1616	184	5637	90.3630886648
1617	189	5642	90.4349949203
1618	185	5647	90.5083921439
1619	188	5652	90.5926711314
1620	183	5655	90.671478513
1621	186	5656	90.7112338261
1622	189	5659	90.63303346
1623	184	5660	90.6941304446
1624	189	5662	90.7000760256
1625	192	5668	90.6694244984
1626	194	5674	90.6190317018
1627	191	5679	90.6024118823
1628	186	5679	90.6497128067
1629	186	5680	90.6710923301
1630	187	5687	90.613456196
1631	191	5687	90.6248504387
