1	133	95.0595495731	0	0
2	131	95.0992944862	1	1
3	135	95.0851256125	6	7
4	140	95.1385724549	2	9
5	138	95.100259752	0	9
6	135	95.1468451934	0	9
7	130	95.1802998255	5	14
8	133	95.2234515043	1	15
9	128	95.1603858544	0	15
10	128	95.0737843608	0	15
11	132	95.1638522869	2	17
12	131	95.1229324248	7	24
13	136	95.047288698	4	28
14	133	95.0377136188	0	28
15	130	95.1013703545	4	32
16	135	95.1375855903	3	35
17	136	95.1351491537	7	42
18	139	95.1031680418	2	44
19	134	95.0700211472	1	45
20	134	95.0863365338	3	48
21	130	95.1151031744	7	55
22	133	95.1431694137	1	56
23	136	95.0517274882	0	56
24	131	94.9596646305	0	56
25	128	94.8648327522	3	59
26	132	94.8560816007	2	61
27	134	94.8954931176	5	66
28	135	94.8108800103	1	67
29	133	94.7839251389	0	67
30	130	94.8050105777	5	72
31	129	94.7329432185	2	74
32	133	94.7822578901	1	75
33	132	94.832373874	0	75
34	133	94.766520816	2	77
35	135	94.8262100591	5	82
36	134	94.8450892704	1	83
37	135	94.8567184191	3	86
38	137	94.9002841954	7	93
39	142	94.8227138115	3	96
40	137	94.8034287061	4	100
41	135	94.787674623	5	105
42	134	94.8399223016	6	111
43	138	94.7967293378	7	118
44	141	94.8435623483	0	118
45	141	94.8280802546	6	124
46	143	94.9033389715	3	127
47	142	94.822905354	4	131
48	146	94.7600280781	6	137
49	147	94.7624207592	6	143
50	143	94.7129614652	0	143
51	138	94.6236436396	3	146
52	142	94.5880153431	6	152
53	141	94.5986105102	6	158
54	146	94.6585177537	3	161
55	151	94.6708482049	6	167
56	156	94.6821891289	3	170
57	155	94.7183340068	6	176
58	154	94.7752392107	7	183
59	157	94.8564302995	6	189
60	159	94.9317885699	4	193
61	162	94.855939671	7	200
62	162	94.8177696373	3	203
63	159	94.773048903	4	207
64	158	94.860438108	3	210
65	161	94.859531154	7	217
66	163	94.7874025787	6	223
67	161	94.718560426	4	227
68	160	94.8182049273	6	233
69	162	94.788766415	0	233
70	157	94.7636118947	2	235
71	158	94.6953198471	3	238
72	161	94.6814668047	6	244
73	165	94.5985580202	6	250
74	170	94.6757573139	3	253
75	165	94.7593329211	0	253
76	164	94.8358457129	7	260
77	162	94.8039593179	3	263
78	163	94.8706493604	7	270
79	167	94.7974919233	6	276
80	165	94.8446300654	5	281
81	169	94.7941055478	5	286
82	172	94.8906243612	2	288
83	176	94.8764408831	5	293
84	180	94.919044141	1	294
85	178	94.86125414	2	296
86	176	94.9434301424	4	300
87	179	94.9206895458	2	302
88	180	94.9454842543	3	305
89	175	94.9663495945	1	306
90	170	95.0307484482	2	308
91	169	95.0195545137	4	312
92	168	95.0843888946	6	318
93	173	95.0922491774	6	324
94	177	94.9931619837	2	326
95	177	95.0450489193	2	328
96	179	95.1286836188	6	334
97	183	95.1137995727	3	337
98	178	95.0773096496	7	344
99	179	95.1103940108	2	346
100	179	95.1028360835	0	346
101	182	95.1902722175	1	347
102	185	95.1742359624	1	348
103	186	95.1894313495	7	355
104	189	95.1282800593	7	362
105	184	95.1946838991	2	364
106	184	95.1122657209	3	367
107	179	95.2078092213	6	373
108	180	95.132773205	4	377
109	176	95.1517688416	0	377
110	176	95.0805638619	5	382
111	171	95.1782910225	1	383
112	168	95.1601789801	0	383
113	164	95.1117861213	7	390
114	169	95.1695778701	7	397
115	164	95.245197289	0	397
116	164	95.2229370432	5	402
117	164	95.2119681591	1	403
118	164	95.1248580208	6	409
119	160	95.1080485817	6	415
120	164	95.0410509091	7	422
121	162	95.113800392	2	424
122	167	95.1665249054	2	426
123	169	95.2557414823	4	430
124	165	95.3023929652	6	436
125	166	95.2357395734	6	442
126	169	95.2190832109	0	442
127	169	95.2447309437	4	446
128	171	95.2046836984	3	449
129	169	95.274782457	1	450
130	174	95.345338694	2	452
131	178	95.3954244433	1	453
132	173	95.4522049604	2	455
133	174	95.5035202398	1	456
134	169	95.4560008497	6	462
135	173	95.4648538458	2	464
136	170	95.4385504391	5	469
137	171	95.4537112789	5	474
138	169	95.3778246508	2	476
139	169	95.3877973457	4	480
140	170	95.3825547682	6	486
141	174	95.3749194904	1	487
142	175	95.4225657225	0	487
143	175	95.3459489652	2	489
144	176	95.3372811576	0	489
145	176	95.3489634696	4	493
146	179	95.264241099	2	495
147	181	95.2346843534	3	498
148	183	95.2511815234	6	504
149	187	95.1918863278	2	506
150	187	95.256559246	5	511
151	183	95.2485237318	0	511
152	184	95.1510360288	7	518
153	185	95.2022428611	5	523
154	186	95.1896108407	4	527
155	190	95.1006747266	0	527
156	193	95.0715280035	2	529
157	196	95.142986915	4	533
158	193	95.062560285	4	537
159	194	95.0275964083	2	539
160	198	94.9754375769	2	541
161	198	95.0211048291	3	544
162	200	95.0402187681	0	544
163	200	95.054404924	5	549
164	200	95.1308914643	3	552
165	200	95.1673597216	3	555
166	200	95.1400745429	6	561
167	200	95.0821149225	5	566
168	198	94.9977696446	1	567
169	200	95.0241795763	5	572
170	200	95.0534906235	2	574
171	198	95.0661920436	4	578
172	196	95.0855557581	4	582
173	195	95.1194075061	7	589
174	194	95.1529415527	6	595
175	191	95.1739231345	6	601
176	189	95.1130529949	2	603
177	184	95.1841465186	7	610
178	184	95.1468851593	0	610
179	181	95.1486285251	3	613
180	183	95.1560461702	5	618
181	182	95.2119299497	7	625
182	185	95.1943620894	2	627
183	186	95.2462401819	5	632
184	189	95.2414552411	7	639
185	191	95.1769488869	2	641
186	186	95.0974961702	2	643
187	182	95.1701114314	0	643
188	185	95.1729901044	6	649
189	180	95.1821626799	4	653
190	178	95.1350065627	0	653
191	182	95.1693345632	4	657
192	180	95.1865942353	6	663
193	182	95.2524943729	6	669
194	187	95.1817951317	7	676
195	183	95.2582051867	2	678
196	184	95.176953568	5	683
197	180	95.165995995	1	684
198	185	95.2061940895	3	687
199	190	95.2148771251	1	688
200	194	95.1225857897	7	695
201	197	95.038809465	0	695
202	197	95.0660404944	3	698
203	193	95.061983015	6	704
204	188	95.0701927569	0	704
205	184	95.0976672836	2	706
206	185	95.1642198196	6	712
207	185	95.2543311426	4	716
208	180	95.336597447	2	718
209	181	95.2622133386	6	724
210	178	95.2601422094	7	731
211	181	95.2962398202	6	737
212	184	95.2356375362	5	742
213	188	95.2214828196	6	748
214	193	95.151054554	3	751
215	195	95.244681685	2	753
216	200	95.1489225902	1	754
217	198	95.054462735	6	760
218	199	95.0011097469	6	766
219	195	95.0625706559	4	770
220	195	95.1009525424	0	770
221	196	95.0837418859	0	770
222	200	95.1751239127	0	770
223	195	95.1096987421	3	773
224	195	95.0460653296	5	778
225	191	95.0497056243	2	780
226	188	94.9781345029	6	786
227	190	95.0410875745	5	791
228	188	95.0907276905	2	793
229	186	95.0879553074	4	797
230	184	95.0905338408	1	798
231	182	95.0443569197	0	798
232	180	95.0599009753	1	799
233	185	95.0830168255	0	799
234	186	95.1062136536	3	802
235	191	95.0660988616	4	806
236	194	95.1171284141	4	810
237	196	95.1218762104	5	815
238	191	95.0317428508	2	817
239	187	95.0289366936	6	823
240	192	95.0140557987	7	830
241	194	94.9685201448	0	830
242	189	94.9690259465	1	831
243	186	95.0667181946	7	838
244	184	95.0928939346	2	840
245	189	95.1684005326	0	840
246	190	95.082138004	2	842
247	189	95.006052923	7	849
248	191	94.9305900064	5	854
249	195	94.9557180008	0	854
250	196	95.0025484625	4	858
251	192	94.987896704	6	864
252	191	95.0444334531	5	869
253	189	94.9607317057	0	869
254	190	94.8909929858	3	872
255	194	94.8104788453	4	876
256	190	94.7574209712	3	879
257	186	94.7324747956	4	883
258	186	94.7901993244	3	886
259	184	94.8560270836	7	893
260	181	94.8793234766	7	900
261	181	94.8999810568	5	905
262	178	94.9559147355	1	906
263	179	94.8733792721	5	911
264	179	94.8370664822	4	915
265	182	94.9103653998	6	921
266	186	94.9587805378	4	925
267	190	95.0428327658	6	931
268	195	94.9657413622	1	932
269	194	94.9605225904	0	932
270	199	95.0040383215	5	937
271	200	94.9909631467	5	942
272	198	94.9172074856	4	946
273	195	94.8330209765	0	946
274	192	94.8162200614	0	946
275	190	94.8151050197	0	946
276	186	94.8727379739	1	947
277	181	94.9112205457	3	950
278	184	94.8184353602	3	953
279	180	94.9182791693	6	959
280	178	94.8965546113	6	965
281	180	94.9464019828	6	971
282	181	94.9719547533	3	974
283	181	95.0667377323	6	980
284	182	95.0264193454	7	987
285	177	95.0226791511	4	991
286	174	94.9866958278	3	994
287	177	95.0584522713	4	998
288	175	95.0611344016	1	999
289	172	94.9958562234	7	1006
290	169	95.0209704494	6	1012
291	167	94.970537062	5	1017
292	164	94.9244629847	4	1021
293	163	94.853545015	0	1021
294	166	94.8152859245	3	1024
295	162	94.8222394359	2	1026
296	160	94.7628476147	2	1028
297	159	94.7742950318	6	1034
298	162	94.8527997504	3	1037
299	166	94.8348904699	1	1038
300	167	94.8826974337	4	1042
301	166	94.8306886708	1	1043
302	163	94.7891042384	0	1043
303	158	94.8442079169	0	1043
304	159	94.8282350288	3	1046
305	159	94.7574263043	3	1049
306	159	94.737515606	7	1056
307	160	94.7684419362	2	1058
308	164	94.8184992116	0	1058
309	164	94.7509601566	4	1062
310	163	94.8170187097	4	1066
311	166	94.9150616336	3	1069
312	166	94.9333497653	5	1074
313	170	95.0302238099	1	1075
314	167	95.0346651044	2	1077
315	166	94.9890457552	0	1077
316	168	95.0119704931	0	1077
317	169	94.9532732079	0	1077
318	164	95.0390081484	6	1083
319	166	95.0497823859	1	1084
320	165	95.0271947287	4	1088
321	167	95.0795164092	4	1092
322	166	95.1482519524	3	1095
323	168	95.1598035873	2	1097
324	165	95.1877076611	2	1099
325	165	95.2328689937	1	1100
326	168	95.2416211625	5	1105
327	163	95.3386252501	1	1106
328	166	95.3236304447	2	1108
329	170	95.3524131419	7	1115
330	165	95.4473789534	0	1115
331	166	95.5252847663	1	1116
332	171	95.5439076404	5	1121
333	170	95.5620067591	2	1123
334	166	95.6129771278	6	1129
335	168	95.6511528556	3	1132
336	164	95.7417357829	0	1132
337	160	95.6519175324	0	1132
338	165	95.6645428534	7	1139
339	167	95.6696888028	4	1143
340	171	95.6611883325	1	1144
341	169	95.5792527937	7	1151
342	172	95.5160737063	1	1152
343	168	95.6125551532	3	1155
344	169	95.5399736526	6	1161
345	169	95.4941814721	0	1161
346	165	95.5018203985	0	1161
347	169	95.528854337	0	1161
348	164	95.5091290091	3	1164
349	169	95.5362996312	5	1169
350	168	95.5268058584	6	1175
351	169	95.5936660878	7	1182
352	165	95.4965946862	7	1189
353	163	95.5322345244	7	1196
354	160	95.5813997908	7	1203
355	157	95.5125141949	1	1204
356	156	95.5372805364	5	1209
357	154	95.5855779434	2	1211
358	159	95.525165496	2	1213
359	156	95.5539781453	6	1219
360	160	95.5151402025	7	1226
361	163	95.5636674145	7	1233
362	161	95.5559984656	5	1238
363	161	95.4843023584	3	1241
364	166	95.5788839889	2	1243
365	170	95.5213770814	1	1244
366	169	95.6179884163	5	1249
367	166	95.60834181	1	1250
368	168	95.6958565209	3	1253
369	172	95.7044283114	2	1255
370	175	95.7737724865	6	1261
371	176	95.7066751642	2	1263
372	176	95.7544778566	3	1266
373	176	95.7310055388	2	1268
374	180	95.766546529	6	1274
375	182	95.8038245805	7	1281
376	178	95.836378797	7	1288
377	182	95.8893982101	7	1295
378	184	95.8644927154	6	1301
379	187	95.8646689343	4	1305
380	189	95.7962692059	5	1310
381	191	95.7373681488	4	1314
382	190	95.7109861796	4	1318
383	193	95.6577420053	1	1319
384	189	95.6458104902	3	1322
385	192	95.6295759461	6	1328
386	189	95.6283099043	2	1330
387	187	95.6684933693	0	1330
388	190	95.7299273644	0	1330
389	188	95.8216891127	0	1330
390	184	95.886107887	2	1332
391	186	95.9728733848	1	1333
392	184	95.8897817651	3	1336
393	180	95.9577536346	3	1339
394	175	95.9489752633	3	1342
395	176	95.8643447207	5	1347
396	178	95.8793602943	2	1349
397	175	95.8906401819	6	1355
398	177	95.8067246152	2	1357
399	180	95.8881167704	0	1357
400	175	95.8429879473	7	1364
401	178	95.8040229251	0	1364
402	178	95.7739097276	7	1371
403	175	95.769814304	2	1373
404	174	95.7468418158	1	1374
405	176	95.6512761985	4	1378
406	179	95.7051148937	2	1380
407	179	95.6896722328	3	1383
408	174	95.6251055339	4	1387
409	174	95.5618175487	0	1387
410	172	95.546192826	7	1394
411	168	95.4578714887	0	1394
412	166	95.3719142565	3	1397
413	167	95.3217875994	3	1400
414	168	95.2379956123	0	1400
415	171	95.1527821437	0	1400
416	176	95.0708503309	7	1407
417	181	94.9920837428	6	1413
418	176	94.9716583596	6	1419
419	171	95.0678672687	0	1419
420	166	95.078992227	0	1419
421	165	95.1138969257	6	1425
422	167	95.1942510496	0	1425
423	172	95.2489147444	6	1431
424	174	95.1822538649	5	1436
425	170	95.2781050333	5	1441
426	165	95.3169892362	4	1445
427	166	95.3133646448	4	1449
428	170	95.2428850184	6	1455
429	171	95.2758538832	5	1460
430	172	95.3193620064	5	1465
431	167	95.2818662396	3	1468
432	166	95.2827025843	1	1469
433	168	95.344639068	6	1475
434	168	95.2587891952	7	1482
435	164	95.1786481363	7	1489
436	166	95.2252462321	0	1489
437	166	95.2199295635	4	1493
438	164	95.3161662287	5	1498
439	163	95.2543253348	3	1501
440	164	95.2336929077	4	1505
441	169	95.1602949873	3	1508
442	167	95.0924495024	6	1514
443	171	95.0998765353	7	1521
444	175	95.0956630917	7	1528
445	179	95.1255159069	3	1531
446	180	95.2077175524	4	1535
447	176	95.2479842007	6	1541
448	173	95.323699971	0	1541
449	171	95.3525617445	0	1541
450	175	95.3899120527	6	1547
451	172	95.422413359	5	1552
452	177	95.5003555322	6	1558
453	175	95.4799837739	7	1565
454	176	95.5425107996	4	1569
455	172	95.5878417951	5	1574
456	176	95.649688473	3	1577
457	174	95.5936030967	5	1582
458	174	95.6469577918	0	1582
459	179	95.7432476251	6	1588
460	182	95.697072839	4	1592
461	180	95.7623888839	6	1598
462	177	95.766835735	2	1600
463	174	95.8345278687	5	1605
464	170	95.7478330451	5	1610
465	166	95.7120864942	1	1611
466	162	95.721602303	2	1613
467	167	95.6988679679	7	1620
468	172	95.7260828597	0	1620
469	172	95.7255362579	5	1625
470	169	95.6313344472	2	1627
471	174	95.7217655138	6	1633
472	169	95.7728619041	5	1638
473	168	95.6899517374	2	1640
474	172	95.6824961237	3	1643
475	169	95.5888898103	7	1650
476	166	95.6342343888	6	1656
477	171	95.6247849535	6	1662
478	170	95.6386087488	4	1666
479	166	95.5922572899	0	1666
480	162	95.4991993093	3	1669
481	161	95.4660838782	1	1670
482	164	95.445703162	4	1674
483	165	95.4262274593	4	1678
484	168	95.4650265201	3	1681
485	169	95.4456286974	6	1687
486	173	95.3846044584	3	1690
487	177	95.3666872008	6	1696
488	178	95.2875361958	7	1703
489	182	95.2982085068	4	1707
490	185	95.3623670002	0	1707
491	183	95.3719244605	2	1709
492	180	95.4163572143	3	1712
493	178	95.3501008769	2	1714
494	175	95.362569739	6	1720
495	170	95.3915658176	7	1727
496	167	95.3218198767	6	1733
497	163	95.2613569304	5	1738
498	160	95.2941979716	6	1744
499	156	95.2997937817	4	1748
500	152	95.3792185391	3	1751
501	156	95.4540859122	0	1751
502	160	95.4990801684	7	1758
503	158	95.4607542282	2	1760
504	162	95.4137365493	4	1764
505	160	95.3846297269	1	1765
506	165	95.4494571877	2	1767
507	164	95.3623599743	4	1771
508	163	95.3013897591	0	1771
509	159	95.2452900227	7	1778
510	159	95.2065966518	6	1784
511	158	95.2676417466	6	1790
512	163	95.3427233564	3	1793
513	163	95.3763657526	5	1798
514	168	95.4303860092	1	1799
515	172	95.4442867841	7	1806
516	172	95.496764382	4	1810
517	172	95.5175387006	2	1812
518	169	95.545393157	4	1816
519	174	95.6436160338	6	1822
520	169	95.7332222138	2	1824
521	170	95.6529998495	7	1831
522	168	95.7263529182	3	1834
523	163	95.6296117163	6	1840
524	159	95.5956369883	6	1846
525	157	95.6426850322	2	1848
526	160	95.5871487948	1	1849
527	155	95.6208456604	6	1855
528	150	95.5761858314	6	1861
529	146	95.4763432584	1	1862
530	149	95.4390448313	1	1863
531	145	95.5390381541	7	1870
532	146	95.5731777993	5	1875
533	143	95.6348087333	5	1880
534	141	95.5515888881	7	1887
535	142	95.4761050506	1	1888
536	147	95.5641874723	0	1888
537	152	95.6088203073	4	1892
538	155	95.6962554856	1	1893
539	150	95.7933761673	1	1894
540	151	95.8679278241	4	1898
541	148	95.7884572557	3	1901
542	145	95.7423472621	5	1906
543	145	95.6696829676	3	1909
544	150	95.6805367505	4	1913
545	149	95.626315195	4	1917
546	152	95.6485303812	2	1919
547	151	95.7257401216	4	1923
548	153	95.7959572425	4	1927
549	148	95.7226898079	7	1934
550	147	95.714335995	3	1937
551	145	95.6227730299	2	1939
552	143	95.6572591238	4	1943
553	144	95.5922191724	6	1949
554	140	95.5729478368	5	1954
555	145	95.5664858018	4	1958
556	150	95.5229506097	4	1962
557	147	95.4528006934	5	1967
558	148	95.4596751961	2	1969
559	148	95.3631558621	0	1969
560	151	95.2922480238	3	1972
561	148	95.2586025391	3	1975
562	152	95.3134129433	6	1981
563	149	95.305117955	1	1982
564	154	95.3395643913	5	1987
565	156	95.2837802134	7	1994
566	157	95.2189515794	2	1996
567	153	95.2489441385	3	1999
568	152	95.1725009387	5	2004
569	157	95.1718231499	7	2011
570	156	95.1544447751	4	2015
571	159	95.1663205492	4	2019
572	159	95.0861300726	1	2020
573	155	95.1187782741	3	2023
574	152	95.0711290814	0	2023
575	147	95.0459819165	3	2026
576	142	95.0659888743	6	2032
577	146	95.0442338839	4	2036
578	142	95.0715527119	4	2040
579	140	95.139934437	3	2043
580	135	95.0649039038	6	2049
581	136	95.1324757078	7	2056
582	140	95.1714613953	5	2061
583	145	95.2707301144	6	2067
584	149	95.3300610726	3	2070
585	150	95.3658681204	2	2072
586	155	95.4069974777	4	2076
587	155	95.3133331366	2	2078
588	155	95.3255520466	5	2083
589	155	95.2788212157	6	2089
590	150	95.2001154883	0	2089
591	146	95.2368388203	7	2096
592	149	95.1999448808	0	2096
593	154	95.2602569426	7	2103
594	155	95.1825579273	2	2105
595	159	95.190568936	0	2105
596	154	95.1151145787	4	2109
597	154	95.0165275866	6	2115
598	157	94.9336189532	7	2122
599	160	94.9570370379	4	2126
600	155	95.0254439285	6	2132
601	159	95.0769526826	3	2135
602	155	95.1010127788	7	2142
603	152	95.044881645	5	2147
604	153	95.0431432575	0	2147
605	157	94.9913988131	3	2150
606	153	95.0047714521	7	2157
607	157	94.9050033527	0	2157
608	157	94.8517838964	0	2157
609	154	94.7563153437	0	2157
610	153	94.8306629685	5	2162
611	149	94.9021392622	3	2165
612	147	94.8485148331	7	2172
613	142	94.791199966	5	2177
614	139	94.867947929	7	2184
615	144	94.7772344855	6	2190
616	144	94.8299311296	6	2196
617	140	94.813134632	4	2200
618	135	94.8795014992	7	2207
619	140	94.9606615893	2	2209
620	141	94.8703277176	5	2214
621	141	94.842019018	5	2219
622	142	94.8220563396	4	2223
623	143	94.8964094844	6	2229
624	144	94.9886970513	6	2235
625	140	94.9455365437	4	2239
626	144	94.9348892111	6	2245
627	142	94.9918242737	7	2252
628	140	95.0147707945	5	2257
629	137	94.9308305001	2	2259
630	140	94.9521682802	3	2262
631	143	94.9288473677	1	2263
632	143	94.9376727593	3	2266
633	145	94.9112320973	6	2272
634	142	94.8667144978	5	2277
635	145	94.8820043273	2	2279
636	143	94.8812954259	7	2286
637	139	94.9729828102	6	2292
638	136	94.9543201488	1	2293
639	135	94.8550726053	0	2293
640	138	94.9309972576	0	2293
641	139	94.8775105815	6	2299
642	139	94.8781859508	6	2305
643	141	94.8575145594	7	2312
644	146	94.9012871356	5	2317
645	147	94.996559684	0	2317
646	145	95.0791192409	1	2318
647	148	95.0980764241	3	2321
648	149	94.9988704627	4	2325
649	148	95.0521759524	4	2329
650	145	95.0160091399	1	2330
651	148	94.9423648012	0	2330
652	146	94.9725190448	3	2333
653	147	95.020352147	1	2334
654	151	95.0284671467	6	2340
655	154	95.1227300115	4	2344
656	153	95.16366369	5	2349
657	155	95.0924539377	6	2355
658	155	95.0941211886	6	2361
659	157	95.0886447063	7	2368
660	157	95.1142968457	7	2375
661	157	95.2064421922	3	2378
662	153	95.2044073539	7	2385
663	149	95.3035565672	4	2389
664	152	95.2896105464	2	2391
665	150	95.3415706105	3	2394
666	145	95.2644815916	2	2396
667	146	95.3098266602	3	2399
668	148	95.244241901	7	2406
669	150	95.3071246251	4	2410
670	153	95.3013110014	6	2416
671	155	95.2065168344	2	2418
672	158	95.1632846382	0	2418
673	157	95.1204129126	2	2420
674	158	95.1795553076	0	2420
675	154	95.1860640684	7	2427
676	157	95.1331972281	5	2432
677	158	95.0551446901	3	2435
678	157	95.0950336859	7	2442
679	159	95.019469259	3	2445
680	159	95.0535558358	7	2452
681	160	95.0742523942	1	2453
682	164	95.133780819	3	2456
683	164	95.0559549281	7	2463
684	159	95.0825221132	1	2464
685	159	95.1778032911	5	2469
686	161	95.2101549964	7	2476
687	166	95.2627816867	4	2480
688	170	95.2968128579	6	2486
689	170	95.3762157943	4	2490
690	165	95.4051367648	1	2491
691	162	95.4542441171	5	2496
692	162	95.4107077014	1	2497
693	163	95.3157334676	4	2501
694	158	95.2683315238	7	2508
695	156	95.2098156511	7	2515
696	160	95.2597535451	5	2520
697	155	95.1861604406	5	2525
698	159	95.0967638681	3	2528
699	157	95.0525870643	2	2530
700	159	95.0801198117	6	2536
701	158	95.0999922768	3	2539
702	160	95.018561234	6	2545
703	157	94.9538295943	4	2549
704	157	94.9395594136	3	2552
705	158	94.8726626622	1	2553
706	153	94.844111402	5	2558
707	150	94.9285440494	1	2559
708	155	94.8810707251	5	2564
709	156	94.7904534126	2	2566
710	152	94.8542099354	7	2573
711	148	94.7560046738	3	2576
712	144	94.7840679603	0	2576
713	142	94.8543083247	4	2580
714	137	94.841894734	0	2580
715	134	94.9346515795	2	2582
716	134	94.983101147	3	2585
717	130	94.9732444495	6	2591
718	129	94.9663303792	5	2596
719	131	95.0505183407	2	2598
720	127	94.9732654639	1	2599
721	122	94.8863287964	1	2600
722	120	94.9748053193	5	2605
723	119	94.9252696092	5	2610
724	121	94.986599847	0	2610
725	120	94.9179282387	5	2615
726	116	94.8202642222	0	2615
727	121	94.8600335458	5	2620
728	123	94.8667860825	6	2626
729	120	94.8322200978	5	2631
730	121	94.8072781602	4	2635
731	117	94.7666581351	6	2641
732	113	94.7397169894	7	2648
733	112	94.7690308601	5	2653
734	110	94.7204432509	4	2657
735	112	94.7263465743	6	2663
736	114	94.7923889132	2	2665
737	117	94.8613593941	4	2669
738	122	94.9382122978	5	2674
739	117	94.9201767826	6	2680
740	121	95.010595092	5	2685
741	116	95.0056873369	0	2685
742	117	95.0867377053	7	2692
743	114	95.1107398671	1	2693
744	118	95.0555316973	3	2696
745	113	95.0287005531	3	2699
746	115	95.0795244815	4	2703
747	120	95.0387831942	6	2709
748	124	95.1118366958	4	2713
749	119	95.0365679116	1	2714
750	122	95.1353985353	3	2717
751	125	95.0910611339	1	2718
752	128	94.9988610838	6	2724
753	125	94.9643301279	4	2728
754	123	95.0210458203	2	2730
755	119	94.9489520285	2	2732
756	122	94.8666085443	6	2738
757	126	94.7965452734	1	2739
758	127	94.7509476934	0	2739
759	123	94.8110025465	4	2743
760	120	94.7140924306	1	2744
761	117	94.7166408581	5	2749
762	112	94.7911889582	0	2749
763	112	94.8239925668	0	2749
764	107	94.7859479441	4	2753
765	107	94.7721283681	1	2754
766	109	94.8203406082	1	2755
767	114	94.7761815537	7	2762
768	113	94.7120512177	1	2763
769	117	94.8029479893	4	2767
770	121	94.8962223034	2	2769
771	117	94.9242304395	1	2770
772	115	94.9570365019	4	2774
773	114	95.0273692167	7	2781
774	114	95.0169192783	5	2786
775	109	95.0657774445	1	2787
776	108	95.1058184913	7	2794
777	108	95.0215851952	3	2797
778	107	95.0495961277	5	2802
779	102	95.0212766527	0	2802
780	105	94.9295136235	5	2807
781	102	94.9574319709	3	2810
782	99	95.0531784722	5	2815
783	99	95.0900255194	0	2815
784	94	95.1066144491	1	2816
785	93	95.0439863966	4	2820
786	98	94.9544937247	4	2824
787	102	95.0087382084	3	2827
788	105	95.1029951196	7	2834
789	110	95.2029694223	3	2837
790	115	95.1836048237	5	2842
791	112	95.2052575245	0	2842
792	115	95.1161222985	3	2845
793	116	95.1228151825	4	2849
794	116	95.1661390763	6	2855
795	113	95.2536643606	6	2861
796	116	95.2315466219	2	2863
797	115	95.171758885	2	2865
798	119	95.2672187632	5	2870
799	116	95.2957184053	7	2877
800	120	95.2463986166	1	2878
801	120	95.259749457	4	2882
802	119	95.3069654286	4	2886
803	122	95.2958142718	1	2887
804	119	95.358288532	5	2892
805	114	95.3457247189	4	2896
806	109	95.2870959028	2	2898
807	104	95.3681153599	7	2905
808	105	95.291441456	2	2907
809	101	95.195463249	4	2911
810	106	95.1979208295	5	2916
811	108	95.1495785632	7	2923
812	106	95.1532443135	0	2923
813	110	95.104653558	7	2930
814	110	95.1121115907	0	2930
815	110	95.1164415168	5	2935
816	110	95.0233106064	6	2941
817	108	94.9596663715	4	2945
818	109	94.9203391957	1	2946
819	108	94.8852123701	7	2953
820	106	94.9427839664	3	2956
821	107	94.9241906569	3	2959
822	102	94.8910621956	3	2962
823	107	94.8911980596	3	2965
824	107	94.913742616	1	2966
825	105	94.9461151123	3	2969
826	107	94.8741106105	7	2976
827	107	94.8344163723	3	2979
828	107	94.8032846217	4	2983
829	111	94.7412563322	6	2989
830	107	94.8246230658	6	2995
831	109	94.86230656	7	3002
832	106	94.9000617327	6	3008
833	111	94.9655858982	1	3009
834	108	94.8988603337	4	3013
