1	134	4	95.0738457702
2	134	11	94.9797519216
3	133	18	94.9337686962
4	138	23	94.8662626993
5	140	23	94.799609051
6	141	27	94.8443607076
7	142	32	94.9089852418
8	146	35	94.983801501
9	145	40	94.8995639532
10	148	43	94.9893133022
11	144	47	94.9175447128
12	141	48	94.9593567675
13	139	50	95.0223004238
14	139	52	95.115334206
15	136	57	95.204590344
16	131	59	95.2962929421
17	133	59	95.3806300326
18	137	62	95.3735752364
19	140	62	95.3238561036
20	135	62	95.4125708059
21	131	67	95.4238207895
22	132	73	95.4807406767
23	130	74	95.5398467457
24	135	80	95.6262376852
25	139	80	95.5463131872
26	144	84	95.4749213449
27	149	86	95.4704092895
28	144	87	95.3752446575
29	141	92	95.4486527399
30	142	97	95.4402933548
31	146	97	95.4117004703
32	143	101	95.3472907166
33	139	101	95.3228981341
34	144	105	95.357514446
35	139	107	95.3887377496
36	134	109	95.4604919147
37	139	116	95.471726758
38	143	117	95.5478087268
39	144	117	95.5960214983
40	145	119	95.6779819641
41	142	126	95.6230151544
42	138	132	95.615223551
43	136	135	95.5585151165
44	141	139	95.5245365441
45	145	143	95.5165974324
46	144	144	95.4193750133
47	145	147	95.5031057258
48	149	148	95.4818902051
49	150	150	95.5433143909
50	149	154	95.6163395284
51	146	154	95.6449314504
52	151	154	95.7074274483
53	149	155	95.6311760839
54	149	159	95.6290899551
55	150	163	95.5308119346
56	147	168	95.55772345
57	144	174	95.6378572866
58	145	174	95.7101502523
59	145	178	95.7582306607
60	146	185	95.774904724
61	150	186	95.8432040902
62	155	186	95.7537765191
63	158	193	95.7320306557
64	157	195	95.7859458028
65	156	202	95.8691853882
66	157	205	95.9149787672
67	157	211	95.8415306991
68	162	211	95.791320192
69	159	213	95.8117346848
70	162	218	95.8650843357
71	164	224	95.9233873602
72	159	229	95.8299473615
73	164	236	95.8596059297
74	163	243	95.7838315761
75	168	243	95.7135471061
76	171	243	95.7076504508
77	175	246	95.6823342625
78	170	246	95.6296536083
79	167	252	95.6736563649
80	170	256	95.6390044038
81	169	262	95.5748775041
82	165	264	95.6048308473
83	166	266	95.593527993
84	161	270	95.596082363
85	158	271	95.6694485339
86	155	274	95.6466144381
87	157	279	95.565278152
88	156	285	95.5319440682
89	153	290	95.4350423966
90	152	294	95.4680334857
91	154	294	95.4420373261
92	154	301	95.4627025026
93	156	304	95.4244217757
94	160	306	95.4080620327
95	162	312	95.4626600756
96	157	315	95.4925829199
97	157	315	95.4406458692
98	154	317	95.349191887
99	155	320	95.3396707729
100	155	324	95.4296346779
101	158	330	95.4218975216
102	163	334	95.4464048124
103	164	334	95.5322498004
104	165	340	95.5021161377
105	165	343	95.4394428454
106	163	348	95.3708208042
107	167	350	95.4021148232
108	166	351	95.3503487177
109	165	355	95.2554930744
110	163	362	95.1900002272
111	167	364	95.1579622193
112	162	365	95.1876817823
113	167	368	95.1517370911
114	172	373	95.1535908143
115	174	375	95.1281436321
116	170	376	95.1350770686
117	172	377	95.1462244422
118	169	384	95.098410127
119	171	390	95.1718759402
120	172	391	95.0765940423
121	167	395	95.0889208842
122	165	395	95.1606960205
123	160	398	95.1840136881
124	162	398	95.2109362788
125	166	400	95.1257450611
126	166	404	95.0576834921
127	167	405	95.0660961184
128	163	408	95.1133895704
129	161	414	95.207973434
130	163	418	95.2426042034
131	167	419	95.2112346742
132	165	420	95.2880038806
133	160	423	95.2638211809
134	161	424	95.2670376313
135	164	429	95.337861664
136	159	435	95.3351842298
137	163	435	95.3349553728
138	166	436	95.2465332073
139	163	440	95.2523792394
140	161	446	95.2952753436
141	157	453	95.2306292549
142	153	453	95.2704461103
143	150	453	95.3167512365
144	155	458	95.2193533038
145	150	461	95.3178186515
146	154	467	95.4059485024
147	149	467	95.4579038924
148	146	469	95.5044124675
149	150	471	95.4618860845
150	153	473	95.4764334032
151	156	475	95.4739943501
152	156	478	95.5301240787
153	160	479	95.4871410177
154	159	486	95.5815605437
155	155	492	95.6485170161
156	156	495	95.5840447556
157	151	500	95.6304393143
158	156	501	95.6316238709
159	159	504	95.6180549537
160	161	506	95.6498014821
161	161	511	95.6541799114
162	166	516	95.5859477183
163	169	516	95.6406764313
164	169	520	95.6815918817
165	165	520	95.7512718968
166	160	522	95.7920603174
167	163	527	95.8079135984
168	164	527	95.9033317604
169	164	527	95.9880562862
170	165	534	96.0062836956
171	165	540	96.0507835713
172	163	545	96.0398528613
173	161	550	96.0445462624
174	161	553	96.1201037667
175	164	553	96.1517337392
176	162	555	96.0984665871
177	165	559	96.0938430786
178	162	564	96.122156804
179	167	566	96.1812267234
180	166	571	96.2470288766
181	166	571	96.176737942
182	167	575	96.149549111
183	164	581	96.1802641504
184	168	581	96.1322983295
185	170	585	96.2124285896
186	168	591	96.244193486
187	165	594	96.2402184018
188	162	597	96.2971790931
189	158	603	96.3771365794
190	162	604	96.3734067772
191	166	607	96.2852348671
192	165	614	96.3432349777
193	164	620	96.2707924419
194	165	621	96.3447869044
195	170	621	96.3671823151
196	167	623	96.2959980826
197	162	625	96.273105265
198	157	632	96.2879033452
199	161	639	96.2439122743
200	159	644	96.2628525194
201	160	651	96.3441499348
202	165	654	96.4034662729
203	170	656	96.4710225764
204	172	663	96.55866174
205	170	664	96.4842713348
206	169	667	96.4897868187
207	171	672	96.5795143101
208	172	675	96.6439814587
209	170	676	96.7236444614
210	175	676	96.6351412631
211	174	681	96.5602385538
212	179	683	96.6382381357
213	184	685	96.7175560287
214	187	687	96.6197871441
215	189	691	96.5780342503
216	185	697	96.6306639975
217	183	698	96.5907139687
218	180	705	96.6755959288
219	175	710	96.6144304378
220	171	712	96.6198811474
221	172	718	96.6991751165
222	170	719	96.654588225
223	169	723	96.7149184759
224	171	724	96.6521603026
225	169	731	96.6184434056
226	164	732	96.7075548385
227	161	737	96.7748442542
228	163	737	96.70781628
229	161	741	96.7176988649
230	160	746	96.7686290061
231	155	753	96.760605543
232	160	754	96.804732867
233	163	756	96.8924357822
234	162	762	96.8105548855
235	160	763	96.8728298693
236	160	766	96.8375796258
237	161	766	96.8934253795
238	165	772	96.8092004134
239	163	772	96.748264349
240	167	777	96.8248492123
241	166	781	96.7340436303
242	165	787	96.6906474193
243	169	793	96.7828890556
244	169	798	96.761216262
245	164	803	96.7913376384
246	160	807	96.8327483257
247	156	809	96.8308801192
248	159	814	96.7515152866
249	160	817	96.8243248587
250	165	822	96.8890944055
251	160	828	96.9562160356
252	164	833	96.9402655763
253	159	836	96.8657913861
254	158	842	96.83685145
255	156	847	96.892916816
256	152	849	96.8952432425
257	150	855	96.8800274184
258	155	859	96.9428695782
259	152	861	96.9744285897
260	148	861	96.9998908729
261	152	861	97.0306350752
262	153	867	97.0179469485
263	158	868	96.9499805315
264	155	874	96.9995667763
265	156	877	97.02317877
266	157	884	97.1150936087
267	161	884	97.1312572564
268	159	886	97.1549132014
269	155	889	97.131509778
270	156	890	97.1888459755
271	154	894	97.2364477342
272	154	895	97.1481818033
273	156	896	97.1440886026
274	161	901	97.1604117305
275	160	903	97.2287177946
276	157	904	97.2133109023
277	153	911	97.3044819989
278	157	912	97.3159493997
279	156	912	97.2672258757
280	158	913	97.2293580729
281	158	914	97.3257846982
282	161	915	97.3661936365
283	160	918	97.458126349
284	155	918	97.4168282867
285	159	924	97.4677563133
286	155	930	97.4339806298
287	155	937	97.3714653942
288	153	938	97.3503511078
289	150	944	97.433911796
290	151	950	97.4183129521
291	149	954	97.3896175371
292	144	957	97.4644250406
293	149	960	97.4802208926
294	144	964	97.4691366666
295	147	966	97.3790934714
296	151	967	97.4478448513
297	154	974	97.3538688414
298	155	980	97.2993240701
299	152	985	97.3926095108
300	157	990	97.4569588431
301	162	996	97.3683263139
302	161	996	97.4337129315
303	156	1003	97.4831944541
304	154	1007	97.5012304817
305	158	1012	97.4339303439
306	154	1015	97.4549623304
307	152	1018	97.4542183041
308	151	1024	97.3607806294
309	152	1027	97.336753941
310	157	1029	97.3014242728
311	154	1030	97.3172254448
312	153	1034	97.309018468
313	158	1035	97.265454607
314	153	1035	97.2840618323
315	157	1041	97.2656648329
316	158	1042	97.3178277328
317	163	1046	97.3987966616
318	166	1047	97.4376289352
319	165	1049	97.3606067825
320	162	1051	97.2616705361
321	164	1051	97.3212215913
322	162	1056	97.3294351865
323	166	1058	97.3386725226
324	170	1063	97.2813847999
325	174	1068	97.2220810095
326	172	1070	97.1474683191
327	173	1071	97.0500660836
328	170	1074	97.0300851633
329	171	1074	97.0229190011
330	169	1078	97.104474997
331	169	1085	97.0995208437
332	167	1088	97.042905624
333	162	1094	97.0417097794
334	157	1098	97.070008972
335	159	1102	96.9709477778
336	162	1102	97.0007462827
337	158	1109	97.0490771623
338	162	1111	97.0243165501
339	166	1118	97.0443697287
340	165	1120	97.0725748785
341	164	1127	97.1102348731
342	163	1128	97.0633324062
343	160	1131	97.1458786259
344	163	1136	97.1408146856
345	165	1138	97.121062977
346	169	1138	97.0995784258
347	170	1144	97.0067285946
348	174	1150	96.9349574849
349	178	1150	96.8654567466
350	179	1150	96.8531327327
351	179	1154	96.9111640167
352	176	1154	96.8703124931
353	172	1154	96.9645115958
354	175	1159	97.0381699409
355	178	1160	96.9953719899
356	183	1164	97.0441105214
357	183	1171	97.0497521644
358	185	1174	96.9852713722
359	181	1175	97.0467093068
360	176	1179	97.0797558973
361	179	1181	97.0818179146
362	182	1188	97.0086077788
363	179	1194	96.9087651636
364	182	1195	96.8755376779
365	182	1198	96.8265438014
366	182	1202	96.7744053756
367	185	1209	96.7942574924
368	185	1209	96.6978272597
369	184	1211	96.6810230211
370	185	1215	96.6224865481
371	182	1220	96.6713561419
372	178	1224	96.7102867917
373	183	1224	96.6526446704
374	179	1228	96.610375899
375	179	1229	96.6871974522
376	180	1229	96.7842348851
377	183	1230	96.764040921
378	187	1237	96.8201060062
379	186	1243	96.7240059154
380	182	1244	96.7598986656
381	179	1244	96.8264425167
382	180	1244	96.8779193009
383	185	1250	96.8755997727
384	185	1251	96.8843322774
385	183	1258	96.7970311378
386	184	1264	96.7862650181
387	185	1269	96.7767241195
388	184	1270	96.78380555
389	180	1272	96.7933920274
390	185	1276	96.749751667
391	186	1279	96.8383204152
392	184	1284	96.8422505496
393	187	1289	96.829603625
394	192	1294	96.7804018061
395	196	1294	96.6844524785
396	192	1294	96.7009773257
397	189	1299	96.6826832989
398	193	1306	96.7103636247
399	198	1313	96.6908860075
400	196	1320	96.7280055955
401	196	1320	96.667519827
402	196	1320	96.6536338395
403	197	1320	96.6439673493
404	196	1323	96.7240262335
405	196	1326	96.7712069816
406	199	1329	96.7400874033
407	200	1336	96.7603874233
408	200	1341	96.7125503267
409	199	1343	96.7753006795
410	194	1346	96.856737685
411	194	1353	96.7694943409
412	194	1359	96.7743294321
413	194	1359	96.8518425385
414	199	1360	96.852000326
415	197	1363	96.8573663922
416	193	1364	96.8796757753
417	193	1367	96.8107597112
418	191	1373	96.7132073401
419	189	1375	96.7719121667
420	187	1381	96.6814205669
421	186	1388	96.75103865
422	188	1394	96.8297097968
423	192	1396	96.8768648545
424	196	1398	96.8826805991
425	198	1399	96.7972750272
426	196	1405	96.8910958804
427	199	1408	96.8867315557
428	200	1414	96.9286828263
429	198	1421	97.0183087346
430	193	1422	96.9998457952
431	196	1424	96.9007220814
432	200	1429	96.9369032045
433	200	1431	96.9528295711
434	200	1436	97.0163673658
435	200	1439	97.0770598138
436	200	1443	97.0044438827
437	200	1448	97.0579178184
438	200	1452	97.0491333769
439	200	1453	96.9957437251
440	200	1460	97.0621590667
441	198	1465	96.992454485
442	200	1472	97.0188843211
443	199	1476	96.9894730039
444	195	1477	97.0128256112
445	199	1480	96.950908996
446	194	1486	96.9313437098
447	194	1491	97.0186688871
448	189	1495	96.933550503
449	188	1497	96.9850420592
450	193	1500	96.9873973618
451	189	1505	96.9621948509
452	186	1512	96.8999768853
453	186	1517	96.9620256281
454	189	1517	97.0089557494
455	193	1520	97.0456477255
456	196	1527	97.0205624152
457	200	1529	97.028888762
458	197	1532	96.9587087731
459	200	1537	96.9885234686
460	200	1540	96.9888933772
461	199	1545	96.9862432406
462	200	1550	97.054957926
463	200	1552	97.0696980629
464	200	1554	97.0242133333
465	200	1561	97.0203192923
466	200	1561	97.1136279926
467	196	1565	97.1329761809
468	197	1567	97.1460177857
469	195	1567	97.2130677219
470	192	1572	97.2640982049
471	191	1573	97.3293601357
472	191	1578	97.3018047511
473	186	1578	97.326456976
474	187	1580	97.2449897565
475	186	1585	97.2303086213
476	191	1585	97.1852902817
477	195	1590	97.242455108
478	198	1590	97.3326955069
479	200	1596	97.3887311609
480	200	1603	97.3550175058
481	195	1603	97.2659130195
482	197	1609	97.3654894012
483	199	1612	97.4561501185
484	200	1619	97.440004236
485	198	1624	97.4622855892
486	200	1624	97.5476874477
487	200	1629	97.4659804265
488	200	1634	97.3764554624
489	200	1639	97.4262086421
490	199	1644	97.3526267754
491	200	1648	97.297602874
492	197	1653	97.3230006342
493	199	1659	97.3051681616
494	195	1659	97.2091251938
495	190	1659	97.1977996943
496	193	1661	97.2436307119
497	198	1665	97.1632807407
498	199	1669	97.2244350581
499	194	1670	97.3101504102
500	191	1677	97.2508930183
501	188	1680	97.1786654148
502	191	1687	97.1087620211
503	191	1687	97.1605163361
504	192	1689	97.065368448
505	187	1691	96.9805637077
506	188	1691	96.9821122735
507	188	1698	96.9227724926
508	190	1705	96.9368321439
509	186	1710	96.9106705362
510	190	1713	96.8958841323
511	187	1720	96.9591592193
512	190	1725	96.8801816412
513	189	1732	96.8439324381
514	190	1739	96.7836582368
515	189	1740	96.8415609679
516	188	1742	96.776726728
517	190	1742	96.8076031658
518	185	1749	96.8636048367
519	181	1750	96.8154934572
520	186	1751	96.8029484811
521	189	1756	96.8614762398
522	189	1758	96.9409543038
523	194	1762	96.962830205
524	199	1763	96.8644173631
525	198	1766	96.7825260398
526	200	1767	96.872261602
527	200	1773	96.8853714234
528	200	1779	96.885379138
529	199	1779	96.8580505295
530	200	1783	96.8024544768
531	200	1785	96.7827756869
532	199	1787	96.85118669
533	196	1789	96.9342221663
534	194	1793	97.0277006197
535	198	1796	96.956029907
536	199	1799	96.945651891
537	196	1804	96.9682158064
538	195	1810	96.9919192629
539	196	1813	96.9501434042
540	196	1818	97.0329590699
541	199	1825	97.0478591257
542	200	1826	97.0542582391
543	197	1832	97.0512008753
544	196	1837	96.9799161794
545	200	1838	96.9089198917
546	200	1843	96.8686842569
547	200	1847	96.8593304308
548	200	1849	96.9394869729
549	195	1855	96.8767502048
550	192	1861	96.7931622777
551	196	1864	96.8217204619
552	191	1869	96.8977061643
553	187	1871	96.9427987035
554	192	1876	96.8850587942
555	196	1880	96.9710875632
556	198	1884	96.9493049648
557	194	1886	96.904598834
558	190	1891	96.8099063273
559	188	1898	96.7460887344
560	187	1900	96.7895092623
561	188	1906	96.694795391
562	187	1906	96.7565470632
563	189	1912	96.728716557
564	189	1915	96.7469688683
565	190	1921	96.7334700309
566	188	1928	96.8099684637
567	185	1931	96.7562727196
568	188	1932	96.6941623618
569	186	1933	96.6986463534
570	184	1933	96.7488636813
571	188	1933	96.6893539715
572	191	1936	96.6266077283
573	193	1940	96.6401425277
574	197	1940	96.680821091
575	194	1946	96.614343239
576	198	1946	96.5511155166
577	195	1951	96.6197104261
578	190	1952	96.6466126304
579	194	1953	96.5559824786
580	197	1958	96.6233204662
581	192	1961	96.6931408142
582	192	1964	96.6455058249
583	196	1965	96.5517440731
584	192	1970	96.4954573978
585	197	1973	96.5949431357
586	199	1976	96.5347715844
587	198	1976	96.4382478856
588	200	1976	96.3955364898
589	200	1980	96.3229612228
590	200	1983	96.3040324236
591	195	1983	96.2755314849
592	199	1987	96.2447623277
593	200	1988	96.3058093446
594	195	1994	96.2178660635
595	195	2000	96.2308658345
596	196	2000	96.1948658692
597	199	2005	96.2932970986
598	199	2008	96.2923896636
599	196	2010	96.2014870577
600	199	2012	96.1733907118
601	200	2012	96.1066414266
602	196	2012	96.0148051589
603	192	2018	96.0984750456
604	189	2019	96.0649857889
605	187	2022	96.153623702
606	185	2022	96.1955829583
607	182	2026	96.2570463087
608	185	2033	96.1756032826
609	190	2040	96.1166450502
610	190	2045	96.0783294941
611	195	2049	96.1399283587
612	198	2049	96.0700257066
613	198	2049	96.1196746946
614	200	2049	96.1505332846
615	197	2052	96.1823330745
616	193	2055	96.2772014764
617	192	2057	96.2159401673
618	193	2060	96.2498124107
619	197	2066	96.1775320697
620	194	2067	96.2449029524
621	199	2068	96.3353446578
622	194	2072	96.389936286
623	189	2076	96.3191580381
624	185	2079	96.3301768696
625	187	2080	96.3109455747
626	190	2081	96.3199904241
627	186	2084	96.2398132424
628	182	2087	96.2801273669
629	187	2087	96.3377601445
630	191	2092	96.3173029421
631	195	2097	96.3604992722
632	190	2097	96.3281274074
633	188	2102	96.3502197921
634	188	2109	96.2824117943
635	187	2111	96.2880846787
636	189	2114	96.2281424965
637	188	2120	96.2276603406
638	187	2127	96.2114284533
639	191	2133	96.1793618965
640	194	2134	96.1654798126
641	189	2134	96.2612644118
642	192	2138	96.2285451231
643	195	2144	96.1855530937
644	197	2144	96.2427845323
645	196	2144	96.3097989741
646	198	2151	96.3771397926
647	194	2155	96.3040901304
648	190	2157	96.3008356818
649	185	2162	96.250413331
650	180	2162	96.1810378612
651	177	2167	96.2404703041
652	180	2170	96.1958726746
653	183	2172	96.1771363676
654	180	2177	96.260103878
655	179	2184	96.3492536937
656	175	2191	96.430953674
657	175	2196	96.4165970992
658	176	2202	96.4017818329
659	173	2206	96.4466894195
660	175	2208	96.4128087225
661	180	2210	96.3673444083
662	178	2216	96.2854416507
663	180	2221	96.3628532014
664	184	2223	96.4051263748
665	181	2224	96.4455272314
666	179	2225	96.5325992194
667	180	2226	96.5145711689
668	184	2228	96.5606510505
669	179	2234	96.5615768864
670	183	2240	96.6439279209
671	181	2246	96.544306542
672	176	2252	96.5265053594
673	172	2259	96.4747098989
674	176	2263	96.4827808622
675	172	2265	96.4624233897
676	172	2266	96.4790415784
677	174	2271	96.489380279
678	176	2275	96.5893124628
679	179	2278	96.5929234887
680	180	2283	96.5126310577
681	182	2283	96.472633574
682	186	2289	96.4486408558
683	187	2296	96.5316217438
684	188	2301	96.5771452836
685	188	2301	96.6281828212
686	188	2307	96.6796220299
687	186	2311	96.6202735898
688	191	2318	96.5375719942
689	195	2321	96.5205594848
690	195	2326	96.4598590556
691	190	2331	96.5397838958
692	192	2335	96.6333674438
693	188	2340	96.5692522496
694	185	2347	96.5367053092
695	188	2348	96.5812158486
696	186	2354	96.6802384675
697	187	2354	96.7164463136
698	190	2359	96.7381094232
699	189	2363	96.7990645817
700	185	2366	96.756538051
701	180	2366	96.8368388707
702	179	2369	96.8973993615
703	178	2372	96.9800072836
704	177	2376	97.0650362239
705	172	2383	97.1623193893
706	167	2388	97.1738835074
707	165	2388	97.1086902817
708	165	2391	97.1575216558
709	162	2392	97.1151509757
710	158	2398	97.1216376648
711	158	2399	97.027833667
712	161	2404	96.942747665
713	156	2409	97.0083495226
714	156	2411	96.9111703781
715	155	2416	96.8557543543
716	154	2419	96.8152818293
717	155	2423	96.8118978798
718	150	2424	96.7938892521
719	146	2429	96.7574471056
720	143	2435	96.6961910914
721	140	2442	96.6970725378
722	135	2445	96.6271594501
723	136	2447	96.6433445589
724	141	2454	96.5702931325
725	141	2459	96.5779361667
726	138	2459	96.6549089352
727	136	2460	96.6127930525
728	137	2465	96.5505045446
729	133	2468	96.644137631
730	132	2472	96.5648156923
731	130	2476	96.5681902908
732	129	2477	96.6304163919
733	128	2482	96.7280960401
734	133	2482	96.7945995527
735	130	2487	96.7213537137
736	126	2493	96.8042287512
737	130	2494	96.857050139
738	131	2497	96.7930561086
739	132	2501	96.7422509869
740	129	2507	96.8267065535
741	127	2512	96.7522288852
742	132	2519	96.7990145632
743	134	2519	96.710687087
744	129	2520	96.8098037448
745	131	2524	96.7618515533
746	127	2526	96.6824956603
747	131	2531	96.7558665658
748	135	2531	96.7710044518
749	133	2537	96.8482482339
750	128	2537	96.7529517265
751	124	2544	96.6940958783
752	119	2550	96.7458602421
753	115	2553	96.7171330912
754	117	2558	96.7261740127
755	116	2562	96.6532061632
756	119	2564	96.6083316625
757	118	2567	96.5466293752
758	121	2568	96.5762931958
759	117	2574	96.5225583485
760	112	2579	96.5890702336
761	107	2580	96.5623897153
762	104	2585	96.6575534695
763	99	2589	96.7419120946
764	98	2589	96.7694390336
765	94	2593	96.697172579
766	91	2600	96.6144826277
767	89	2603	96.709299612
768	93	2607	96.6904793726
769	92	2614	96.6035113839
770	92	2615	96.6132676577
771	95	2616	96.6348556576
772	91	2622	96.6008438759
773	86	2622	96.6870794968
774	91	2628	96.7524838958
775	94	2635	96.8166650908
776	94	2637	96.8073864613
777	98	2643	96.7316959778
778	95	2644	96.7056181774
779	91	2648	96.6246466793
780	89	2648	96.5382999476
781	87	2651	96.564881352
782	86	2657	96.6505368533
783	81	2662	96.6644229913
784	82	2663	96.5931827188
785	86	2667	96.6720925372
786	86	2667	96.6295746833
787	91	2671	96.5470974716
788	88	2674	96.5993248694
789	83	2675	96.6343688862
790	80	2678	96.6657550978
791	78	2683	96.5735354855
792	80	2689	96.539501334
793	79	2695	96.5751071177
794	79	2697	96.5346450255
795	76	2701	96.5929439079
796	72	2706	96.6269843054
797	71	2708	96.6288055794
798	71	2714	96.5452758161
799	68	2717	96.5199051619
800	66	2718	96.4279217568
801	68	2720	96.5011125441
802	66	2721	96.5851603445
803	69	2727	96.5150806137
804	73	2728	96.6068315987
805	73	2731	96.5443279775
806	70	2735	96.5389965846
807	72	2739	96.5359580774
808	70	2741	96.6027492034
809	67	2741	96.6769527329
810	62	2748	96.7724333513
811	66	2748	96.7744422434
812	68	2753	96.8192341302
813	72	2760	96.7412769108
814	76	2761	96.7775115745
815	78	2762	96.6935649897
816	82	2764	96.5999103258
817	81	2767	96.6816133548
818	81	2767	96.7402911045
819	86	2774	96.7706209041
820	86	2777	96.684732576
821	90	2781	96.6596244977
822	87	2782	96.5636222141
823	88	2788	96.5944675355
824	83	2788	96.6713887606
825	81	2795	96.7298435363
826	76	2795	96.6425111099
827	75	2800	96.6331328418
828	70	2804	96.6474703435
829	68	2809	96.5813953731
830	72	2810	96.6176930914
831	76	2816	96.6703662007
832	81	2823	96.5984169802
833	81	2830	96.6083272217
834	83	2836	96.5712871797
835	83	2836	96.6559275179
836	83	2841	96.5898542302
837	80	2841	96.6828887591
838	84	2842	96.5983642261
839	88	2845	96.6354436085
840	86	2852	96.6640127282
841	87	2856	96.5974579667
842	84	2863	96.6570462581
843	84	2863	96.6096584755
844	88	2870	96.544916458
845	84	2874	96.457418265
846	87	2874	96.552874075
847	85	2876	96.5338406214
848	84	2880	96.5005385624
849	80	2885	96.4719168011
850	77	2889	96.4994589866
851	76	2892	96.4499108214
852	76	2898	96.3631242525
853	78	2901	96.3444112841
854	76	2907	96.2635079551
855	77	2908	96.1867751703
856	77	2908	96.0908765129
857	76	2912	96.0057757867
858	74	2912	95.9558819394
859	71	2912	95.8562354622
860	73	2912	95.8346288032
861	78	2912	95.8259205942
862	76	2913	95.7901314646
863	76	2918	95.8608233815
864	75	2922	95.8729575686
865	76	2928	95.8361443619
866	71	2931	95.7981451243
867	68	2932	95.7670680799
868	67	2934	95.8087870301
869	67	2936	95.8679004665
870	71	2936	95.9607235446
871	76	2943	95.9443352919
872	78	2944	95.8973347295
873	78	2945	95.9029811277
874	74	2952	95.8323526899
875	70	2958	95.7820005043
876	68	2958	95.776530377
877	73	2965	95.746176742
878	78	2969	95.7634847763
879	76	2974	95.8235726309
880	75	2974	95.7587646742
881	75	2976	95.8278683973
882	71	2978	95.903892671
883	72	2979	95.8955006345
884	70	2983	95.9261362393
885	71	2985	95.9219416298
886	68	2985	95.9312394962
887	69	2992	95.9951970808
888	72	2995	96.0022019197
889	75	2999	95.9251578814
890	75	2999	95.9187368859
891	79	3005	95.9209258926
892	79	3007	95.9773942879
893	75	3009	96.0342439387
894	79	3011	96.0446635629
895	75	3012	95.9703752011
896	77	3013	95.8991582844
897	75	3015	95.8436790417
898	76	3020	95.8882888401
899	77	3025	95.9588297912
900	78	3028	96.020384524
901	82	3032	95.9425703598
902	84	3035	95.9594037605
903	87	3036	96.0138249958
904	85	3040	95.9376332933
905	87	3047	95.9192960413
906	90	3048	95.8196574887
907	88	3054	95.7883099437
908	91	3061	95.8346123335
909	92	3061	95.8939632316
910	90	3063	95.8103677216
911	95	3068	95.8564810447
912	93	3073	95.8752875602
913	90	3076	95.9167494485
914	93	3076	95.8851307473
915	89	3083	95.8856577266
916	93	3084	95.9030872743
917	97	3091	95.9290851693
918	94	3093	95.8702184148
919	94	3097	95.9659828999
920	97	3102	96.0088300194
921	99	3105	95.9446616731
922	94	3108	96.0224646482
923	89	3115	95.9388987533
924	89	3115	95.8522739791
925	86	3122	95.9080321131
926	83	3122	95.9571913941
927	78	3123	96.0260747755
928	78	3128	95.9438317918
929	73	3129	95.9179345195
930	69	3129	95.9848521496
931	66	3136	96.0181211066
932	64	3143	95.9459811256
933	69	3145	95.983901178
934	73	3150	95.8926151475
935	76	3155	95.8910824099
936	78	3159	95.9538327409
937	82	3163	95.9941139271
938	82	3170	95.9748269006
939	85	3176	96.0583240657
940	82	3181	96.0313979632
941	84	3183	96.0179197912
942	80	3186	95.9917025461
943	85	3192	96.0357415275
944	87	3193	95.96392081
945	90	3198	95.9956039352
946	92	3203	96.0252263857
947	95	3204	95.9872501445
948	99	3207	95.9519179422
949	104	3209	95.9399603073
950	107	3215	95.8594110855
951	102	3220	95.7645688865
952	100	3222	95.6815714038
953	104	3229	95.6096856637
954	108	3232	95.6839775381
955	113	3238	95.6504253887
956	115	3242	95.6210507315
957	119	3247	95.5640800859
958	119	3253	95.6070407732
959	121	3253	95.5356729427
960	124	3253	95.4972809081
961	120	3258	95.596647371
962	125	3263	95.5872189471
963	126	3263	95.5753680471
964	129	3268	95.6221277535
965	125	3269	95.5988743613
966	129	3275	95.6093729688
967	134	3282	95.6759263047
968	135	3286	95.5795064198
969	134	3287	95.6112390022
970	133	3288	95.6656647289
971	137	3288	95.6354068832
972	133	3294	95.6358158493
973	134	3298	95.7274702161
974	132	3301	95.7589379135
975	136	3305	95.8308241625
976	134	3308	95.7380852472
977	129	3314	95.8328188016
978	126	3315	95.7992364329
979	129	3321	95.7715408973
980	130	3322	95.6877503374
981	125	3329	95.6583106257
982	129	3331	95.6342783199
983	130	3333	95.6021316424
984	130	3338	95.594416023
985	133	3339	95.574256549
986	137	3342	95.5889470333
987	133	3346	95.5156663877
988	137	3352	95.4742096512
989	140	3356	95.5296056837
990	142	3363	95.5440438147
991	143	3365	95.53381079
992	142	3365	95.4651522984
993	140	3367	95.5528563556
994	141	3371	95.6427349892
995	144	3373	95.7050428945
996	149	3377	95.7785473884
997	152	3380	95.8106631009
998	152	3382	95.797923393
999	155	3389	95.8107575777
1000	152	3396	95.8602019338
1001	156	3403	95.7773366783
1002	156	3403	95.7704454923
1003	154	3410	95.7925631997
1004	155	3416	95.8906842415
1005	155	3421	95.9564391685
1006	159	3428	96.0328239636
1007	154	3434	95.9885751562
1008	155	3435	95.9223706549
1009	150	3441	95.834347413
1010	155	3445	95.8366698525
1011	150	3446	95.7441250913
1012	154	3449	95.8377476594
1013	159	3451	95.8469437489
1014	156	3454	95.9383824403
1015	152	3454	95.8683184845
1016	153	3456	95.9361395993
1017	151	3456	95.9863520541
1018	155	3462	95.9147217197
1019	158	3467	95.9758718187
1020	163	3469	96.0711244527
1021	168	3471	96.1573827597
1022	166	3471	96.0903887464
1023	171	3473	96.18788764
1024	176	3478	96.120665041
1025	180	3478	96.1854177229
1026	182	3484	96.0949110418
1027	182	3485	95.9994889455
1028	183	3485	96.0005033089
1029	187	3489	95.9273870585
1030	188	3490	95.9018451249
1031	189	3492	95.9390205657
1032	189	3495	96.0296185466
1033	193	3499	96.039815165
1034	196	3501	95.9849576961
1035	200	3508	95.9197476552
1036	199	3512	95.9323986178
1037	195	3515	95.9138085351
1038	190	3518	95.9766842916
1039	192	3523	95.9928751214
1040	188	3526	96.0022269452
1041	189	3527	96.0885246453
1042	192	3527	96.0219272254
1043	196	3528	96.0052316447
1044	199	3532	96.0738590087
1045	198	3533	96.1046362364
1046	195	3538	96.0873031347
1047	198	3539	96.0008622916
1048	200	3546	95.9573275176
1049	200	3550	95.9207939248
1050	200	3556	96.0019590902
1051	198	3556	96.0017159663
1052	200	3561	96.0035903372
1053	195	3561	95.9133274917
1054	193	3562	95.8766047469
1055	195	3568	95.7884586395
1056	197	3573	95.752932515
1057	199	3574	95.7054165104
1058	200	3578	95.794036888
1059	197	3584	95.829629726
1060	193	3587	95.7773869892
1061	196	3589	95.7268933565
1062	194	3594	95.6786506085
1063	193	3594	95.5932313282
1064	196	3596	95.6144112652
1065	191	3600	95.6192436816
1066	188	3603	95.6130068547
1067	189	3610	95.5850753871
1068	186	3612	95.6569266042
1069	183	3616	95.6064687013
1070	178	3620	95.6810047774
1071	179	3621	95.7082073344
1072	174	3624	95.7174172205
1073	174	3631	95.7181215672
1074	177	3631	95.6567866761
1075	179	3637	95.7521743364
1076	175	3642	95.7017075323
1077	170	3648	95.7969533198
1078	172	3655	95.8717138885
1079	169	3655	95.7957494558
1080	172	3656	95.8504993066
1081	170	3661	95.9248442273
1082	172	3667	96.0110840741
1083	168	3670	96.0123334061
1084	173	3677	96.0594931062
1085	168	3681	96.0954551991
1086	163	3688	96.1343181109
1087	159	3691	96.2100682371
1088	161	3698	96.246214555
1089	162	3702	96.159950014
1090	157	3706	96.2163208137
1091	152	3709	96.1881135029
1092	148	3709	96.1610994473
1093	143	3711	96.1271051161
1094	148	3712	96.069026891
1095	144	3713	96.1590815465
1096	147	3720	96.1391043181
1097	148	3725	96.1058363631
1098	151	3728	96.1762745049
1099	153	3729	96.2078234811
1100	156	3735	96.127225662
1101	155	3736	96.1850623374
1102	158	3741	96.1238552069
1103	158	3748	96.1204789064
1104	163	3754	96.0975105194
1105	167	3757	96.0744758706
1106	164	3760	96.1630417625
1107	166	3760	96.1700022659
1108	167	3762	96.0828087468
1109	169	3763	95.9890723964
1110	164	3766	95.990762524
1111	166	3766	96.0100322664
1112	165	3772	95.9694111506
1113	161	3779	96.0609656203
1114	163	3785	96.072371395
1115	159	3788	96.1673302707
1116	154	3789	96.2311877769
1117	153	3794	96.1968065861
1118	148	3797	96.1443440647
1119	152	3798	96.1456253093
1120	151	3801	96.0985993904
1121	152	3801	96.1400937393
1122	150	3803	96.0476485851
1123	145	3808	96.0391867291
1124	146	3811	96.1212530254
1125	141	3818	96.0727447955
1126	145	3822	96.0096332914
1127	150	3825	95.9531875213
1128	147	3827	95.8963013573
1129	142	3834	95.8818197629
1130	137	3839	95.9588888399
1131	140	3839	95.914051565
1132	138	3844	95.8775313919
1133	136	3848	95.9552697804
1134	134	3850	96.0054583665
1135	136	3855	95.9752223704
1136	137	3860	96.0050637501
1137	133	3860	96.0262260743
1138	136	3866	96.0967362062
1139	138	3869	96.160927483
1140	135	3870	96.248893707
1141	137	3870	96.1916240332
1142	142	3872	96.1853190182
1143	137	3877	96.1940593844
1144	134	3882	96.2153782542
1145	135	3885	96.1629500961
1146	132	3888	96.0785732345
1147	128	3889	96.056459038
1148	126	3892	96.1050641727
1149	125	3893	96.0158796813
1150	124	3897	95.9334879439
1151	122	3904	95.9357681912
1152	119	3911	95.9543698952
1153	114	3913	95.9065194511
1154	118	3916	95.8503523852
1155	117	3922	95.896140453
1156	121	3927	95.8822348118
1157	118	3930	95.9230496122
1158	115	3931	95.8897883438
1159	112	3932	95.9247267143
1160	110	3935	95.8249783774
1161	105	3936	95.7476449048
1162	105	3943	95.7575660319
1163	108	3949	95.796814931
1164	112	3949	95.7915570988
1165	111	3955	95.845871159
1166	107	3956	95.7572968221
1167	110	3963	95.7034308416
1168	114	3968	95.6573616241
1169	117	3975	95.6167197928
1170	119	3982	95.7128399766
1171	119	3986	95.6984251966
1172	121	3986	95.7521581802
1173	124	3993	95.7730782033
1174	121	3997	95.8357179784
1175	120	4003	95.8373276453
1176	117	4003	95.9015582198
1177	113	4010	95.9430571448
1178	114	4014	96.0092546448
1179	117	4018	95.9978580652
1180	115	4023	95.9473789378
1181	110	4028	95.8767389371
1182	109	4034	95.9118829237
1183	107	4040	95.8162676551
1184	112	4040	95.719369388
1185	115	4045	95.677028419
1186	116	4045	95.5947425188
1187	118	4048	95.5655949243
1188	113	4052	95.5097098512
1189	116	4056	95.4565837235
1190	115	4060	95.4638294058
1191	118	4062	95.5388359853
1192	121	4064	95.454786351
1193	122	4065	95.4098239601
1194	119	4065	95.3986366658
1195	119	4072	95.3147808787
1196	121	4073	95.3333374817
1197	122	4074	95.3165859569
1198	122	4079	95.2586467765
1199	119	4083	95.180557333
1200	116	4087	95.1784327481
1201	114	4094	95.2411930141
1202	116	4094	95.1756059054
1203	118	4098	95.1151716331
1204	117	4102	95.2033051051
1205	122	4103	95.2705748245
1206	127	4105	95.2290920987
1207	123	4109	95.3081950519
1208	124	4109	95.3865862582
1209	120	4109	95.3988552916
1210	123	4116	95.4613090406
1211	127	4123	95.5016488982
1212	122	4129	95.5189859101
1213	121	4135	95.4799646497
1214	122	4137	95.5757308849
1215	119	4144	95.528192681
1216	114	4145	95.4566360145
1217	112	4146	95.4297078428
1218	114	4149	95.5287445185
1219	110	4153	95.5631444701
1220	105	4155	95.5013525148
1221	110	4156	95.5114983244
1222	111	4161	95.5916861088
1223	116	4167	95.5383164979
1224	116	4167	95.4735276466
1225	112	4171	95.3752025022
1226	114	4178	95.335381545
1227	111	4185	95.3883304029
1228	114	4185	95.3666531749
1229	111	4192	95.3010141742
1230	115	4197	95.2173676023
1231	111	4200	95.3129414354
1232	108	4205	95.3382396452
1233	113	4206	95.3676633101
1234	108	4213	95.2876673368
1235	106	4218	95.2370293358
1236	107	4218	95.2158300601
1237	105	4224	95.2138360728
1238	104	4226	95.2922271141
1239	108	4229	95.3579270627
1240	111	4230	95.3754068237
1241	114	4235	95.4252430134
1242	112	4240	95.4045110415
1243	113	4244	95.3315841154
1244	112	4248	95.3203052673
1245	108	4255	95.3808160256
1246	107	4256	95.3338631426
1247	103	4258	95.3721232066
1248	104	4259	95.4578584399
1249	106	4265	95.5552439386
1250	101	4269	95.4929572732
1251	97	4271	95.5270299383
1252	93	4276	95.510411969
1253	96	4280	95.5279380757
1254	91	4281	95.6224652301
1255	91	4286	95.6780479231
1256	95	4290	95.5861873067
1257	98	4292	95.6768407565
1258	97	4292	95.7672056019
1259	98	4296	95.8407522608
1260	94	4296	95.9248723239
1261	90	4301	95.9423844232
1262	94	4304	95.9030092281
1263	99	4308	95.8977726674
1264	100	4311	95.9279396667
1265	101	4317	95.9311204395
1266	104	4322	95.934580766
1267	101	4325	95.9442296975
1268	102	4332	95.9940176755
1269	100	4332	95.9581080817
1270	102	4336	95.981556568
1271	106	4338	96.0700856911
1272	102	4343	96.0179405724
1273	104	4346	95.955618671
1274	100	4348	95.8904298176
1275	95	4349	95.8032578262
1276	94	4354	95.7210656204
1277	93	4356	95.7223155567
1278	91	4359	95.6278526028
1279	89	4360	95.5566205772
1280	85	4367	95.5467104338
1281	89	4374	95.5848349624
1282	84	4377	95.5259283036
1283	85	4380	95.5702920211
1284	85	4386	95.5306612909
1285	82	4386	95.5387241127
1286	81	4388	95.5256463279
1287	79	4392	95.4331762594
1288	83	4394	95.4569209801
1289	83	4399	95.3947800093
1290	84	4406	95.4160759773
1291	80	4409	95.5059813541
1292	84	4412	95.441835105
1293	81	4419	95.3820443965
1294	82	4420	95.3574413591
1295	83	4425	95.3662090606
1296	78	4431	95.3847650305
1297	75	4436	95.3279155475
1298	79	4439	95.2966075528
1299	74	4445	95.3455762614
1300	73	4451	95.4277123013
1301	71	4458	95.5151827513
1302	67	4465	95.5639309318
1303	66	4468	95.6612780019
1304	69	4475	95.5715164055
1305	71	4476	95.5660594
1306	70	4479	95.6550449982
1307	67	4484	95.6048715587
1308	63	4484	95.6949846972
1309	62	4488	95.7916138373
1310	61	4491	95.7471785307
1311	62	4498	95.7285404892
1312	57	4501	95.6530207617
1313	53	4506	95.5942988019
1314	50	4512	95.6216809565
1315	50	4518	95.6698857525
1316	50	4524	95.7003486484
1317	50	4529	95.6330380721
1318	54	4533	95.6503475567
1319	59	4533	95.5626116467
1320	55	4533	95.6389116111
1321	50	4539	95.6350399097
1322	51	4542	95.6423658263
1323	56	4544	95.6002720094
1324	56	4545	95.6125841394
1325	61	4545	95.5265114842
1326	59	4548	95.5323972866
1327	61	4549	95.5598233544
1328	62	4554	95.6123580031
1329	59	4560	95.6162203845
1330	63	4563	95.5646421338
1331	58	4565	95.5240111971
1332	54	4566	95.4408835153
1333	50	4572	95.524552556
1334	50	4574	95.4538653211
1335	54	4581	95.4754370063
1336	59	4583	95.5399159806
1337	62	4586	95.5275789619
1338	62	4586	95.4943639625
1339	63	4589	95.4148442507
1340	58	4596	95.486510424
1341	56	4600	95.4979675258
1342	60	4600	95.5833955632
1343	62	4601	95.5178810694
1344	58	4607	95.6012391305
1345	53	4607	95.6602296042
1346	54	4608	95.5759760322
1347	54	4614	95.5934823583
1348	58	4619	95.5693949927
1349	63	4619	95.6133588579
1350	66	4620	95.7096987133
1351	62	4620	95.6727587635
1352	60	4624	95.6224904955
1353	57	4627	95.6099449962
1354	52	4629	95.7059630521
1355	54	4636	95.6342724088
1356	52	4642	95.5846313609
1357	57	4646	95.5260687694
1358	52	4649	95.5348745231
1359	55	4650	95.4887764992
1360	60	4651	95.5599315427
1361	62	4653	95.5168982091
1362	57	4659	95.5437008742
1363	56	4664	95.5944482216
1364	60	4671	95.547589499
1365	64	4673	95.4885913654
1366	67	4675	95.4318342658
1367	68	4675	95.4574750369
1368	66	4678	95.3814166552
1369	65	4684	95.3002701478
1370	63	4690	95.3283645502
1371	68	4690	95.393721569
1372	66	4691	95.4167364575
1373	69	4691	95.3953427321
1374	65	4696	95.4247136774
1375	66	4703	95.3751352368
1376	65	4707	95.310456742
1377	64	4714	95.2626547863
1378	67	4715	95.19926552
1379	70	4717	95.2323101956
1380	66	4719	95.2803745609
1381	67	4723	95.2578760179
1382	62	4726	95.2302829979
1383	60	4732	95.2437073754
1384	63	4738	95.1995157801
1385	61	4745	95.1320428646
1386	60	4747	95.1828941902
1387	63	4747	95.1509272684
1388	63	4748	95.082505176
1389	62	4750	95.1616488881
1390	64	4752	95.1721519029
1391	64	4754	95.1507303446
1392	63	4759	95.2348331827
1393	61	4759	95.2396670433
1394	66	4759	95.2161249732
1395	64	4765	95.1255609785
1396	65	4769	95.2049286262
1397	62	4776	95.2378099666
1398	64	4776	95.2626014588
1399	62	4782	95.1924027531
1400	65	4782	95.1890057645
1401	66	4784	95.2662475107
1402	65	4790	95.3655549348
1403	63	4792	95.3430749856
1404	62	4795	95.3110880296
1405	62	4800	95.3150144385
1406	57	4805	95.3411737699
1407	56	4811	95.387693744
1408	56	4815	95.3791145779
1409	61	4820	95.4477159859
1410	56	4825	95.3686075721
1411	61	4829	95.3832852979
1412	60	4832	95.2847437432
1413	62	4836	95.3713515077
1414	62	4838	95.4019914482
1415	60	4841	95.3596199514
1416	58	4843	95.3434015134
1417	62	4849	95.3638626778
1418	61	4851	95.2767713777
1419	64	4852	95.251342781
1420	65	4856	95.1585163093
1421	64	4857	95.163810561
1422	64	4858	95.1666304251
1423	59	4858	95.1741535784
1424	59	4862	95.2063212276
1425	58	4867	95.1524635241
1426	62	4868	95.1327782529
1427	63	4872	95.2063667743
1428	63	4879	95.2004749398
1429	59	4885	95.1502483208
1430	58	4887	95.1788361041
1431	53	4889	95.2303459606
1432	50	4891	95.1853215489
1433	50	4891	95.1052627025
1434	50	4892	95.070191892
1435	52	4897	94.9866383016
1436	50	4904	95.032134942
1437	50	4908	95.101134931
1438	50	4908	95.0620567204
1439	50	4908	95.0285528405
1440	50	4908	94.9537010295
1441	50	4911	94.9086847437
1442	50	4912	94.9125841573
1443	55	4919	94.8997861094
1444	51	4922	94.8610337183
1445	50	4926	94.8962814091
1446	51	4928	94.8761314289
1447	51	4934	94.8627376922
1448	56	4936	94.7982500333
1449	55	4941	94.8390395832
1450	59	4941	94.8884130797
1451	60	4944	94.8039433349
1452	64	4949	94.8289153546
1453	62	4952	94.9109104636
1454	59	4952	94.9000423808
1455	60	4955	94.9366007756
1456	57	4961	94.998482787
1457	60	4961	94.9694667754
1458	63	4968	94.9472578586
1459	59	4968	95.0360240853
1460	56	4970	95.023613352
1461	60	4976	94.9946461658
1462	64	4982	94.9053198918
1463	66	4987	94.8255843352
1464	67	4991	94.7572742799
1465	71	4995	94.6627298615
1466	67	5000	94.6400393412
1467	63	5003	94.5825685817
1468	65	5006	94.6136739422
1469	61	5010	94.6546630167
1470	59	5012	94.6539411984
1471	64	5013	94.5813672292
1472	64	5016	94.6681055233
1473	69	5022	94.7610892847
1474	74	5029	94.6630060742
1475	74	5031	94.6793396696
1476	74	5034	94.7273818343
1477	77	5038	94.7138833967
1478	76	5042	94.7236994068
1479	78	5048	94.821423034
1480	76	5048	94.8939160452
1481	80	5055	94.942114665
1482	75	5062	95.0401078198
1483	71	5062	95.0150296624
1484	72	5064	94.9604322296
1485	77	5070	95.0437376754
1486	82	5077	95.0453189945
1487	81	5078	95.0091992779
1488	80	5078	94.9270896024
1489	79	5085	94.8643948693
1490	83	5091	94.8144732655
1491	84	5092	94.8785598092
1492	80	5095	94.9569923149
1493	75	5095	95.0148957182
1494	72	5098	95.0399633584
1495	70	5103	95.0300811783
1496	72	5104	95.0956596895
1497	69	5111	95.0996157356
1498	70	5117	95.0123104119
1499	69	5121	95.0080803876
1500	66	5125	94.909139148
1501	68	5127	94.993860539
1502	65	5129	95.0933569854
1503	64	5133	95.0725788236
1504	64	5136	95.1412562987
1505	66	5138	95.0628194381
1506	71	5145	94.993607419
1507	72	5150	94.9189563086
1508	74	5154	94.9867465871
1509	72	5160	94.9224855179
1510	71	5163	95.0192799643
1511	75	5166	95.0207289043
1512	71	5170	95.022724873
1513	68	5172	95.0509578507
1514	65	5176	95.0134145444
1515	66	5179	95.0104435172
1516	71	5180	95.0845226821
1517	71	5182	95.123448072
1518	75	5184	95.1948640101
1519	71	5188	95.2372352107
1520	66	5192	95.2233623949
1521	66	5199	95.3077009308
1522	64	5200	95.2254162233
1523	63	5207	95.1386745176
1524	58	5211	95.122072681
1525	61	5216	95.1314271632
1526	62	5222	95.0365677854
1527	66	5228	94.9887585383
1528	63	5231	94.8894067244
1529	60	5235	94.7988091448
1530	62	5239	94.8595369529
1531	57	5244	94.8612127107
1532	52	5250	94.9163122279
1533	53	5254	94.8856986952
1534	51	5260	94.8130614341
1535	50	5261	94.7627540105
1536	51	5267	94.796227298
1537	50	5271	94.8016708741
1538	50	5272	94.8875298392
1539	50	5273	94.8965124514
1540	50	5279	94.8750345754
1541	53	5281	94.8160835627
1542	50	5284	94.7768846828
1543	52	5287	94.8437252659
1544	52	5287	94.835338402
1545	50	5292	94.9298880855
1546	50	5292	94.962698604
1547	50	5294	94.9062642237
1548	50	5297	94.8697676145
1549	54	5299	94.7926056972
1550	59	5304	94.7300256745
1551	56	5311	94.6386725467
1552	59	5316	94.6646269296
1553	61	5323	94.6117345729
1554	58	5329	94.6944347327
1555	58	5336	94.753339292
1556	59	5339	94.7092375791
1557	64	5346	94.8071079478
1558	69	5350	94.8693055324
1559	66	5352	94.9504469909
1560	61	5353	94.8961906999
1561	60	5355	94.9422480421
1562	58	5361	94.8925007648
1563	62	5368	94.9429275336
1564	65	5368	94.9717010331
1565	61	5374	95.0592996665
1566	65	5380	95.1257840568
1567	70	5384	95.1192805189
1568	69	5388	95.1376468595
1569	70	5388	95.1153194862
1570	75	5389	95.148245666
1571	79	5389	95.1792026012
1572	84	5392	95.1124330776
1573	86	5397	95.07265945
1574	87	5400	95.0607297831
1575	86	5404	95.0362577071
1576	90	5407	95.119775462
1577	89	5413	95.1021708132
1578	92	5413	95.0122254018
1579	92	5417	94.9627202911
1580	90	5420	95.0030180591
1581	92	5423	95.0518174623
1582	97	5429	95.028985199
1583	98	5435	95.0499961057
1584	98	5436	94.9691101663
1585	100	5440	95.0307045559
1586	98	5443	95.0518588638
1587	96	5444	94.9626210348
1588	91	5447	94.8939097258
1589	94	5454	94.8281297207
1590	95	5458	94.7981910917
1591	91	5461	94.8014828772
1592	95	5462	94.896190618
1593	98	5465	94.8593347077
1594	96	5468	94.8543009333
1595	100	5468	94.7856442793
1596	98	5472	94.7847631612
1597	94	5474	94.7315715207
1598	89	5480	94.7500795012
1599	86	5487	94.7844586987
1600	91	5487	94.7738789296
1601	90	5492	94.753347585
1602	88	5499	94.7820502782
1603	92	5502	94.7720759232
1604	95	5503	94.8126181347
1605	90	5504	94.8708070065
1606	89	5506	94.8957763756
1607	91	5506	94.9921318956
1608	91	5513	95.0041298569
1609	92	5515	94.9245932924
1610	93	5517	94.8998069558
1611	92	5520	94.8972100816
1612	96	5520	94.8883952467
1613	91	5526	94.8592104271
1614	95	5526	94.7839142662
1615	100	5533	94.8481948222
1616	102	5533	94.8890401836
1617	107	5536	94.9394943159
1618	109	5543	95.0122908849
1619	104	5548	95.0775354399
1620	105	5554	94.9919236392
1621	102	5554	94.9937210762
1622	104	5559	95.0651017712
1623	108	5563	95.0949425196
1624	103	5570	95.0293735032
1625	107	5571	95.1000961484
1626	111	5577	95.0026135411
1627	110	5581	94.9280200624
1628	110	5586	94.8856091329
1629	105	5587	94.8458723259
1630	109	5591	94.834554319
1631	114	5597	94.7872029409
1632	115	5599	94.7786008846
1633	111	5603	94.7505990241
1634	107	5603	94.7010618263
1635	103	5603	94.7218135001
1636	107	5610	94.7033043231
1637	112	5613	94.689453185
1638	117	5617	94.7561884791
1639	121	5623	94.7820599663
1640	118	5625	94.746708472
1641	113	5631	94.7138666216
1642	117	5632	94.7118743848
1643	113	5636	94.6902717047
1644	113	5639	94.6272759576
1645	112	5642	94.6985909852
1646	111	5646	94.7321496697
1647	116	5653	94.7756582939
1648	118	5656	94.738935136
1649	114	5660	94.8333779585
1650	119	5663	94.9151574127
1651	114	5666	94.9455679994
1652	112	5670	94.9442373332
1653	115	5671	94.946742295
1654	111	5674	94.9632722349
1655	114	5680	94.98154673
1656	117	5684	95.0754844101
1657	116	5689	95.0084797817
1658	119	5692	95.0609438144
1659	120	5692	95.0138621742
1660	117	5697	95.069902856
1661	122	5700	95.0866097179
1662	120	5706	95.1118695691
1663	120	5711	95.1075258111
1664	124	5715	95.0619094076
1665	124	5719	94.9799504401
1666	122	5720	95.0049362874
1667	124	5722	95.0404692937
1668	123	5725	95.0783648408
1669	126	5729	95.000380582
1670	128	5730	95.0746600883
1671	125	5731	95.1028982846
1672	126	5732	95.0383953811
1673	126	5735	95.1021084367
1674	127	5736	95.0911205324
1675	126	5743	94.9973721933
1676	127	5749	95.0152237191
1677	131	5751	95.0808745388
1678	129	5753	95.1398713397
1679	132	5757	95.2120394186
1680	127	5761	95.2642709734
1681	129	5767	95.1908341593
1682	129	5774	95.2377004839
1683	134	5777	95.1959241609
1684	131	5778	95.2322341554
1685	131	5783	95.1506125894
1686	126	5789	95.1012634056
1687	124	5791	95.0565460119
1688	127	5794	95.0438395336
1689	123	5797	95.1385702382
1690	122	5804	95.0528247852
1691	125	5810	95.1227082464
1692	130	5810	95.115420661
1693	131	5815	95.1461215462
1694	132	5815	95.1673797096
1695	129	5820	95.1818146811
1696	133	5821	95.2261611508
1697	133	5827	95.2077045426
1698	128	5831	95.2027880629
1699	123	5836	95.1667562463
1700	126	5840	95.0780653542
1701	126	5847	95.0600041481
1702	131	5847	95.1453080334
1703	128	5849	95.1337051165
1704	127	5856	95.1433703912
1705	125	5861	95.2126099917
1706	122	5863	95.2364144998
1707	126	5863	95.1407992065
1708	128	5864	95.2058166082
1709	129	5870	95.2843821209
1710	128	5877	95.3599937355
1711	128	5881	95.2686379589
1712	127	5882	95.2328547991
1713	122	5885	95.2199519731
1714	127	5885	95.2154008615
1715	126	5886	95.2726739174
1716	127	5887	95.3504128164
1717	125	5889	95.2586308751
1718	122	5894	95.3320753695
1719	119	5897	95.3203924158
1720	115	5898	95.29507288
1721	120	5901	95.2554456247
1722	124	5904	95.2878144348
1723	129	5910	95.3522871673
1724	127	5916	95.3162165165
1725	131	5920	95.2230561349
1726	133	5927	95.1983727033
1727	137	5927	95.2372452908
1728	138	5927	95.2878443676
1729	139	5932	95.3571891004
1730	143	5938	95.4267470857
1731	143	5944	95.4728995012
1732	140	5951	95.4364322885
1733	140	5955	95.4613331105
1734	140	5958	95.4359469477
1735	143	5960	95.4472187715
1736	142	5964	95.5032052301
1737	141	5964	95.5755770146
1738	146	5964	95.6123141359
1739	142	5970	95.6708385064
1740	138	5977	95.7611102664
1741	136	5978	95.7075186097
1742	137	5985	95.7021333868
1743	140	5988	95.7905499518
1744	140	5989	95.7311054541
1745	140	5990	95.8120808323
1746	140	5993	95.8773441755
1747	142	5999	95.8168883781
1748	137	6006	95.8561143823
1749	140	6006	95.8817746138
1750	139	6010	95.8706767783
1751	134	6014	95.7958569924
1752	135	6021	95.7959196099
1753	131	6021	95.886824864
1754	136	6022	95.9829630872
1755	133	6023	95.9285877652
1756	134	6026	95.985488608
1757	132	6029	96.0030039918
1758	129	6033	96.0159029742
1759	129	6036	95.9588857542
1760	125	6039	96.0364692974
1761	127	6044	95.9905133405
1762	124	6045	95.9345473787
1763	120	6049	95.9020505835
1764	125	6054	95.828672286
1765	123	6058	95.8614747488
1766	119	6064	95.8282111065
1767	121	6067	95.8696005355
1768	122	6069	95.9099025326
1769	125	6072	95.8981498606
1770	125	6072	95.8659463499
1771	121	6078	95.8743371406
1772	118	6084	95.8063257123
1773	122	6087	95.8185309709
1774	121	6091	95.847184168
1775	124	6096	95.8203368718
1776	124	6096	95.9016657686
1777	123	6098	95.8383048554
1778	118	6100	95.8568523254
1779	116	6102	95.8127953607
1780	120	6106	95.8472746256
1781	124	6108	95.7486564942
1782	123	6112	95.7911683155
1783	122	6113	95.8361177829
1784	126	6116	95.9034765262
1785	123	6118	95.9869143325
1786	126	6124	95.9568201796
1787	123	6127	95.9238830906
1788	127	6134	96.0180851389
1789	127	6141	96.0614807681
1790	131	6142	96.1193937779
1791	131	6148	96.042957778
1792	130	6151	96.0271705289
1793	129	6158	95.9621083221
1794	126	6165	95.9763292628
1795	128	6171	95.9790270937
1796	133	6174	95.9428416163
1797	137	6179	95.9050931507
1798	136	6181	95.8612426724
1799	136	6182	95.8812359612
1800	138	6182	95.830798261
1801	135	6189	95.8229587144
1802	140	6189	95.8972581549
1803	142	6190	95.9166990143
1804	138	6191	95.9016107656
1805	135	6198	95.9771002504
1806	136	6205	95.9152356646
1807	131	6210	95.9094007449
1808	128	6212	95.9969751714
1809	131	6215	95.9568570192
1810	128	6216	95.8864686094
1811	129	6220	95.9789105401
1812	124	6221	96.023682111
1813	121	6223	96.0951007589
1814	119	6230	96.0185075459
1815	115	6231	95.9542764889
1816	117	6233	95.8682875171
1817	117	6239	95.8870194551
1818	121	6246	95.8927810749
1819	121	6249	95.894707933
1820	125	6252	95.9536944729
1821	120	6259	95.9871107545
1822	119	6262	95.9219313281
1823	117	6263	95.8554066831
1824	120	6268	95.8468582569
1825	119	6270	95.7657713134
1826	122	6270	95.6943669255
1827	127	6272	95.6887530455
1828	128	6279	95.6651988515
1829	123	6286	95.5693902728
1830	120	6292	95.5130713929
1831	124	6295	95.5518709187
1832	127	6301	95.4616216299
1833	128	6301	95.3973144669
1834	129	6303	95.3724647658
1835	131	6303	95.3332112809
1836	135	6310	95.3464015282
1837	134	6317	95.2892881276
1838	130	6323	95.2970900592
1839	125	6325	95.221555481
1840	122	6331	95.1967397707
1841	119	6334	95.2311736096
1842	114	6335	95.2419822392
1843	112	6341	95.2717540685
1844	109	6346	95.264400972
1845	113	6349	95.2886835581
1846	111	6350	95.3529359237
1847	113	6350	95.2681832131
1848	116	6356	95.2872533957
1849	113	6356	95.2557458188
1850	115	6361	95.3221159093
1851	118	6366	95.275276088
1852	114	6370	95.2739795841
1853	112	6377	95.3609797364
1854	116	6378	95.3228915162
1855	111	6379	95.34317662
1856	114	6386	95.3654489611
1857	112	6393	95.4500889941
1858	110	6394	95.5272276196
1859	112	6399	95.5673936202
1860	116	6403	95.4918860316
1861	115	6410	95.4601039617
1862	117	6416	95.3930115438
1863	114	6419	95.4287205874
1864	115	6422	95.3514057236
1865	115	6429	95.4088600417
1866	118	6429	95.406343959
1867	113	6429	95.3890663456
1868	114	6436	95.4262922776
1869	118	6443	95.516271929
1870	119	6444	95.4415744855
1871	121	6445	95.5414922703
1872	117	6451	95.4974087741
1873	115	6458	95.4197465435
1874	119	6462	95.5170917151
1875	119	6463	95.5153400904
1876	122	6464	95.4521604974
1877	127	6469	95.4631306579
1878	122	6472	95.474038976
1879	118	6472	95.4286325344
1880	123	6478	95.3566423317
1881	127	6481	95.3386289315
1882	128	6482	95.4367481996
1883	133	6488	95.4655362203
1884	135	6488	95.4809092408
1885	138	6491	95.4198348581
1886	139	6492	95.3969950751
1887	135	6499	95.3672919732
1888	139	6500	95.3986328833
1889	144	6504	95.4615981217
1890	144	6507	95.5269202432
1891	144	6509	95.5706517216
1892	144	6516	95.5876377883
1893	143	6523	95.6361916038
1894	146	6525	95.650162118
1895	141	6532	95.685360058
1896	138	6537	95.7421215145
1897	142	6539	95.8040182165
1898	143	6543	95.7813773101
1899	141	6549	95.7697196517
1900	142	6550	95.6863566323
1901	139	6552	95.7176676692
1902	143	6557	95.6302114605
1903	140	6558	95.5613352248
1904	143	6558	95.5163273757
1905	142	6560	95.437915781
1906	147	6561	95.4818531996
1907	143	6563	95.5729033638
1908	146	6570	95.5675189962
1909	142	6575	95.6489448718
1910	137	6579	95.5694218664
1911	135	6580	95.5152971166
1912	137	6583	95.5411043786
1913	141	6584	95.4765151644
1914	142	6585	95.404155191
1915	141	6588	95.3715983912
1916	146	6595	95.3327033149
1917	146	6600	95.3605430655
1918	141	6601	95.2825796312
1919	137	6603	95.3091326172
1920	133	6603	95.2946552336
1921	131	6608	95.229635952
1922	133	6615	95.3001523712
1923	134	6622	95.3948726981
1924	135	6628	95.3247748754
1925	132	6631	95.2713169994
1926	137	6636	95.1793700099
1927	134	6640	95.0967325773
1928	139	6641	95.1645328147
1929	139	6641	95.0984170826
1930	142	6644	95.0007189249
1931	147	6644	94.925575138
1932	142	6645	94.8642369007
1933	146	6647	94.9325576825
1934	142	6648	94.8804929394
1935	141	6652	94.8773282249
1936	138	6658	94.9622307905
1937	138	6658	95.0118861186
1938	143	6665	94.9996272888
1939	141	6668	94.9934105462
1940	139	6668	94.9490571381
1941	144	6675	95.0111869878
1942	144	6677	95.0450989697
1943	140	6684	94.993430644
1944	142	6686	95.0600842544
1945	140	6689	95.1495586449
1946	145	6693	95.1199574888
1947	150	6699	95.1114725818
1948	154	6700	95.1043825787
1949	159	6701	95.1426024277
1950	160	6706	95.1423894936
1951	159	6711	95.1927472709
1952	161	6712	95.2572418048
1953	166	6713	95.1617700389
1954	171	6714	95.1531531833
1955	168	6719	95.0747311714
1956	164	6724	95.1208364442
1957	161	6731	95.2111501773
1958	157	6733	95.198431264
1959	160	6736	95.1869503965
1960	156	6739	95.1220261937
1961	158	6743	95.1347058078
1962	155	6744	95.0635464411
1963	153	6748	95.0904551845
1964	152	6753	95.1202399353
1965	147	6760	95.0898094615
1966	145	6760	95.1873876049
1967	141	6761	95.1988528636
1968	142	6767	95.2141618718
1969	140	6770	95.2408294891
1970	143	6775	95.2589205942
1971	140	6776	95.3509087994
1972	139	6783	95.3574812661
1973	144	6783	95.3076383025
1974	146	6786	95.2911197207
1975	149	6788	95.3901955501
1976	144	6793	95.3051599009
1977	140	6797	95.319071336
1978	145	6799	95.2544318679
1979	140	6801	95.1581337399
1980	137	6802	95.2354589765
1981	136	6807	95.3234577825
1982	139	6808	95.2661854611
1983	142	6813	95.275780761
1984	141	6815	95.2292171988
1985	141	6821	95.1377949401
1986	146	6822	95.1978935565
1987	144	6828	95.2315547952
1988	147	6828	95.2512974485
1989	152	6832	95.2840922353
1990	150	6835	95.2932802102
1991	150	6839	95.2135206317
1992	151	6844	95.1483237896
1993	148	6847	95.1124618375
1994	150	6847	95.0678326096
1995	145	6847	95.010599083
1996	150	6849	95.0627520342
1997	151	6849	95.0653166829
1998	153	6855	95.1518063822
1999	156	6859	95.211106048
2000	156	6865	95.282205571
2001	159	6870	95.3621842368
2002	155	6871	95.3795744971
2003	151	6871	95.4767572746
2004	147	6877	95.5612034152
2005	147	6879	95.5645276609
2006	151	6881	95.5826560591
2007	146	6888	95.5356213254
2008	149	6895	95.4856209096
2009	153	6895	95.4450407046
2010	148	6900	95.3887815676
2011	152	6906	95.3911004755
2012	147	6912	95.4313660627
2013	144	6917	95.444391056
2014	148	6923	95.4128088564
2015	144	6930	95.490233995
2016	147	6934	95.4781901542
2017	146	6941	95.4308030248
2018	147	6944	95.407724076
2019	143	6949	95.3769135129
2020	143	6956	95.3082873209
2021	147	6962	95.2774955158
2022	150	6965	95.2420387159
2023	148	6972	95.1885883105
2024	143	6973	95.2665778918
2025	148	6980	95.2056651033
2026	145	6983	95.2722337309
2027	146	6988	95.2782461631
2028	151	6990	95.2119139982
2029	155	6992	95.1572898541
2030	150	6992	95.1852404748
2031	151	6996	95.222986533
2032	148	7002	95.1420565534
2033	149	7002	95.1178598943
2034	150	7008	95.0342931753
2035	150	7008	94.995676081
2036	151	7012	95.0191337506
2037	147	7015	95.0913523981
2038	147	7017	95.1355837025
2039	151	7024	95.0648302042
2040	153	7025	95.1553252394
2041	152	7028	95.1592864302
2042	156	7032	95.141253208
2043	159	7033	95.127376359
2044	162	7038	95.1930002734
2045	161	7043	95.1374130829
2046	158	7049	95.1977855281
2047	153	7056	95.1676345175
2048	154	7061	95.1594308606
2049	158	7061	95.0997002844
2050	157	7067	95.0455225521
2051	152	7074	95.0005269084
2052	154	7079	95.0960500504
2053	156	7084	95.1843262534
2054	161	7090	95.1741260494
2055	166	7095	95.101775412
2056	169	7095	95.0851920421
2057	169	7098	95.0066351937
2058	169	7098	95.0860642809
2059	173	7100	95.0270824429
2060	173	7103	95.0227374295
2061	178	7104	94.9781552419
2062	176	7105	94.979135289
2063	177	7106	94.900107786
2064	172	7112	94.8255426468
2065	177	7115	94.7593830461
2066	175	7121	94.7069157809
2067	176	7127	94.6699648994
2068	175	7128	94.7088558402
2069	177	7129	94.7736351728
2070	178	7132	94.8569500687
2071	178	7135	94.7844155864
2072	182	7142	94.7335422222
2073	181	7144	94.6996460481
2074	177	7150	94.7491410139
2075	176	7153	94.8245891114
2076	174	7156	94.8576502981
2077	170	7157	94.909221581
2078	167	7159	94.8606361922
2079	163	7165	94.9234772172
2080	164	7166	94.9159385378
2081	169	7170	94.9563411104
2082	165	7175	94.9622224645
2083	166	7180	94.8638460461
2084	168	7184	94.8599939406
2085	164	7190	94.9187461761
2086	164	7192	94.9047809192
2087	159	7199	94.9331456794
2088	164	7204	94.8563500233
2089	162	7210	94.7970616989
2090	164	7212	94.8783309775
2091	163	7212	94.8228373589
2092	160	7215	94.8888900519
2093	158	7220	94.9505091879
2094	153	7220	95.0180709549
2095	154	7224	95.0736340772
2096	150	7225	95.0283956348
2097	154	7225	94.9718114767
2098	157	7232	95.0330380107
2099	157	7237	95.0449135482
2100	158	7240	95.0593714889
2101	155	7246	95.1178643913
2102	160	7252	95.1053056466
2103	155	7258	95.0151588652
2104	153	7260	94.922235552
2105	157	7263	94.9318062942
2106	158	7270	94.9513270049
2107	155	7272	94.9224644582
2108	152	7274	95.0101240496
2109	156	7275	95.0177469123
2110	160	7279	95.0272554344
2111	160	7283	95.1167037342
2112	165	7290	95.1469129503
2113	160	7294	95.2348245515
2114	156	7300	95.2060292882
2115	158	7307	95.1841857807
2116	156	7313	95.1498038695
2117	161	7314	95.0719005916
2118	157	7314	95.0958841917
2119	153	7315	95.0307148196
2120	149	7319	95.0342527695
2121	148	7323	94.9980726675
2122	144	7325	94.9314343233
2123	143	7331	94.966237889
2124	138	7336	94.9252230802
2125	139	7342	94.8705445517
2126	139	7348	94.932304506
2127	137	7352	94.9447741488
2128	140	7358	94.8625521334
2129	139	7361	94.8046825491
2130	138	7366	94.7935857347
2131	133	7373	94.7829141043
2132	137	7375	94.7088236415
2133	139	7380	94.6777990632
2134	142	7386	94.6420524502
2135	141	7393	94.6590898398
2136	139	7394	94.5857023795
2137	141	7396	94.495389384
2138	143	7397	94.4472524844
2139	142	7402	94.4010735642
2140	137	7409	94.4044941728
2141	134	7413	94.4506909818
2142	135	7419	94.4100373549
2143	132	7422	94.4906085876
2144	127	7425	94.4144522939
2145	130	7426	94.4508056464
2146	130	7430	94.4642161337
2147	133	7432	94.5254225589
2148	129	7437	94.5231360817
2149	128	7438	94.4807291968
2150	125	7443	94.5160439498
2151	121	7450	94.4946526157
2152	122	7456	94.5708604813
2153	121	7460	94.4910782243
2154	116	7463	94.4182759303
2155	121	7470	94.3487517694
2156	121	7473	94.3098538036
2157	124	7478	94.3527986169
2158	122	7480	94.2933735354
2159	121	7483	94.3628062905
2160	123	7487	94.3686818186
2161	125	7494	94.2762977079
2162	129	7494	94.2145688067
2163	134	7500	94.2142981782
2164	135	7503	94.2595335533
2165	134	7503	94.2161727208
2166	129	7507	94.1549575566
2167	127	7514	94.059625214
2168	130	7519	93.9932376114
2169	132	7523	94.0908702759
2170	130	7526	94.133754882
2171	135	7530	94.0544444246
2172	134	7536	94.0031748357
2173	130	7542	94.0149320614
2174	130	7549	94.0050307403
2175	128	7554	93.9735644861
2176	128	7560	93.9184126344
2177	133	7562	93.8854336083
2178	137	7565	93.9474694052
2179	133	7570	93.9743275384
2180	136	7571	93.9657519104
2181	131	7575	94.0612748376
2182	135	7577	94.0988538859
2183	137	7582	94.1289217679
2184	134	7589	94.1533767539
2185	133	7592	94.1562937145
2186	128	7596	94.1037391109
2187	126	7600	94.148384476
2188	129	7604	94.1334103395
2189	124	7609	94.1967263776
2190	123	7610	94.2867008727
2191	125	7611	94.2980385242
2192	123	7613	94.277551584
2193	118	7616	94.1854070683
2194	122	7618	94.1439607392
2195	124	7623	94.2208356984
2196	126	7625	94.2117259623
2197	128	7627	94.16929197
2198	124	7633	94.1576655699
2199	123	7637	94.2095716083
2200	125	7641	94.3006984536
2201	124	7647	94.3914452381
2202	123	7653	94.4004409868
2203	125	7657	94.4951451185
2204	126	7659	94.5321913486
2205	128	7659	94.5329422623
2206	124	7666	94.543589128
2207	124	7672	94.5356508037
2208	127	7672	94.5033212387
2209	123	7673	94.55208151
2210	127	7675	94.6030369172
2211	125	7677	94.6036739896
2212	122	7682	94.6145830601
2213	123	7687	94.6576696651
2214	123	7694	94.7472328904
2215	119	7694	94.8406079549
2216	119	7696	94.80713697
2217	123	7696	94.7525645958
2218	124	7697	94.8147939245
2219	123	7702	94.7379478343
2220	121	7705	94.6863556506
2221	119	7706	94.6355564694
2222	119	7712	94.6123376109
2223	121	7718	94.6066000373
2224	123	7722	94.5785716833
2225	125	7725	94.520009021
2226	127	7729	94.5027606067
2227	127	7736	94.5304290723
2228	129	7738	94.6018338936
2229	126	7741	94.6396287071
2230	123	7741	94.6557525587
2231	119	7741	94.6685998605
2232	116	7743	94.583673817
2233	111	7749	94.6451793243
2234	107	7753	94.7066490802
2235	103	7755	94.6485149419
2236	98	7762	94.7472545536
2237	98	7769	94.6749383757
2238	99	7772	94.6647718421
2239	98	7775	94.6792843747
2240	101	7777	94.7033840421
2241	106	7781	94.679080211
2242	107	7785	94.7404048059
2243	107	7792	94.674135907
2244	107	7792	94.6530923391
2245	104	7792	94.7120099137
2246	106	7796	94.7254808527
2247	105	7799	94.6404392629
2248	108	7802	94.7269390578
2249	110	7809	94.7880478795
2250	114	7809	94.7059394002
2251	117	7814	94.796647798
2252	116	7818	94.7896374346
2253	111	7825	94.7861325011
2254	116	7829	94.7444408021
2255	121	7834	94.7346705875
2256	116	7839	94.6397660801
2257	114	7840	94.6292592044
2258	117	7841	94.6060354057
2259	112	7847	94.569562945
2260	108	7854	94.5691475614
2261	106	7861	94.6638790884
2262	102	7868	94.6571688981
2263	103	7870	94.5786149314
2264	99	7872	94.5337693891
2265	101	7873	94.5723598073
2266	106	7877	94.4961420083
2267	103	7879	94.4870764978
2268	105	7880	94.4554078334
2269	108	7880	94.4686193168
2270	103	7882	94.5599279756
2271	108	7882	94.6229187167
2272	110	7886	94.6452459912
2273	106	7886	94.5813273489
2274	111	7890	94.6221087483
2275	116	7891	94.5392835155
2276	114	7894	94.6033253036
2277	109	7896	94.5960263974
2278	104	7901	94.6844367482
2279	107	7904	94.7232169761
2280	107	7907	94.6312425313
2281	103	7914	94.5361694897
2282	104	7914	94.6048487986
2283	107	7918	94.5679673635
2284	112	7920	94.6426205629
2285	109	7925	94.6345405822
2286	113	7930	94.6772913996
2287	108	7930	94.6255982612
2288	104	7935	94.6044367116
2289	101	7940	94.6297646511
2290	96	7941	94.5948001468
2291	100	7941	94.6048605765
2292	96	7945	94.5153219187
2293	100	7949	94.5179442432
2294	102	7952	94.4477615603
2295	101	7954	94.458291668
2296	98	7954	94.469186921
2297	93	7958	94.5174565553
2298	92	7963	94.4892682576
2299	88	7963	94.4608067923
2300	84	7964	94.3876937918
2301	81	7969	94.4303916278
2302	85	7972	94.4008103623
2303	89	7975	94.336838251
2304	91	7979	94.3302597195
2305	95	7979	94.2954784052
2306	90	7984	94.3487708615
2307	88	7988	94.3756953123
2308	91	7992	94.3212511007
2309	89	7997	94.3172672208
2310	85	8000	94.278106515
2311	80	8001	94.3308856205
2312	76	8001	94.2872044398
2313	81	8007	94.3422863144
2314	76	8014	94.3786550597
2315	75	8014	94.4154354362
2316	79	8014	94.4957346065
2317	78	8015	94.4599986432
2318	82	8018	94.4637991138
2319	78	8020	94.4278045733
2320	73	8021	94.358068186
2321	69	8021	94.2861032495
2322	73	8025	94.3860857758
2323	70	8031	94.3602395532
2324	75	8034	94.4511156246
2325	80	8041	94.4169430928
2326	85	8043	94.5037938277
2327	80	8046	94.5714163453
2328	79	8046	94.5866109082
2329	79	8053	94.5560935611
2330	84	8056	94.5386607677
2331	80	8063	94.4945266163
2332	78	8066	94.394555497
2333	79	8068	94.3203834161
2334	83	8075	94.230374036
2335	82	8081	94.2649743266
2336	81	8088	94.2091352393
2337	83	8089	94.1907779804
2338	83	8091	94.2898615049
2339	81	8091	94.3446052031
2340	80	8098	94.433332515
2341	85	8099	94.4739798546
2342	83	8099	94.5180055898
2343	78	8099	94.418320705
2344	74	8100	94.4942710019
2345	69	8100	94.4503434269
2346	73	8103	94.3735170399
2347	73	8103	94.4089236753
2348	71	8110	94.4974353993
2349	67	8115	94.4508898805
2350	72	8116	94.3657811606
2351	67	8122	94.3064597829
2352	69	8124	94.3742535073
2353	72	8131	94.4207180376
2354	70	8134	94.4450018266
2355	65	8135	94.4364195276
2356	63	8141	94.416272259
2357	58	8147	94.3286668749
2358	59	8148	94.315127747
2359	59	8151	94.39833642
2360	63	8155	94.4198384931
2361	68	8161	94.5038318481
2362	72	8163	94.5604716619
2363	70	8166	94.6385320847
2364	66	8168	94.723421608
2365	63	8174	94.7600907661
2366	60	8175	94.711909209
2367	64	8181	94.7880921646
2368	68	8183	94.7949130295
2369	68	8184	94.8257842477
2370	66	8187	94.7993928616
2371	70	8193	94.8047193023
2372	75	8193	94.8249234363
2373	80	8196	94.8195464733
2374	75	8197	94.8027566089
2375	74	8203	94.7166791127
2376	79	8206	94.7605766456
2377	76	8210	94.7536386964
2378	72	8217	94.7753822111
2379	69	8222	94.8210899232
2380	70	8222	94.9025642912
2381	72	8222	94.8536646846
2382	75	8223	94.7815260226
2383	80	8226	94.8512981858
2384	78	8228	94.8829616902
2385	76	8235	94.9163016578
2386	75	8240	95.0009741132
2387	72	8246	95.047408052
2388	76	8253	95.006186409
2389	72	8255	95.0445579573
2390	75	8256	95.1019860304
2391	80	8262	95.1010792779
2392	84	8266	95.0752315408
2393	89	8273	95.0367074892
2394	93	8275	95.0653765424
2395	91	8278	95.077994176
2396	93	8278	95.0279504412
2397	95	8279	95.1039733164
2398	96	8281	95.1861165598
2399	98	8288	95.1070176466
2400	96	8290	95.1470037867
2401	91	8294	95.1186511619
2402	91	8299	95.1185350822
2403	89	8306	95.0594970969
2404	86	8311	95.0914031721
2405	90	8313	95.0820792689
2406	87	8316	95.1738412368
2407	89	8323	95.1659863571
2408	85	8323	95.1466052469
2409	81	8327	95.1518819886
2410	82	8330	95.2468586784
2411	78	8335	95.207110817
2412	77	8340	95.2658947359
2413	81	8345	95.2452795663
2414	82	8352	95.2349212982
2415	80	8356	95.3034592675
2416	80	8360	95.384175851
2417	81	8363	95.4795935061
2418	85	8363	95.4155787208
2419	90	8370	95.3570313207
2420	88	8377	95.4043079467
2421	86	8382	95.4391748103
2422	91	8382	95.482479885
2423	91	8383	95.4782376308
2424	89	8385	95.3886706373
2425	87	8390	95.4357128771
2426	83	8392	95.35537883
2427	86	8394	95.4266257675
2428	83	8397	95.5058799686
2429	88	8404	95.5514678855
2430	91	8409	95.6189668625
2431	90	8412	95.540526898
2432	88	8413	95.6322152053
2433	86	8417	95.7004819404
2434	81	8423	95.7243494169
2435	83	8424	95.68749104
2436	87	8426	95.763107713
2437	84	8432	95.8478184612
2438	80	8438	95.8265782791
2439	78	8441	95.7803769285
2440	76	8448	95.7473156545
2441	77	8449	95.7580954358
2442	74	8454	95.8013006271
2443	77	8456	95.8912257834
2444	76	8461	95.8880870672
2445	81	8465	95.8017092218
2446	85	8471	95.7110023857
2447	87	8478	95.6898310812
2448	83	8481	95.7565685759
2449	82	8484	95.6844658008
2450	81	8486	95.6594474261
2451	79	8491	95.7511419859
2452	77	8497	95.6534862217
2453	73	8500	95.580332673
2454	69	8504	95.5300051293
2455	73	8505	95.5369778289
2456	69	8505	95.4488620712
2457	72	8507	95.4770203863
2458	77	8511	95.4837488853
2459	77	8516	95.4947151108
2460	81	8516	95.4797544223
2461	76	8520	95.4044484124
2462	72	8521	95.3480757364
2463	76	8522	95.3819457492
2464	77	8529	95.3469161367
2465	75	8532	95.3256973094
2466	70	8533	95.2774750086
2467	74	8539	95.2713263513
2468	79	8544	95.3008762219
2469	75	8545	95.210423239
2470	74	8552	95.2977889182
2471	70	8554	95.3084680939
2472	69	8557	95.3271518809
2473	70	8564	95.4237371487
2474	73	8564	95.3357843208
2475	69	8565	95.2939984417
2476	72	8568	95.3822687395
2477	70	8572	95.3551989541
2478	73	8578	95.3752891403
2479	76	8585	95.275366991
2480	81	8587	95.3241190586
2481	86	8590	95.3782184008
2482	90	8590	95.4772548538
2483	91	8595	95.4406601811
2484	90	8599	95.3869002267
2485	91	8605	95.4112085486
2486	94	8610	95.4593575479
2487	91	8617	95.5460154519
2488	92	8622	95.4898738991
2489	89	8624	95.5372283126
2490	93	8629	95.5297937683
2491	90	8631	95.4901889751
2492	88	8634	95.5488408728
2493	85	8635	95.6005379947
2494	81	8641	95.5018231168
2495	79	8642	95.576919759
2496	81	8647	95.5550551043
2497	79	8652	95.4693881681
2498	82	8657	95.4658427246
2499	86	8662	95.465588142
2500	83	8663	95.5025937337
2501	82	8667	95.44725279
2502	81	8671	95.4212232447
2503	76	8672	95.4131985085
2504	73	8675	95.4011122675
2505	68	8678	95.4607169678
2506	70	8681	95.552378563
2507	72	8683	95.5999699634
2508	72	8687	95.6034019511
2509	67	8693	95.6029556351
2510	68	8695	95.5620134602
2511	72	8698	95.6443640781
2512	75	8704	95.5504947164
2513	75	8705	95.4795210282
2514	77	8712	95.509063309
2515	81	8713	95.5183154363
2516	80	8714	95.5632624534
2517	82	8720	95.649206145
2518	85	8727	95.7172509129
2519	87	8728	95.8082295227
2520	84	8734	95.8245149724
2521	86	8740	95.7735340849
2522	89	8744	95.7173883991
2523	92	8744	95.7707748037
2524	92	8746	95.7287740066
2525	87	8747	95.825525774
2526	87	8754	95.8546682714
2527	83	8758	95.8027272601
2528	83	8758	95.9023643972
2529	88	8761	95.8234199835
2530	88	8767	95.8364746412
2531	87	8773	95.7505546976
2532	91	8776	95.6947948272
2533	92	8777	95.6510602448
2534	94	8781	95.6695430206
2535	98	8782	95.5966490301
2536	97	8785	95.5714198574
2537	93	8791	95.5651254231
2538	91	8792	95.6232583161
2539	87	8797	95.6878182369
2540	91	8802	95.7190142791
2541	92	8808	95.7449117266
2542	97	8812	95.6768980354
2543	102	8813	95.717035802
2544	103	8813	95.707479597
2545	98	8820	95.664020832
2546	94	8825	95.6703986521
2547	89	8832	95.5811958313
2548	85	8836	95.6031630658
2549	80	8837	95.6489076424
2550	84	8838	95.6443543063
2551	79	8843	95.7135074313
2552	75	8843	95.660824597
2553	72	8843	95.6112926889
2554	70	8844	95.5921510911
2555	74	8850	95.5982358202
2556	75	8855	95.656939175
2557	73	8859	95.610520148
2558	69	8862	95.5215881863
2559	69	8864	95.4639298777
2560	70	8868	95.4450508133
2561	75	8869	95.5193504707
2562	73	8873	95.5498042585
2563	69	8877	95.4894054237
2564	72	8877	95.3960232236
2565	69	8879	95.3795859219
2566	70	8881	95.374184941
2567	75	8888	95.2828845135
2568	75	8889	95.2454567034
2569	76	8896	95.2007152598
2570	81	8899	95.2323356621
2571	82	8902	95.330526026
2572	86	8903	95.2951377181
2573	86	8908	95.2129040259
2574	87	8910	95.1970019128
2575	83	8914	95.112728785
2576	82	8916	95.1342193786
2577	78	8919	95.0455600164
2578	80	8919	94.9976670837
2579	84	8923	94.9857011685
2580	87	8924	95.0438877382
2581	82	8927	95.138880279
2582	82	8934	95.0491317012
2583	82	8936	95.050298688
2584	85	8940	95.0705381433
2585	80	8943	95.1054169359
2586	80	8944	95.0853570061
2587	78	8944	95.1785059708
2588	76	8951	95.2345605003
2589	79	8956	95.1534054312
2590	75	8963	95.1268475224
2591	80	8963	95.0453748481
2592	83	8970	95.0726300327
2593	85	8970	94.9749631253
2594	89	8970	95.0113330667
2595	85	8973	94.9701039228
2596	83	8978	95.0167595607
2597	79	8981	95.0999209134
2598	74	8981	95.0593803793
2599	79	8986	94.9918662389
2600	75	8991	94.9476941375
2601	70	8992	94.9627521793
2602	67	8997	94.96029147
2603	68	8997	94.9087303952
2604	73	9002	94.8320533336
2605	71	9006	94.8755390805
2606	69	9009	94.8557412661
2607	68	9016	94.8413863133
2608	64	9019	94.9171194144
2609	67	9021	94.8298934482
2610	62	9024	94.8030847509
2611	65	9030	94.7585101574
2612	67	9031	94.8059655746
2613	70	9037	94.8090430247
2614	68	9041	94.7936102727
2615	67	9047	94.7396176754
2616	63	9052	94.7537455862
2617	66	9055	94.8526044881
2618	70	9055	94.8825495043
2619	73	9056	94.8789130939
2620	68	9058	94.9145171112
2621	66	9059	95.0099064383
2622	66	9064	95.0862917012
2623	67	9068	94.9881143465
2624	70	9071	94.9929126908
2625	74	9073	94.9818912387
2626	69	9080	94.9094812314
2627	68	9084	94.9292506463
2628	66	9088	94.9635161426
2629	64	9090	95.051575007
2630	63	9090	94.9842722743
2631	62	9096	95.0488197055
2632	62	9101	94.9729669991
2633	61	9108	95.0447238762
2634	64	9115	95.1052184333
2635	68	9122	95.0436514588
2636	64	9122	95.059954319
2637	69	9122	95.0087072296
2638	73	9122	94.9646021685
2639	69	9122	94.8931657079
2640	71	9123	94.8176817486
2641	67	9128	94.7359472181
2642	63	9134	94.6471836241
2643	66	9141	94.6676691934
2644	70	9148	94.6072190961
2645	68	9152	94.5498376091
2646	69	9153	94.6261425606
2647	72	9157	94.6440353828
2648	71	9158	94.5619484554
2649	74	9158	94.4735587108
2650	78	9162	94.4573180504
2651	76	9166	94.4273828325
2652	76	9169	94.4824950296
2653	71	9176	94.5421186704
2654	74	9179	94.5594900731
2655	79	9183	94.4985965445
2656	78	9188	94.5600249233
2657	75	9191	94.576454419
2658	70	9193	94.6173189575
2659	75	9199	94.6844825471
2660	71	9204	94.585975743
2661	71	9207	94.569209629
2662	76	9211	94.5615863187
2663	77	9216	94.6298370278
2664	78	9219	94.724772229
2665	79	9222	94.6423342952
2666	78	9228	94.6839179581
2667	80	9231	94.7711106006
2668	79	9234	94.8578727248
2669	82	9236	94.8788582155
2670	86	9238	94.9132775213
2671	88	9239	94.8919410607
2672	87	9239	94.8930305027
2673	88	9243	94.9587255992
2674	88	9243	95.0266914502
2675	86	9248	94.9934958705
2676	85	9249	95.0583915281
2677	89	9250	95.0069646719
2678	84	9251	94.9454254785
2679	84	9257	95.0451849977
2680	80	9263	95.0326289999
2681	81	9267	94.9554605136
2682	77	9267	94.8978154111
2683	76	9271	94.9950520065
2684	76	9277	95.0007253546
2685	76	9278	94.9255397299
2686	75	9285	94.9104509116
2687	71	9285	94.8326941284
2688	69	9286	94.9255266937
2689	73	9287	94.9082386297
2690	75	9287	94.8661785641
2691	74	9293	94.8084191717
2692	76	9296	94.8290801697
2693	78	9302	94.907684468
2694	80	9308	94.8756891144
2695	85	9310	94.8597596998
2696	87	9317	94.8470569382
2697	90	9320	94.8793239451
2698	88	9321	94.9654282548
2699	87	9321	94.9573837023
2700	85	9328	94.9372066617
2701	86	9328	94.9726859265
2702	82	9332	95.0630480233
2703	83	9339	95.1194517784
2704	86	9346	95.1755725391
2705	91	9351	95.1429808867
2706	96	9358	95.2015211291
2707	98	9358	95.1337694381
2708	98	9363	95.0936356707
2709	98	9368	95.155127056
2710	101	9372	95.2368732182
2711	105	9373	95.1605374325
2712	105	9380	95.2037243387
2713	100	9380	95.2503370126
2714	101	9386	95.2369233829
2715	106	9392	95.3247687319
2716	105	9398	95.2339205482
2717	103	9401	95.1736871992
2718	103	9407	95.1230052372
2719	99	9408	95.1538503167
2720	104	9410	95.1984385356
2721	101	9410	95.2360284133
2722	100	9411	95.2365507541
2723	96	9417	95.1866144837
2724	97	9423	95.1183166891
2725	102	9423	95.1844056987
2726	97	9429	95.2579441682
2727	92	9432	95.18262797
2728	97	9433	95.1180841601
2729	93	9437	95.0294463044
2730	93	9443	95.0407342118
2731	98	9444	95.0373912206
2732	94	9446	94.9400033341
2733	90	9450	94.9314773812
2734	86	9455	94.9926062366
2735	85	9458	95.0180456718
2736	84	9463	95.0148086062
2737	88	9468	95.0842528487
2738	86	9469	95.1707597081
2739	84	9474	95.1376112784
2740	88	9478	95.1325961275
2741	89	9482	95.047890261
2742	92	9483	94.9631531324
2743	89	9484	95.0272979634
2744	89	9490	95.0551739447
2745	84	9492	95.1354316282
2746	81	9496	95.1787427014
2747	78	9499	95.2000989225
2748	73	9500	95.2034199759
2749	68	9502	95.2906714427
2750	73	9506	95.3855364692
2751	73	9512	95.4058758234
2752	69	9512	95.4412314356
2753	68	9519	95.3718119002
2754	67	9520	95.3477700124
2755	64	9524	95.4305544087
2756	61	9528	95.437571654
2757	56	9535	95.3816334608
2758	55	9536	95.4778725626
2759	57	9543	95.5568798563
2760	60	9549	95.5697802972
2761	61	9556	95.520045452
2762	61	9560	95.558588414
2763	57	9563	95.486588364
2764	56	9569	95.4667340707
2765	57	9569	95.4324892238
2766	52	9576	95.3394863376
2767	51	9580	95.2485912983
2768	54	9585	95.1593754708
2769	59	9588	95.1235416018
2770	54	9595	95.1930428702
2771	50	9598	95.208976266
2772	53	9602	95.2151395241
2773	55	9608	95.2153998798
2774	58	9608	95.2245056259
2775	54	9609	95.1415796482
2776	57	9612	95.1198853139
2777	60	9618	95.1238640535
2778	64	9620	95.1857895217
2779	60	9625	95.2328218014
2780	65	9631	95.2690014045
2781	70	9636	95.3520140184
2782	65	9642	95.393339669
2783	70	9645	95.4878835155
2784	72	9650	95.4248143954
2785	71	9652	95.4145924729
2786	72	9657	95.4009753046
2787	67	9657	95.4999676416
2788	64	9663	95.5198613443
2789	61	9664	95.5551157408
2790	59	9668	95.6503044591
2791	63	9671	95.6035114046
2792	59	9678	95.5119024515
2793	61	9678	95.5896760869
2794	64	9682	95.6766648351
2795	69	9684	95.6873625283
2796	64	9688	95.7832057671
2797	64	9695	95.8467559601
2798	63	9701	95.8601065354
2799	60	9702	95.8497178235
2800	65	9706	95.9179980355
2801	65	9707	95.9893025023
2802	70	9708	95.9595815187
2803	70	9715	95.9311175822
2804	69	9716	95.9304949418
2805	65	9719	95.8840629917
2806	67	9722	95.9520389283
2807	70	9723	95.8843280502
2808	66	9725	95.8004701756
2809	63	9731	95.8207542828
2810	58	9733	95.8611872036
2811	55	9733	95.8428805008
2812	57	9735	95.8367591754
2813	59	9739	95.7832398325
2814	58	9746	95.8734203343
2815	63	9746	95.9151730864
2816	65	9750	95.8383026182
2817	60	9752	95.8575887135
2818	60	9755	95.9314393289
2819	64	9756	96.0048124065
2820	62	9756	95.9167302401
2821	60	9760	96.0153795573
2822	55	9762	96.1136376231
2823	50	9764	96.0296868976
2824	55	9767	95.9999500024
2825	58	9774	95.9557827112
2826	58	9780	95.974591636
2827	54	9786	96.065245663
2828	59	9789	96.0511944544
2829	64	9793	95.9892625985
2830	67	9797	95.9056097654
2831	66	9803	95.8821678834
2832	62	9810	95.7986152102
2833	61	9813	95.767405845
2834	60	9814	95.7725129124
2835	64	9817	95.6829305767
2836	68	9824	95.7512771102
2837	68	9831	95.6716983967
2838	68	9834	95.6985032313
2839	65	9837	95.7774612336
2840	62	9843	95.7528802353
2841	61	9845	95.7042905763
2842	61	9848	95.782359624
2843	58	9852	95.7264344373
2844	57	9859	95.8145037978
2845	56	9866	95.7927313546
2846	59	9866	95.874412775
2847	55	9870	95.8026468685
2848	52	9870	95.8895209318
2849	50	9871	95.815372891
2850	50	9873	95.748258141
2851	50	9877	95.684494257
2852	50	9879	95.690438065
2853	50	9881	95.641519761
2854	50	9884	95.6582683538
2855	55	9891	95.5794683842
2856	54	9896	95.6748644595
2857	58	9896	95.6260377392
2858	60	9902	95.7076772965
2859	61	9902	95.7997984804
2860	58	9905	95.8084502271
2861	60	9908	95.7165932462
2862	64	9908	95.7750327219
2863	65	9910	95.7478586335
2864	65	9911	95.7821742267
2865	60	9915	95.7609144232
2866	57	9920	95.8186969804
2867	61	9923	95.8755941543
2868	60	9929	95.8015453068
2869	58	9935	95.9009712827
2870	57	9936	95.8607747289
2871	54	9940	95.8848277005
2872	55	9943	95.8204367169
2873	50	9946	95.8778858854
2874	52	9952	95.9290416006
2875	50	9958	95.9668961141
2876	50	9958	96.0637125147
2877	50	9960	96.1032741857
2878	50	9961	96.0149698692
2879	50	9967	96.0490538936
2880	50	9969	95.9536767744
2881	50	9976	95.9650502304
2882	50	9980	95.9882252145
2883	50	9982	96.0145189118
2884	50	9987	95.9721466369
2885	52	9989	96.0269680374
2886	50	9996	96.0932307363
2887	50	9996	96.0877831045
2888	50	10001	96.125919159
2889	50	10006	96.0273654604
2890	51	10011	95.958708038
2891	50	10016	95.9781585694
2892	50	10017	96.0077122444
2893	51	10019	95.9879878366
2894	53	10022	95.9355771078
2895	58	10028	95.964193652
2896	63	10032	95.9075170942
2897	63	10034	95.8754223642
2898	61	10040	95.8835961114
2899	57	10042	95.8283339516
2900	53	10043	95.8748064671
2901	58	10044	95.8990369163
2902	61	10047	95.8222846596
2903	60	10051	95.9156231886
2904	58	10051	95.9416979727
2905	54	10052	95.973225454
2906	50	10052	95.9426074904
2907	50	10058	95.9265497798
2908	50	10060	95.880330436
2909	52	10061	95.8641021143
2910	53	10067	95.8686000345
2911	58	10073	95.8344676774
2912	63	10074	95.8514874423
2913	68	10080	95.9468072776
2914	70	10083	96.0424258043
2915	71	10088	96.1019386869
2916	74	10090	96.1605860613
2917	79	10091	96.0891396908
2918	80	10096	96.1564424794
2919	85	10099	96.0670062934
2920	80	10105	96.0426788116
2921	76	10112	96.1163743535
2922	72	10113	96.2095524058
2923	68	10117	96.2952539081
2924	73	10117	96.233782666
2925	76	10119	96.2117445287
2926	79	10122	96.2851802221
2927	81	10124	96.3118508884
2928	83	10129	96.2535931753
2929	79	10131	96.3090562328
2930	83	10131	96.2092301673
2931	85	10132	96.2931666492
2932	84	10138	96.3244410689
2933	83	10141	96.2976696509
2934	82	10142	96.325790072
2935	84	10147	96.2269178145
2936	86	10147	96.2665709202
2937	81	10148	96.260674993
2938	78	10148	96.2777212896
2939	79	10150	96.2549116554
2940	81	10151	96.2782333253
2941	78	10154	96.2814233991
2942	78	10154	96.2738167094
2943	80	10156	96.2322648834
2944	85	10159	96.3231363479
2945	83	10159	96.3237596438
2946	81	10161	96.2346309627
2947	77	10166	96.2734508436
2948	77	10168	96.3564150552
2949	76	10168	96.346974345
2950	72	10172	96.3422235708
2951	73	10173	96.2469269833
2952	73	10178	96.1743270269
2953	70	10179	96.1474815006
2954	68	10181	96.0663821088
2955	69	10182	96.134757449
2956	69	10184	96.0449111458
2957	66	10191	96.0695513261
2958	71	10193	96.1211207307
2959	70	10196	96.0324924099
2960	71	10201	96.0065322599
2961	66	10203	95.9363106895
2962	63	10206	95.8367622334
2963	68	10213	95.9331949135
2964	65	10220	95.9681448785
2965	64	10222	95.9683790249
2966	68	10224	95.9844861872
2967	70	10224	95.9517274661
2968	73	10228	96.0510240045
2969	78	10230	96.0412617907
2970	75	10235	96.1227213852
2971	72	10241	96.2216060485
2972	70	10245	96.3156385273
2973	70	10245	96.4058088844
2974	74	10252	96.3830591806
2975	79	10258	96.4287693569
2976	81	10261	96.4345270137
2977	86	10261	96.4366792606
2978	86	10265	96.5004721528
2979	85	10269	96.4243123204
2980	89	10274	96.3719896537
2981	88	10281	96.305596483
2982	83	10283	96.3369700909
2983	83	10289	96.2399911975
2984	88	10291	96.3343346171
2985	86	10294	96.3652945727
2986	83	10300	96.4646369143
2987	80	10306	96.5293655567
2988	77	10313	96.5854682661
2989	74	10318	96.5039170642
2990	75	10322	96.4218977604
2991	80	10329	96.4697637538
2992	80	10331	96.3965652541
2993	84	10332	96.3500240386
2994	81	10339	96.3732734486
2995	85	10344	96.3401379845
2996	85	10344	96.4187824875
2997	83	10344	96.4685555977
2998	80	10345	96.418108725
2999	85	10352	96.413890149
3000	85	10355	96.4006230174
3001	87	10362	96.4304829543
3002	92	10369	96.4140269097
3003	96	10370	96.4329667298
3004	96	10373	96.4002383696
3005	101	10377	96.3293756538
3006	97	10381	96.2537221339
3007	94	10383	96.3172186626
3008	90	10387	96.3636067694
3009	95	10393	96.3534525805
3010	98	10397	96.4109598653
3011	99	10403	96.5042842764
3012	96	10403	96.4892155924
3013	96	10410	96.5604448498
3014	92	10416	96.4734354481
3015	89	10421	96.418484022
3016	92	10427	96.3653582588
3017	87	10434	96.3509603672
3018	92	10434	96.348402292
3019	94	10434	96.3548335775
3020	99	10438	96.3011606523
3021	94	10443	96.2289628169
3022	90	10449	96.2879035122
3023	95	10449	96.2933504879
3024	100	10453	96.3171859017
3025	104	10459	96.3764233118
3026	100	10464	96.3555605043
3027	101	10469	96.4291319339
3028	100	10471	96.3741643074
3029	104	10474	96.4255090701
3030	104	10477	96.4052167388
3031	99	10481	96.4344447727
3032	99	10481	96.52738529
3033	99	10481	96.4387074831
3034	101	10486	96.5062634042
3035	106	10491	96.491951746
3036	110	10498	96.4936616821
3037	105	10499	96.4791839311
3038	104	10501	96.5725796419
3039	99	10504	96.4857422805
3040	100	10508	96.556632705
3041	95	10509	96.629488857
3042	90	10516	96.5489496065
3043	93	10520	96.4801085068
3044	94	10526	96.5630098941
3045	90	10532	96.5451022706
3046	85	10535	96.5348096856
3047	89	10539	96.5382061389
3048	91	10539	96.512365823
3049	91	10543	96.5228902049
3050	94	10545	96.6079401464
3051	99	10546	96.6420242632
3052	99	10553	96.6571947302
3053	104	10559	96.6670847748
3054	109	10560	96.7640064664
3055	109	10560	96.7227985158
3056	104	10566	96.8106349421
3057	104	10566	96.8842617178
3058	103	10571	96.943301879
3059	99	10577	96.8785608121
3060	101	10583	96.8542015831
3061	96	10586	96.8009020522
3062	99	10589	96.8640218558
3063	104	10592	96.8551490811
3064	104	10592	96.9380368676
3065	99	10595	96.9887786175
3066	104	10599	97.0579281301
3067	102	10604	97.1451547883
3068	102	10607	97.0806276159
3069	99	10608	97.0149021848
3070	103	10612	97.0403566997
3071	102	10612	97.0680357496
3072	103	10617	97.0656667131
3073	103	10623	97.0182780669
3074	108	10627	96.988551626
3075	103	10629	97.0384399667
3076	106	10636	97.0824686361
3077	103	10638	97.1434010163
3078	107	10639	97.2230609582
3079	104	10639	97.2525594904
3080	100	10645	97.2818052222
3081	100	10651	97.3655711966
3082	98	10656	97.4018923682
3083	93	10657	97.4436683819
3084	90	10662	97.4489564627
3085	87	10665	97.4413806733
3086	84	10672	97.4311409212
3087	88	10673	97.4895955749
3088	89	10680	97.5792468366
3089	85	10685	97.5811143509
3090	81	10691	97.6573906592
3091	78	10698	97.6345125581
3092	73	10704	97.6267175274
3093	72	10711	97.6170608753
3094	76	10712	97.6149686352
3095	77	10717	97.5248830733
3096	82	10720	97.5119816793
3097	84	10727	97.5796563111
3098	85	10734	97.5509641953
3099	88	10737	97.5097717468
3100	92	10737	97.5512302105
3101	93	10740	97.457773399
3102	90	10744	97.4750269393
3103	85	10746	97.5081399997
3104	89	10750	97.4652702654
3105	93	10752	97.3666113208
3106	96	10756	97.3905230764
3107	92	10763	97.3749647401
3108	87	10770	97.2818545755
3109	88	10770	97.2617493405
3110	83	10777	97.2247316116
3111	79	10782	97.2216534589
3112	78	10787	97.169646532
3113	73	10788	97.2045176459
3114	69	10793	97.1090911171
3115	65	10800	97.0364774572
3116	70	10801	96.9370789525
3117	70	10807	96.9210957153
3118	71	10814	96.8436156277
3119	71	10814	96.8297557536
3120	74	10819	96.814498127
3121	77	10824	96.8635909408
3122	75	10830	96.9144187793
3123	71	10836	96.9239449691
3124	66	10837	96.852258614
3125	66	10844	96.9486746172
3126	62	10851	97.0138376659
3127	61	10856	96.9843696862
3128	59	10857	97.0098235921
3129	63	10864	96.9277807198
3130	63	10869	96.9058340747
3131	64	10875	96.8129851908
3132	66	10875	96.8031219448
3133	66	10882	96.8722958832
3134	70	10887	96.956000531
3135	74	10891	97.0203227638
3136	78	10892	97.0604632772
3137	74	10893	97.0543393876
3138	73	10895	97.0135483065
3139	69	10897	97.1051325689
3140	72	10904	97.0200569919
3141	76	10907	96.9351717311
3142	80	10914	96.928960916
3143	84	10917	96.9827578222
3144	79	10918	96.9276411539
3145	84	10919	96.9043379961
3146	83	10919	96.846457673
3147	88	10920	96.7816279148
3148	86	10924	96.7162293815
3149	86	10929	96.6613251527
3150	89	10933	96.6704862344
3151	93	10937	96.5802417549
3152	96	10939	96.503703332
3153	95	10943	96.466915016
3154	98	10943	96.5144206947
3155	101	10947	96.5853760259
3156	106	10954	96.6161832282
3157	111	10957	96.7134220427
3158	116	10963	96.6422265937
3159	112	10964	96.6618874186
3160	110	10967	96.6688762342
3161	108	10969	96.6404482685
3162	109	10974	96.6601276576
3163	106	10976	96.5803705621
3164	110	10983	96.5209228815
3165	106	10987	96.5998761047
3166	104	10989	96.5094113958
3167	102	10994	96.595090672
3168	103	10994	96.5350987663
3169	102	11001	96.5410349166
3170	107	11005	96.5215479966
3171	109	11008	96.6061362088
3172	114	11014	96.6657512922
3173	111	11018	96.6270786784
3174	107	11021	96.560648008
3175	112	11025	96.5709256903
3176	115	11030	96.6202577527
3177	111	11034	96.5639559092
3178	114	11040	96.5747313363
3179	114	11047	96.6745587129
3180	114	11052	96.5900515466
3181	119	11055	96.598101757
3182	119	11057	96.5836938408
3183	121	11063	96.6580002084
3184	123	11067	96.6503790061
3185	127	11070	96.5551446729
3186	122	11071	96.6471011506
3187	123	11075	96.7158193673
3188	119	11081	96.6942555811
3189	122	11085	96.7069064783
3190	124	11089	96.7283313933
3191	128	11095	96.7416003426
3192	130	11100	96.7427553817
3193	126	11107	96.8331940906
3194	128	11107	96.8323033854
3195	125	11113	96.9320784548
3196	121	11118	96.9301540915
3197	121	11118	96.9599217849
3198	119	11122	96.9896890492
3199	122	11127	97.0010052006
3200	125	11132	97.077015929
3201	124	11132	97.0672077509
3202	125	11132	96.9757261241
3203	130	11133	96.9720907179
3204	125	11140	97.0230178519
3205	128	11145	97.0681301512
3206	126	11147	97.0898418909
3207	124	11152	97.1058407802
3208	126	11152	97.1965426228
3209	128	11153	97.1367820994
3210	127	11160	97.0971394388
3211	128	11161	97.0414582808
3212	123	11168	97.0069749487
3213	120	11173	97.0671459154
3214	119	11174	97.1654367064
3215	123	11178	97.1968324137
3216	120	11178	97.2662886964
3217	123	11182	97.1698436786
3218	118	11186	97.0815048638
3219	121	11186	97.0682589433
3220	121	11192	97.102217293
3221	122	11199	97.1314950008
3222	119	11203	97.069036987
3223	117	11210	97.0011354694
3224	119	11215	96.9438121773
3225	120	11219	97.0233480164
3226	116	11225	96.9867007353
3227	112	11231	97.0121108469
3228	115	11236	96.9122395133
3229	114	11236	96.9574858216
3230	112	11242	97.0211020987
3231	112	11243	97.1023719002
3232	114	11246	97.1820708083
3233	111	11246	97.2750126625
3234	112	11247	97.2750264837
3235	107	11254	97.3199309443
3236	102	11257	97.3208042792
3237	98	11260	97.2532737436
3238	99	11260	97.2986101553
3239	94	11261	97.3932637668
3240	94	11263	97.352699702
3241	92	11265	97.4250702457
3242	95	11266	97.4276463354
3243	92	11270	97.4602368007
3244	87	11276	97.4528380585
3245	85	11282	97.4598610329
3246	82	11282	97.5352670271
3247	84	11284	97.4787329251
3248	80	11286	97.5070415009
3249	85	11292	97.5979393547
3250	80	11292	97.6856022169
3251	77	11298	97.6871728832
3252	73	11305	97.6422228324
3253	75	11310	97.6723493794
3254	79	11315	97.742941145
3255	81	11320	97.7731126017
3256	79	11323	97.7718306154
3257	76	11329	97.8203047899
3258	76	11329	97.8274205569
3259	77	11334	97.9273681715
3260	75	11334	97.9048646015
3261	71	11334	97.8854432286
3262	72	11337	97.853453078
3263	77	11342	97.8489982206
3264	80	11348	97.8567051111
3265	81	11351	97.8679419605
3266	80	11358	97.7950875474
3267	82	11360	97.8783288069
3268	77	11367	97.9488846513
3269	81	11367	97.9574082974
3270	83	11373	97.8787019202
3271	79	11378	97.9515438657
3272	79	11383	98.0148278765
3273	74	11386	98.0634795016
3274	79	11390	98.0905699873
3275	81	11396	97.9939448715
3276	83	11400	98.0159261908
3277	84	11403	97.9498610623
3278	85	11408	97.8523543394
3279	87	11409	97.7602772762
3280	88	11410	97.7652679193
3281	84	11416	97.8537448416
3282	87	11423	97.8906605802
3283	87	11427	97.9710767381
3284	83	11434	97.8875599826
3285	78	11437	97.836943732
3286	78	11440	97.7805382919
3287	81	11441	97.7425337962
3288	77	11441	97.7549690857
3289	73	11447	97.7893070852
3290	75	11447	97.7218541925
3291	75	11450	97.7812929944
3292	70	11454	97.6995841206
3293	75	11460	97.7425284852
3294	71	11464	97.8321320637
3295	73	11464	97.7788894204
3296	70	11470	97.7634674022
3297	74	11476	97.7277503976
3298	77	11479	97.7849005194
3299	72	11486	97.7295809372
3300	74	11490	97.7885960099
3301	69	11491	97.7903842945
3302	68	11497	97.7199991233
3303	71	11502	97.6754791967
3304	74	11502	97.679504405
3305	77	11506	97.7693456793
3306	76	11513	97.7354389686
3307	75	11518	97.793918546
3308	77	11525	97.8000789635
3309	81	11526	97.7298148132
3310	80	11529	97.8163371889
3311	85	11536	97.856840709
3312	86	11536	97.8588696136
3313	81	11542	97.8024348692
3314	82	11549	97.8096774699
3315	83	11549	97.8015151846
3316	79	11553	97.872562591
3317	78	11556	97.8049054031
3318	76	11560	97.7483363044
3319	78	11566	97.6635185343
3320	81	11570	97.7093924798
3321	82	11573	97.6367883659
3322	78	11576	97.6117932551
3323	82	11580	97.6088578687
3324	83	11583	97.5931126188
3325	81	11589	97.5560250213
3326	79	11591	97.51954047
3327	74	11597	97.6110632365
3328	73	11604	97.5769215402
3329	76	11611	97.5217907456
3330	79	11617	97.5092440867
3331	74	11619	97.4536763811
3332	76	11622	97.4200413903
3333	75	11626	97.4438453389
3334	80	11632	97.3758247134
3335	79	11639	97.4286499976
3336	79	11639	97.4826511878
3337	83	11643	97.4912811584
3338	82	11647	97.4421123721
3339	83	11648	97.4905588988
3340	87	11653	97.5722032004
3341	84	11658	97.4810390219
3342	79	11661	97.5711984761
3343	79	11661	97.4999034792
3344	82	11663	97.5718695251
3345	81	11663	97.4975502793
3346	84	11664	97.4577229789
3347	80	11670	97.4786844787
3348	81	11677	97.5017384875
3349	81	11679	97.4387419135
3350	79	11685	97.366557942
3351	78	11688	97.3085160348
3352	77	11689	97.3620836378
3353	72	11691	97.4020020552
3354	74	11694	97.3807341023
3355	77	11701	97.3367672284
3356	73	11708	97.2501176858
3357	70	11712	97.2619748981
3358	71	11716	97.3458563528
3359	70	11717	97.4109100258
3360	71	11718	97.3444098061
3361	74	11720	97.3949752373
3362	76	11725	97.4115574176
3363	76	11729	97.313860309
3364	76	11729	97.3496285986
3365	74	11729	97.3957271294
3366	73	11735	97.3973653015
3367	75	11736	97.4574699781
3368	72	11739	97.3591855445
3369	77	11743	97.362504652
3370	74	11750	97.3956037731
3371	73	11753	97.4680292037
3372	74	11759	97.4578801538
3373	70	11763	97.4171466888
3374	74	11767	97.360191735
3375	74	11772	97.4403927531
3376	70	11776	97.425944368
3377	75	11776	97.3565941149
3378	78	11778	97.3191054306
3379	77	11785	97.3883015031
3380	76	11790	97.4705728867
3381	75	11796	97.487389752
3382	78	11801	97.5239026879
3383	80	11802	97.4919135296
3384	79	11807	97.5913911849
3385	78	11810	97.5554605378
3386	76	11816	97.4754050881
3387	77	11817	97.4561279247
3388	78	11819	97.4083606252
3389	83	11821	97.3182469293
3390	79	11825	97.3633441628
3391	81	11826	97.3773661119
3392	76	11830	97.3927168884
3393	81	11831	97.4122967204
3394	80	11835	97.3537935876
3395	77	11842	97.3343224806
3396	78	11849	97.2544712057
3397	78	11854	97.236210263
3398	81	11859	97.2430385508
3399	79	11863	97.2194571791
3400	82	11864	97.2505039031
3401	87	11867	97.3177244163
3402	90	11869	97.3532423222
3403	95	11873	97.2750450763
3404	96	11879	97.2216667928
3405	91	11882	97.2668431868
3406	91	11889	97.2677943025
3407	96	11895	97.2487641105
3408	94	11896	97.1846086882
3409	90	11896	97.185405112
3410	89	11901	97.1226178487
3411	90	11908	97.1569630103
3412	91	11911	97.2350134709
3413	96	11916	97.1433318419
3414	96	11918	97.1369757949
3415	93	11920	97.1445671278
3416	88	11922	97.0831312421
3417	90	11922	97.0800252002
3418	90	11925	97.1752122616
3419	95	11930	97.2240840911
3420	100	11930	97.1924274842
3421	105	11933	97.2219790875
3422	102	11937	97.2494719489
3423	103	11944	97.1886847974
3424	108	11944	97.2109232133
3425	110	11950	97.1116234123
3426	110	11957	97.0793229598
3427	112	11963	97.1651487821
3428	115	11966	97.1317496943
3429	119	11973	97.0663565728
3430	124	11976	97.0331027127
3431	119	11977	97.0958344042
3432	121	11978	97.1517453379
3433	120	11980	97.0743094331
3434	125	11985	96.9759737871
3435	120	11989	97.0453329038
3436	116	11992	96.9738975916
3437	116	11992	96.8904413449
3438	114	11995	96.9672069899
3439	113	12001	96.994849399
3440	118	12006	97.0170693403
3441	115	12007	97.0376827243
3442	114	12010	96.988267369
3443	110	12011	97.0469133785
3444	105	12016	96.9523092105
3445	102	12017	97.017494917
3446	100	12018	97.0322148898
3447	97	12019	96.9781789965
3448	99	12023	96.9137261641
3449	102	12024	96.9084672805
3450	105	12031	96.988453035
3451	104	12033	97.0837827199
3452	100	12038	97.0114609522
3453	96	12041	97.073376174
3454	98	12045	97.1113892589
3455	101	12051	97.1768267434
3456	105	12055	97.2579998004
3457	102	12062	97.2558584287
3458	106	12066	97.3036004382
3459	105	12073	97.2805064041
3460	103	12079	97.3248366761
3461	107	12083	97.3001316843
3462	108	12085	97.2224247572
3463	113	12086	97.2469345123
3464	116	12087	97.2209315232
3465	119	12090	97.1446091719
3466	116	12090	97.1753986195
3467	117	12091	97.1875664668
3468	112	12092	97.2004974367
3469	113	12092	97.2526275236
3470	116	12096	97.2656192588
3471	112	12101	97.1887052172
3472	111	12105	97.2706491606
3473	107	12112	97.2911837358
3474	107	12113	97.3164053089
3475	103	12116	97.37943606
3476	100	12117	97.4278830673
3477	98	12123	97.4417975495
3478	93	12125	97.5312646061
3479	90	12128	97.4962786048
3480	95	12135	97.4040089654
3481	100	12136	97.3683197501
3482	98	12140	97.4090197295
3483	102	12147	97.3398432796
3484	101	12150	97.3780820981
3485	106	12153	97.3101975449
3486	109	12155	97.2885042214
3487	105	12156	97.2518798683
3488	105	12160	97.1922225972
3489	103	12164	97.2052582039
3490	99	12165	97.1072522521
3491	99	12167	97.113556603
3492	99	12167	97.1893575743
3493	99	12171	97.1365528417
3494	102	12174	97.1668364641
3495	98	12178	97.15563123
3496	94	12178	97.2153234322
3497	99	12185	97.1704009613
3498	103	12185	97.1269266691
3499	102	12185	97.1545694738
3500	104	12190	97.0935456059
3501	106	12190	97.0191528848
3502	102	12191	97.0748426118
3503	106	12193	97.0066042272
3504	109	12193	97.0391374676
3505	113	12194	97.0629206964
3506	118	12199	97.0131736392
3507	119	12205	97.06279324
3508	123	12208	97.0170460615
3509	120	12208	97.0075788047
3510	119	12213	96.9398030365
3511	118	12214	97.0221993964
3512	123	12215	96.9741018533
3513	119	12215	96.9479838095
3514	118	12219	96.9400971775
3515	123	12225	96.99021817
3516	118	12229	96.9624624062
3517	116	12235	97.0519640962
3518	114	12235	97.0455380821
3519	112	12238	96.9912833817
3520	113	12239	97.0169158149
3521	117	12240	96.9772087573
3522	122	12243	96.9814605366
3523	126	12247	96.9912069813
3524	126	12247	96.8917359543
3525	131	12248	96.7935143441
3526	131	12253	96.7631041331
3527	135	12259	96.7058673023
3528	137	12266	96.6731810955
3529	134	12273	96.7063492272
3530	135	12275	96.6114264068
3531	138	12275	96.5449104313
3532	142	12279	96.529919259
3533	140	12281	96.5421978149
3534	135	12281	96.5321822878
3535	140	12283	96.5319320447
3536	141	12287	96.4880134231
3537	139	12292	96.4296050851
3538	135	12293	96.4313204581
3539	139	12300	96.4674777609
3540	139	12307	96.5179474305
3541	141	12308	96.5522704964
3542	144	12311	96.6187337084
3543	145	12311	96.6657004887
3544	147	12314	96.6467197877
3545	144	12321	96.7123788769
3546	144	12326	96.6436142043
3547	140	12331	96.5999635523
3548	145	12332	96.521084461
3549	140	12336	96.4378687309
3550	140	12338	96.3533546715
3551	142	12344	96.3766722669
3552	140	12351	96.3414643489
3553	144	12356	96.42730357
3554	142	12357	96.3998604084
3555	139	12363	96.4907942781
3556	134	12368	96.465700144
3557	132	12374	96.4523226865
3558	130	12377	96.4642183039
3559	130	12383	96.4436936754
3560	131	12390	96.4034178291
3561	129	12394	96.3593395201
3562	128	12398	96.3635359064
3563	124	12401	96.3615049973
3564	129	12405	96.4032908922
3565	130	12408	96.4972993242
3566	130	12411	96.4825430995
3567	132	12414	96.564504666
3568	127	12416	96.5642835195
3569	123	12421	96.5855280473
3570	122	12427	96.5332427135
3571	119	12427	96.4942736861
3572	117	12432	96.4164829664
3573	114	12434	96.3762613756
3574	118	12436	96.4693060474
3575	119	12438	96.5327266828
3576	121	12441	96.5790595347
3577	116	12447	96.6218784764
3578	120	12448	96.5578235595
3579	116	12455	96.4690253259
3580	111	12462	96.4508247633
3581	113	12469	96.4853234785
3582	114	12472	96.5060660743
3583	111	12479	96.4351416588
3584	108	12485	96.5157187634
3585	112	12489	96.4513416891
3586	112	12491	96.463909453
3587	107	12491	96.5047118868
3588	105	12497	96.5914475098
3589	103	12499	96.5062299891
3590	105	12499	96.5177110594
3591	103	12500	96.5731947834
3592	105	12501	96.5635426981
3593	110	12503	96.5466133577
3594	112	12510	96.5492439832
3595	110	12510	96.5470938619
3596	113	12511	96.548637664
3597	116	12515	96.6333534744
3598	113	12516	96.6868825274
3599	111	12523	96.6155019225
3600	107	12526	96.5578123902
3601	106	12526	96.6003161682
3602	109	12531	96.5623632976
3603	109	12531	96.5864656335
3604	110	12538	96.6293448996
3605	106	12539	96.6977255733
3606	109	12544	96.6594736072
3607	113	12549	96.6002598856
3608	111	12554	96.532549868
3609	116	12558	96.4719147981
3610	111	12561	96.4528270001
3611	110	12568	96.3847704192
3612	110	12574	96.334653532
3613	111	12580	96.3167679498
3614	112	12586	96.3623835752
3615	117	12592	96.3263444057
3616	112	12592	96.3848445091
3617	111	12594	96.4342784209
3618	110	12599	96.5156378436
3619	111	12603	96.5902783667
3620	116	12610	96.6056862306
3621	113	12617	96.6556335836
3622	118	12623	96.6590879286
3623	116	12627	96.7129052366
3624	117	12631	96.798961239
3625	115	12637	96.7161812172
3626	118	12643	96.7906192938
3627	115	12648	96.8699334578
3628	118	12653	96.9221772696
3629	122	12658	96.9918585264
3630	118	12658	97.029285669
3631	118	12663	96.9538970676
3632	113	12669	96.9234844973
3633	117	12675	96.8425324368
3634	119	12680	96.8845403895
3635	124	12681	96.8376552605
3636	123	12684	96.7880511638
3637	118	12691	96.8745147473
3638	116	12691	96.8285140545
3639	116	12694	96.7766278251
3640	118	12694	96.6993958948
3641	116	12700	96.7561749734
3642	118	12707	96.8141799069
3643	113	12707	96.8248366088
3644	116	12713	96.8048829886
3645	119	12713	96.7974712495
3646	121	12719	96.8723345962
3647	117	12724	96.8743232986
