1	128	4	94.908246395
2	130	8	94.8440012579
3	128	14	94.9111701439
4	123	21	94.9338065609
5	124	22	94.8587093089
6	119	23	94.8621890839
7	123	27	94.8920429609
8	123	32	94.9863408231
9	119	36	95.0234256826
10	115	43	95.0168077399
11	110	46	94.9979048121
12	113	50	94.9875178608
13	115	51	95.0610211865
14	119	57	95.0409335786
15	118	62	95.085551242
16	120	64	95.1036015392
17	118	68	95.1423105366
18	119	75	95.1341054521
19	121	75	95.1885910617
20	119	80	95.0923075688
21	122	83	95.07728137
22	124	89	95.0307533949
23	125	92	94.996807442
24	128	92	94.9870914245
25	127	97	94.9893417096
26	127	97	95.0620375305
27	124	100	95.1281400294
28	129	105	95.0596277551
29	128	108	95.0328518774
30	127	114	94.9480435675
31	127	121	94.925921162
32	122	128	94.9587734491
33	119	135	94.9408880025
34	118	141	95.0277886702
35	119	141	94.9939901847
36	123	142	94.98228172
37	123	145	95.0241567768
38	121	146	95.0879591345
39	123	151	95.1351570968
40	123	152	95.085857269
41	128	159	95.0937107572
42	130	161	95.0803573883
43	135	167	95.1252940107
44	135	170	95.1793440697
45	134	175	95.1492901885
46	135	179	95.1342831348
47	135	186	95.1003569413
48	132	186	95.1233215185
49	130	190	95.030957513
50	130	191	95.079987912
51	127	197	95.1378756566
52	129	204	95.06359425
53	130	211	95.0978209019
54	127	211	95.0423592389
55	125	212	95.0503036429
56	128	213	95.0425452091
57	125	219	95.0976606036
58	122	224	95.0838053822
59	122	229	95.1024936377
60	117	231	95.0630211682
61	120	231	95.0802796665
62	124	236	95.1243687169
63	121	239	95.0401708661
64	125	242	94.9711073046
65	122	246	95.0469053372
66	120	252	94.9719487074
67	117	258	95.0520815231
68	117	263	95.0929693945
69	114	263	95.1857272688
70	118	264	95.1747100595
71	113	268	95.2145412871
72	117	270	95.1322110164
73	118	270	95.204962268
74	121	272	95.1333755875
75	119	276	95.113349325
76	115	280	95.0168550551
77	112	282	95.0375500743
78	107	288	94.9385401903
79	105	292	95.0370023069
80	100	299	95.1096098111
81	97	306	95.2009245325
82	94	309	95.182282765
83	93	314	95.2446148115
84	91	320	95.1992961613
85	92	327	95.1422957769
86	97	331	95.0614658742
87	97	338	95.0205993412
88	94	338	94.9370886411
89	92	344	95.0293102312
90	87	350	95.0152115864
91	83	356	94.9614948184
92	84	359	94.9220721864
93	89	360	94.9470713844
94	91	360	94.9144442123
95	89	365	94.9669300206
96	94	365	94.9710041053
97	99	367	94.9480032536
98	97	369	94.987399231
99	92	375	94.892907149
100	96	375	94.9537924923
101	93	382	94.9382611385
102	91	385	94.90945624
103	95	389	94.9650847416
104	95	389	94.975242809
105	93	396	94.8831039718
106	93	401	94.9439645702
107	96	408	95.0046985966
108	101	408	95.02648149
109	101	411	94.9553064511
110	104	418	94.9129651953
111	102	422	95.0082298913
112	100	428	94.9085082931
113	102	435	95.0034520038
114	104	440	95.0019590841
115	101	440	95.0363058248
116	103	444	95.0249335346
117	105	444	95.0112953798
118	108	451	95.0904709534
119	110	455	95.031012078
120	109	462	94.9479104051
121	111	462	94.8732450621
122	116	464	94.8944042531
123	111	466	94.889965759
124	115	466	94.9137849703
125	120	468	94.8622138913
126	118	475	94.8986045495
127	113	478	94.8374430603
128	109	481	94.8008893541
129	105	486	94.8553609189
130	109	492	94.790848045
131	108	496	94.822022362
132	108	502	94.7645494611
133	107	508	94.8205250585
134	103	515	94.8523775053
135	99	516	94.821741308
136	94	523	94.8254027812
137	96	526	94.8745670819
138	98	527	94.7868002397
139	100	530	94.7681222242
140	102	535	94.8292631072
141	98	541	94.909999121
142	100	547	94.8418138794
143	100	547	94.8856885028
144	99	550	94.8531082871
145	103	550	94.8418122458
146	108	550	94.7550808712
147	103	554	94.786207983
148	107	557	94.7719410816
149	106	564	94.7930666256
150	111	568	94.8282190468
151	110	570	94.7920729337
152	110	577	94.778626709
153	107	580	94.7151370554
154	112	581	94.7611882017
155	107	581	94.7415631381
156	108	588	94.6418818095
157	108	590	94.6551011662
158	108	592	94.5752155542
159	111	597	94.5616795493
160	107	604	94.6083777737
161	108	609	94.6815999184
162	113	615	94.7635862299
163	117	620	94.7707140052
164	120	626	94.7408274497
165	120	633	94.8106753659
166	118	639	94.7493230761
167	118	640	94.6845922475
168	117	646	94.7029946779
169	120	651	94.7369593659
170	118	651	94.7964836443
171	123	651	94.7436408835
172	125	654	94.7034269391
173	130	659	94.7587275565
174	128	666	94.8296174615
175	127	668	94.8586813753
176	123	670	94.8714684658
177	120	670	94.8023908979
178	121	674	94.8086724299
179	120	678	94.7450268542
180	123	682	94.7270492534
181	120	687	94.7431739233
182	117	692	94.6678265088
183	112	698	94.6732496425
184	110	701	94.7174952699
185	106	706	94.8152756025
186	102	707	94.757831046
187	102	711	94.813822399
188	104	714	94.843944024
189	102	715	94.8610904501
190	107	719	94.8791815238
191	102	720	94.7890311686
192	105	721	94.7508243579
193	105	726	94.7480811175
194	104	731	94.6940212918
195	107	735	94.6208798717
196	109	742	94.5432444769
197	104	749	94.5101108248
198	107	756	94.6036091293
199	107	763	94.6816917048
200	112	769	94.7662409936
201	115	776	94.8219098467
202	113	780	94.865863344
203	110	784	94.8038671073
204	106	789	94.8563323614
205	106	790	94.7841961615
206	109	794	94.8639015301
207	112	796	94.8005980199
208	107	801	94.8771243758
209	107	804	94.8187789279
210	110	807	94.8436830295
211	112	813	94.7885196651
212	110	817	94.735577066
213	114	824	94.7564392379
214	113	826	94.7040727797
215	116	833	94.7531771293
216	121	838	94.6979203966
217	123	838	94.6981799109
218	118	840	94.789311571
219	119	841	94.7913144542
220	120	841	94.8682224904
221	118	844	94.8516924452
222	119	844	94.8806237629
223	119	845	94.9705950539
224	124	851	95.0679186126
225	123	858	94.9782422517
226	118	858	94.9148221565
227	123	859	94.9879764396
228	125	859	95.0287004459
229	120	863	95.096633121
230	118	867	95.0689905854
231	117	874	95.1331064347
232	122	881	95.099235798
233	122	885	95.1861191731
234	121	888	95.118499051
235	119	894	95.143615929
236	123	899	95.1146950461
237	118	901	95.1286753351
238	115	905	95.201058481
239	112	906	95.3000622813
240	111	912	95.361511785
241	106	917	95.3053087432
242	101	919	95.294907163
243	99	925	95.2144787911
244	98	927	95.1223032131
245	98	928	95.130359044
246	98	934	95.0924156763
247	95	941	95.0891392058
248	97	942	95.0850424374
249	100	943	95.14481264
250	102	946	95.212305137
251	102	952	95.1578034558
252	102	959	95.1066583909
253	104	963	95.1203723237
254	99	965	95.190469434
255	99	965	95.1255712105
256	99	965	95.1701122357
257	94	967	95.2188442796
258	97	970	95.1466059944
259	95	972	95.2312101647
260	98	979	95.2477764138
261	94	985	95.2721004338
262	95	990	95.3526132812
263	94	992	95.2790391432
264	91	998	95.2363307668
265	95	1005	95.1424267192
266	95	1007	95.1989094222
267	100	1012	95.2878527449
268	102	1012	95.2827778354
269	101	1019	95.3674531488
270	104	1026	95.3279282658
271	107	1030	95.4014615617
272	103	1034	95.4128481987
273	102	1037	95.504298458
274	103	1038	95.5787404461
275	103	1038	95.5745619137
276	103	1041	95.5739798151
277	98	1046	95.6312137728
278	95	1049	95.5929443404
279	98	1054	95.5836400206
280	96	1060	95.54857178
281	93	1061	95.5004790963
282	94	1064	95.5589205715
283	94	1071	95.4784880188
284	97	1071	95.5738212944
285	94	1075	95.536184612
286	95	1080	95.5564099539
287	91	1083	95.4753076866
288	92	1089	95.5746440432
289	89	1091	95.6664601159
290	87	1091	95.6270672018
291	88	1096	95.7127012968
292	92	1101	95.7565107243
293	89	1102	95.721911241
294	91	1106	95.6908025728
295	95	1113	95.7172552875
296	91	1115	95.6494426366
297	94	1115	95.676127103
298	97	1116	95.7697091209
299	102	1123	95.8421354753
300	103	1127	95.7746022369
301	108	1130	95.6770590257
302	104	1130	95.6064880189
303	101	1130	95.6371005351
304	102	1131	95.6977615123
305	105	1138	95.7769397173
306	108	1143	95.6900228687
307	108	1147	95.6747829072
308	106	1151	95.7439197171
309	106	1158	95.6528852139
310	110	1159	95.6606533499
311	105	1162	95.7373357664
312	110	1165	95.7241172798
313	113	1168	95.74470942
314	109	1169	95.7564573286
315	106	1174	95.7225831066
316	108	1176	95.6854380005
317	103	1178	95.7812471616
318	98	1181	95.7910749185
319	97	1187	95.8654866718
320	100	1191	95.9249780344
321	104	1196	96.0245929674
322	109	1203	96.0550401805
323	114	1205	95.9826089353
324	117	1207	95.9796350584
325	114	1211	96.0093507686
326	113	1211	96.0915205152
327	117	1218	96.0376007919
328	122	1219	95.999523505
329	123	1220	96.0391396458
330	121	1226	96.0258238562
331	122	1227	95.988124991
332	117	1231	96.0376050185
333	122	1232	96.1175213153
334	124	1237	96.0213365986
335	120	1239	95.9695279722
336	115	1241	96.0334045293
337	115	1243	96.0603902072
338	119	1246	96.058594041
339	120	1250	96.0970101731
340	115	1256	96.0495229303
341	117	1259	96.0456074703
342	118	1262	96.0516686916
343	114	1266	96.0888685885
344	116	1273	96.000268065
345	112	1279	95.9706434051
346	111	1283	95.9566867411
347	114	1288	95.9571256209
348	109	1294	95.8652463744
349	114	1301	95.9299129169
350	112	1304	95.8945111735
351	115	1311	95.8233954745
352	113	1313	95.8025637191
353	117	1314	95.8245519347
354	114	1317	95.8078061472
355	118	1322	95.7122499688
356	113	1325	95.667230438
357	113	1327	95.5989361248
358	111	1332	95.6981441246
359	116	1335	95.6195641748
360	114	1339	95.6747506333
361	110	1339	95.6108050732
362	115	1342	95.5514269726
363	117	1347	95.4616171689
364	120	1350	95.4850621937
365	120	1352	95.422374268
366	116	1357	95.3266165724
367	115	1362	95.2277917122
368	110	1362	95.2719385364
369	112	1367	95.3119142555
370	107	1372	95.383158307
371	104	1378	95.4117384067
372	109	1383	95.3426278889
373	111	1389	95.3305415212
374	106	1392	95.302667005
375	101	1392	95.3572627622
376	106	1399	95.3324301353
377	111	1401	95.426068614
378	115	1403	95.3362383143
379	110	1404	95.2660565069
380	110	1409	95.344602787
381	105	1410	95.3112057389
382	110	1410	95.3399139527
383	112	1417	95.4397864987
384	117	1420	95.4667797518
385	118	1427	95.4000858242
386	114	1428	95.3769875547
387	113	1435	95.3414834441
388	114	1441	95.2866852865
389	113	1443	95.2609442136
390	114	1443	95.2210916792
391	110	1450	95.3031352049
392	113	1457	95.2474944488
393	115	1459	95.3429037478
394	119	1463	95.4212559928
395	121	1470	95.3239276368
396	117	1470	95.2768735613
397	119	1471	95.2071622935
398	118	1476	95.2893222145
399	123	1480	95.2066461738
400	126	1486	95.2873526087
401	130	1490	95.2282492894
402	132	1492	95.2722489048
403	135	1495	95.2613056999
404	136	1499	95.3183666399
405	132	1501	95.3207540236
406	131	1507	95.3628567607
407	136	1507	95.2862099237
408	134	1511	95.3318405373
409	131	1512	95.3680739987
410	136	1516	95.3021583809
411	136	1523	95.2111079658
412	135	1529	95.2939504236
413	134	1531	95.2858708183
414	131	1534	95.2201015638
415	129	1541	95.2870503388
416	134	1541	95.3141840727
417	136	1544	95.249381874
418	141	1546	95.324781194
419	142	1553	95.3368964043
420	145	1559	95.4262211855
421	149	1566	95.5064997139
422	145	1566	95.4681328812
423	149	1566	95.4040247469
424	149	1570	95.4213960541
425	152	1570	95.4567876271
426	153	1576	95.5222541168
427	149	1580	95.4648531304
428	149	1585	95.3834689224
429	152	1589	95.4529823578
430	150	1595	95.4310604067
431	155	1596	95.3331438222
432	153	1603	95.3990754682
433	152	1603	95.2994532189
434	155	1605	95.3300250313
435	155	1605	95.3360768503
436	150	1612	95.4021323356
437	145	1617	95.4370518396
438	150	1619	95.3681017722
439	153	1625	95.3615711117
440	153	1628	95.283492441
441	148	1634	95.3752169912
442	144	1634	95.4527453677
443	145	1641	95.3591420656
444	149	1646	95.3521851085
445	148	1653	95.3549827913
446	150	1653	95.4293360903
447	154	1657	95.3467659059
448	153	1657	95.3852481776
449	158	1664	95.351351505
450	157	1665	95.3766922788
451	156	1672	95.3031333026
452	161	1679	95.272306623
453	159	1682	95.2980748991
454	155	1685	95.2960608823
455	152	1688	95.3041291253
456	153	1691	95.3349155498
457	150	1695	95.3909513477
458	147	1699	95.358381855
459	147	1700	95.301316814
460	142	1703	95.2138131204
461	146	1703	95.303400871
462	145	1708	95.31756066
463	150	1710	95.2380151407
464	151	1712	95.3171127587
465	148	1719	95.3664793685
466	147	1720	95.2855890571
467	143	1720	95.2250434887
468	145	1726	95.153417269
469	149	1726	95.14482031
470	149	1730	95.1614855789
471	153	1735	95.1309530218
472	156	1735	95.2085322816
473	159	1736	95.1656158127
474	156	1740	95.1989956903
475	154	1747	95.2767634693
476	152	1747	95.2925228459
477	152	1748	95.3300324553
478	150	1750	95.285684666
479	154	1751	95.2729917357
480	156	1751	95.2294735628
481	153	1753	95.1983239932
482	153	1756	95.1004441639
483	157	1757	95.0051711683
484	159	1764	95.0072818353
485	161	1764	95.0359578309
486	159	1764	95.0249899566
487	159	1767	94.9771560088
488	157	1769	95.0539961371
489	154	1771	95.1407385923
490	159	1777	95.1533314182
491	163	1781	95.2531898839
492	158	1785	95.274663776
493	160	1786	95.3239121543
494	162	1791	95.3155498124
495	158	1794	95.3193317899
496	157	1798	95.3047231661
497	157	1800	95.3849777713
498	154	1804	95.2939582913
499	155	1804	95.3598144202
500	151	1809	95.2693840687
501	151	1812	95.3015384775
502	156	1812	95.3945187065
503	152	1813	95.4209298498
504	149	1818	95.4337642618
505	146	1825	95.5100656194
506	150	1828	95.5825054473
507	146	1831	95.50770346
508	145	1832	95.5800807166
509	142	1838	95.5929765923
510	145	1844	95.4998030449
511	142	1850	95.5366188587
512	137	1856	95.6047385628
513	141	1860	95.6736469937
514	144	1860	95.7389251111
515	143	1862	95.649159862
516	143	1866	95.744984747
517	145	1868	95.8403394422
518	140	1872	95.898172358
519	136	1872	95.9550454187
520	138	1878	95.8884323039
521	133	1878	95.9363062888
522	133	1880	95.8639102475
523	138	1881	95.8376742732
524	136	1884	95.7644161027
525	135	1885	95.7179176102
526	131	1886	95.7149625555
527	134	1890	95.8116934862
528	138	1890	95.7735945447
529	139	1892	95.7594669842
530	138	1898	95.6791160139
531	138	1902	95.6544572079
532	134	1904	95.7527306118
533	133	1908	95.7419688254
534	138	1912	95.6782383555
535	137	1915	95.7534554839
536	142	1919	95.7102337755
537	146	1925	95.8027345564
538	148	1926	95.8112534229
539	150	1926	95.7780334161
540	154	1928	95.8658245879
541	152	1935	95.9027418755
542	152	1939	95.8841119584
543	151	1946	95.7928052486
544	149	1951	95.8566144856
545	145	1954	95.8767004086
546	142	1961	95.903761883
547	147	1967	95.8773572224
548	150	1969	95.781354904
549	155	1976	95.8523911311
550	151	1982	95.8322577915
551	150	1986	95.8665646621
552	145	1991	95.9192141376
553	149	1998	95.9374793157
554	152	2004	95.8787808086
555	157	2008	95.8665271303
556	157	2010	95.7745831025
557	159	2013	95.8388873168
558	159	2015	95.8656359385
559	157	2015	95.8876892872
560	154	2018	95.8682572309
561	156	2020	95.8780906509
562	157	2021	95.8755415486
563	158	2027	95.8254013568
564	154	2031	95.9129489565
565	158	2031	95.8466125899
566	158	2031	95.7780862082
567	157	2038	95.7670589004
568	158	2041	95.7684593038
569	153	2043	95.7045552175
570	156	2049	95.7787016584
571	151	2051	95.7841454682
572	155	2057	95.7823858371
573	156	2063	95.8021943036
574	157	2063	95.8426093037
575	155	2065	95.9338720169
576	159	2069	95.8779832702
577	158	2074	95.8577277892
578	161	2081	95.8076330716
579	165	2085	95.7633689873
580	168	2086	95.7305534081
581	172	2087	95.7191394404
582	174	2089	95.7188545889
583	176	2096	95.7330403484
584	176	2098	95.8309771274
585	179	2104	95.8358920266
586	175	2104	95.7421474137
587	174	2106	95.7685970857
588	170	2106	95.7016743847
589	165	2108	95.6443188449
590	169	2110	95.7294667006
591	171	2117	95.7237624728
592	176	2123	95.7766525036
593	175	2130	95.8599758436
594	173	2136	95.863468395
595	178	2138	95.9419972372
596	178	2141	95.9094052964
597	182	2146	95.8670410736
598	181	2146	95.9011541615
599	182	2146	95.9083613256
600	178	2153	95.8949654097
601	182	2153	95.9703413211
602	181	2154	95.9644102343
603	182	2159	95.9292124243
604	179	2165	96.0170980624
605	184	2165	96.0708781593
606	185	2167	96.0818089025
607	180	2169	96.0909842464
608	175	2174	96.1159101422
609	180	2176	96.2095750803
610	176	2178	96.1979486566
611	181	2180	96.1490692638
612	182	2184	96.243832447
613	178	2187	96.3091302968
614	179	2194	96.2903668032
615	181	2199	96.388063275
616	182	2201	96.4153318369
617	186	2208	96.3846765209
618	185	2215	96.3845464914
619	180	2222	96.2862234191
620	181	2225	96.2376595527
621	183	2226	96.1950107157
622	178	2227	96.1456860395
623	174	2227	96.0892222102
624	171	2231	96.0910098924
625	170	2233	96.1851814478
626	171	2235	96.2261626184
627	174	2239	96.2245928842
628	179	2241	96.1695009621
629	177	2241	96.2162548811
630	175	2242	96.2770524378
631	170	2242	96.3511134262
632	167	2248	96.2575513072
633	172	2251	96.2108531831
634	172	2256	96.1577274796
635	174	2256	96.0820976057
636	175	2257	96.0857362405
637	174	2263	96.0128863079
638	172	2264	95.9744195315
639	173	2264	95.9871463262
640	178	2264	96.0823979337
641	183	2269	96.0919777598
642	188	2269	96.1083412279
643	193	2274	96.1394029463
644	193	2274	96.1053952392
645	194	2278	96.0365909555
646	198	2282	96.0363594441
647	200	2284	96.0948991311
648	200	2290	96.015541214
649	200	2295	95.937667148
650	200	2301	95.9445874979
651	200	2306	96.0083314892
652	200	2310	96.0490240256
653	195	2310	96.0316214687
654	199	2316	95.9790903541
655	200	2322	96.0260459494
656	198	2328	96.0124684277
657	197	2329	96.0491108742
658	196	2335	95.9619639576
659	197	2339	95.9783247907
660	199	2343	95.9720484797
661	199	2348	95.9732441068
662	200	2355	96.040238783
663	200	2362	96.0563427958
664	195	2365	96.0266523762
665	191	2367	95.9553635999
666	190	2369	96.0016060863
667	195	2371	96.0976925776
668	191	2374	96.139649865
669	193	2374	96.166777919
670	196	2375	96.1184143945
671	198	2379	96.1618218229
672	200	2379	96.20049283
673	197	2381	96.1590650434
674	195	2385	96.2303780904
675	194	2388	96.2350713359
676	193	2391	96.169185767
677	188	2395	96.1649113267
678	189	2402	96.161003865
679	190	2402	96.1558718088
680	187	2407	96.181645084
681	190	2413	96.1911140738
682	185	2417	96.2460621336
683	187	2423	96.2893994663
684	188	2425	96.2473740652
685	187	2430	96.3003023503
686	182	2436	96.2572597284
687	186	2442	96.3083844293
688	187	2445	96.3724630013
689	188	2451	96.3696211508
690	193	2453	96.416919118
691	196	2459	96.4088708296
692	197	2463	96.4134441148
693	200	2464	96.4819442623
694	200	2468	96.483465129
695	200	2472	96.4698196784
696	200	2477	96.5558975294
697	199	2480	96.6055837929
698	195	2485	96.6583911226
699	198	2492	96.5968738767
700	200	2495	96.548722134
701	199	2497	96.6023876098
702	200	2499	96.6965609539
703	200	2503	96.6012299758
704	200	2510	96.6637850792
705	200	2514	96.5901841136
706	200	2518	96.5252856314
707	197	2518	96.6065435444
708	197	2521	96.7002441414
709	197	2526	96.7049513408
710	200	2528	96.7094901587
711	200	2535	96.70934804
712	200	2538	96.6314211519
713	196	2541	96.5684698998
714	197	2541	96.5676702096
715	195	2543	96.616706639
716	194	2544	96.5512834507
717	193	2546	96.5219317486
718	189	2550	96.5179339427
719	189	2552	96.4320525055
720	189	2553	96.3839931751
721	185	2554	96.4692472141
722	182	2559	96.5164975028
723	185	2559	96.5659422648
724	183	2561	96.5639927293
725	178	2566	96.5116157387
726	182	2568	96.4552943142
727	181	2573	96.4295588821
728	178	2579	96.418031475
729	180	2585	96.3442342318
730	181	2588	96.2717958529
731	186	2592	96.3073439447
732	191	2595	96.3903013243
733	188	2601	96.3705761008
734	187	2602	96.4566335539
735	191	2609	96.4833637197
736	187	2616	96.5346386759
737	187	2621	96.5573597752
738	188	2621	96.5864934527
739	192	2628	96.5326749524
740	197	2629	96.56924666
741	198	2629	96.6591266698
742	195	2633	96.6736743054
743	191	2637	96.6511361736
744	192	2642	96.5516703855
745	190	2646	96.5591764834
746	191	2646	96.622855859
747	190	2653	96.6345633746
748	185	2654	96.7195223258
749	185	2657	96.6774433283
750	183	2663	96.7513717751
751	188	2663	96.7559975154
752	187	2668	96.6918468531
753	182	2668	96.7152704155
754	177	2670	96.7180232122
755	173	2677	96.6791469747
756	174	2684	96.7131098748
757	169	2691	96.6754816118
758	164	2693	96.6354089396
759	169	2694	96.6879860236
760	165	2694	96.6082590572
761	163	2699	96.5272569726
762	168	2700	96.5481649143
763	164	2700	96.5277221468
764	166	2707	96.5721749776
765	171	2710	96.4796669152
766	173	2710	96.4037491628
767	168	2710	96.3047070777
768	172	2714	96.2822105496
769	171	2718	96.3383545582
770	170	2718	96.2845261345
771	171	2725	96.2650258631
772	173	2725	96.2804101087
773	178	2731	96.2458316435
774	173	2736	96.1787502313
775	173	2740	96.1741569353
776	178	2747	96.1271506065
777	183	2748	96.094096105
778	182	2752	96.0187909225
779	184	2754	95.9195085696
780	187	2761	96.0078407444
781	191	2765	95.9743350658
782	190	2768	96.0093691724
783	188	2775	96.0953065365
784	192	2782	96.1209866529
785	197	2787	96.0309868881
786	200	2794	96.0297153803
787	200	2795	96.0040781338
788	200	2799	95.9108823363
789	199	2805	95.8398589173
790	199	2805	95.8237281848
791	196	2807	95.9019735546
792	196	2810	95.8600383642
793	191	2813	95.9538098357
794	189	2813	95.9767925891
795	186	2818	96.038052833
796	188	2818	96.0888225212
797	193	2818	96.0721049305
798	188	2820	96.0033588036
799	191	2821	95.9595877526
800	194	2824	96.0502304918
801	195	2827	96.0458330567
802	191	2830	96.0217382757
803	194	2837	96.0913914316
804	197	2842	96.044863777
805	200	2846	95.948117165
806	198	2849	95.9312050661
807	195	2853	95.8494997132
808	195	2855	95.8038777039
809	190	2857	95.7496711702
810	186	2864	95.8011852362
811	189	2864	95.8244595466
812	184	2870	95.7774151471
813	184	2877	95.8431398918
814	182	2878	95.7710686479
815	184	2881	95.8660957867
816	187	2881	95.8593982061
817	188	2884	95.9516610983
818	186	2885	96.0006095922
819	190	2890	96.0249185605
820	190	2893	96.0338733414
821	186	2900	96.0851608822
822	183	2906	96.1159961135
823	187	2906	96.1844497739
824	187	2908	96.0884056457
825	186	2908	96.0062601075
826	191	2909	96.0654109552
827	187	2912	96.0204208813
828	191	2915	96.0504477481
829	189	2921	96.0979648251
830	186	2925	96.0143156953
831	183	2929	96.0823625852
832	187	2932	96.1526064273
833	185	2933	96.0649267329
834	183	2938	96.0308598875
835	184	2938	95.9945258615
836	180	2942	96.0823315521
837	180	2943	96.1421368542
838	177	2943	96.1944450827
839	181	2945	96.1484793209
840	179	2949	96.1160206523
841	180	2951	96.072097021
842	184	2955	96.0089855515
843	188	2955	95.9300219114
844	191	2955	95.8516518345
845	190	2959	95.8231246078
846	188	2966	95.8037907365
847	188	2967	95.8659038044
848	191	2970	95.9439272157
849	188	2972	95.9996332697
850	189	2975	95.9266881384
851	188	2981	95.907617362
852	185	2985	95.8154952982
853	186	2990	95.7922228713
854	181	2992	95.832623022
855	179	2999	95.804536642
856	176	3004	95.8406349012
857	175	3010	95.7828626358
858	174	3012	95.7824986318
859	175	3017	95.8783101715
860	170	3019	95.9089529759
861	165	3020	95.9865359226
862	161	3021	95.9062335315
863	162	3026	95.8430942905
864	162	3031	95.8201267598
865	164	3036	95.9156969008
866	159	3039	95.8324142627
867	158	3046	95.8861270666
868	162	3047	95.8070583062
869	162	3050	95.8421651254
870	161	3052	95.866442352
871	164	3056	95.9621573861
872	166	3056	95.9196953792
873	169	3060	95.9160823549
874	166	3064	95.8266600837
875	162	3065	95.9231356181
876	166	3067	95.9542422658
877	170	3073	96.0310283937
878	174	3080	95.9484191673
879	170	3087	95.9891568432
880	165	3091	96.0315963999
881	161	3097	95.9715559195
882	162	3097	96.0088148657
883	165	3097	95.9421308796
884	162	3099	95.8703211966
885	167	3100	95.8441549065
886	172	3106	95.9337451291
887	169	3110	95.9041489453
888	166	3117	95.8740337254
889	167	3117	95.8860136462
890	165	3121	95.8958833534
891	162	3124	95.8163753277
892	161	3126	95.7267163091
893	164	3129	95.702194708
894	161	3133	95.6993832075
895	159	3134	95.6580048766
896	160	3136	95.6609328402
897	157	3137	95.7239912836
898	153	3144	95.7522859327
899	153	3147	95.6557526747
900	151	3151	95.6122971252
901	151	3155	95.5661184398
902	151	3156	95.5938828086
903	150	3157	95.5023193635
904	146	3158	95.517056111
905	147	3161	95.4690489146
906	144	3163	95.5658621045
907	149	3168	95.5555063303
908	152	3171	95.5202364722
909	153	3175	95.5608774632
910	148	3177	95.6330596017
911	144	3184	95.7175853732
912	145	3185	95.6845697933
913	147	3190	95.6380027998
914	144	3195	95.6640681895
915	146	3196	95.6320359283
916	145	3198	95.5890533769
917	144	3198	95.6360152874
918	146	3200	95.5753936714
919	146	3206	95.4779229829
920	145	3209	95.427706487
921	142	3211	95.441080763
922	141	3216	95.3548901596
923	144	3221	95.2691055638
924	147	3226	95.3153165466
925	151	3227	95.2290846932
926	147	3231	95.1828267692
927	146	3233	95.1670234732
928	148	3235	95.0945307209
929	150	3239	95.1181024795
930	147	3241	95.0233327628
931	149	3245	95.0755858053
932	152	3252	95.0956270631
933	153	3259	95.1194329025
934	158	3266	95.0307576162
935	161	3270	94.9607618753
936	166	3275	95.0408438067
937	171	3281	94.995526424
938	166	3283	94.9617200036
939	163	3287	95.0196017647
940	166	3292	94.991339387
941	168	3297	94.9716169394
942	171	3301	94.9008208161
943	169	3307	94.8115730764
944	167	3312	94.7168310996
945	170	3318	94.6357412296
946	165	3319	94.5516202277
947	163	3321	94.4710335392
948	159	3322	94.4578440434
949	160	3323	94.3636473894
950	161	3328	94.2748725679
951	163	3330	94.3465299601
952	163	3335	94.3690364414
953	161	3337	94.3867094684
954	157	3337	94.3134670192
955	159	3344	94.3470048993
956	157	3350	94.4173205622
957	155	3352	94.4600794375
958	154	3353	94.4538349478
959	159	3359	94.4842485841
960	155	3362	94.5523136431
961	154	3367	94.637013699
962	156	3367	94.5406841957
963	155	3373	94.4662870307
964	159	3380	94.4452972853
965	164	3384	94.4744323705
966	169	3387	94.3855121678
967	164	3389	94.392013837
968	169	3389	94.3108435964
969	168	3394	94.2186605755
970	168	3398	94.3164270834
971	169	3401	94.3948997225
972	171	3407	94.4136798308
973	174	3413	94.4501050666
974	179	3418	94.4177680195
975	179	3424	94.4521923002
976	182	3431	94.507461298
977	186	3438	94.5432330298
978	187	3442	94.4827322581
979	187	3446	94.5806028194
980	186	3452	94.6322015049
981	182	3457	94.5948670646
982	181	3462	94.6556968853
983	182	3462	94.6938106954
984	186	3462	94.7857205425
985	181	3469	94.8535255744
986	185	3470	94.9486116015
987	189	3476	94.8943943176
988	188	3481	94.9123205034
989	186	3487	94.9752259249
990	189	3494	94.9234775265
991	193	3496	94.8291897432
992	198	3503	94.8062589335
993	200	3504	94.7883456285
994	195	3509	94.8668669605
995	190	3510	94.8929644203
996	189	3513	94.9222294001
997	192	3515	95.0009944859
998	193	3519	94.9900390784
999	192	3522	94.9972419163
1000	194	3522	94.929099094
1001	195	3524	94.9444919179
1002	192	3527	94.9747139409
1003	194	3528	95.0664891006
1004	190	3531	95.0284591422
1005	191	3537	95.0117176692
1006	195	3542	95.0196497324
1007	197	3548	94.9892069743
1008	196	3549	94.993139366
1009	197	3555	94.8983352927
1010	194	3555	94.8658907356
1011	196	3558	94.78171686
1012	193	3560	94.7250673568
1013	198	3566	94.7248565085
1014	199	3567	94.7666128672
1015	200	3573	94.8067823271
1016	200	3573	94.8320149433
1017	196	3574	94.7734823863
1018	191	3575	94.8727394371
1019	194	3581	94.8895373716
1020	198	3585	94.8250114645
1021	197	3592	94.7614622641
1022	200	3596	94.8276718543
1023	200	3603	94.845664688
1024	198	3605	94.8057432962
1025	198	3608	94.8855684116
1026	200	3612	94.8312007701
1027	196	3615	94.9151426017
1028	194	3618	94.9482936994
1029	199	3621	94.9766354258
1030	194	3623	94.8986979498
1031	193	3625	94.8400697496
1032	194	3632	94.8169720939
1033	196	3638	94.7431082193
1034	200	3638	94.6475885475
1035	200	3642	94.6267856423
1036	196	3649	94.7183623686
1037	193	3653	94.7007360607
1038	189	3658	94.6505195739
1039	186	3661	94.7404294451
1040	185	3668	94.8298707606
1041	184	3675	94.7363238168
1042	188	3682	94.7029028125
1043	189	3685	94.6750992747
1044	194	3689	94.714498834
1045	197	3691	94.8087061639
1046	196	3693	94.7988628732
1047	192	3695	94.8960604999
1048	190	3699	94.8689770168
1049	186	3703	94.9551301793
1050	190	3710	94.992239753
1051	195	3716	94.9946493167
1052	195	3718	94.9615410377
1053	198	3722	94.913990801
1054	199	3722	94.9837085224
1055	197	3726	95.0354617895
1056	200	3726	94.9573202895
1057	199	3732	95.0284127232
1058	200	3732	95.1213396273
1059	195	3733	95.0529922884
1060	199	3739	94.9560324718
1061	200	3745	94.990806913
1062	196	3750	94.9768663016
1063	192	3755	94.9407805979
1064	189	3762	94.9135812738
1065	189	3763	94.8850705187
1066	188	3767	94.8834982533
1067	189	3767	94.8149843864
1068	194	3774	94.7625786005
1069	195	3780	94.7987844714
1070	195	3782	94.8142097159
1071	199	3788	94.8519518258
1072	200	3795	94.8048902811
1073	200	3795	94.7464701478
1074	200	3800	94.7093592773
1075	200	3802	94.7306125722
1076	196	3807	94.8092853711
1077	193	3807	94.7878455984
1078	189	3809	94.7617271892
1079	185	3811	94.7185639225
1080	187	3811	94.7694497769
1081	184	3817	94.8593853988
1082	186	3820	94.885924685
1083	184	3827	94.9395975916
1084	188	3827	94.8560774227
1085	189	3827	94.7860756529
1086	193	3834	94.8056326624
1087	195	3837	94.8105659684
1088	196	3840	94.7496762387
1089	198	3842	94.7290853657
1090	195	3846	94.7180563621
1091	199	3848	94.6946152409
1092	194	3852	94.785083622
1093	194	3855	94.8188996223
1094	194	3862	94.7829044425
1095	194	3869	94.8047475008
1096	194	3869	94.8545578152
1097	199	3871	94.7681746468
1098	196	3871	94.7104729725
1099	195	3874	94.8031461796
1100	193	3875	94.7287893605
1101	190	3880	94.6524283019
1102	187	3887	94.5812582318
1103	185	3892	94.5314719727
1104	185	3893	94.6009030326
1105	188	3897	94.5505845876
1106	186	3901	94.5369259677
1107	183	3908	94.4797400898
1108	184	3908	94.5181047859
1109	180	3915	94.4479224331
1110	181	3916	94.3788480073
1111	178	3918	94.3350334112
1112	175	3921	94.3071643921
1113	170	3928	94.3012080057
1114	170	3934	94.3761154472
1115	168	3938	94.3349700416
1116	168	3938	94.2591066814
1117	167	3944	94.2060654555
1118	172	3950	94.1424191723
1119	171	3954	94.1852245935
1120	169	3958	94.136194444
1121	165	3962	94.192931647
1122	166	3968	94.1542702992
1123	162	3969	94.1313830726
1124	158	3976	94.209812439
1125	162	3980	94.2985301632
1126	161	3983	94.2982451683
1127	164	3986	94.2770488935
1128	169	3992	94.2203528349
1129	169	3995	94.3017127068
1130	167	3998	94.2853093564
1131	168	4001	94.2684445965
1132	164	4005	94.2086207501
1133	164	4005	94.2905147236
1134	166	4008	94.2427477437
1135	165	4014	94.2228678825
1136	168	4019	94.2874392636
1137	168	4021	94.3134434088
1138	169	4023	94.3324558435
1139	167	4024	94.4172547392
1140	172	4024	94.3531684684
1141	169	4025	94.3563746116
1142	166	4027	94.2664554255
1143	171	4027	94.2192141373
1144	166	4032	94.294440536
1145	162	4032	94.2933264532
1146	158	4038	94.3841470506
1147	158	4041	94.4187382914
1148	158	4047	94.4116154796
1149	155	4049	94.4793099818
1150	153	4056	94.5117543634
1151	155	4061	94.4878494888
1152	152	4068	94.3923631433
1153	148	4070	94.4214879095
1154	152	4071	94.5010651908
1155	156	4077	94.4871951171
1156	159	4077	94.4054907593
1157	156	4083	94.3500754738
1158	154	4088	94.3783382585
1159	152	4093	94.4274440579
1160	152	4094	94.3957908472
1161	153	4095	94.3949417825
1162	154	4098	94.4535848833
1163	158	4102	94.3597772284
1164	155	4104	94.3507595304
1165	153	4107	94.2634531167
1166	156	4113	94.2440880287
1167	158	4120	94.3081169004
1168	160	4127	94.383334649
1169	158	4131	94.348646262
1170	161	4137	94.3024781001
1171	163	4139	94.2493398256
1172	166	4146	94.3070582953
1173	171	4149	94.3259406545
1174	168	4153	94.228012285
1175	168	4155	94.3255250065
1176	173	4160	94.2825731528
1177	176	4167	94.2394982019
1178	172	4174	94.3357346452
1179	169	4179	94.3798629254
1180	172	4182	94.312383793
1181	172	4182	94.3611906251
1182	177	4183	94.4165875255
1183	178	4185	94.3305171928
1184	183	4191	94.265759948
1185	179	4196	94.2322529358
1186	180	4202	94.1930723233
1187	183	4203	94.1489744273
1188	178	4203	94.0506617542
1189	182	4205	94.1274783996
1190	182	4207	94.1083013557
1191	182	4213	94.177637442
1192	186	4220	94.2033261186
1193	189	4227	94.1429910159
1194	193	4233	94.0600161345
1195	195	4236	94.0174110404
1196	199	4241	93.9223070353
1197	197	4243	93.9273498783
1198	199	4245	93.9560085279
1199	197	4250	94.0231463436
1200	195	4250	94.001539416
1201	195	4254	93.9264070705
1202	197	4260	94.0071714336
1203	196	4267	94.0757902546
1204	196	4274	94.0866932293
1205	197	4280	94.1025244204
1206	194	4286	94.0708517229
1207	189	4291	94.0862425493
1208	192	4293	94.0512513208
1209	188	4297	94.0391582676
1210	189	4304	93.942577485
1211	184	4304	93.8717571057
1212	189	4308	93.9314477647
1213	188	4315	93.8706508665
1214	186	4319	93.9532687505
1215	191	4322	93.9405996624
1216	189	4323	93.9368081613
1217	193	4326	93.9308225754
1218	195	4333	93.8574993982
1219	193	4338	93.875915272
1220	190	4344	93.9010462339
1221	185	4346	93.93607236
1222	185	4351	93.8932220242
1223	180	4356	93.9160649383
1224	175	4357	93.8738719512
1225	171	4357	93.8502177444
1226	175	4360	93.8215393519
1227	172	4362	93.8617026824
1228	175	4368	93.8990310669
1229	171	4370	93.9037135557
1230	166	4370	93.9886372393
1231	161	4370	93.9476526862
1232	164	4375	94.0142950922
1233	160	4378	93.9768042521
1234	163	4382	94.0106230573
1235	161	4386	94.056883096
1236	162	4391	93.964962783
1237	158	4398	94.0166074074
1238	160	4404	94.1163343607
1239	161	4405	94.0584262566
1240	165	4410	93.9687735485
1241	166	4412	93.8881886936
1242	164	4412	93.9026906175
1243	166	4413	93.9650059513
1244	162	4420	93.9978321124
1245	162	4423	93.9914205913
1246	160	4424	93.9462463245
1247	156	4424	93.9688052068
1248	156	4430	93.9591362293
1249	157	4435	93.9624494043
1250	152	4440	93.9016123576
1251	153	4446	93.8402040126
1252	152	4451	93.7886018467
1253	151	4452	93.8000528038
1254	154	4459	93.7441989291
1255	155	4462	93.6981734296
1256	158	4462	93.7316733488
1257	153	4463	93.7130885231
1258	153	4465	93.7546129669
1259	155	4465	93.6870933133
1260	158	4471	93.7530283082
1261	155	4472	93.7135414376
1262	157	4473	93.7596356909
1263	161	4480	93.8078832987
1264	164	4487	93.7605513958
1265	159	4493	93.8540590648
1266	157	4498	93.8590687652
1267	159	4503	93.829982166
1268	159	4506	93.9114146057
1269	157	4508	93.9094710524
1270	162	4513	93.9955511595
1271	161	4520	93.9881256545
1272	162	4526	94.0728585309
1273	158	4529	94.0816635294
1274	161	4530	94.0090072593
1275	160	4537	94.0001615894
1276	157	4544	94.0118065551
1277	159	4546	94.07027102
1278	157	4550	94.1191852113
1279	155	4551	94.1327281121
1280	150	4552	94.0589662123
1281	150	4554	94.0345671325
1282	154	4554	94.009800422
1283	153	4557	93.9353427484
1284	153	4560	93.9454146331
1285	150	4561	93.8862953026
1286	149	4568	93.9283265295
1287	144	4573	93.9876371688
1288	142	4576	94.0009325114
1289	142	4578	93.9941713681
1290	137	4580	93.9298795513
1291	139	4586	93.8926868701
1292	137	4587	93.8847907825
1293	136	4594	93.8033551682
1294	140	4601	93.7791692972
1295	135	4606	93.7389019263
1296	137	4608	93.7158114146
1297	133	4611	93.6460764982
1298	136	4614	93.691693477
1299	135	4619	93.651322645
1300	130	4626	93.5727646482
1301	131	4633	93.5080008052
1302	128	4638	93.4768367123
1303	123	4643	93.3963933149
1304	118	4644	93.3789016372
1305	115	4646	93.2978555451
1306	118	4649	93.3280193767
1307	121	4652	93.2617530749
1308	119	4658	93.2318226447
1309	119	4665	93.3317968295
1310	119	4668	93.4007946475
1311	121	4668	93.4613741699
1312	118	4674	93.4052480776
1313	120	4678	93.3434366805
1314	119	4684	93.3967372174
1315	124	4690	93.3066238601
1316	120	4694	93.2898551887
1317	115	4697	93.2034077175
1318	120	4701	93.1785212476
1319	124	4703	93.2316224059
1320	121	4706	93.2358357414
1321	124	4712	93.2857892178
1322	122	4717	93.3525985233
1323	119	4724	93.4308640606
1324	124	4726	93.3895681336
1325	124	4730	93.4797408798
1326	123	4731	93.3922955258
1327	121	4731	93.3321108879
1328	116	4737	93.363525058
1329	116	4739	93.3608604446
1330	113	4741	93.2892746206
1331	114	4746	93.2690846679
1332	113	4751	93.2478652587
1333	117	4752	93.2739487832
1334	122	4758	93.3340430087
1335	127	4762	93.2551276436
1336	126	4765	93.2012282042
1337	121	4767	93.1942346006
1338	123	4771	93.2547290732
1339	119	4776	93.2761705639
1340	123	4781	93.2434000194
1341	124	4788	93.1797087618
1342	122	4795	93.2773087859
1343	122	4801	93.3102781843
1344	121	4803	93.3536922742
1345	123	4809	93.2988472058
1346	128	4810	93.3869486449
1347	130	4817	93.4174863144
1348	131	4819	93.4401293728
1349	136	4824	93.4641761587
1350	135	4826	93.4603510443
1351	137	4831	93.3652683315
1352	134	4834	93.3558849698
1353	134	4841	93.4270807231
1354	137	4843	93.4341551778
1355	141	4846	93.3551639269
1356	140	4853	93.2933941401
1357	136	4855	93.3476862983
1358	140	4861	93.2614665063
1359	145	4865	93.2580738533
1360	143	4867	93.3237782944
1361	143	4870	93.265175129
1362	139	4876	93.2544229492
1363	135	4881	93.3058900145
1364	133	4886	93.3789480499
1365	130	4887	93.4740968538
1366	130	4889	93.4552934472
1367	133	4890	93.5127488347
1368	137	4895	93.5195589437
1369	141	4895	93.504705656
1370	140	4901	93.5155975524
1371	137	4903	93.4450445615
1372	134	4907	93.5235135337
1373	132	4910	93.5372359956
1374	136	4916	93.4644412764
1375	138	4918	93.5257322025
1376	138	4922	93.4512273139
1377	137	4925	93.5133429455
1378	134	4926	93.5570376107
1379	133	4933	93.4663158569
1380	138	4936	93.4509807464
1381	133	4939	93.4883600527
1382	130	4945	93.505205208
1383	130	4948	93.4737936383
1384	131	4951	93.5384813044
1385	129	4953	93.5637182927
1386	125	4958	93.6429401395
1387	125	4958	93.5782524267
1388	121	4965	93.6644843128
1389	117	4970	93.620735937
1390	122	4972	93.5984884868
1391	124	4978	93.6349172323
1392	128	4978	93.6317275899
1393	128	4979	93.5455068915
1394	124	4986	93.4910295628
1395	125	4987	93.5531321346
1396	130	4990	93.4863474207
1397	132	4990	93.5315791007
1398	135	4993	93.4412559798
1399	140	4997	93.3747249295
1400	142	4999	93.4587188169
1401	144	5005	93.4658367696
1402	140	5005	93.5237732638
1403	138	5008	93.6026143701
1404	137	5012	93.6773671931
1405	140	5016	93.7706982189
1406	141	5022	93.7270378159
1407	146	5024	93.7451505614
1408	146	5024	93.7790779342
1409	143	5027	93.7144370771
1410	143	5034	93.6954634566
1411	144	5037	93.6989494404
1412	143	5040	93.7620813623
1413	140	5046	93.7467996523
1414	138	5047	93.6655794634
1415	135	5049	93.6361711843
1416	133	5051	93.6019116629
1417	132	5054	93.6934819577
1418	129	5057	93.7791058009
1419	127	5060	93.8109016752
1420	129	5060	93.8491140754
1421	125	5066	93.8197330522
1422	126	5070	93.7633018793
1423	121	5076	93.8194920747
1424	125	5078	93.751007293
1425	123	5079	93.7624112392
1426	128	5084	93.6856700071
1427	129	5084	93.6773736234
1428	124	5089	93.6750553135
1429	123	5096	93.7208745511
1430	127	5102	93.727630315
1431	127	5106	93.6324384604
1432	124	5113	93.6081453354
1433	125	5120	93.5565678226
1434	127	5126	93.523994528
1435	129	5130	93.5462333434
1436	131	5131	93.4986161532
1437	129	5132	93.571117663
1438	131	5135	93.6321892766
1439	136	5137	93.6025145967
1440	133	5139	93.6799465108
1441	133	5144	93.6656911758
1442	133	5146	93.640804171
1443	133	5150	93.6130470427
1444	129	5155	93.6625880783
1445	125	5161	93.6132068899
1446	121	5168	93.7044117787
1447	124	5172	93.6614793182
1448	123	5172	93.611671127
1449	119	5172	93.608110859
1450	121	5176	93.6001533441
1451	120	5181	93.5228665483
1452	118	5183	93.5844081013
1453	118	5188	93.6309244714
1454	118	5195	93.5327183151
1455	119	5202	93.6148357781
1456	118	5205	93.605117671
1457	118	5210	93.6925553496
1458	114	5216	93.6970069862
1459	111	5221	93.7910754114
1460	116	5224	93.8676491075
1461	116	5225	93.9548716144
1462	119	5232	93.956339636
1463	118	5237	93.930000511
1464	116	5239	93.9975999754
1465	114	5242	94.0745752857
1466	116	5247	94.0597809814
1467	119	5247	94.1326468015
1468	118	5254	94.1863561301
1469	121	5254	94.132697949
1470	120	5254	94.0782702346
1471	118	5255	94.0242757348
1472	113	5259	94.0613001098
1473	117	5259	94.1401332372
1474	120	5266	94.0863178492
1475	123	5272	94.0294357448
1476	124	5272	94.1034950984
1477	125	5273	94.0323451926
1478	127	5279	93.9748930142
1479	131	5280	93.9812597744
1480	131	5281	93.9115653431
1481	131	5287	93.8558162587
1482	128	5287	93.8949930489
1483	131	5292	93.9576343358
1484	127	5298	93.906812174
1485	128	5300	93.8733057149
1486	130	5300	93.8418105953
1487	134	5300	93.852515107
1488	139	5300	93.903046649
1489	141	5303	93.9662333556
1490	144	5308	93.9568848629
1491	144	5312	93.8914690417
1492	145	5319	93.9559925244
1493	145	5319	94.0384816698
1494	150	5325	94.0889845017
1495	146	5329	94.1165572686
1496	148	5336	94.0785911628
1497	145	5341	94.0241398388
1498	142	5344	94.028968489
1499	142	5344	93.9371539347
1500	144	5348	93.8688426762
1501	148	5355	93.8597760874
1502	153	5355	93.8517591966
1503	152	5360	93.765002313
1504	147	5362	93.7926426763
1505	148	5367	93.7731437739
1506	144	5368	93.6864512948
1507	149	5371	93.7119375497
1508	148	5371	93.7341639723
1509	148	5378	93.6510326092
1510	148	5383	93.6350658608
1511	146	5390	93.551760029
1512	149	5396	93.5067693942
1513	154	5397	93.4879116304
1514	151	5404	93.5083723073
1515	150	5410	93.5996613127
1516	145	5414	93.5632865885
1517	150	5416	93.4902437477
1518	145	5416	93.4838037474
1519	147	5423	93.4243558205
1520	145	5430	93.4619261698
1521	141	5436	93.4477624324
1522	141	5440	93.4016141588
1523	146	5442	93.343484602
1524	143	5448	93.3006496729
1525	139	5455	93.2807962254
1526	141	5457	93.2468001241
1527	136	5463	93.1795681629
1528	141	5467	93.0819163978
1529	144	5474	93.0060586865
1530	144	5481	93.0214164097
1531	139	5487	93.0386532158
1532	140	5494	93.0861989407
1533	138	5495	93.0931783939
1534	138	5499	93.1156369442
1535	140	5506	93.0818357353
1536	143	5506	93.0344439563
1537	141	5513	92.9550836472
1538	140	5515	92.973819322
1539	144	5519	92.9904003789
1540	149	5526	93.0470804384
1541	145	5530	93.070415761
1542	141	5536	93.0693224093
1543	141	5537	93.0726409289
1544	142	5539	93.1420525402
1545	140	5546	93.0972524359
1546	141	5549	93.1187371717
1547	143	5553	93.1783455486
1548	140	5557	93.1798787945
1549	136	5563	93.1354911473
1550	134	5565	93.0373914254
1551	138	5569	93.0468689449
1552	141	5575	93.1265674441
1553	139	5582	93.1144464885
1554	142	5586	93.2036556436
1555	139	5593	93.2818234562
1556	137	5594	93.3638399583
1557	134	5596	93.3215862846
1558	133	5597	93.3882187639
1559	131	5599	93.3199469522
1560	133	5606	93.30318527
1561	133	5611	93.2801557513
1562	129	5612	93.1935102162
1563	133	5615	93.2401993409
1564	134	5615	93.1998946178
1565	132	5619	93.2073877774
1566	133	5626	93.2519696375
1567	129	5631	93.3186214309
1568	129	5633	93.3465781642
1569	133	5633	93.2976837595
1570	135	5634	93.328129878
1571	131	5634	93.4161531831
1572	126	5635	93.4311868468
1573	121	5641	93.4448860066
1574	117	5647	93.3772071119
1575	117	5650	93.4078304323
1576	121	5655	93.4074792754
1577	124	5659	93.4551620454
1578	123	5663	93.4346841658
1579	118	5668	93.5307744581
1580	116	5668	93.5196295117
1581	120	5673	93.6182310323
1582	125	5679	93.6272419576
1583	127	5682	93.7069727858
1584	124	5686	93.7708805034
1585	127	5686	93.74851828
1586	130	5687	93.6955463665
1587	125	5688	93.6309919366
1588	128	5688	93.5312623011
1589	132	5689	93.5855923591
1590	129	5692	93.650147872
1591	127	5694	93.7026550351
1592	125	5701	93.770527387
1593	126	5705	93.7536738849
1594	125	5708	93.8496336338
1595	123	5709	93.8835727678
1596	128	5716	93.8066696254
1597	125	5718	93.7378356693
1598	125	5723	93.6682861211
1599	124	5729	93.5714402191
1600	126	5730	93.6612904071
1601	129	5732	93.6437486358
1602	134	5736	93.6694371866
1603	137	5743	93.661612681
1604	133	5750	93.5623867518
1605	133	5754	93.6271052819
1606	130	5760	93.6653384163
1607	130	5763	93.6945793976
1608	132	5764	93.7239448086
1609	136	5765	93.6959230288
1610	136	5770	93.7082278844
1611	134	5774	93.6295112811
1612	137	5778	93.5940812138
1613	134	5785	93.658430329
1614	136	5789	93.7418263208
1615	141	5791	93.772852718
1616	136	5797	93.7887103197
1617	135	5801	93.8023623799
1618	136	5806	93.7983566432
1619	132	5811	93.8965185176
1620	134	5814	93.937383518
1621	131	5821	93.9558715699
1622	130	5822	94.0070379563
1623	132	5825	93.9689271295
1624	132	5830	94.0064333773
1625	128	5831	93.98641489
1626	129	5831	93.9948101896
1627	131	5836	94.0086293932
1628	134	5840	93.9288415731
1629	131	5841	94.0088853829
1630	131	5847	93.9884944296
1631	126	5851	93.9188683051
1632	131	5853	93.9930589128
1633	133	5859	93.9154899091
1634	132	5864	93.8379438011
1635	129	5867	93.8515506099
1636	129	5873	93.7938301217
1637	133	5876	93.8045562214
1638	138	5882	93.8338636501
1639	141	5889	93.7611945708
1640	146	5889	93.7538899916
1641	150	5891	93.6841250458
1642	148	5893	93.6455401569
1643	145	5893	93.6958995037
1644	146	5893	93.7434740463
1645	143	5895	93.7582584777
1646	139	5899	93.8565778609
1647	142	5900	93.7600977185
1648	138	5901	93.8441680092
1649	133	5905	93.8010228636
1650	132	5909	93.8862503336
1651	137	5910	93.8103925741
1652	135	5913	93.8102962638
1653	135	5916	93.8832243314
1654	135	5922	93.8362703343
1655	138	5928	93.8975046088
1656	140	5932	93.8042256325
1657	145	5936	93.896863288
1658	146	5939	93.8696633716
1659	147	5939	93.9458376066
1660	149	5940	93.8479440946
1661	150	5947	93.7797658523
1662	155	5948	93.7586888811
1663	154	5950	93.6854975833
1664	158	5957	93.6990881773
1665	155	5958	93.6332936533
1666	155	5965	93.5396725769
1667	152	5969	93.5087512168
1668	147	5972	93.439700922
1669	146	5972	93.5174285813
1670	147	5976	93.5863970156
1671	145	5981	93.6380189218
1672	143	5983	93.6755169374
1673	141	5985	93.7226382861
1674	143	5989	93.6327142019
1675	139	5990	93.5641667941
1676	135	5995	93.5816242768
1677	139	5999	93.5945493747
1678	142	6002	93.5181181439
1679	138	6009	93.5949911897
1680	141	6012	93.5182186948
1681	144	6019	93.5132584818
1682	139	6026	93.5140946633
1683	137	6031	93.4172445719
1684	132	6034	93.4927633851
1685	131	6035	93.5780036433
1686	133	6035	93.5875754252
1687	137	6040	93.4883933856
1688	132	6045	93.390644478
1689	137	6050	93.4849586867
1690	142	6056	93.4137632055
1691	147	6061	93.3379239871
1692	142	6065	93.3290809902
1693	141	6065	93.3461951885
1694	137	6067	93.430771634
1695	133	6070	93.5005479021
1696	137	6077	93.4084254038
1697	137	6078	93.3558545008
1698	134	6084	93.2926237244
1699	132	6089	93.2515524096
1700	128	6094	93.2099560734
1701	129	6096	93.1610046421
1702	125	6097	93.2295864406
1703	123	6103	93.1846424613
1704	121	6108	93.1447557152
1705	125	6112	93.1171560425
1706	126	6114	93.0565939931
1707	121	6120	93.0827650285
1708	118	6123	93.1498887937
1709	115	6130	93.2167513167
1710	120	6137	93.1983297745
1711	122	6144	93.2557106291
1712	119	6146	93.3508053766
1713	124	6151	93.2853184795
1714	122	6154	93.2269951595
1715	117	6160	93.3048720093
1716	114	6161	93.3102666479
1717	116	6167	93.2851879633
1718	120	6170	93.3598637518
1719	117	6175	93.4505179847
1720	117	6181	93.4097413188
1721	113	6182	93.4206411876
1722	117	6185	93.4462169084
1723	119	6190	93.3964013597
1724	117	6191	93.4003188457
1725	112	6198	93.3658454858
1726	110	6198	93.4151117379
1727	109	6198	93.4573009385
1728	114	6205	93.5196773744
1729	116	6206	93.6113305363
1730	113	6206	93.6706503675
1731	108	6209	93.6892239394
1732	111	6211	93.6822548667
1733	106	6218	93.6396637142
1734	107	6223	93.6486327596
1735	111	6225	93.6660626197
1736	108	6227	93.7034128504
1737	109	6230	93.7314809294
1738	107	6231	93.8086585333
1739	109	6231	93.7828546247
1740	110	6236	93.7965861836
1741	105	6239	93.7721169232
1742	105	6243	93.8387121468
1743	103	6244	93.8573934133
1744	103	6245	93.7764126881
1745	103	6249	93.7260447775
1746	99	6255	93.6815655691
1747	101	6260	93.7509351977
1748	99	6264	93.7628837393
1749	100	6264	93.6896310044
1750	97	6271	93.6574086428
1751	95	6273	93.6070464331
1752	96	6276	93.6998994516
1753	101	6278	93.6390643046
1754	99	6284	93.6898674032
1755	102	6288	93.7578836328
1756	98	6292	93.6766735286
1757	98	6295	93.7113633394
1758	102	6298	93.6352631926
1759	107	6299	93.6450756186
1760	108	6305	93.6186979922
1761	107	6311	93.6138743371
1762	112	6313	93.533574498
1763	117	6318	93.5771345688
1764	114	6324	93.6187050854
1765	116	6331	93.5986051567
1766	112	6331	93.5266444339
1767	110	6333	93.5962880688
1768	113	6339	93.5172803583
1769	114	6344	93.4643108922
1770	119	6351	93.5097501195
1771	115	6354	93.4725829653
1772	111	6359	93.4608854115
1773	112	6363	93.4625813308
1774	117	6369	93.4099485995
1775	122	6372	93.3663559382
1776	124	6376	93.3706109632
1777	122	6377	93.364999419
1778	122	6381	93.396723107
1779	117	6386	93.3096161643
1780	117	6392	93.2676830247
1781	115	6396	93.3290956702
1782	111	6399	93.3683708353
1783	113	6406	93.3001708956
1784	118	6411	93.2731748759
1785	113	6411	93.1869942836
1786	118	6418	93.175402837
1787	122	6418	93.2219462518
1788	124	6419	93.2839210816
1789	123	6425	93.2109609694
1790	119	6427	93.1937067923
1791	123	6431	93.26335252
1792	118	6433	93.2792880773
1793	114	6440	93.2648096877
1794	117	6446	93.2390178168
1795	119	6451	93.3098495488
1796	121	6458	93.2212181661
1797	117	6464	93.1957316281
1798	120	6464	93.2471166006
1799	122	6470	93.3144453769
1800	121	6474	93.3984514227
1801	119	6480	93.3192922658
1802	117	6484	93.3361318704
1803	118	6484	93.4311285282
1804	120	6487	93.3380176753
1805	122	6493	93.3928440639
1806	125	6495	93.4830604499
1807	123	6496	93.4047243492
1808	127	6498	93.3318118463
1809	126	6505	93.3468080618
1810	125	6510	93.3203310417
1811	129	6511	93.4060577643
1812	132	6514	93.3179926945
1813	137	6521	93.2911302543
1814	138	6528	93.3382670464
1815	138	6532	93.3434631967
1816	135	6535	93.2742544512
1817	139	6542	93.3241474942
1818	135	6547	93.34819489
1819	136	6548	93.3624236937
1820	140	6549	93.3087236259
1821	140	6553	93.3737173844
1822	135	6554	93.4344660737
1823	135	6556	93.3970212027
1824	135	6557	93.3681925788
1825	134	6562	93.3201753761
1826	136	6564	93.2760498796
1827	141	6567	93.3060181372
1828	138	6572	93.291534329
1829	140	6578	93.2501281331
1830	144	6578	93.2902465092
1831	147	6579	93.3038945324
1832	150	6580	93.2406146624
1833	155	6581	93.2169042334
1834	153	6586	93.2313828352
1835	149	6591	93.3048399868
1836	149	6594	93.2627190359
1837	149	6594	93.3215472692
1838	152	6598	93.3538189677
1839	155	6598	93.2731931298
1840	155	6600	93.1759905489
1841	153	6607	93.1253537114
1842	150	6613	93.0296955258
1843	150	6613	93.0228422025
1844	153	6613	93.0690319696
1845	152	6614	93.1287829714
1846	155	6621	93.2131564548
1847	150	6622	93.1143011206
1848	155	6623	93.1211088984
1849	160	6628	93.0737440519
1850	162	6630	93.1523998599
1851	157	6633	93.2082623242
1852	153	6636	93.2514569277
1853	158	6640	93.184172535
1854	157	6641	93.138093817
1855	153	6647	93.1967245384
1856	153	6647	93.2499820724
1857	156	6650	93.1780915431
1858	157	6650	93.2748404836
1859	162	6654	93.3072136239
1860	159	6660	93.2463469678
1861	163	6667	93.1632827643
1862	159	6674	93.1952725351
1863	154	6677	93.2485614911
1864	158	6681	93.2592096737
1865	153	6688	93.2750589545
1866	152	6694	93.3444681741
1867	157	6701	93.3507167494
1868	158	6707	93.314850253
1869	162	6707	93.3281250939
1870	165	6709	93.2423701802
1871	167	6711	93.1959182366
1872	168	6712	93.1339659283
1873	166	6713	93.0827179943
1874	167	6716	93.0947945852
1875	169	6716	93.1750584727
1876	168	6716	93.0915930885
1877	163	6719	93.042203465
1878	162	6726	93.04362898
1879	163	6732	93.1341324764
1880	168	6739	93.0711700022
1881	164	6745	93.0412408271
1882	167	6752	93.0848759605
1883	162	6754	93.0759780011
1884	166	6754	93.1312749757
1885	170	6759	93.1081805357
1886	173	6762	93.1503546297
1887	171	6765	93.050598128
1888	171	6765	93.042621786
1889	170	6769	92.975909883
1890	170	6771	92.9691062633
1891	169	6774	93.030874599
1892	172	6776	92.97048778
1893	168	6776	93.0246387585
1894	167	6779	93.0815777507
1895	172	6784	93.0662472264
1896	171	6785	93.1060523799
1897	171	6789	93.145252455
1898	175	6794	93.1199152344
1899	171	6801	93.0647940964
1900	167	6807	93.0149684701
1901	165	6809	93.0855563416
1902	170	6809	93.0960537306
1903	174	6811	93.088571586
1904	177	6817	93.1280021611
1905	181	6823	93.1584495657
1906	181	6829	93.1874313284
1907	183	6831	93.2302079118
1908	185	6831	93.1339474137
1909	181	6836	93.1365982175
1910	181	6840	93.1663797841
1911	185	6847	93.2054328349
1912	181	6854	93.1061128231
1913	178	6857	93.0355222359
1914	174	6857	92.9443256237
1915	172	6857	92.893245786
1916	171	6857	92.8469159015
1917	171	6860	92.7628258698
1918	170	6867	92.8386133609
1919	169	6873	92.8488470998
1920	173	6876	92.8502692125
1921	174	6879	92.7587847194
1922	178	6881	92.8146848376
1923	181	6887	92.9079278378
1924	176	6888	92.8141562887
1925	180	6888	92.7611248523
1926	176	6893	92.7684265901
1927	176	6894	92.6886908746
1928	175	6899	92.6575259266
1929	172	6902	92.6580082759
1930	176	6908	92.7468957403
1931	176	6908	92.8171334533
1932	180	6914	92.7820363242
1933	184	6916	92.8065160797
1934	179	6918	92.7480380505
1935	183	6920	92.6504365372
1936	184	6927	92.5990478422
1937	183	6933	92.5428332737
1938	182	6939	92.6406044787
1939	184	6940	92.7379862139
1940	181	6943	92.7078981399
1941	180	6947	92.6772996544
1942	183	6947	92.7655763876
1943	184	6951	92.8464024965
1944	185	6954	92.7949673973
1945	184	6957	92.8053181753
1946	181	6959	92.7446991065
1947	179	6964	92.8354574027
1948	176	6966	92.7984244301
1949	180	6973	92.8942521928
1950	176	6973	92.9874984808
1951	180	6975	93.0348269893
1952	183	6978	93.0229735574
1953	186	6984	92.949067558
1954	188	6991	92.8742555805
1955	192	6993	92.9706346577
1956	197	7000	92.9539178631
1957	198	7000	92.8995558587
1958	196	7001	92.9575031501
1959	196	7002	93.0338568424
1960	196	7008	93.0368147896
1961	195	7012	93.0241954979
1962	191	7015	92.9662297937
1963	188	7015	92.900091532
1964	187	7021	92.8815954416
1965	186	7025	92.8358075804
1966	182	7031	92.7987486821
1967	178	7031	92.824529085
1968	175	7038	92.886502107
1969	170	7045	92.8667244619
1970	168	7051	92.7969417634
1971	164	7057	92.8006668626
1972	160	7061	92.7712763014
1973	155	7067	92.7145531088
1974	153	7070	92.6223862421
1975	148	7070	92.5856270969
1976	149	7073	92.579485404
1977	154	7075	92.5844878261
1978	158	7076	92.5864357089
1979	163	7079	92.6454720374
1980	158	7080	92.5457360288
1981	156	7081	92.4931201835
1982	156	7084	92.5340690193
1983	160	7088	92.5972724735
1984	165	7093	92.672975109
1985	170	7093	92.7087620978
1986	167	7095	92.6634418641
1987	168	7098	92.6899323742
1988	168	7099	92.6856663822
1989	163	7102	92.7742596056
1990	164	7104	92.7905933428
1991	160	7105	92.82848112
1992	158	7107	92.7659101015
1993	161	7108	92.8602459142
1994	161	7113	92.9042459665
1995	156	7117	92.9650468976
1996	155	7120	92.9268324162
1997	157	7122	93.0050187709
1998	158	7124	92.9491744432
1999	163	7130	92.8509451691
2000	167	7133	92.8992178999
2001	162	7135	92.9490934156
2002	166	7137	93.0231927227
2003	171	7138	93.0565047038
2004	166	7145	92.9688346364
2005	167	7150	92.8998399553
2006	171	7152	92.8353693715
2007	171	7158	92.933130704
2008	175	7163	92.9018527605
2009	174	7169	92.8888114417
2010	174	7171	92.8145984634
2011	172	7173	92.8890466423
2012	173	7178	92.941658141
2013	172	7179	92.9693985403
2014	167	7186	93.0445860627
2015	172	7189	93.1031827682
2016	175	7193	93.2025148739
2017	171	7198	93.2717374642
2018	167	7202	93.3545642993
2019	169	7203	93.3953556289
2020	165	7207	93.357114074
2021	167	7208	93.3539690029
2022	162	7210	93.2973109365
2023	161	7214	93.380276327
2024	159	7219	93.4349609713
2025	158	7221	93.4546358251
2026	158	7227	93.3664006241
2027	160	7231	93.3010979326
2028	159	7233	93.2766594439
2029	164	7235	93.1855165178
2030	165	7241	93.1551420922
2031	165	7243	93.1638373875
2032	167	7245	93.1149239764
2033	163	7246	93.0212135744
2034	165	7248	92.9759991878
2035	168	7250	92.8977567594
2036	167	7251	92.8405530861
2037	172	7254	92.7656504557
2038	168	7255	92.862046608
2039	163	7258	92.7964931955
2040	166	7259	92.8148134686
2041	166	7263	92.8896373333
2042	164	7263	92.8473573175
2043	165	7266	92.9275113691
2044	160	7266	92.8322082767
2045	157	7270	92.8753940498
2046	153	7272	92.8217522357
2047	152	7275	92.8125486942
2048	153	7278	92.8128086787
2049	155	7281	92.851341188
2050	151	7287	92.9142755285
2051	155	7291	92.8466207831
2052	154	7293	92.8204060146
2053	157	7300	92.8957216327
2054	154	7302	92.8108628162
2055	159	7303	92.730095224
2056	160	7306	92.6584018703
2057	157	7310	92.7276693095
2058	154	7316	92.6294344332
2059	157	7319	92.6756255837
2060	153	7326	92.6165645391
2061	152	7332	92.6952577389
2062	156	7339	92.7795454729
2063	160	7341	92.6872160709
2064	156	7344	92.6639472704
2065	154	7345	92.7606055722
2066	153	7346	92.7537732817
2067	157	7350	92.7544602395
2068	156	7350	92.8270305372
2069	158	7354	92.7688837966
2070	162	7361	92.7040578493
2071	161	7363	92.7294429525
2072	157	7367	92.6369717001
2073	160	7373	92.5646487164
2074	164	7375	92.5843850737
2075	168	7381	92.5245085466
2076	171	7387	92.5657449917
2077	175	7390	92.6302350534
2078	172	7392	92.533239127
2079	167	7399	92.4435243631
2080	169	7402	92.3977947931
2081	164	7404	92.4405605152
2082	165	7409	92.3553328153
2083	160	7413	92.4110900243
2084	162	7420	92.3169459833
2085	157	7424	92.3480619029
2086	159	7430	92.3846159598
2087	157	7431	92.3494186042
2088	158	7433	92.3197425246
2089	162	7435	92.3487512231
2090	159	7440	92.3559545052
2091	157	7441	92.2563457878
2092	152	7445	92.1622087147
2093	157	7451	92.1753267436
2094	159	7453	92.1140382955
2095	161	7456	92.1736046965
2096	156	7457	92.2614547941
2097	157	7464	92.1886025936
2098	153	7469	92.167689226
2099	157	7475	92.1119221943
2100	156	7482	92.1798217643
2101	155	7483	92.2795207297
2102	153	7484	92.2642274967
2103	157	7490	92.3524204753
2104	154	7494	92.4018842777
2105	158	7500	92.3806501207
2106	157	7500	92.4402642764
2107	161	7501	92.4529519175
2108	161	7505	92.420459669
2109	164	7508	92.4679755473
2110	163	7515	92.4241394755
2111	162	7521	92.3652612299
2112	167	7527	92.4136042644
2113	171	7530	92.4059589644
2114	173	7533	92.4121234096
2115	173	7539	92.4206123831
2116	178	7542	92.3453015526
2117	180	7543	92.4384432063
2118	176	7543	92.4578060295
2119	178	7543	92.3753348442
2120	178	7545	92.2783333972
2121	173	7545	92.3095194208
2122	172	7547	92.371493354
2123	177	7549	92.3200747781
2124	172	7549	92.3903961722
2125	170	7554	92.4397542231
2126	166	7559	92.469329081
2127	169	7565	92.418808004
2128	165	7570	92.4096478799
2129	164	7577	92.4858499126
2130	159	7577	92.3965604362
2131	164	7582	92.3739718302
2132	162	7585	92.328369507
2133	162	7587	92.2445377093
2134	158	7591	92.2163242411
2135	156	7597	92.2826494298
2136	153	7601	92.2089401395
2137	152	7607	92.125618605
2138	155	7612	92.1544477187
2139	156	7615	92.2356622379
2140	153	7619	92.2042940199
2141	148	7620	92.2772102121
2142	152	7623	92.3553184886
2143	149	7625	92.3307910279
2144	149	7625	92.2672607033
2145	153	7628	92.2444919592
2146	156	7630	92.2356809246
2147	158	7636	92.3070293434
2148	157	7642	92.4001314383
2149	162	7649	92.4481104488
2150	167	7656	92.5417098312
2151	172	7661	92.5754194683
2152	170	7668	92.5121271922
2153	165	7672	92.4986365113
2154	168	7673	92.580260723
2155	163	7678	92.614603302
2156	167	7682	92.5665660708
2157	169	7685	92.6645924829
2158	169	7686	92.6392695384
2159	167	7687	92.5547419461
2160	163	7689	92.4724882973
2161	162	7689	92.4214987228
2162	165	7690	92.4107089137
2163	164	7693	92.354512344
2164	169	7699	92.398465441
2165	167	7701	92.4254727121
2166	168	7708	92.3506949905
2167	171	7714	92.270646698
2168	172	7716	92.3701468721
2169	174	7719	92.3164380964
2170	174	7721	92.26911101
2171	178	7724	92.3633336079
2172	176	7730	92.2655693205
2173	175	7733	92.3259934598
2174	170	7739	92.2522033211
2175	169	7742	92.2128867673
2176	169	7746	92.2199167526
2177	174	7747	92.1700577224
2178	169	7751	92.1258271727
2179	167	7754	92.2147332357
2180	165	7755	92.1509225576
2181	169	7758	92.1109365549
2182	166	7762	92.1708219625
2183	163	7767	92.1634745548
2184	164	7772	92.2308808157
2185	165	7778	92.1971548736
2186	166	7782	92.1130681367
2187	167	7783	92.1803287076
2188	164	7786	92.1006196583
2189	165	7787	92.1530143905
2190	163	7789	92.0872761238
2191	166	7796	92.0142603285
2192	167	7802	91.9553449717
2193	169	7809	91.980643515
2194	173	7811	92.0122638665
2195	177	7815	92.0980506988
2196	177	7815	92.1395213015
2197	175	7815	92.0400950591
2198	176	7822	92.01209988
2199	176	7825	91.9202499403
2200	173	7829	91.826505413
2201	176	7836	91.7915889147
2202	178	7837	91.7040804207
2203	173	7844	91.7918849367
2204	170	7844	91.7890267247
2205	167	7848	91.8639033393
2206	171	7855	91.9107057676
2207	175	7859	91.8267239423
2208	177	7864	91.8368216439
2209	179	7870	91.9220127417
2210	177	7872	91.8689497444
2211	181	7879	91.960980127
2212	176	7880	91.9210767419
2213	174	7884	91.9018420152
2214	179	7890	91.9439798585
2215	175	7890	91.9230272817
2216	172	7897	91.8684126949
2217	170	7904	91.9616551125
2218	173	7910	91.8923397427
2219	175	7915	91.9647295451
2220	180	7916	92.0623250745
2221	185	7922	92.0354771861
2222	183	7929	91.9782676027
2223	184	7935	92.0441352905
2224	184	7942	92.0564209292
2225	181	7947	92.1385122217
2226	181	7953	92.2342520939
2227	178	7955	92.1346401055
2228	175	7956	92.1354688477
2229	179	7960	92.1992415847
2230	178	7962	92.1196060186
2231	180	7965	92.1557198286
2232	179	7972	92.0889334035
2233	181	7977	92.1800448643
2234	183	7984	92.1918774404
2235	186	7984	92.227175934
2236	181	7991	92.1582662659
2237	186	7996	92.0920186192
2238	181	7997	92.0376278787
2239	183	7997	91.9983314712
2240	178	7997	92.0155186388
2241	179	7999	92.1089867161
2242	182	8002	92.1382377549
2243	181	8007	92.0996290715
2244	176	8013	92.0492267095
2245	172	8015	92.0821133251
2246	167	8015	92.1038994822
2247	172	8017	92.0539358013
2248	167	8024	92.0885473867
2249	163	8028	92.0429738902
2250	165	8030	91.9486630338
2251	168	8032	92.0340464854
2252	168	8038	92.0277777008
2253	165	8040	92.1150125261
2254	166	8047	92.1224417956
2255	161	8049	92.2215224581
2256	163	8052	92.304383886
2257	161	8059	92.3436774804
2258	160	8065	92.3902396212
2259	163	8068	92.3078572444
2260	161	8074	92.2397416654
2261	163	8079	92.1818067515
2262	161	8083	92.1879414213
2263	164	8087	92.2340849566
2264	168	8093	92.3238573321
2265	166	8100	92.2342842912
2266	166	8106	92.2325307229
2267	163	8107	92.1471160717
2268	168	8110	92.1417029218
2269	167	8114	92.1319811455
2270	166	8120	92.2247164273
2271	167	8123	92.2258766936
2272	172	8123	92.1596384334
2273	169	8124	92.1319046194
2274	170	8127	92.0820865957
2275	168	8130	92.131386812
2276	172	8135	92.163614888
2277	175	8141	92.2324552604
2278	180	8144	92.1781618928
2279	177	8144	92.2508918649
2280	177	8150	92.3022779433
2281	174	8150	92.3047030291
2282	178	8151	92.3244432111
2283	177	8152	92.3274566161
2284	172	8155	92.328844877
2285	169	8160	92.2670002757
2286	168	8160	92.3291295724
2287	170	8160	92.2497272557
2288	166	8165	92.3368177994
2289	161	8167	92.2869223861
2290	164	8167	92.3049022645
2291	168	8173	92.2483294667
2292	168	8180	92.2941791937
2293	163	8184	92.2491035531
2294	159	8186	92.2262959963
2295	161	8186	92.1890662538
2296	159	8193	92.157086938
2297	155	8196	92.2554762892
2298	155	8202	92.2502331265
2299	154	8206	92.1802104243
2300	150	8210	92.1045221289
2301	149	8212	92.0562771224
2302	152	8218	91.9821969443
2303	157	8221	91.9324670535
2304	161	8221	91.9689522657
2305	157	8227	91.8876123517
2306	153	8231	91.9304473846
2307	155	8232	91.9206718722
2308	156	8237	91.858453519
2309	160	8239	91.7655130769
2310	163	8245	91.8412607606
2311	164	8245	91.8102609158
2312	169	8251	91.8500891465
2313	174	8258	91.8687047126
2314	174	8265	91.9131606969
2315	170	8266	91.828987185
2316	168	8267	91.8328396134
2317	164	8274	91.8469088173
2318	169	8279	91.8563493341
2319	167	8285	91.8708486237
2320	163	8291	91.8083986476
2321	160	8291	91.771661347
2322	162	8297	91.7087401036
2323	163	8299	91.7810928137
2324	163	8299	91.8395710712
2325	161	8305	91.8296985434
2326	163	8307	91.7455824159
2327	160	8312	91.7446444662
2328	155	8317	91.6818903376
2329	156	8317	91.6470011116
2330	157	8317	91.6422091066
2331	158	8318	91.661448892
2332	157	8319	91.615504966
2333	161	8320	91.6500575681
2334	156	8324	91.5820000265
2335	160	8329	91.6816991639
2336	163	8334	91.7376845071
2337	168	8340	91.8224177918
2338	166	8342	91.885326941
2339	170	8342	91.9191703409
2340	173	8345	92.0011500379
2341	174	8348	92.0277306482
2342	175	8351	92.068835409
2343	178	8352	92.1256825024
2344	177	8355	92.0548334943
2345	181	8361	91.9962354877
2346	178	8368	92.0301602741
2347	183	8368	91.9356812603
2348	185	8374	91.8486828321
2349	186	8374	91.8171699111
2350	185	8381	91.8507016548
2351	182	8381	91.915164973
2352	179	8384	91.9254444695
2353	184	8391	91.8900534366
2354	187	8391	91.9339384576
2355	188	8397	91.9758293385
2356	188	8404	91.9645488382
2357	189	8408	91.9651460497
2358	192	8411	91.906949987
2359	189	8414	91.9896811544
2360	192	8418	91.9703977403
2361	192	8419	91.8840671652
2362	195	8426	91.8423370773
2363	199	8431	91.9400153232
2364	200	8435	91.9197703925
2365	200	8437	92.0107290354
2366	200	8442	92.0239476608
2367	195	8449	92.044550632
2368	192	8454	92.0956070192
2369	196	8458	92.0914699542
2370	200	8463	92.0035013446
2371	200	8470	91.9448307114
2372	198	8476	91.885991617
2373	200	8480	91.9443006835
2374	196	8484	91.8472178071
2375	200	8491	91.8655403184
2376	196	8491	91.8777265039
2377	200	8492	91.7897361668
2378	200	8493	91.8842288731
2379	199	8495	91.8403482628
2380	197	8498	91.7909046191
2381	197	8498	91.8781767486
2382	194	8504	91.8017918445
2383	197	8508	91.8344442817
2384	198	8508	91.9234345572
2385	200	8510	91.9121661775
2386	200	8513	91.9177304962
2387	195	8515	91.8818302752
2388	193	8522	91.848364357
2389	189	8522	91.9064608731
2390	189	8528	91.9053979968
2391	193	8535	91.9555644236
2392	197	8537	91.8851021546
2393	192	8540	91.8288878206
2394	193	8547	91.9031133373
2395	197	8551	91.9740971777
2396	195	8557	92.0593565328
2397	198	8557	92.0994225303
2398	200	8564	92.0959779796
2399	199	8568	92.1191814842
2400	199	8569	92.0376694806
2401	200	8575	92.0390355817
2402	200	8576	92.0627106227
2403	195	8581	92.0905515288
2404	191	8584	92.1722164308
2405	188	8586	92.2679399717
2406	183	8591	92.2467654277
2407	180	8595	92.1757545846
2408	181	8597	92.2682647337
2409	183	8602	92.1743777732
2410	182	8602	92.1704348446
2411	186	8602	92.2667513864
2412	185	8602	92.2330193341
2413	184	8603	92.2107077445
2414	180	8606	92.1141352464
2415	183	8607	92.1532478942
2416	180	8609	92.0922480937
2417	181	8616	92.0689160263
2418	178	8618	92.1070774392
2419	180	8625	92.0253787039
2420	176	8632	92.0219668389
2421	174	8632	91.9860984382
2422	174	8632	91.9243582393
2423	176	8639	91.8337221
2424	181	8645	91.7762706228
2425	186	8650	91.7329423048
2426	184	8651	91.6426093993
2427	185	8651	91.6582467112
2428	190	8657	91.7079654859
2429	185	8657	91.6783920146
2430	180	8661	91.7007721248
2431	178	8666	91.621392251
2432	179	8671	91.5590138629
2433	184	8673	91.5002124845
2434	184	8676	91.5065236346
2435	187	8681	91.5155872549
2436	187	8688	91.416912726
2437	185	8690	91.4780949558
2438	185	8695	91.5420744307
2439	185	8697	91.5155845746
2440	182	8697	91.5011484882
2441	178	8703	91.4679705053
2442	181	8710	91.3791793674
2443	182	8716	91.3142231651
2444	182	8718	91.2813648647
2445	181	8719	91.2240705273
2446	184	8723	91.2790209661
2447	186	8726	91.3102227348
2448	190	8733	91.3171553073
2449	195	8734	91.3378053946
2450	191	8737	91.3136744499
2451	189	8740	91.3511427365
2452	191	8747	91.3751953623
2453	191	8751	91.2983906982
2454	193	8755	91.3442140611
2455	193	8761	91.4234059342
2456	188	8766	91.5175854837
2457	191	8767	91.6114021283
2458	189	8772	91.5592107148
2459	194	8774	91.4850330691
2460	194	8777	91.5212209855
2461	190	8783	91.4251478923
2462	190	8790	91.48486445
2463	191	8791	91.4925963758
2464	186	8798	91.4911079414
2465	186	8803	91.4360847979
2466	187	8808	91.5165939119
2467	191	8811	91.4874589611
2468	188	8815	91.5478882137
2469	185	8820	91.4560030963
2470	182	8823	91.442720507
2471	179	8827	91.4214829615
2472	175	8831	91.3240255935
2473	178	8837	91.3466317362
2474	183	8837	91.376854722
2475	178	8844	91.434064247
2476	173	8844	91.3947714473
2477	171	8848	91.38605288
2478	170	8854	91.3211439509
2479	165	8859	91.2596683553
2480	162	8863	91.2511145439
2481	166	8868	91.2062272112
2482	167	8869	91.1839663058
2483	164	8875	91.0962296583
2484	164	8877	91.1768104798
2485	168	8881	91.2555144338
2486	166	8888	91.2725679512
2487	166	8889	91.32014325
2488	169	8894	91.3292347951
2489	172	8898	91.2599251155
2490	173	8903	91.351474627
2491	175	8908	91.2867752239
2492	171	8910	91.3269818693
2493	168	8910	91.4243243228
2494	168	8911	91.3843522702
2495	166	8913	91.3577395093
2496	171	8917	91.2674002981
2497	167	8921	91.2674119366
2498	165	8923	91.2398942954
2499	164	8926	91.2184204819
2500	159	8927	91.2086850604
2501	162	8931	91.244668092
2502	160	8931	91.1846785418
2503	155	8932	91.2076661166
2504	155	8939	91.2547151697
2505	160	8940	91.1749164744
2506	157	8946	91.1079645664
2507	155	8950	91.1001795774
2508	160	8954	91.1817223084
2509	156	8955	91.199249021
2510	156	8956	91.2277549943
2511	152	8962	91.3043298469
2512	148	8966	91.3307027479
2513	148	8973	91.2485824312
2514	153	8980	91.2676282732
2515	154	8986	91.3514402444
2516	151	8991	91.3019269514
2517	151	8995	91.3003897714
2518	154	8997	91.3807410339
2519	156	9001	91.4455151453
2520	159	9006	91.4967407873
2521	159	9006	91.398742532
2522	157	9007	91.4245746188
2523	154	9012	91.4504008964
2524	158	9013	91.4189957941
2525	153	9014	91.4555854402
2526	155	9020	91.5183868206
2527	154	9021	91.5470426606
2528	150	9028	91.5136805382
2529	148	9029	91.6068943249
2530	149	9033	91.6889166889
2531	150	9038	91.7495751764
2532	148	9045	91.6852081351
2533	143	9046	91.7213589078
2534	146	9050	91.6766377097
2535	146	9054	91.7586869286
2536	150	9058	91.7704379243
2537	150	9063	91.8487079044
2538	153	9068	91.8195149431
2539	156	9068	91.9171411909
2540	160	9073	91.9736634821
2541	159	9078	92.0498968731
2542	154	9084	92.1225421096
2543	149	9090	92.1946078703
2544	145	9090	92.15592466
2545	147	9096	92.1896766035
2546	144	9098	92.278878713
2547	142	9101	92.2403149026
2548	141	9104	92.1445321363
2549	146	9111	92.1778381076
2550	148	9118	92.1896724053
2551	152	9123	92.2436409497
2552	153	9124	92.1540716973
2553	157	9130	92.1105868425
2554	154	9135	92.0762272091
2555	152	9137	92.0010780595
2556	152	9143	91.954609546
2557	147	9145	91.9772493283
2558	147	9147	91.9561325288
2559	152	9150	92.0551999367
2560	150	9153	92.0542443459
2561	154	9153	92.0945827488
2562	158	9157	92.0996421746
2563	160	9162	92.0578772494
2564	162	9162	92.1456186342
2565	160	9163	92.0549615907
2566	156	9163	91.9577518466
2567	154	9164	92.0318428453
2568	149	9169	91.9715612165
2569	148	9173	92.0642798786
2570	148	9180	92.0714901238
2571	143	9183	92.0391595474
2572	140	9190	92.0531022498
2573	144	9194	91.9674944799
2574	141	9201	91.9030966873
2575	145	9207	91.870279908
2576	141	9208	91.9255311443
2577	145	9208	91.9568272008
2578	146	9215	91.8695784096
2579	151	9220	91.8673335439
2580	155	9224	91.9014598063
2581	154	9229	91.8241123218
2582	151	9235	91.8500202631
2583	147	9240	91.9232770436
2584	146	9244	91.9774678258
2585	149	9248	92.0252434318
2586	149	9251	91.9326136605
2587	149	9254	91.9893827509
2588	148	9258	92.0515784276
2589	143	9265	92.005216957
2590	140	9269	92.0640501652
2591	142	9274	92.1378130679
2592	140	9279	92.1763706065
2593	140	9283	92.2348660492
2594	136	9286	92.3078190251
2595	131	9289	92.3720833726
2596	128	9292	92.4124765068
2597	131	9298	92.4319249329
2598	129	9298	92.4560285571
2599	134	9300	92.394354014
2600	137	9301	92.4798402218
2601	136	9305	92.5000025139
2602	132	9305	92.5745214456
2603	136	9305	92.6043872705
2604	132	9308	92.7024622047
2605	133	9314	92.6642882143
2606	135	9321	92.6484373106
2607	133	9325	92.6893712855
2608	132	9328	92.6506614578
2609	134	9332	92.578944989
2610	134	9334	92.5041299153
2611	136	9338	92.477195868
2612	140	9345	92.4199802856
2613	140	9345	92.3673869033
2614	144	9346	92.4078057725
2615	145	9346	92.4487631722
2616	148	9348	92.5078595757
2617	146	9349	92.4329231208
2618	146	9355	92.3712399127
2619	145	9357	92.3073044129
2620	147	9360	92.3926669722
2621	144	9361	92.3612321851
2622	148	9362	92.4016535477
2623	147	9367	92.4012413083
2624	148	9371	92.3640250361
2625	144	9374	92.3539710918
2626	146	9380	92.4493434344
2627	143	9384	92.3893768028
2628	145	9389	92.3974759248
2629	142	9394	92.4282035308
2630	147	9395	92.3519801897
2631	148	9402	92.3804849073
2632	143	9404	92.4643343891
2633	146	9410	92.45593241
2634	149	9417	92.3670969955
2635	152	9422	92.4384249027
2636	147	9429	92.4688361014
2637	147	9430	92.3750676982
2638	147	9433	92.3085842115
2639	151	9436	92.3872422567
2640	156	9441	92.3761311426
2641	151	9443	92.3673859965
2642	154	9443	92.3451230413
2643	154	9445	92.4361280295
2644	150	9445	92.3971370461
2645	145	9451	92.3643494305
2646	144	9454	92.2680026332
2647	142	9454	92.3338656935
2648	145	9460	92.2946022854
2649	149	9460	92.300397898
2650	144	9465	92.3693861309
2651	139	9465	92.4632921759
2652	136	9465	92.3721717132
2653	131	9468	92.3632725743
2654	130	9468	92.3540245562
2655	133	9470	92.3807403475
2656	133	9471	92.4045947216
2657	136	9476	92.4022901151
2658	136	9479	92.4884552992
2659	134	9483	92.5755707512
2660	131	9489	92.6190778081
2661	133	9494	92.7061326456
2662	136	9501	92.7528225802
2663	140	9506	92.7238536839
2664	141	9513	92.6853720754
2665	145	9520	92.6216441957
2666	148	9520	92.6682089929
2667	145	9524	92.6969729671
2668	140	9525	92.7461621772
2669	136	9525	92.7637871322
2670	139	9528	92.8284752207
2671	137	9532	92.7807098306
2672	134	9537	92.7661125775
2673	139	9539	92.6965743832
2674	139	9544	92.6956316749
2675	142	9550	92.6851850728
2676	141	9552	92.6178432075
2677	144	9552	92.6411243302
2678	144	9554	92.7058201938
2679	139	9557	92.7167078727
2680	142	9560	92.7653813449
2681	140	9562	92.7627228063
2682	140	9569	92.8566962775
2683	142	9571	92.8954811072
2684	143	9571	92.8319269274
2685	148	9576	92.7612585942
2686	150	9576	92.7368665367
2687	155	9578	92.6549979497
2688	159	9580	92.747149857
2689	164	9580	92.7184727303
2690	160	9583	92.6555790367
2691	160	9583	92.6047209458
2692	161	9585	92.7003531875
2693	165	9592	92.6833996212
2694	167	9597	92.7712084393
2695	165	9597	92.6967301009
2696	160	9598	92.720904072
2697	156	9603	92.8041823233
2698	156	9605	92.7569290009
2699	158	9612	92.7245920815
2700	154	9619	92.6577914582
2701	153	9625	92.6090980192
2702	149	9632	92.6312765471
2703	154	9637	92.6394941681
2704	154	9638	92.594615147
2705	155	9643	92.5599476532
2706	152	9643	92.5840616374
2707	154	9644	92.6386800681
2708	151	9644	92.6319192121
2709	152	9647	92.6621295542
2710	153	9649	92.7355354867
2711	148	9651	92.7649992273
2712	147	9655	92.8280073045
2713	147	9659	92.7901733107
2714	152	9659	92.8247807629
2715	147	9663	92.7862007873
2716	151	9665	92.8170211859
2717	152	9666	92.8029508697
2718	154	9669	92.7220830323
2719	149	9674	92.6955221783
2720	148	9675	92.6215816212
2721	153	9677	92.6185445829
2722	154	9682	92.5804576841
2723	149	9684	92.6365220633
2724	148	9687	92.7286654891
2725	149	9688	92.8076008497
2726	148	9692	92.8392484836
2727	152	9694	92.8652753865
2728	148	9701	92.9532263233
2729	144	9705	92.8971900333
2730	142	9706	92.864917676
2731	137	9712	92.8228515836
2732	140	9714	92.7997663491
2733	142	9720	92.856034607
2734	140	9725	92.8941289227
2735	141	9727	92.8444568201
2736	143	9730	92.8405455534
2737	148	9736	92.9215073956
2738	147	9737	92.8930514957
2739	151	9741	92.9627841117
2740	153	9746	92.936085269
2741	148	9748	92.9319938546
2742	146	9751	92.8734415933
2743	148	9757	92.8868278518
2744	146	9759	92.8504237705
2745	147	9761	92.7993162214
2746	144	9761	92.8322511678
2747	149	9763	92.9259230568
2748	148	9765	92.9584355088
2749	143	9769	93.0310259081
2750	141	9770	93.0721309009
2751	144	9771	93.1563893312
2752	143	9771	93.1184394553
2753	141	9777	93.0339043027
2754	145	9779	93.1266837165
2755	148	9782	93.2022526249
2756	147	9788	93.2106573896
2757	152	9792	93.1538371634
2758	152	9798	93.0846561588
2759	156	9802	93.1801245779
2760	155	9806	93.2109709884
2761	152	9806	93.1226322808
2762	151	9812	93.1110802535
2763	149	9812	93.0831062703
2764	149	9815	93.0505228402
2765	147	9822	93.1150201954
2766	148	9825	93.1645010526
2767	151	9829	93.2188585778
2768	151	9832	93.2415422081
2769	147	9833	93.3074056226
2770	142	9837	93.3164044301
2771	140	9843	93.3245658297
2772	137	9849	93.4029516981
2773	134	9852	93.4102650703
2774	134	9856	93.4847197089
2775	133	9862	93.4698004535
2776	129	9868	93.5359904437
2777	124	9875	93.5972070355
2778	128	9882	93.5087521206
2779	131	9883	93.4571654748
2780	132	9886	93.4096224875
2781	130	9893	93.3287362256
2782	125	9894	93.2764776167
2783	123	9899	93.3335834923
2784	118	9905	93.3231819008
2785	119	9910	93.4006930617
2786	122	9910	93.4068433349
2787	124	9917	93.4440590708
2788	120	9920	93.4364463662
2789	124	9925	93.3993659655
2790	129	9929	93.3378074222
2791	133	9936	93.2614265373
2792	133	9943	93.3440265635
2793	129	9947	93.2973781091
2794	129	9950	93.2170654195
2795	127	9950	93.3052524469
2796	127	9956	93.3588521426
2797	132	9960	93.335301817
2798	127	9962	93.2470003045
2799	128	9968	93.2061877818
2800	123	9968	93.2438730504
2801	125	9974	93.2553690768
2802	130	9976	93.3397125111
2803	129	9982	93.4005705492
2804	125	9986	93.3881931961
2805	120	9993	93.3310020898
2806	123	9995	93.2642028684
2807	128	9995	93.340595616
2808	128	10002	93.2507193682
2809	125	10009	93.1695769852
2810	128	10016	93.1593982661
2811	125	10023	93.2390953627
2812	123	10027	93.2094738663
2813	123	10031	93.2279207529
2814	122	10037	93.1666890547
2815	121	10043	93.1489555423
2816	117	10048	93.2367308573
2817	113	10050	93.2719444849
2818	118	10057	93.3040098736
2819	117	10057	93.3200613616
2820	117	10057	93.3924213472
2821	118	10058	93.3409910034
2822	114	10058	93.2744671303
2823	114	10058	93.3591576929
2824	112	10062	93.3514427852
2825	117	10062	93.3287936034
2826	121	10069	93.2473263769
2827	120	10072	93.1833489192
2828	121	10076	93.1939118239
2829	119	10083	93.2091733099
2830	114	10084	93.1202962257
2831	116	10087	93.0852619623
2832	117	10093	93.0843473686
2833	120	10093	93.1109778651
2834	115	10095	93.0402898062
2835	118	10095	93.0183654719
2836	120	10100	92.9543363409
2837	124	10101	92.9265597647
2838	126	10105	92.964954621
2839	125	10112	92.9093240448
2840	122	10115	92.9813956815
2841	117	10115	92.8987229493
2842	113	10117	92.9096641252
2843	112	10120	92.8158876797
2844	117	10127	92.8720139678
2845	113	10127	92.8559925001
2846	110	10127	92.7953146307
2847	109	10131	92.8062219423
2848	108	10133	92.7166449987
2849	111	10134	92.7223022073
2850	112	10141	92.6570509564
2851	110	10144	92.7103826174
2852	109	10150	92.7857574168
2853	104	10157	92.7832033917
2854	103	10162	92.7885051941
2855	105	10167	92.7732655674
2856	106	10174	92.739784222
2857	104	10177	92.7131736691
2858	100	10184	92.7141597
2859	98	10191	92.7059215314
2860	102	10193	92.7346374705
2861	97	10195	92.7979640361
2862	99	10196	92.7547958475
2863	104	10199	92.7770116652
2864	105	10202	92.7267157155
2865	102	10205	92.7232748108
2866	101	10212	92.8035807473
2867	104	10216	92.747724834
2868	103	10219	92.7873538057
2869	107	10219	92.810134394
2870	107	10220	92.8750810266
2871	111	10221	92.8791651843
2872	111	10228	92.9080599768
2873	106	10230	92.8112798887
2874	103	10233	92.8226866653
2875	105	10237	92.8941217722
2876	105	10244	92.806461209
2877	102	10244	92.7541458439
2878	106	10245	92.704332855
2879	107	10246	92.7849071325
2880	105	10250	92.7001748052
2881	100	10251	92.6506985167
2882	95	10253	92.5508038579
2883	97	10256	92.5307368499
2884	94	10262	92.6268741134
2885	91	10264	92.5987115757
2886	87	10265	92.510597651
2887	92	10271	92.606168179
2888	90	10275	92.563064306
2889	90	10282	92.4725122912
2890	90	10289	92.4710222095
2891	94	10296	92.4288707537
2892	92	10300	92.4727664008
2893	90	10305	92.5248153511
2894	88	10307	92.5510706323
2895	92	10310	92.5191258073
2896	91	10312	92.4461873531
2897	88	10319	92.5029417512
2898	84	10322	92.5972844887
2899	89	10322	92.5094853365
2900	93	10324	92.5324047317
2901	92	10329	92.4525183163
2902	96	10330	92.4522138061
2903	100	10337	92.4718935522
2904	102	10339	92.5632812472
2905	99	10339	92.5464101138
2906	102	10341	92.5257633284
2907	99	10345	92.4786882101
2908	98	10346	92.4482389243
2909	95	10351	92.4883304623
2910	90	10356	92.4533263949
2911	86	10357	92.4215283729
2912	89	10362	92.3380831962
2913	91	10367	92.3423154043
2914	88	10374	92.2515408899
2915	87	10378	92.3508088795
2916	87	10378	92.345742926
2917	84	10385	92.3575833196
2918	83	10388	92.3612504748
2919	79	10394	92.4137177594
2920	79	10400	92.4644164266
2921	75	10406	92.4597129186
2922	80	10406	92.4937149509
2923	82	10412	92.4944103303
2924	80	10414	92.5873243588
2925	80	10418	92.6185385016
2926	85	10424	92.5952715642
2927	81	10426	92.6888749525
2928	86	10426	92.7629780548
2929	87	10431	92.8156515447
2930	85	10432	92.7449338934
2931	87	10434	92.7872183609
2932	85	10437	92.8632418145
2933	85	10440	92.959236291
2934	89	10443	92.8679028092
2935	89	10447	92.9423608882
2936	89	10448	93.0102612903
2937	85	10455	93.0732826716
2938	80	10457	93.1384262785
2939	75	10461	93.0780192549
2940	74	10463	93.1649301197
2941	79	10468	93.2178584187
2942	74	10471	93.2303268987
2943	69	10473	93.1336538477
2944	72	10477	93.1433257811
2945	72	10478	93.1085858898
2946	67	10485	93.1150846643
2947	66	10485	93.017872577
2948	64	10489	93.0068200385
2949	62	10495	92.9100687421
2950	66	10498	92.8754727164
2951	67	10502	92.8685357689
2952	64	10508	92.9547199074
2953	67	10508	92.9547778759
2954	66	10508	93.0010472399
2955	63	10515	92.9471578726
2956	68	10519	92.909282401
2957	72	10526	92.8433293267
2958	74	10529	92.8388873056
2959	70	10532	92.8752641135
2960	72	10533	92.8233477938
2961	74	10540	92.736361616
2962	79	10541	92.8124738086
2963	76	10547	92.8368959988
2964	77	10551	92.7484346866
2965	79	10551	92.8284141961
2966	84	10556	92.9120889667
2967	85	10563	92.8854523319
2968	80	10570	92.9826306787
2969	82	10575	92.920544044
2970	80	10580	92.8606134191
2971	80	10584	92.7836838177
2972	83	10585	92.8360079646
2973	84	10585	92.9107733125
2974	79	10586	92.9178490446
2975	76	10590	92.8443884967
2976	81	10594	92.8255525392
2977	79	10598	92.9174098194
2978	75	10605	92.8642062146
2979	74	10608	92.9410939041
2980	79	10611	92.9271168604
2981	83	10617	93.0171863073
2982	84	10624	93.0262518659
2983	88	10627	92.9525753983
2984	91	10631	92.9145350281
2985	92	10635	92.9610604259
2986	90	10642	92.8716760283
2987	95	10647	92.8671818549
2988	96	10647	92.91054075
2989	95	10649	92.9929064953
2990	95	10656	93.0091375578
2991	100	10663	93.1004144067
2992	95	10664	93.0517067909
2993	94	10665	93.098049134
2994	95	10671	93.1427505154
2995	92	10674	93.1598496031
2996	97	10680	93.1849082436
2997	96	10687	93.1133869057
2998	95	10693	93.1574985687
2999	95	10696	93.1082638162
3000	91	10702	93.1678683402
3001	92	10708	93.1383524875
3002	90	10708	93.0503986271
3003	88	10715	93.101365077
3004	93	10715	93.1620314946
3005	98	10721	93.1724726752
3006	100	10721	93.2571057138
3007	105	10722	93.2982992424
3008	105	10723	93.2175097383
3009	105	10728	93.1856539649
3010	107	10729	93.1212614682
3011	110	10733	93.1603075435
3012	108	10738	93.1542103683
3013	103	10741	93.169931151
3014	105	10741	93.2089592178
3015	107	10742	93.120388706
3016	112	10745	93.024069525
3017	116	10751	93.0041349731
3018	116	10757	93.1008270287
3019	116	10758	93.0350569045
3020	111	10759	92.9522911922
3021	109	10766	92.9146320394
3022	110	10767	92.9684280603
3023	107	10767	93.0060378406
3024	105	10771	93.1043281047
3025	103	10777	93.1542369346
3026	100	10781	93.1972916299
3027	100	10784	93.1088602766
3028	98	10788	93.1306218465
3029	101	10794	93.1412006862
3030	97	10794	93.1391457712
3031	92	10794	93.0923352256
3032	96	10801	93.0581051998
3033	101	10808	92.9726005597
3034	104	10810	92.8913467282
3035	101	10810	92.9313615364
3036	99	10810	92.8507362482
3037	102	10813	92.7586630146
3038	100	10813	92.7894367109
3039	104	10814	92.8462210456
3040	108	10817	92.7703925184
3041	111	10818	92.7114460226
3042	107	10824	92.6906523182
3043	110	10826	92.6187741239
3044	115	10827	92.6699108445
3045	114	10828	92.6751393437
3046	112	10830	92.7016819168
3047	107	10837	92.6342221239
3048	111	10839	92.6007561553
3049	114	10840	92.5213122252
3050	112	10847	92.5612067783
3051	116	10851	92.5463268003
3052	115	10858	92.5504857902
3053	119	10863	92.5002908429
3054	119	10863	92.4166137507
3055	118	10863	92.4113214374
3056	118	10863	92.3684362113
3057	119	10866	92.4632222662
3058	120	10870	92.3835318257
3059	118	10875	92.4487735699
3060	121	10881	92.4320736097
3061	122	10888	92.3463494363
3062	121	10890	92.4060171971
3063	123	10891	92.3724818721
3064	122	10898	92.453214675
3065	124	10903	92.4973881148
3066	125	10908	92.4559781337
3067	122	10910	92.4172932227
3068	121	10912	92.3641535633
3069	125	10913	92.3235843194
3070	121	10917	92.2412815251
3071	116	10920	92.2721330901
3072	118	10927	92.2748041933
3073	120	10930	92.2562590901
3074	116	10936	92.1975386843
3075	118	10940	92.2849664709
3076	123	10941	92.213259942
3077	118	10947	92.2107793326
3078	123	10947	92.1462291189
3079	128	10954	92.2392782144
3080	133	10954	92.3201008402
3081	137	10956	92.3977666906
3082	139	10958	92.333229094
3083	136	10960	92.3477242199
3084	131	10965	92.3399946994
3085	130	10972	92.3171786146
3086	133	10972	92.4160148346
3087	138	10976	92.4146684317
3088	134	10978	92.3744069771
3089	138	10985	92.2942101293
3090	142	10988	92.3115065892
3091	144	10990	92.2255953558
3092	139	10994	92.2036808474
3093	136	10995	92.2225835687
3094	135	11001	92.1363126674
3095	132	11007	92.1324707427
3096	129	11007	92.0401346538
3097	133	11010	92.0500697255
3098	132	11016	91.9697985868
3099	132	11017	91.9187028329
3100	137	11021	91.9152696571
3101	135	11023	91.8854588995
3102	130	11024	91.8559249552
3103	128	11029	91.8343629728
3104	127	11034	91.8069090646
3105	131	11037	91.8731073329
3106	135	11041	91.9295374369
3107	136	11048	91.9557689206
3108	134	11049	91.8698991802
3109	131	11050	91.9583479796
3110	128	11054	92.0325750655
3111	124	11056	92.1316809504
3112	127	11061	92.1313714144
3113	129	11066	92.153320682
3114	133	11071	92.0590774723
3115	128	11071	92.1072540114
3116	130	11078	92.1222141231
3117	135	11081	92.156811045
3118	133	11087	92.2271891543
3119	132	11089	92.2629542372
3120	133	11089	92.2833692678
3121	131	11091	92.3025564509
3122	129	11096	92.3292852477
3123	132	11103	92.2596894821
3124	130	11106	92.185752492
3125	128	11112	92.2495061534
3126	131	11115	92.32209964
3127	132	11118	92.3772393742
3128	136	11121	92.4172367431
3129	131	11122	92.3675788527
3130	126	11126	92.3132217342
3131	126	11133	92.3980808721
3132	126	11138	92.3240270931
3133	122	11141	92.2305914218
3134	122	11145	92.2392667121
3135	126	11147	92.3276872974
3136	125	11151	92.4218805705
3137	124	11158	92.4271946414
3138	125	11163	92.4589538906
3139	121	11163	92.4972401304
3140	119	11167	92.5102361064
3141	117	11174	92.5818477457
3142	122	11177	92.5677826363
3143	119	11177	92.6111624082
