1	132	95.0974406561	5	5
2	132	95.0909618005	0	5
3	135	95.1004316955	4	9
4	137	95.1334297182	3	12
5	139	95.0689421281	1	13
6	140	95.1126944155	0	13
7	135	95.166795791	0	13
8	134	95.0709909608	1	14
9	139	95.0417946878	6	20
10	139	94.9508382225	5	25
11	139	94.8593681707	6	31
12	135	94.9212734025	3	34
13	132	94.8711691529	1	35
14	130	94.8603136182	5	40
15	125	94.9135979799	6	46
16	129	94.9005481305	5	51
17	128	94.85581541	3	54
18	132	94.7684744669	2	56
19	137	94.6752326958	0	56
20	138	94.7690769205	0	56
21	141	94.686392717	7	63
22	136	94.6733916173	2	65
23	137	94.7439477198	1	66
24	142	94.7013575385	1	67
25	141	94.6796857276	7	74
26	145	94.6869454548	6	80
27	144	94.6858697963	5	85
28	139	94.6137336657	3	88
29	134	94.619386691	5	93
30	138	94.5322897745	2	95
31	134	94.5972731607	5	100
32	138	94.6677751578	2	102
33	137	94.7059981277	4	106
34	137	94.707297616	0	106
35	132	94.6907570141	1	107
36	129	94.6275522426	1	108
37	128	94.6677326951	5	113
38	133	94.7579875078	1	114
39	131	94.6595122814	1	115
40	130	94.7314916674	6	121
41	135	94.6872603991	1	122
42	134	94.7036127682	2	124
43	134	94.7190421495	6	130
44	134	94.6978184704	6	136
45	133	94.7315915201	1	137
46	134	94.6612028293	6	143
47	130	94.6886292835	1	144
48	125	94.722493776	7	151
49	130	94.7860732024	4	155
50	130	94.7928299043	2	157
51	135	94.778312819	0	157
52	135	94.8218550133	0	157
53	139	94.8410798291	7	164
54	144	94.8619398718	5	169
55	140	94.8307964706	6	175
56	145	94.8721678239	4	179
57	147	94.9488680328	3	182
58	145	95.006232563	7	189
59	142	95.0317814263	7	196
60	138	94.9697740052	5	201
61	134	94.980692529	0	201
62	139	94.9832263487	0	201
63	136	95.0425844537	5	206
64	132	94.9523600431	6	212
65	129	94.9954214846	7	219
66	133	94.9280131004	4	223
67	128	94.9327966341	4	227
68	133	95.0178919771	5	232
69	129	94.9315303988	7	239
70	124	94.8445182882	4	243
71	129	94.753869873	3	246
72	134	94.693041531	5	251
73	131	94.6702092317	3	254
74	134	94.579595931	3	257
75	132	94.6739206152	4	261
76	134	94.7214619529	7	268
77	136	94.7541503763	5	273
78	133	94.8253035655	1	274
79	136	94.8291582375	3	277
80	140	94.8501758727	0	277
81	139	94.941343316	3	280
82	139	94.9906315469	3	283
83	144	94.984901574	5	288
84	140	94.9863083773	4	292
85	143	95.008136659	3	295
86	140	94.9747303257	0	295
87	144	95.0201053098	4	299
88	149	94.9527626214	2	301
89	149	94.8624567703	0	301
90	149	94.8616940317	0	301
91	153	94.8213757845	5	306
92	158	94.9136159903	3	309
93	154	94.9765060635	4	313
94	154	94.9048450717	4	317
95	154	94.8106295484	1	318
96	155	94.8455046704	1	319
97	153	94.7480264258	5	324
98	152	94.7442570467	4	328
99	156	94.7801260045	4	332
100	158	94.7241570089	6	338
101	153	94.7176350612	5	343
102	156	94.6530684969	4	347
103	151	94.7230538467	2	349
104	146	94.8185283794	4	353
105	147	94.7635048609	7	360
106	148	94.6834015822	0	360
107	153	94.6886117171	1	361
108	155	94.7470733305	4	365
109	153	94.7845876041	4	369
110	148	94.7343693399	3	372
111	153	94.6736434847	4	376
112	152	94.6329237485	0	376
113	155	94.69606109	7	383
114	153	94.7339843084	1	384
115	149	94.658937081	5	389
116	144	94.5594946478	4	393
117	139	94.500289211	3	396
118	139	94.4103663699	2	398
119	141	94.4290842035	5	403
120	138	94.3968029489	4	407
121	141	94.4785199834	7	414
122	140	94.5221888721	4	418
123	137	94.504011772	0	418
124	141	94.4525179064	2	420
125	137	94.4875233037	6	426
126	132	94.3953069203	6	432
127	135	94.4394379818	2	434
128	132	94.5197943157	4	438
129	130	94.5958483058	7	445
130	130	94.5154862367	4	449
131	132	94.539245429	0	449
132	137	94.4533091305	4	453
133	136	94.4825454537	3	456
134	139	94.5730894828	6	462
135	135	94.6154217167	7	469
136	136	94.5387720659	5	474
137	136	94.455358786	4	478
138	134	94.5180454386	6	484
139	133	94.5096157689	7	491
140	134	94.4972821985	3	494
141	138	94.4887400791	3	497
142	134	94.5333609281	2	499
143	137	94.61050032	0	499
144	133	94.5583392957	0	499
145	133	94.4808355404	0	499
146	131	94.4546435854	2	501
147	135	94.4671905913	0	501
148	133	94.4586494395	0	501
149	130	94.5140768616	3	504
150	125	94.4872719089	6	510
151	121	94.4118486709	7	517
152	122	94.4427976056	4	521
153	119	94.4544842913	2	523
154	117	94.3766761635	4	527
155	118	94.3832882916	4	531
156	113	94.4779437248	6	537
157	108	94.5653792299	6	543
158	113	94.5592664638	2	545
159	113	94.561282359	1	546
160	115	94.5766889178	2	548
161	120	94.5434290696	5	553
162	116	94.537557644	0	553
163	112	94.5781497163	1	554
164	116	94.5263605223	6	560
165	115	94.6159350136	2	562
166	114	94.5955683038	7	569
167	117	94.5171156376	2	571
168	121	94.4434866741	5	576
169	120	94.3645292755	0	576
170	124	94.4119485337	4	580
171	127	94.3124605954	5	585
172	127	94.3965882812	4	589
173	122	94.4622124762	5	594
174	126	94.3671788663	0	594
175	128	94.3852437156	2	596
176	132	94.3015245873	2	598
177	132	94.2476241348	0	598
178	128	94.3044674728	6	604
179	125	94.2231942926	5	609
180	124	94.1454734528	2	611
181	127	94.2150658711	2	613
182	129	94.2666992598	1	614
183	130	94.2835326027	4	618
184	131	94.2676667294	5	623
185	126	94.1889811025	1	624
186	129	94.1346542574	3	627
187	130	94.1315939606	5	632
188	135	94.1954374259	7	639
189	136	94.2087245531	2	641
190	131	94.3008355719	5	646
191	131	94.2618737036	1	647
192	127	94.1801007181	2	649
193	124	94.0924915873	4	653
194	129	94.1411092949	1	654
195	124	94.2221223817	3	657
196	127	94.2604141026	1	658
197	130	94.1612588181	0	658
198	134	94.1040658368	5	663
199	131	94.0203568377	5	668
200	136	94.0399718722	3	671
201	134	94.1319830993	0	671
202	132	94.0804977898	5	676
203	137	94.0826883935	1	677
204	132	94.1438498437	1	678
205	131	94.0863645263	3	681
206	129	94.0188172958	5	686
207	130	93.9370141485	4	690
208	127	93.9471910685	1	691
209	122	93.9249909015	6	697
210	119	94.0163954169	0	697
211	121	94.041034029	6	703
212	119	93.9653902085	7	710
213	114	93.9992770288	3	713
214	112	93.9708871711	1	714
215	110	94.0405597638	6	720
216	114	94.0434336392	4	724
217	113	93.9619668021	3	727
218	108	94.0145097324	5	732
219	112	94.0061439102	5	737
220	108	94.0290000568	5	742
221	105	93.9434438036	6	748
222	106	93.8597131346	1	749
223	101	93.92778083	6	755
224	97	93.9408441477	6	761
225	101	93.9613322075	4	765
226	105	94.0216658716	3	768
227	104	93.9249511001	2	770
228	106	93.9842882361	1	771
229	105	94.0383533835	6	777
230	110	93.9816687049	3	780
231	114	93.8870067335	4	784
232	110	93.9804560032	0	784
233	115	93.92025611	3	787
234	118	93.8831555969	6	793
235	123	93.8689541041	3	796
236	119	93.7811045143	0	796
237	119	93.8684565342	6	802
238	117	93.964786606	6	808
239	119	93.9353076864	6	814
240	121	93.9927197198	2	816
241	123	93.9293119909	7	823
242	120	94.0147005354	4	827
243	117	94.0728281246	6	833
244	114	94.0226624231	5	838
245	117	94.0072913321	5	843
246	113	94.0794149458	3	846
247	115	94.0478595705	2	848
248	110	93.9673198177	1	849
249	107	93.9283987014	3	852
250	112	94.0035719451	5	857
251	113	94.0865473409	6	863
252	114	94.0823655353	4	867
253	111	93.9850233888	2	869
254	107	93.9636443105	1	870
255	112	93.9432145109	4	874
256	115	93.9083135785	2	876
257	112	94.0023481342	1	877
258	112	93.962477407	3	880
259	110	93.9670607633	3	883
260	113	93.9913183845	1	884
261	108	93.9333175064	0	884
262	106	93.9595326681	7	891
263	110	94.0299435194	7	898
264	106	94.0164036413	6	904
265	101	93.9408492319	6	910
266	103	94.0001171806	2	912
267	108	94.0749891843	4	916
268	103	94.0512228245	1	917
269	103	94.0846153179	3	920
270	101	94.0108103951	5	925
271	98	93.9655110938	2	927
272	102	93.967441659	2	929
273	97	93.932309498	1	930
274	101	93.9537185285	5	935
275	97	94.0072465635	6	941
276	92	93.9114147381	3	944
277	89	93.8499236845	4	948
278	90	93.797649528	1	949
279	93	93.7817353405	3	952
280	89	93.7480114675	1	953
281	86	93.8007909272	7	960
282	90	93.8665551831	3	963
283	85	93.8937441877	4	967
284	83	93.9407592499	7	974
285	82	93.9116991012	6	980
286	85	93.8708128792	6	986
287	89	93.8458120704	5	991
288	91	93.794972147	4	995
289	92	93.7425548991	2	997
290	91	93.7594012706	3	1000
291	96	93.7461004145	7	1007
292	94	93.8333126212	7	1014
293	97	93.8232321906	4	1018
294	99	93.7771634522	4	1022
295	98	93.816496653	4	1026
296	101	93.8076359742	0	1026
297	105	93.8670148772	4	1030
298	110	93.8262068144	2	1032
299	105	93.7509960675	3	1035
300	102	93.8408996264	4	1039
301	104	93.8147866931	7	1046
302	107	93.9144080239	7	1053
303	105	93.9462687854	5	1058
304	103	93.9562490041	3	1061
305	104	94.0011507898	6	1067
306	104	93.9442992325	6	1073
307	108	93.9139029002	3	1076
308	103	93.9980070225	4	1080
309	98	93.954603434	2	1082
310	100	93.9139857575	6	1088
311	102	93.8475345199	3	1091
312	101	93.8669696755	4	1095
313	96	93.8546486355	6	1101
314	101	93.9265630049	1	1102
315	97	93.8596900721	2	1104
316	94	93.9293177173	0	1104
317	89	93.9008318269	5	1109
318	93	93.8882128394	4	1113
319	95	93.9045051478	3	1116
320	99	93.8403074923	3	1119
321	101	93.8815715487	7	1126
322	101	93.8720141911	3	1129
323	98	93.8452365632	1	1130
324	98	93.8170958686	2	1132
325	102	93.9159663504	0	1132
326	107	93.8261107751	6	1138
327	112	93.9084962848	6	1144
328	113	93.9870579051	2	1146
329	111	94.0868021591	3	1149
330	114	94.1685090097	0	1149
331	109	94.1908358968	4	1153
332	105	94.1526624548	1	1154
333	106	94.0627513204	0	1154
334	104	94.0782554797	2	1156
335	101	94.0693227861	6	1162
336	97	94.1520512441	1	1163
337	98	94.0877334005	2	1165
338	96	93.9962056822	0	1165
339	97	93.9593603189	7	1172
340	93	93.8778340083	6	1178
341	91	93.8351580477	1	1179
342	87	93.8522882782	4	1183
343	82	93.8844326861	2	1185
344	86	93.8862462907	0	1185
345	89	93.8598239562	5	1190
346	88	93.8409793755	2	1192
347	87	93.7543156107	6	1198
348	82	93.8448221555	6	1204
349	81	93.8423525555	4	1208
350	79	93.7885472454	4	1212
351	78	93.7658309075	5	1217
352	76	93.839151352	4	1221
353	79	93.7505583322	4	1225
354	74	93.7977568803	5	1230
355	75	93.7873278014	1	1231
356	77	93.841510829	6	1237
357	81	93.8304723209	4	1241
358	81	93.8212175915	3	1244
359	82	93.8208272463	5	1249
360	86	93.7380587434	7	1256
361	88	93.818375488	5	1261
362	92	93.7578692017	0	1261
363	93	93.7171127092	4	1265
364	98	93.7867819938	7	1272
365	98	93.7418968207	4	1276
366	96	93.7839138328	5	1281
367	100	93.7104891946	6	1287
368	104	93.6476279797	5	1292
369	102	93.626711043	3	1295
370	103	93.6647332445	2	1297
371	108	93.7154774266	2	1299
372	104	93.7106151039	2	1301
373	102	93.6169041424	2	1303
374	105	93.5533465522	2	1305
375	108	93.5570772294	2	1307
376	105	93.4818487321	3	1310
377	100	93.47325906	6	1316
378	104	93.4954450493	7	1323
379	100	93.5077140535	1	1324
380	103	93.4831588084	2	1326
381	104	93.4560001898	3	1329
382	109	93.4953151907	7	1336
383	107	93.5052687735	5	1341
384	106	93.5832748577	7	1348
385	103	93.4978581729	5	1353
386	107	93.4226086436	1	1354
387	112	93.4358801913	6	1360
388	114	93.5340255928	5	1365
389	116	93.488577074	3	1368
390	118	93.498797932	6	1374
391	120	93.4681196444	2	1376
392	121	93.4766190632	3	1379
393	118	93.4557690945	0	1379
394	113	93.3950094944	0	1379
395	118	93.3735428018	4	1383
396	118	93.3669886577	7	1390
397	123	93.3303005615	2	1392
398	121	93.299889229	1	1393
399	125	93.3303891162	0	1393
400	121	93.3701582668	2	1395
401	124	93.3989060045	5	1400
402	122	93.3445030321	3	1403
403	126	93.319817628	2	1405
404	124	93.287738203	6	1411
405	121	93.2290704017	1	1412
406	116	93.262021658	3	1415
407	111	93.2243396726	2	1417
408	113	93.3013368984	4	1421
409	114	93.2879589667	7	1428
410	110	93.2681512091	1	1429
411	106	93.2062022597	5	1434
412	106	93.2151329722	7	1441
413	108	93.223618667	5	1446
414	111	93.1300389181	6	1452
415	106	93.1186770526	4	1456
416	102	93.1860705388	3	1459
417	103	93.238183794	7	1466
418	103	93.1946921076	6	1472
419	108	93.1335286277	6	1478
420	104	93.0569515955	3	1481
421	105	92.9676669648	7	1488
422	110	93.0203223915	2	1490
423	113	92.9937108303	7	1497
424	109	92.9350457644	4	1501
425	114	92.8665090664	6	1507
426	114	92.8107649428	5	1512
427	110	92.7545809759	3	1515
428	115	92.6828977255	0	1515
429	114	92.6829311779	0	1515
430	113	92.6248311979	7	1522
431	118	92.6896281765	7	1529
432	114	92.7345568445	3	1532
433	118	92.6653796975	4	1536
434	113	92.6773412516	3	1539
435	108	92.6034687399	0	1539
436	106	92.6581119319	4	1543
437	109	92.584603197	6	1549
438	110	92.6590189601	7	1556
439	113	92.7040125882	4	1560
440	111	92.738498416	2	1562
441	110	92.8190780624	1	1563
442	105	92.772047331	6	1569
443	104	92.7847287992	5	1574
444	107	92.7538964218	2	1576
445	107	92.6753759609	6	1582
446	110	92.6614455204	5	1587
447	113	92.7453564268	4	1591
448	117	92.812938907	7	1598
449	122	92.763803328	4	1602
450	123	92.7498740324	1	1603
451	124	92.6963257235	4	1607
452	123	92.6066473444	6	1613
453	121	92.5349474558	4	1617
454	118	92.5179810101	6	1623
455	120	92.4257091084	1	1624
456	121	92.4325820513	7	1631
457	118	92.4145600504	4	1635
458	118	92.4219436661	3	1638
459	123	92.3684360332	5	1643
460	121	92.3325330655	4	1647
461	124	92.4259352296	7	1654
462	123	92.3326700387	0	1654
463	125	92.3426639283	7	1661
464	122	92.3829558707	1	1662
465	127	92.4632433244	7	1669
466	130	92.5303842435	7	1676
467	134	92.5243471994	2	1678
468	131	92.5631569398	6	1684
469	127	92.6103429764	3	1687
470	126	92.650754501	2	1689
471	125	92.6010496214	5	1694
472	125	92.7006146466	0	1694
473	126	92.7126403154	3	1697
474	125	92.6383152846	7	1704
475	123	92.6262928726	3	1707
476	127	92.6068539728	7	1714
477	128	92.5293994473	5	1719
478	127	92.5988311094	1	1720
479	127	92.5610348067	0	1720
480	129	92.5478578461	4	1724
481	131	92.5427702849	1	1725
482	136	92.4789213708	5	1730
483	135	92.410953104	7	1737
484	134	92.3380024512	7	1744
485	129	92.4168782202	1	1745
486	127	92.3987212743	3	1748
487	128	92.3543908191	3	1751
488	127	92.3435128158	7	1758
489	131	92.3557241909	5	1763
490	129	92.3209405226	5	1768
491	125	92.2813673165	3	1771
492	120	92.3704174682	1	1772
493	123	92.335815521	6	1778
494	126	92.2717875072	3	1781
495	128	92.193986201	7	1788
496	130	92.1702316089	0	1788
497	132	92.1998050969	0	1788
498	135	92.179601215	4	1792
499	130	92.2252618725	0	1792
500	134	92.2690576733	3	1795
501	130	92.2344126451	5	1800
502	125	92.192366027	6	1806
503	130	92.1206827731	0	1806
504	127	92.1674367154	7	1813
505	122	92.2145024992	6	1819
506	126	92.2359189451	3	1822
507	127	92.3338008857	2	1824
508	124	92.4233153254	0	1824
509	123	92.4720852564	7	1831
510	124	92.4230110051	4	1835
511	119	92.3966627412	5	1840
512	116	92.3971460111	5	1845
513	113	92.4650264476	4	1849
514	114	92.4580372816	5	1854
515	112	92.4272315094	3	1857
516	117	92.3546716039	4	1861
517	120	92.3038275952	5	1866
518	121	92.2621869878	0	1866
519	121	92.2004686937	0	1866
520	126	92.1173373607	6	1872
521	123	92.1047275494	5	1877
522	128	92.0200256122	2	1879
523	132	91.937260307	6	1885
524	129	91.8542338171	3	1888
525	133	91.7676963734	3	1891
526	135	91.7489018012	2	1893
527	130	91.8474492995	0	1893
528	133	91.801884857	0	1893
529	134	91.7487520455	0	1893
530	135	91.7542468205	3	1896
531	140	91.7936726944	7	1903
532	145	91.696208996	5	1908
533	145	91.7921288883	0	1908
534	150	91.7222902451	3	1911
535	146	91.8207581651	6	1917
536	151	91.7725073013	0	1917
537	156	91.7195939895	4	1921
538	160	91.7584950313	3	1924
539	164	91.7202295901	0	1924
540	159	91.7039029981	4	1928
541	160	91.7912021561	7	1935
542	156	91.7927129557	5	1940
543	156	91.8899922578	5	1945
544	159	91.9562902729	3	1948
545	164	91.9333858212	1	1949
546	160	91.924564231	6	1955
547	162	91.8869423735	1	1956
548	161	91.8816705445	2	1958
549	163	91.8410537182	3	1961
550	158	91.7527385737	1	1962
551	153	91.6938485298	1	1963
552	152	91.7563312011	4	1967
553	155	91.741737618	7	1974
554	151	91.7358324469	2	1976
555	156	91.7835985035	5	1981
556	155	91.7640094743	0	1981
557	152	91.6890055121	1	1982
558	147	91.6957611287	1	1983
559	152	91.6012655939	3	1986
560	152	91.5518439888	1	1987
561	148	91.4551540159	4	1991
562	145	91.5026903685	6	1997
563	143	91.5657398958	2	1999
564	138	91.4736430155	6	2005
565	134	91.5664146679	3	2008
566	132	91.4979029048	4	2012
567	134	91.4333563951	6	2018
568	130	91.4883814454	6	2024
569	133	91.4523062728	5	2029
570	129	91.4533266075	4	2033
571	127	91.5360072576	0	2033
572	127	91.498348953	6	2039
573	125	91.5081376922	6	2045
574	129	91.5395038731	5	2050
575	130	91.6247803325	0	2050
576	125	91.6555653202	5	2055
577	127	91.5591595183	1	2056
578	132	91.5964437355	3	2059
579	135	91.6483489486	7	2066
580	130	91.6446078895	1	2067
581	135	91.6691470627	4	2071
582	133	91.6015037805	2	2073
583	138	91.519778417	3	2076
584	141	91.5447871854	5	2081
585	142	91.5331798317	5	2086
586	138	91.5028001866	0	2086
587	140	91.5381565628	1	2087
588	139	91.4423648251	2	2089
589	144	91.4263387772	4	2093
590	145	91.398729603	4	2097
591	150	91.3806792992	5	2102
592	147	91.3644421959	4	2106
593	144	91.4236043185	3	2109
594	141	91.4078212749	6	2115
595	136	91.3399110779	3	2118
596	134	91.2900722285	1	2119
597	134	91.3819576779	4	2123
598	133	91.4183511184	6	2129
599	136	91.341911976	6	2135
600	132	91.3540933658	2	2137
601	129	91.3159964841	4	2141
602	134	91.4017058632	2	2143
603	139	91.3866496318	5	2148
604	143	91.4143393113	5	2153
605	144	91.4710768241	4	2157
606	142	91.5617750286	6	2163
607	146	91.5618883358	5	2168
608	143	91.4995947423	5	2173
609	139	91.5389687561	3	2176
610	144	91.4855959381	5	2181
611	144	91.4141217545	5	2186
612	145	91.5091180945	1	2187
613	150	91.5022061638	3	2190
614	153	91.5136815385	4	2194
615	150	91.4443421529	0	2194
616	149	91.5249194793	4	2198
617	149	91.4284951571	6	2204
618	145	91.3422054249	0	2204
619	149	91.3623645224	1	2205
620	151	91.3385764005	2	2207
621	146	91.2998295088	5	2212
622	150	91.2054553522	2	2214
623	145	91.1073425939	4	2218
624	147	91.1019724419	5	2223
625	145	91.047462038	2	2225
626	148	91.0965309028	2	2227
627	143	91.057058356	1	2228
628	143	91.0911191396	2	2230
629	145	91.1690500629	0	2230
630	146	91.1917997226	0	2230
631	144	91.2251699094	3	2233
632	143	91.3100808655	2	2235
633	143	91.2973747254	0	2235
634	144	91.2149667609	7	2242
635	147	91.2025408848	0	2242
636	144	91.1769861397	4	2246
637	140	91.1914124828	2	2248
638	144	91.1390557038	0	2248
639	148	91.0407674082	1	2249
640	145	91.0973685989	2	2251
641	140	91.0868826317	0	2251
642	141	91.1380381691	2	2253
643	146	91.1759624549	4	2257
644	143	91.2591010386	2	2259
645	142	91.195309419	5	2264
646	144	91.0991534522	5	2269
647	142	91.1128687845	1	2270
648	141	91.0843470598	1	2271
649	144	90.9984943474	1	2272
650	148	91.0924747369	3	2275
651	143	91.1131462593	1	2276
652	142	91.1310060852	4	2280
653	143	91.0314484762	7	2287
654	144	91.0972973395	5	2292
655	143	91.0634244022	1	2293
656	147	90.9769956492	3	2296
657	149	91.043305331	7	2303
658	153	91.1380475664	7	2310
659	158	91.2105709967	0	2310
660	157	91.1636683939	1	2311
661	156	91.229388629	7	2318
662	158	91.2583162265	1	2319
663	162	91.28737524	5	2324
664	167	91.2128887065	3	2327
665	164	91.2053578397	1	2328
666	167	91.112464471	3	2331
667	165	91.1807772827	0	2331
668	166	91.104139041	5	2336
669	170	91.1124976651	4	2340
670	167	91.0246086092	5	2345
671	168	90.9908021611	2	2347
672	169	90.915046535	2	2349
673	166	90.9607560986	5	2354
674	164	90.9023703148	5	2359
675	169	90.8155546436	2	2361
676	171	90.9119869598	1	2362
677	175	90.9857285922	3	2365
678	180	91.069935331	1	2366
679	181	91.0743035979	2	2368
680	180	91.0946716142	7	2375
681	181	91.1348191519	5	2380
682	179	91.2214515096	1	2381
683	178	91.3195265707	2	2383
684	182	91.3183650084	0	2383
685	185	91.2635733323	6	2389
686	184	91.2229586445	3	2392
687	189	91.1849541732	4	2396
688	194	91.2097097966	6	2402
689	189	91.2733375448	6	2408
690	191	91.3118260144	0	2408
691	190	91.3488135632	1	2409
692	194	91.3805683581	7	2416
693	190	91.4015179241	1	2417
694	195	91.4810805146	3	2420
695	194	91.4835968624	5	2425
696	195	91.5835613669	0	2425
697	199	91.4843004079	3	2428
698	198	91.4378598634	4	2432
699	195	91.5056146466	3	2435
700	192	91.523171464	5	2440
701	187	91.4402651322	5	2445
702	186	91.4527049157	1	2446
703	189	91.3596627889	7	2453
704	192	91.3036658866	3	2456
705	191	91.3458102164	1	2457
706	190	91.3516471512	6	2463
707	194	91.3111023281	3	2466
708	197	91.3851211392	1	2467
709	200	91.3349587004	3	2470
710	195	91.3439066119	1	2471
711	193	91.2504768477	6	2477
712	196	91.1833885893	2	2479
713	196	91.2258174973	6	2485
714	194	91.3060294998	3	2488
715	196	91.2743315534	7	2495
716	197	91.2725872286	7	2502
717	193	91.2515669826	2	2504
718	195	91.2887241184	5	2509
719	198	91.2697561986	2	2511
720	195	91.1918685826	5	2516
721	194	91.1540006527	3	2519
722	197	91.1706907427	3	2522
723	200	91.1906722335	1	2523
724	200	91.2440027205	3	2526
725	200	91.3328242881	1	2527
726	197	91.3712905101	5	2532
727	200	91.3874578762	3	2535
728	196	91.4541658647	6	2541
729	197	91.4415657545	2	2543
730	193	91.4992288133	7	2550
731	189	91.4446782242	7	2557
732	188	91.4127704924	0	2557
733	188	91.464264572	5	2562
734	184	91.494009215	1	2563
735	187	91.4285128974	7	2570
736	188	91.3533737005	7	2577
737	183	91.325829068	1	2578
738	183	91.4046254972	7	2585
739	180	91.3640703301	6	2591
740	176	91.397108613	5	2596
741	181	91.4537803683	1	2597
742	185	91.3883343712	6	2603
743	182	91.3626940861	5	2608
744	185	91.3402039986	0	2608
745	188	91.2711867687	3	2611
746	185	91.228765159	0	2611
747	186	91.2837093402	3	2614
748	189	91.3183840902	3	2617
749	193	91.3299768897	5	2622
750	193	91.2533074289	4	2626
751	189	91.2540600733	2	2628
752	190	91.3423470959	5	2633
753	188	91.387497375	3	2636
754	189	91.362371389	1	2637
755	190	91.375266516	4	2641
756	194	91.3350958565	0	2641
757	191	91.4023354324	6	2647
758	191	91.395099048	4	2651
759	192	91.3813821008	0	2651
760	189	91.4080944951	4	2655
761	189	91.3559696566	3	2658
762	186	91.4364084996	2	2660
763	189	91.5252096638	5	2665
764	193	91.4563504643	7	2672
765	188	91.509486682	6	2678
766	185	91.4871184968	4	2682
767	184	91.4414829093	6	2688
768	186	91.4780403165	5	2693
769	188	91.447897379	6	2699
770	187	91.4457923916	4	2703
771	189	91.4666622037	3	2706
772	191	91.4626746971	6	2712
773	192	91.3774604267	2	2714
774	188	91.2798713568	6	2720
775	185	91.3686743636	7	2727
776	181	91.3553364776	7	2734
777	178	91.2911260753	5	2739
778	175	91.2251334099	4	2743
779	179	91.1622392767	7	2750
780	181	91.1481692634	3	2753
781	177	91.2402419868	5	2758
782	173	91.330846641	4	2762
783	174	91.3542404434	7	2769
784	176	91.4530140319	0	2769
785	177	91.5158904372	1	2770
786	175	91.4251088307	1	2771
787	173	91.3562415564	7	2778
788	175	91.3210057785	1	2779
789	176	91.2553395086	2	2781
790	175	91.280671415	3	2784
791	177	91.3658791108	5	2789
792	178	91.416719057	7	2796
793	174	91.3254768232	7	2803
794	175	91.2718373483	2	2805
795	178	91.3485180462	4	2809
796	180	91.2609491572	0	2809
797	176	91.3133677066	0	2809
798	179	91.3438155513	7	2816
799	179	91.3531409277	5	2821
800	177	91.2711988881	0	2821
801	174	91.3219532157	7	2828
802	175	91.3687608167	3	2831
803	178	91.38853908	5	2836
804	179	91.3223860669	0	2836
805	174	91.3792341471	0	2836
806	173	91.3129119079	6	2842
807	173	91.3674983867	0	2842
808	171	91.4207525258	1	2843
809	173	91.379882579	3	2846
810	168	91.4478747357	2	2848
811	168	91.3916822469	4	2852
812	173	91.3506931472	5	2857
813	168	91.4485038351	4	2861
814	173	91.4644918562	6	2867
815	177	91.3713503335	7	2874
816	180	91.2828273499	0	2874
817	177	91.282476095	3	2877
818	174	91.1950638474	2	2879
819	170	91.1189564015	5	2884
820	170	91.123672378	0	2884
821	174	91.1321219895	4	2888
822	169	91.2138809281	2	2890
823	171	91.1808515539	6	2896
824	171	91.1687445571	2	2898
825	175	91.2090758144	0	2898
826	175	91.2404240042	0	2898
827	176	91.214457321	3	2901
828	176	91.2517530202	1	2902
829	173	91.1996479045	7	2909
830	169	91.2180581655	3	2912
831	164	91.2758883022	3	2915
832	166	91.1766445171	3	2918
833	167	91.0856454803	5	2923
834	168	91.0251009911	0	2923
835	173	91.1177644346	4	2927
836	171	91.0939430982	7	2934
837	167	91.1324937385	0	2934
838	165	91.062249877	7	2941
839	168	91.1434601327	4	2945
840	167	91.2045848678	7	2952
841	164	91.2121968032	1	2953
842	163	91.220408781	4	2957
843	158	91.2645766715	7	2964
844	159	91.2992327954	6	2970
845	155	91.2723845647	6	2976
846	154	91.3293911296	2	2978
847	152	91.3200783942	6	2984
848	153	91.2402669962	4	2988
849	158	91.2353234924	3	2991
850	162	91.2258325993	0	2991
851	162	91.1823089028	4	2995
852	162	91.1119078329	0	2995
853	161	91.0920782578	3	2998
854	159	91.0334876967	6	3004
855	157	90.9764738347	2	3006
856	160	90.9809409126	1	3007
857	164	90.9069037874	6	3013
858	166	90.8968349864	1	3014
859	166	90.8390496637	2	3016
860	166	90.9148682555	1	3017
861	165	90.9018108112	7	3024
862	162	90.8136217777	2	3026
863	167	90.7228834222	7	3033
864	164	90.6356439669	3	3036
865	163	90.6078366656	7	3043
866	163	90.6939566378	1	3044
867	164	90.7342672386	7	3051
868	165	90.711123788	6	3057
869	161	90.687795567	4	3061
870	162	90.665405117	7	3068
871	166	90.5734892306	1	3069
872	171	90.6286234784	1	3070
873	169	90.5295887195	2	3072
874	170	90.6233736696	2	3074
875	171	90.7049545004	5	3079
876	167	90.7354748415	5	3084
877	169	90.7996691625	4	3088
878	168	90.760516363	5	3093
879	173	90.679033281	5	3098
880	170	90.6497538626	6	3104
881	174	90.7451527393	7	3111
882	173	90.6877108473	2	3113
883	168	90.6048391337	2	3115
884	171	90.7040133733	3	3118
885	166	90.7059504777	5	3123
886	164	90.6921480304	7	3130
887	169	90.704284123	5	3135
888	173	90.700072013	5	3140
889	173	90.7586472763	3	3143
890	171	90.8418180785	5	3148
891	174	90.7581324373	6	3154
892	172	90.7195273383	2	3156
893	170	90.7341432065	4	3160
894	172	90.7492952593	0	3160
895	170	90.8489497241	6	3166
896	172	90.8205906805	6	3172
897	171	90.7284462433	7	3179
898	176	90.655118826	6	3185
899	178	90.6238877255	7	3192
900	177	90.5593090539	3	3195
901	175	90.5032691769	3	3198
902	178	90.4739258762	0	3198
903	179	90.5076687132	2	3200
904	177	90.5613801751	5	3205
905	177	90.5974585504	6	3211
906	178	90.6505708386	2	3213
907	176	90.7179433867	0	3213
908	174	90.6235281983	7	3220
909	177	90.5598440605	2	3222
910	177	90.4726012091	5	3227
911	173	90.4689092829	6	3233
912	176	90.516137848	0	3233
913	181	90.5527615289	3	3236
914	177	90.6353954676	3	3239
915	174	90.6223086482	6	3245
916	178	90.5789839989	0	3245
917	180	90.5456357482	3	3248
918	178	90.5228918118	6	3254
919	183	90.5088512712	5	3259
920	183	90.5828491074	3	3262
921	187	90.6385289149	4	3266
922	184	90.6965779765	5	3271
923	186	90.7431218476	2	3273
924	190	90.7295936387	0	3273
925	187	90.7242214942	0	3273
926	189	90.8093604052	6	3279
927	190	90.7297079514	4	3283
928	186	90.7547455291	1	3284
929	186	90.8157191311	6	3290
930	181	90.7796922757	3	3293
931	186	90.7899733323	6	3299
932	187	90.858718707	7	3306
933	182	90.9325333737	3	3309
934	181	90.9469180873	6	3315
935	180	90.8539513574	0	3315
936	175	90.8810121207	0	3315
937	178	90.9022468585	7	3322
938	181	90.8568309828	7	3329
939	176	90.7713203394	5	3334
940	171	90.8176845272	6	3340
941	174	90.8225416479	7	3347
942	174	90.7955851231	2	3349
943	170	90.8380193118	6	3355
944	169	90.9248623801	0	3355
945	169	90.8937896543	7	3362
946	165	90.8754563118	1	3363
947	166	90.7937788835	3	3366
948	170	90.7151204752	5	3371
949	175	90.7226818742	4	3375
950	178	90.637855582	7	3382
951	176	90.5389430625	0	3382
952	171	90.496523897	2	3384
953	175	90.4119576845	1	3385
954	179	90.4322638698	7	3392
955	174	90.3630313095	7	3399
956	171	90.4340624152	4	3403
957	170	90.3942134904	1	3404
958	170	90.4281318836	7	3411
959	166	90.4299639156	7	3418
960	166	90.4760604879	1	3419
961	161	90.5057353756	4	3423
962	165	90.4836727717	5	3428
963	160	90.4677215857	2	3430
964	156	90.3776541863	7	3437
965	160	90.3838228943	2	3439
966	157	90.3392301309	0	3439
967	161	90.3055137622	5	3444
968	158	90.3406879828	0	3444
969	155	90.3867209677	5	3449
970	157	90.2907332522	5	3454
971	157	90.2238620141	1	3455
972	154	90.3211559287	5	3460
973	157	90.2383370752	2	3462
974	155	90.182468743	0	3462
975	152	90.2778305658	1	3463
976	154	90.3130356809	2	3465
977	149	90.3439028233	6	3471
978	149	90.3726884848	2	3473
979	154	90.3122802239	6	3479
980	152	90.407297244	3	3482
981	156	90.4058636221	3	3485
982	152	90.4758751409	2	3487
983	151	90.4578462934	6	3493
984	147	90.464118644	2	3495
985	152	90.5560893561	0	3495
986	149	90.5008272176	1	3496
987	145	90.5541741862	1	3497
988	142	90.5655483877	6	3503
989	146	90.4935373987	4	3507
990	150	90.5404103838	3	3510
991	145	90.5714728774	3	3513
992	150	90.6167718004	4	3517
993	145	90.5752527241	0	3517
994	146	90.6720921428	2	3519
995	146	90.7484890358	6	3525
996	148	90.8155673813	3	3528
997	152	90.7466894943	0	3528
998	155	90.7402786879	7	3535
999	159	90.7550293937	0	3535
1000	157	90.7006978496	4	3539
1001	158	90.7764004802	5	3544
1002	158	90.7426851782	4	3548
1003	156	90.6557841768	7	3555
1004	156	90.6645577221	1	3556
1005	155	90.6889988199	2	3558
1006	160	90.6187798311	6	3564
1007	161	90.5490103909	5	3569
1008	163	90.5583439438	2	3571
1009	167	90.4870382178	0	3571
1010	163	90.5536598242	7	3578
1011	163	90.5054807984	3	3581
1012	168	90.5949910504	2	3583
1013	170	90.605937284	7	3590
1014	166	90.5587637964	7	3597
1015	166	90.623443087	2	3599
1016	162	90.7217781761	1	3600
1017	159	90.6765651893	1	3601
1018	158	90.6908224988	1	3602
1019	158	90.7601713703	2	3604
1020	160	90.767214359	6	3610
1021	156	90.6768295868	4	3614
1022	160	90.5965617878	3	3617
1023	163	90.5313838913	2	3619
1024	167	90.4966921281	2	3621
1025	165	90.5207013721	7	3628
1026	164	90.4209803243	3	3631
1027	164	90.4990741141	7	3638
1028	169	90.4669142935	4	3642
1029	165	90.541083235	6	3648
1030	160	90.5901938593	1	3649
1031	164	90.628405215	1	3650
1032	159	90.5959282958	1	3651
1033	161	90.6468613411	6	3657
1034	165	90.614997502	6	3663
1035	168	90.6296446742	2	3665
1036	165	90.6284213939	5	3670
1037	167	90.7174625381	0	3670
1038	167	90.6389393956	0	3670
1039	164	90.6340229634	1	3671
1040	159	90.6075824754	3	3674
1041	163	90.5957114542	2	3676
1042	163	90.6076474379	7	3683
1043	165	90.5722650394	4	3687
1044	160	90.6259695479	7	3694
1045	160	90.5582971107	2	3696
1046	156	90.6347416283	3	3699
1047	154	90.6089712177	2	3701
1048	150	90.603474677	4	3705
1049	152	90.6456765093	1	3706
1050	148	90.5587932012	1	3707
1051	151	90.6165999984	4	3711
1052	152	90.576979375	6	3717
1053	155	90.6348395032	0	3717
1054	160	90.625681868	7	3724
1055	163	90.716681765	6	3730
1056	158	90.6751599404	2	3732
1057	153	90.6225974557	4	3736
1058	156	90.7197742866	1	3737
1059	152	90.7465605242	4	3741
1060	148	90.8247823315	4	3745
1061	146	90.9177645485	0	3745
1062	151	90.9869706546	6	3751
1063	153	90.9621066508	0	3751
1064	155	90.891740806	2	3753
1065	158	90.7949923948	0	3753
1066	157	90.8787579365	2	3755
1067	159	90.8331221596	5	3760
1068	157	90.8648852376	4	3764
1069	162	90.8557019622	0	3764
1070	163	90.859405216	7	3771
1071	158	90.8563212925	7	3778
1072	155	90.9193648921	7	3785
1073	160	90.9293287147	6	3791
1074	162	91.0141711876	5	3796
1075	167	90.9684085554	1	3797
1076	172	90.9246821565	7	3804
1077	172	90.9965441325	6	3810
1078	172	91.0043200311	6	3816
1079	169	90.9043704147	5	3821
1080	164	90.9276440659	5	3826
1081	167	90.9021021744	7	3833
1082	164	90.8460090888	4	3837
1083	166	90.9294113541	1	3838
1084	169	91.0203640654	7	3845
1085	167	91.0581598456	1	3846
1086	163	91.0388325224	4	3850
1087	164	91.1031974811	1	3851
1088	169	91.1366424379	5	3856
1089	166	91.1857649395	3	3859
1090	168	91.2405153224	7	3866
1091	166	91.3248691092	7	3873
1092	167	91.2657013926	6	3879
1093	171	91.303573296	3	3882
1094	167	91.3233368856	2	3884
1095	164	91.2608294818	2	3886
1096	159	91.1758284608	0	3886
1097	161	91.1543452789	2	3888
1098	161	91.1188616331	4	3892
1099	161	91.0333464478	0	3892
1100	165	91.1047327852	7	3899
1101	168	91.1645438824	3	3902
1102	172	91.082945512	4	3906
1103	169	91.0135093165	6	3912
1104	170	90.9418577615	1	3913
1105	167	90.9168929515	5	3918
1106	162	90.9322642177	7	3925
1107	163	90.8980782916	5	3930
1108	159	90.9323216016	1	3931
1109	157	90.8741788317	0	3931
1110	153	90.945188258	1	3932
1111	153	91.0197500548	6	3938
1112	156	91.0612224305	6	3944
1113	160	91.1385620127	5	3949
1114	164	91.160908768	6	3955
1115	164	91.113541731	0	3955
1116	162	91.1897846619	1	3956
1117	158	91.240858799	0	3956
1118	157	91.1737014166	4	3960
1119	156	91.164170408	5	3965
1120	152	91.1951892941	7	3972
1121	151	91.2348512004	2	3974
1122	156	91.2692519673	3	3977
1123	157	91.1816510057	7	3984
1124	152	91.2580937849	7	3991
1125	147	91.2181532614	2	3993
1126	142	91.1385083193	4	3997
1127	145	91.100802901	6	4003
1128	143	91.1367472341	5	4008
1129	144	91.1307766523	7	4015
