1	131	3	95.054142819
2	134	6	95.0616950398
3	129	12	95.0496578347
4	128	16	95.0360745019
5	125	23	95.0799940774
6	129	30	95.1127166169
7	134	30	95.0708309458
8	129	30	95.1079864087
9	129	35	95.0572030132
10	126	37	95.0373664213
11	125	43	95.11302556
12	129	46	95.1283729189
13	126	46	95.15681927
14	129	52	95.0840045153
15	132	52	94.9989525269
16	134	57	95.0983737052
17	133	62	95.0692465662
18	137	67	95.1295839646
19	135	73	95.2100255024
20	138	76	95.1941108927
21	139	79	95.2684583315
22	142	83	95.2530129112
23	138	83	95.3328730591
24	134	83	95.306356918
25	129	85	95.3208940916
26	124	85	95.2990303864
27	119	90	95.2046045521
28	116	93	95.1909267802
29	121	99	95.2238682413
30	120	104	95.1912911778
31	116	108	95.1458110505
32	118	110	95.2418292354
33	118	114	95.2285707345
34	115	117	95.2741004927
35	114	119	95.2053054974
36	115	119	95.2582064794
37	115	121	95.2957514892
38	118	124	95.3399309622
39	122	125	95.3553047692
40	125	127	95.3297145728
41	124	127	95.3711735815
42	123	133	95.4065334313
43	125	134	95.4198138413
44	123	138	95.4235205105
45	118	140	95.4506648271
46	117	142	95.5233743074
47	118	145	95.5038559391
48	114	148	95.5177631104
49	113	154	95.6085143487
50	112	159	95.7024053211
51	108	164	95.7950096966
52	112	164	95.7507473092
53	112	164	95.6670340861
54	112	169	95.7593235243
55	108	175	95.8372623107
56	103	182	95.8512218946
57	105	182	95.8675400465
58	106	183	95.9527614027
59	109	184	95.9958207635
60	110	184	96.0013956139
61	107	188	95.9022660487
62	106	192	95.8164885401
63	105	198	95.7367010131
64	100	198	95.7154361474
65	104	199	95.7927684986
66	103	203	95.8426364734
67	103	207	95.8790979867
68	100	208	95.8677627343
69	98	214	95.89138162
70	102	219	95.8214691631
71	104	221	95.8730425132
72	107	225	95.8423715054
73	103	226	95.7634643998
74	105	233	95.6941794111
75	101	236	95.6877834127
76	102	238	95.616798255
77	102	239	95.6315678401
78	107	243	95.7231497061
79	103	248	95.627536255
80	100	253	95.6339746948
81	101	258	95.5863327255
82	100	264	95.4876066741
83	102	268	95.5591157979
84	100	274	95.6256474446
85	96	278	95.5921776658
86	99	282	95.5958582063
87	96	284	95.6505975947
88	94	287	95.7131389604
89	99	289	95.7322525684
90	96	294	95.7840206291
91	94	296	95.7208049239
92	97	297	95.6758608673
93	100	300	95.7210598023
94	95	302	95.7489033895
95	92	308	95.778998875
96	87	308	95.6987196269
97	87	309	95.6500839784
98	88	314	95.6817979753
99	83	314	95.7151400644
100	81	318	95.7800156103
101	82	319	95.8363460987
102	80	322	95.9339823057
103	84	326	96.0196995198
104	88	328	96.1123869257
105	85	328	96.1337656703
106	90	333	96.1637851413
107	93	333	96.1560891298
108	97	335	96.1968829149
109	93	335	96.1254342462
110	95	335	96.1321473213
111	93	337	96.1827836659
112	97	337	96.1837244489
113	98	343	96.1533783358
114	97	346	96.0576530714
115	99	346	96.1121319004
116	103	351	96.1472518309
117	107	354	96.1540558893
118	102	361	96.0705806045
119	98	365	96.0026604002
120	102	367	95.9210467107
121	99	372	95.978182331
122	102	378	95.9063222758
123	106	382	95.8821036525
124	107	386	95.8089327048
125	102	390	95.7647914032
126	107	392	95.7153115063
127	104	397	95.7639585076
128	108	400	95.743423244
129	109	401	95.8255092756
130	114	407	95.8047341822
131	113	407	95.8605820886
132	117	414	95.8154912837
133	120	414	95.8637961393
134	118	421	95.8248055841
135	115	423	95.8313745054
136	113	424	95.7708553279
137	108	424	95.8047080297
138	103	429	95.8755907201
139	103	432	95.8188966344
140	108	438	95.7401713843
141	113	442	95.7674622372
142	109	443	95.8449846339
143	106	446	95.7732634596
144	104	449	95.8590300143
145	106	449	95.8930913722
146	109	456	95.8466439908
147	105	459	95.8817423561
148	103	459	95.8792043128
149	106	463	95.786473696
150	110	468	95.7614915873
151	111	472	95.8439508785
152	116	476	95.8766407537
153	119	479	95.9565142481
154	116	483	95.8582698477
155	112	488	95.8639377562
156	108	492	95.7688115946
157	103	497	95.6824753549
158	104	499	95.6848134153
159	102	501	95.6879887859
160	98	506	95.7647145814
161	98	511	95.7293079038
162	95	515	95.7416316332
163	94	521	95.8383622888
164	98	528	95.9362608706
165	95	528	95.8792548076
166	97	533	95.8389178269
167	92	534	95.758192283
168	90	536	95.7833727145
169	87	540	95.8052859094
170	87	540	95.8044109543
171	84	545	95.8543690725
172	84	547	95.8415275666
173	86	547	95.9281980402
174	83	548	95.98679986
175	83	554	95.9582837329
176	87	559	95.8929661241
177	84	560	95.8310947301
178	89	562	95.9115150747
179	90	566	95.9612188118
180	89	567	95.957673784
181	91	571	95.8831549449
182	88	572	95.9296882553
183	93	572	95.9294264349
184	88	576	95.8717122537
185	88	577	95.8582741361
186	83	577	95.8472286943
187	85	582	95.8330321265
188	86	582	95.8884212047
189	91	585	95.964551554
190	90	587	95.8994514671
191	93	591	95.943852295
192	91	595	95.9451440899
193	90	598	95.9644090431
194	91	602	95.867343018
195	90	606	95.7817576073
196	91	608	95.7635487659
197	87	608	95.8065819516
198	87	609	95.7997683798
199	83	614	95.7095810692
200	84	621	95.6385316302
201	86	626	95.5704352754
202	85	627	95.5642752504
203	83	627	95.5937663004
204	80	631	95.5229410286
205	83	636	95.5292618791
206	79	642	95.5530476037
207	80	647	95.5688090681
208	82	648	95.501217763
209	87	649	95.4366630115
210	88	655	95.4054693805
211	89	662	95.4542129642
212	91	665	95.3772001729
213	88	672	95.2888087488
214	89	674	95.3630099101
215	93	678	95.4107656984
216	93	684	95.4591205992
217	96	688	95.3957496794
218	100	693	95.3803494244
219	103	696	95.3188001031
220	104	702	95.2644918428
221	99	704	95.2380917288
222	101	704	95.2978953294
223	103	709	95.2678476713
224	101	712	95.2191840746
225	103	712	95.1556379022
226	105	714	95.0905619182
227	100	719	95.0080335533
228	101	720	95.092424696
229	104	721	95.0409062573
230	102	726	95.0854544624
231	101	733	95.1617759502
232	99	736	95.212246354
233	98	736	95.201048715
234	96	737	95.2564824524
235	98	739	95.270373296
236	100	743	95.3666982675
237	98	749	95.2954376264
238	103	756	95.361598406
239	100	758	95.412347236
240	104	761	95.3670482724
241	100	767	95.2990846091
242	96	768	95.2083482218
243	95	768	95.2655062026
244	95	770	95.3510409128
245	91	777	95.389805236
246	89	779	95.3983820567
247	90	782	95.4909729441
248	88	782	95.4328978198
249	90	787	95.4203593085
250	91	789	95.3912411863
251	91	795	95.3879415513
252	92	801	95.3017813333
253	97	802	95.2479867783
254	99	808	95.2179459327
255	100	815	95.3001260878
256	103	822	95.3129507888
257	104	829	95.2597345635
258	101	831	95.1677601264
259	99	832	95.1855825844
260	97	835	95.1135699016
261	100	840	95.0495817124
262	98	847	95.1440996541
263	102	853	95.2305252426
264	105	860	95.2401086627
265	103	866	95.3250402017
266	108	872	95.3164820205
267	109	876	95.3911367776
268	105	877	95.3674370838
269	107	883	95.3706436113
270	108	888	95.3699382067
271	106	894	95.2916184698
272	105	898	95.2973687304
273	109	898	95.3693308958
274	111	900	95.2953736897
275	112	901	95.3768301321
276	116	903	95.3896468448
277	111	910	95.2992666972
278	112	914	95.2365927607
279	114	915	95.1914464509
280	115	919	95.290090734
281	114	925	95.2234073234
282	118	931	95.240212577
283	121	938	95.2898005498
284	125	940	95.371243606
285	120	941	95.4499535104
286	125	944	95.4742656857
287	125	951	95.4606330089
288	125	952	95.5060902511
289	121	954	95.4555733871
290	116	961	95.490497958
291	115	964	95.395176854
292	116	964	95.3516474937
293	121	970	95.4427584951
294	119	975	95.3700731293
295	114	979	95.3310275983
296	110	985	95.3326374644
297	107	985	95.3811530864
298	110	990	95.4546459282
299	109	990	95.4363049925
300	108	996	95.3377346153
301	113	997	95.3032847697
302	116	1001	95.2208885262
303	117	1001	95.1464440477
304	117	1008	95.0836274048
305	121	1010	95.1164229622
306	117	1017	95.1419280051
307	117	1017	95.123859319
308	114	1022	95.1110246265
309	111	1022	95.2007919666
310	115	1024	95.2759402657
311	115	1025	95.3436966658
312	113	1032	95.4383665625
313	118	1036	95.5244118928
314	117	1040	95.4423817977
315	112	1044	95.519971069
316	111	1051	95.4950060418
317	109	1052	95.5879357342
318	111	1053	95.6736269288
319	108	1060	95.686999511
320	104	1065	95.6017105867
321	104	1066	95.6332176407
322	101	1067	95.650232333
323	105	1067	95.6331189744
324	103	1068	95.5460577421
325	99	1073	95.536211666
326	103	1077	95.6216645403
327	98	1079	95.6674225782
328	97	1083	95.6616829786
329	102	1089	95.6058232068
330	106	1090	95.6159004824
331	108	1096	95.5569741997
332	108	1099	95.5155858085
333	109	1100	95.4339271392
334	107	1105	95.5147975402
335	107	1111	95.4470841423
336	104	1113	95.4902818336
337	109	1116	95.452526874
338	108	1116	95.5212410054
339	112	1123	95.47678725
340	115	1124	95.4552534677
341	111	1124	95.3821479074
342	115	1130	95.2862181508
343	112	1132	95.2393178905
344	111	1136	95.319368034
345	114	1140	95.390812699
346	119	1145	95.3690522019
347	122	1148	95.3869477748
348	122	1155	95.4046146501
349	127	1160	95.4116691508
350	122	1160	95.3225891176
351	125	1165	95.2769238732
352	124	1166	95.3422262357
353	127	1169	95.2781541642
354	124	1176	95.3609334916
355	129	1181	95.3290550091
356	129	1186	95.271175905
357	127	1193	95.2319125324
358	127	1193	95.2348573857
359	129	1193	95.1736011552
360	126	1198	95.1540370975
361	127	1204	95.1473498306
362	128	1211	95.2253299025
363	128	1212	95.2281165111
364	132	1212	95.1616745047
365	130	1213	95.2092793684
366	133	1219	95.1207640304
367	129	1221	95.1662338917
368	127	1227	95.2000751389
369	125	1233	95.1037142557
370	124	1240	95.0642735984
371	128	1243	95.0202674016
372	132	1247	95.0463794637
373	127	1254	95.1385404011
374	127	1255	95.1668500887
375	122	1256	95.205675161
376	117	1261	95.1114110558
377	119	1267	95.0500633602
378	117	1274	95.115163937
379	112	1274	95.0737546111
380	111	1279	95.1228951903
381	111	1284	95.1555339001
382	116	1289	95.1881767189
383	119	1296	95.1322112058
384	118	1299	95.0767068049
385	116	1302	94.9913011548
386	112	1306	95.0042700742
387	108	1313	95.0183162197
388	103	1319	94.9313373906
389	108	1323	94.8493952278
390	105	1326	94.8820139858
391	103	1328	94.9381953403
392	101	1330	95.0130319249
393	104	1332	95.0751875505
394	108	1337	95.085541134
395	103	1341	95.0294080491
396	103	1348	94.9429666688
397	103	1349	94.8943572167
398	103	1352	94.8084171182
399	104	1354	94.7809967365
400	107	1354	94.6842891241
401	109	1360	94.6338121426
402	114	1361	94.6035722044
403	112	1364	94.5130832697
404	107	1364	94.5805452334
405	111	1368	94.5818995861
406	116	1374	94.6153012045
407	121	1377	94.6934563331
408	118	1382	94.6481305047
409	119	1385	94.7058220196
410	121	1385	94.7628612293
411	116	1385	94.7344955776
412	118	1388	94.6522815274
413	122	1391	94.695430884
414	124	1398	94.7067961751
415	120	1405	94.76080975
416	121	1409	94.7744239469
417	118	1411	94.8118373876
418	123	1416	94.7867736472
419	127	1416	94.7683724867
420	130	1416	94.8355380185
421	125	1418	94.8074302525
422	121	1424	94.7215758343
423	125	1428	94.6719129502
424	122	1433	94.6319592598
425	120	1438	94.6214106376
426	124	1444	94.6878803712
427	124	1449	94.7141626887
428	123	1455	94.6903520444
429	119	1458	94.6116545369
430	119	1459	94.6540207401
431	124	1459	94.6803627389
432	119	1466	94.6275695627
433	122	1472	94.7180508132
434	125	1479	94.8145783394
435	127	1484	94.858029459
436	131	1488	94.8850328007
437	131	1489	94.9625641527
438	131	1490	94.9974340782
439	135	1496	95.0222772912
440	131	1503	95.1117508393
441	127	1508	95.2096682491
442	128	1510	95.1912782937
443	125	1514	95.2636672673
444	122	1519	95.2526461714
445	117	1519	95.2715487694
446	119	1519	95.2402022627
447	122	1519	95.2949324237
448	125	1525	95.3375141328
449	125	1530	95.3379958537
450	130	1534	95.3568241899
451	135	1535	95.3198887578
452	138	1537	95.3225220365
453	138	1543	95.2518985876
454	134	1547	95.3134632856
455	129	1548	95.2591081186
456	125	1554	95.2839673658
457	124	1561	95.2861938245
458	125	1564	95.2726238015
459	128	1567	95.1760854366
460	132	1573	95.155002915
461	133	1573	95.2143833089
462	133	1575	95.2210624886
463	134	1582	95.1370108085
464	130	1584	95.0746439113
465	131	1584	95.1564880637
466	131	1587	95.2275605245
467	132	1588	95.2505361723
468	132	1589	95.1583385244
469	137	1590	95.1130449269
470	135	1594	95.2058620045
471	136	1595	95.2324198026
472	141	1602	95.3304388813
473	144	1603	95.319110621
474	148	1607	95.4090890555
475	143	1614	95.5069667499
476	144	1616	95.4615597799
477	141	1622	95.4475442284
478	138	1623	95.4001139861
479	133	1630	95.3028567925
480	130	1637	95.27454991
481	134	1643	95.3034758665
482	129	1646	95.3364509915
483	132	1653	95.2757247451
484	134	1657	95.3427596507
485	133	1661	95.2475636422
486	132	1661	95.2216355686
487	132	1665	95.233879
488	136	1671	95.1746935641
489	136	1678	95.1898421767
490	131	1685	95.2808908022
491	127	1690	95.3546764427
492	132	1692	95.2870728002
493	130	1693	95.2563478967
494	129	1696	95.349234997
495	128	1703	95.2924043825
496	124	1706	95.2610611522
497	119	1710	95.1707107599
498	120	1711	95.2315832561
499	116	1716	95.1389385328
500	114	1718	95.0655434296
501	113	1722	95.0642881921
502	110	1724	94.9665185137
503	106	1724	94.8697936462
504	107	1727	94.879135687
505	110	1734	94.7798752811
506	107	1735	94.7874882475
507	108	1738	94.7471142282
508	105	1741	94.6524861194
509	100	1743	94.7217556246
510	102	1743	94.7440702845
511	107	1746	94.6984490164
512	110	1749	94.7624589317
513	111	1751	94.6737403066
514	113	1751	94.7715604216
515	112	1751	94.7921888538
516	116	1753	94.7664636233
517	111	1755	94.7748698029
518	109	1761	94.7945702244
519	114	1767	94.7561901575
520	112	1773	94.8254079571
521	111	1774	94.8542157407
522	111	1777	94.8251775787
523	107	1781	94.7872856524
524	105	1783	94.6948104731
525	101	1788	94.7071803287
526	97	1793	94.7017949353
527	92	1794	94.6173758466
528	90	1795	94.6253215557
529	95	1801	94.7057079291
530	90	1801	94.7250789531
531	86	1805	94.7865096096
532	91	1809	94.7184561343
533	90	1811	94.6813860987
534	85	1816	94.6468508456
535	86	1819	94.5843891616
536	88	1824	94.4998788603
537	87	1827	94.5507521706
538	90	1834	94.4616503238
539	93	1840	94.5568549442
540	91	1843	94.5868965466
541	92	1844	94.4897902989
542	87	1851	94.4832685765
543	83	1853	94.4629485421
544	87	1853	94.4139335173
545	87	1858	94.3938639252
546	85	1859	94.3151865425
547	80	1860	94.2601969587
548	83	1863	94.3529988109
549	84	1864	94.318171587
550	84	1870	94.3788470069
551	88	1870	94.3223026822
552	93	1874	94.3052783886
553	96	1874	94.3372343488
554	95	1875	94.2540341713
555	90	1881	94.200273206
556	90	1886	94.189758269
557	90	1890	94.2143528973
558	89	1891	94.242613572
559	92	1892	94.1771261811
560	93	1896	94.0837071983
561	89	1903	94.1698889635
562	86	1910	94.2123425474
563	88	1914	94.2998057589
564	83	1914	94.2987430612
565	78	1920	94.3594936155
566	79	1921	94.3955362735
567	83	1922	94.4794090991
568	85	1923	94.5628785343
569	84	1929	94.5689395425
570	84	1933	94.6038528842
571	85	1940	94.5960787402
572	90	1945	94.6792416994
573	93	1949	94.6083128428
574	92	1953	94.6847040285
575	87	1960	94.7751397147
576	91	1961	94.7076129122
577	96	1965	94.6264994415
578	101	1966	94.6217966368
579	101	1972	94.5244831876
580	100	1973	94.6244762764
581	100	1973	94.5478151055
582	95	1979	94.552689691
583	96	1979	94.5605590955
584	99	1982	94.4769647134
585	102	1988	94.4716294302
586	100	1992	94.504770484
587	95	1998	94.5706964777
588	98	2000	94.6658356059
589	103	2004	94.5759508597
590	101	2007	94.5993707519
591	97	2011	94.6296540653
592	94	2018	94.6348663193
593	94	2022	94.6372917805
594	93	2026	94.7253933706
595	95	2028	94.720869481
596	98	2033	94.6607565568
597	94	2034	94.6670262612
598	89	2041	94.7287220034
599	92	2048	94.7377281865
600	92	2048	94.8346065524
601	90	2055	94.9307697349
602	91	2055	94.9295557453
603	93	2055	94.9700945945
604	98	2058	95.0535317768
605	94	2063	95.1176698963
606	97	2068	95.0433100122
607	96	2071	95.0178263832
608	91	2077	95.0005365001
609	94	2083	95.0422361492
610	97	2088	94.963374653
611	98	2090	94.9127424458
612	102	2092	94.88212927
613	97	2099	94.9607940673
614	93	2106	95.0186336373
615	89	2106	94.9974173871
616	89	2107	95.0658487999
617	85	2111	95.1168955477
618	80	2116	95.0254468156
619	85	2118	95.0737134897
620	90	2121	95.0052717965
621	90	2128	95.0245370336
622	94	2132	95.0179844309
623	90	2136	95.1126938682
624	93	2138	95.1415976293
625	96	2140	95.1997338028
626	95	2141	95.1857106058
627	95	2143	95.1682882153
628	96	2145	95.1266276751
629	93	2145	95.0907079616
630	91	2151	95.0797787664
631	88	2151	95.0194818291
632	88	2157	95.0520813207
633	84	2162	95.0911674417
634	88	2163	95.1039773111
635	86	2166	95.1829605831
636	87	2166	95.1701501022
637	91	2169	95.1429279854
638	95	2176	95.2391029612
639	94	2181	95.1580304281
640	91	2187	95.2267427213
641	93	2187	95.310462562
642	93	2190	95.2870478631
643	97	2190	95.1974659981
644	100	2196	95.1824896472
645	101	2200	95.0908370132
646	96	2205	95.0542189872
647	101	2210	95.1056708415
648	96	2215	95.1182866074
649	91	2217	95.0211281359
650	90	2218	95.1150876692
651	88	2219	95.2021024126
652	84	2220	95.1023155709
653	88	2227	95.064672551
654	93	2232	95.0869156257
655	98	2232	95.1650833513
656	93	2234	95.1440402217
657	92	2237	95.1223198096
658	89	2244	95.0943830513
659	87	2247	95.0804876858
660	84	2254	95.0188910286
661	87	2259	94.9678517169
662	85	2265	94.964413736
663	81	2268	95.0383738801
664	77	2275	94.9967347627
665	74	2277	95.0828003486
666	78	2277	95.0564463772
667	82	2277	95.0449197447
668	79	2280	95.0857817268
669	77	2280	95.0521357311
670	73	2287	95.0946292174
671	68	2287	95.1603583066
672	73	2288	95.1464974568
673	77	2289	95.1184913368
674	79	2292	95.0958864678
675	75	2299	95.1700053461
676	73	2300	95.2326525539
677	70	2301	95.3219134836
678	67	2302	95.2634898343
679	72	2304	95.3567258687
680	67	2305	95.399656631
681	70	2305	95.4292366734
682	73	2306	95.3890763557
683	77	2310	95.4806103189
684	79	2311	95.5015034878
685	84	2316	95.4691820987
686	81	2319	95.5405563998
687	86	2321	95.5969925717
688	81	2322	95.5718526675
689	78	2322	95.6133491284
690	77	2322	95.5910154889
691	78	2327	95.6297130062
692	80	2328	95.6610915055
693	77	2335	95.6834363047
694	72	2342	95.7650353105
695	71	2343	95.8639229419
696	68	2344	95.9313161762
697	65	2351	96.0241804266
698	65	2358	96.0876441523
699	69	2363	96.0459304532
700	70	2365	95.9804815592
701	73	2371	95.934804385
702	78	2378	95.8888720063
703	78	2385	95.9747846091
704	73	2385	95.9980617081
705	70	2390	95.9918461607
706	68	2397	96.0622278077
707	66	2399	95.973536617
708	66	2404	95.9536637645
709	63	2411	95.957234778
710	59	2415	95.8864118684
711	61	2417	95.9750276381
712	60	2424	95.9439413051
713	60	2431	95.8872146675
714	59	2435	95.8089122192
715	64	2436	95.776594418
716	59	2442	95.7766405283
717	60	2445	95.7476881627
718	55	2446	95.7694820931
719	55	2452	95.8228869962
720	55	2454	95.8880049513
721	54	2461	95.8856716997
722	50	2467	95.9239180309
723	50	2467	96.0159329204
724	53	2474	95.9706320399
725	58	2481	96.0314207973
726	56	2483	95.9424653452
727	54	2487	95.9717945136
728	51	2491	96.0366671156
729	52	2498	96.0154073901
730	52	2499	96.0794401582
731	50	2499	96.0916511599
732	55	2502	96.0979696811
733	50	2506	95.9980054264
734	50	2507	95.9646365697
735	50	2512	95.9925045666
736	50	2514	96.0159591772
737	54	2515	95.9494240417
738	50	2516	95.9822593538
739	50	2516	95.9742669658
740	50	2519	95.9009703867
741	51	2522	95.9809831167
742	56	2524	95.9149763534
743	58	2529	95.9927433367
744	62	2531	96.0029889083
745	58	2538	96.0348994592
746	63	2545	95.9926233234
747	62	2546	95.9020735691
748	57	2551	95.9513056077
749	60	2554	95.9356482097
750	60	2557	95.9760635517
751	61	2558	95.9263934617
752	62	2561	95.9140336889
753	59	2565	95.9997325946
754	58	2570	95.9443031776
755	61	2571	95.9081982016
756	56	2574	95.9373546689
757	56	2581	96.0103274723
758	60	2583	96.1039738271
759	65	2589	96.0950917503
760	64	2591	96.077831681
761	60	2597	95.9802840566
762	61	2602	96.0209684571
763	64	2606	96.0242552436
764	62	2609	95.9263578991
765	59	2611	96.0218876052
766	57	2613	96.0416368513
767	53	2615	95.9647234646
768	50	2618	96.0565627448
769	50	2619	96.1270087451
770	50	2620	96.074519041
771	52	2623	96.1542160808
772	50	2625	96.2283155345
773	52	2628	96.3015536961
774	50	2631	96.3379319739
775	50	2633	96.2892743929
776	50	2635	96.2985011534
777	50	2640	96.3984569029
778	55	2647	96.3273520969
779	60	2654	96.3263384262
780	65	2654	96.2390383275
781	65	2661	96.3101880722
782	68	2666	96.2435803786
783	71	2670	96.2053471082
784	69	2676	96.1708247394
785	69	2680	96.1314096126
786	70	2682	96.128949244
787	73	2686	96.0372105865
788	69	2688	96.1044306998
789	64	2691	96.1435441928
790	67	2693	96.2360350716
791	70	2700	96.2893122546
792	66	2703	96.2701022266
793	70	2710	96.1735624017
794	67	2712	96.1311657981
795	63	2716	96.1813875296
796	64	2716	96.0921011111
797	63	2723	96.1621253802
798	62	2728	96.1736921589
799	60	2728	96.222086594
800	63	2728	96.1341287769
801	60	2735	96.0853173706
802	57	2742	95.9866573955
803	59	2745	96.0444037417
804	60	2747	96.1190551622
805	65	2753	96.2140882854
806	66	2756	96.1950129714
807	70	2759	96.1659398478
808	74	2766	96.2555610332
809	71	2771	96.2301294344
810	75	2771	96.1427325206
811	79	2772	96.1505792617
812	75	2779	96.2279148448
813	75	2783	96.1980689856
814	74	2788	96.1387084449
815	76	2795	96.231273897
816	81	2798	96.3263639825
817	77	2798	96.259718502
818	76	2803	96.3383642075
819	77	2803	96.4251216157
820	78	2805	96.4368928262
821	80	2806	96.3966070259
822	76	2811	96.445526061
823	76	2818	96.4010417419
824	72	2820	96.4320499199
825	73	2820	96.464309007
826	71	2825	96.3769449756
827	72	2825	96.3790023424
828	67	2828	96.4777257196
829	62	2830	96.5126546137
830	64	2832	96.4855299058
831	59	2836	96.4134595809
832	55	2838	96.4803766862
833	51	2843	96.402393256
834	52	2844	96.3813063134
835	50	2846	96.4606443284
836	52	2853	96.4419676887
837	52	2855	96.481630292
838	56	2858	96.4699848674
839	57	2860	96.4267113935
840	60	2867	96.466150996
841	55	2872	96.5570225778
842	52	2877	96.5133024209
843	52	2883	96.6064253581
844	53	2883	96.6731526771
845	55	2884	96.6048214335
846	51	2891	96.5438851839
847	50	2894	96.5254301268
848	50	2901	96.5744299151
849	50	2905	96.6510411282
850	54	2910	96.6576132987
851	52	2916	96.6301988851
852	51	2920	96.6233198663
853	50	2921	96.6267414766
854	50	2922	96.6962912619
855	53	2927	96.6403332195
856	55	2928	96.718391902
857	51	2930	96.8116164494
858	50	2931	96.7978288575
859	55	2931	96.7108856316
860	54	2935	96.7827132795
861	56	2942	96.756908203
862	61	2945	96.7580166249
863	61	2949	96.7291225978
864	63	2950	96.7083532132
865	65	2950	96.7395786368
866	60	2950	96.6881038671
867	63	2957	96.6008851465
868	67	2964	96.6479235813
869	72	2971	96.6393431745
870	73	2973	96.5933655973
871	70	2975	96.5663740478
872	69	2976	96.5819770429
873	70	2980	96.6796616758
874	65	2986	96.5870164405
875	61	2989	96.6257719377
876	63	2992	96.6075767468
877	65	2999	96.6537730257
878	60	3006	96.7145554422
879	56	3008	96.7478319986
880	58	3010	96.704379579
881	55	3010	96.7649060912
882	53	3014	96.8537353474
883	57	3020	96.8824038831
884	58	3025	96.82277105
885	55	3025	96.9000607069
886	50	3027	96.8688467407
887	55	3030	96.8120705763
888	60	3034	96.861281482
889	55	3040	96.948306475
890	51	3047	96.9376232288
891	52	3054	96.9994015964
892	54	3054	97.0415109343
893	55	3061	97.0561532486
894	55	3063	96.9746663179
895	57	3065	96.924058943
896	62	3068	96.8459109019
897	60	3068	96.7740454212
898	60	3073	96.7193020495
899	64	3077	96.7328800286
900	63	3083	96.6546323142
901	62	3090	96.5973578126
902	60	3090	96.6871390841
903	64	3091	96.7076702929
904	65	3098	96.6854440043
905	62	3098	96.7057098836
906	66	3100	96.6229001178
907	63	3101	96.6090074934
908	65	3102	96.6935091311
909	63	3102	96.7664179461
910	59	3108	96.789089148
911	55	3115	96.7395510502
912	58	3115	96.7545294288
913	62	3118	96.7624122045
914	61	3125	96.6891574033
915	58	3130	96.6778131593
916	58	3135	96.6656901681
917	53	3140	96.6146127353
918	50	3146	96.6896747075
