1	125	2	94.9950796333
2	123	4	94.9474610101
3	124	5	94.9830328753
4	121	12	94.9946500749
5	120	15	94.9657090339
6	121	21	95.0538155277
7	126	28	95.1006876128
8	128	33	95.1044869802
9	131	40	95.0597250046
10	128	42	94.9745578819
11	129	48	95.0194943815
12	130	50	95.0638993511
13	126	51	95.0110360118
14	131	51	94.995347782
15	136	51	94.9530393002
16	140	55	94.9289836252
17	140	56	94.9378487508
18	135	61	94.8957252147
19	140	62	94.9532446932
20	143	64	95.030946424
21	139	68	95.0103430281
22	136	75	95.0952775941
23	136	76	95.0410482
24	134	77	94.9818908219
25	135	80	95.0543049082
26	139	83	95.131588582
27	135	86	95.151841478
28	131	86	95.1718188328
29	135	92	95.1857028564
30	133	93	95.1526914228
31	133	99	95.1877615627
32	138	102	95.2685459327
33	138	108	95.1855222221
34	134	115	95.1541363986
35	132	122	95.2075142388
36	130	129	95.2793100769
37	133	131	95.2720659227
38	138	133	95.3007862612
39	139	133	95.2513751457
40	136	137	95.2466301999
41	138	144	95.2581839049
42	134	146	95.3455720352
43	135	146	95.3507929737
44	135	146	95.3355611518
45	132	152	95.3062745516
46	134	159	95.2833153299
47	129	163	95.380731396
48	128	164	95.4755600394
49	127	164	95.5531565338
50	128	164	95.6352322168
51	131	166	95.6664568388
52	135	171	95.6894370395
53	130	174	95.7025865399
54	127	177	95.6564897631
55	129	177	95.7481037991
56	128	177	95.8090263318
57	132	180	95.8609492481
58	137	187	95.7860588166
59	140	189	95.7769775106
60	145	190	95.7488210971
61	140	192	95.8099079673
62	140	199	95.8571823481
63	138	201	95.7705906575
64	138	201	95.7915842861
65	135	202	95.8909658679
66	140	208	95.8710569509
67	144	210	95.9033243368
68	148	210	95.8243664576
69	143	210	95.8351582323
70	148	216	95.7736664405
71	152	218	95.7309034699
72	148	222	95.632163993
73	148	223	95.5932284738
74	146	230	95.5356166369
75	146	230	95.6194126522
76	147	231	95.5657695542
77	148	232	95.6088040989
78	151	239	95.5881057567
79	146	239	95.5538482051
80	144	241	95.4977430169
81	149	245	95.5283080623
82	153	250	95.5644989193
83	151	250	95.6383987604
84	150	250	95.6729332579
85	151	255	95.6236772597
86	150	256	95.6844152447
87	155	259	95.6044569887
88	155	264	95.6285192619
89	156	271	95.570645412
90	151	277	95.5632624975
91	146	278	95.4817439317
92	143	281	95.443997103
93	138	283	95.3950998272
94	134	286	95.4845051317
95	134	288	95.4740794606
96	135	289	95.4750628309
97	136	293	95.4527674764
98	139	293	95.5327477477
99	138	293	95.5958985358
100	136	300	95.6728037066
101	141	304	95.7390235882
102	141	308	95.6570609034
103	142	312	95.7104178768
104	140	314	95.7999511815
105	143	315	95.708802739
106	142	319	95.7950010924
107	147	319	95.7558683556
108	142	319	95.7201571485
109	138	319	95.7453743908
110	140	319	95.6504460348
111	145	320	95.552814285
112	146	321	95.5138548916
113	149	325	95.5998793083
114	152	326	95.5822015299
115	150	326	95.6039663634
116	149	328	95.6635696487
117	154	335	95.6617282131
118	151	340	95.7405839067
119	150	341	95.7024510304
120	147	347	95.7857510768
121	150	354	95.8597378208
122	151	361	95.9087675345
123	152	366	95.948827837
124	153	367	95.8558132291
125	157	373	95.7825296149
126	156	378	95.8511442065
127	160	381	95.7584245063
128	160	384	95.7565376256
129	162	390	95.7737670807
130	163	397	95.814475347
131	168	401	95.8096327739
132	170	404	95.8348830422
133	175	411	95.864954111
134	170	413	95.852168587
135	174	419	95.8317532558
136	177	423	95.9126216501
137	174	429	95.8867704071
138	179	433	95.8729154182
139	181	437	95.9727381821
140	184	443	96.0602218436
141	185	448	96.0183378881
142	180	450	96.0690912587
143	184	456	95.9881576776
144	185	462	96.029013669
145	185	468	96.0377557366
146	183	472	95.9513816168
147	187	476	95.9050982661
148	189	479	95.9551257601
149	186	486	95.8949092569
150	183	493	95.985641927
151	178	499	95.9700966089
152	181	505	96.0090743315
153	178	512	95.9783117558
154	177	519	95.9083450987
155	173	523	95.9497218045
156	175	528	95.8890259726
157	176	535	95.8032118632
158	180	535	95.7229884834
159	179	541	95.6643146716
160	175	545	95.7540799074
161	174	546	95.7557186165
162	178	550	95.7621287043
163	173	554	95.7042178231
164	177	556	95.7969179015
165	177	558	95.7193005492
166	172	565	95.6440123897
167	175	566	95.6078202353
168	177	566	95.5689493203
169	173	573	95.5108320984
170	173	578	95.4747052056
171	173	585	95.4599204968
172	168	589	95.4900767682
173	166	595	95.5613848391
174	170	598	95.5394098501
175	169	598	95.4655927094
176	168	602	95.4971030654
177	173	606	95.5032421525
178	169	613	95.5166136804
179	169	618	95.4449400497
180	171	621	95.4222683402
181	176	628	95.4890497122
182	172	628	95.4852865097
183	171	633	95.4201124232
184	173	636	95.3374348364
185	173	641	95.338426251
186	172	648	95.3649247441
187	170	651	95.4559774009
188	168	651	95.4567630871
189	165	658	95.5113824357
190	160	658	95.5187612141
191	155	664	95.501597521
192	151	667	95.4930987144
193	148	674	95.5555565348
194	147	675	95.5405966133
195	151	676	95.5059827758
196	155	677	95.5921678942
197	150	681	95.6500553855
198	148	684	95.670046423
199	149	691	95.5814518589
200	147	695	95.5078827162
201	145	701	95.4080504975
202	143	705	95.3893412478
203	139	705	95.4470156334
204	136	711	95.4275641229
205	132	713	95.3416640692
206	135	713	95.4229523333
207	138	713	95.3807012582
208	143	719	95.3180156811
209	148	720	95.2719109778
210	149	725	95.3124208095
211	152	726	95.410341732
212	154	727	95.3123953227
213	158	732	95.3287429068
214	159	737	95.3820211782
215	162	738	95.373355731
216	157	738	95.4167016797
217	159	742	95.346539934
218	159	742	95.4104339588
219	161	746	95.4183764144
220	158	747	95.4011382544
221	163	748	95.3780122576
222	163	753	95.3023400976
223	163	754	95.3030810311
224	164	760	95.2205616994
225	160	767	95.1937581755
226	158	770	95.2598450093
227	154	775	95.2560211204
228	152	778	95.2242506811
229	147	779	95.1438042265
230	149	783	95.1215957951
231	153	787	95.0567407237
232	156	794	95.1310264661
233	151	797	95.2032548957
234	146	798	95.2671958245
235	148	805	95.3355369153
236	149	806	95.2942006415
237	149	812	95.2701499582
238	144	816	95.2913623188
239	140	822	95.2217726897
240	144	826	95.2365165282
241	140	826	95.1422360731
242	143	826	95.1105154461
243	140	826	95.0351630404
244	141	826	95.0045559063
245	136	826	95.0862440767
246	134	826	94.992366561
247	132	828	94.8965782862
248	135	830	94.885322188
249	136	832	94.8747336618
250	134	839	94.8318659915
251	139	841	94.8626851237
252	136	843	94.9154601972
253	134	844	94.9778113122
254	130	849	94.8908251372
255	129	853	94.8599113884
256	131	856	94.9535483479
257	129	859	94.9548971525
258	132	860	94.9354293087
259	131	863	95.0244619774
260	134	866	94.9707265855
261	129	868	95.022820243
262	132	873	95.0851654133
263	133	877	95.1098227764
264	130	881	95.0927466493
265	125	886	95.0031069214
266	120	889	94.9869168172
267	120	895	94.9766633024
268	120	899	95.004066599
269	121	905	95.0979881495
270	121	906	95.1333633807
271	124	909	95.0387432841
272	122	916	95.1195533839
273	117	916	95.0901266406
274	115	917	95.1159378894
275	119	919	95.0464714596
276	123	924	95.0566577561
277	122	926	95.0789834905
278	123	928	95.026878948
279	125	932	95.045465641
280	124	938	95.1138477952
281	125	945	95.0628254087
282	128	947	95.0199928196
283	131	951	95.0696884622
284	136	954	95.1014882525
285	139	955	95.0705800076
286	136	959	95.0106274926
287	136	960	95.0527531182
288	136	962	95.0525098027
289	132	966	95.116397761
290	128	966	95.1378294689
291	130	969	95.2333617991
292	131	971	95.258423813
293	132	976	95.2161566741
294	132	978	95.2427505091
295	130	982	95.2525583186
296	132	989	95.2728836316
297	134	995	95.2231910715
298	130	999	95.1310169124
299	128	1004	95.1801831796
300	128	1004	95.0996886294
301	130	1007	95.0032377895
302	126	1011	95.0519027906
303	130	1017	95.0663313565
304	134	1024	94.9772150852
305	129	1029	95.0260958019
306	127	1034	95.0453470788
307	122	1034	94.9912358613
308	127	1038	94.9175777713
309	124	1044	95.0029858668
310	122	1046	95.0841640308
311	126	1048	95.1646172115
312	128	1048	95.1500853761
313	129	1048	95.2234521655
314	126	1054	95.1284026527
315	124	1057	95.2128834631
316	124	1061	95.3011616818
317	122	1061	95.2243453929
318	122	1065	95.1813980715
319	121	1069	95.1065717764
320	124	1070	95.2061007623
321	119	1070	95.2772430962
322	120	1076	95.2263198588
323	119	1077	95.1497949003
324	114	1079	95.1038239731
325	113	1080	95.0154388863
326	113	1086	95.020530938
327	108	1093	95.0733165276
328	107	1100	95.0642188212
329	112	1107	95.1045893886
330	108	1108	95.1495602931
331	111	1113	95.2376654019
332	111	1115	95.3206465465
333	114	1121	95.3676976698
334	114	1127	95.3209045185
335	113	1131	95.223570609
336	116	1134	95.2242580808
337	111	1140	95.2552943395
338	107	1142	95.3066406849
339	110	1144	95.3318319471
340	112	1144	95.4269186897
341	117	1145	95.3703604013
342	120	1149	95.4597653713
343	119	1152	95.4971221206
344	123	1157	95.4426250689
345	126	1163	95.5324609938
346	125	1166	95.5938180096
347	121	1171	95.6370010018
348	121	1175	95.6471773362
349	117	1179	95.7042997841
350	116	1185	95.7877913616
351	115	1190	95.6967354017
352	112	1190	95.7446010971
353	113	1194	95.7702410081
354	117	1199	95.7155426952
355	113	1200	95.7673899969
356	111	1207	95.8220609795
357	109	1213	95.9041547607
358	107	1220	95.8307198509
359	108	1227	95.7657456013
360	105	1227	95.7494340106
361	103	1232	95.8259834325
362	106	1234	95.755866649
363	102	1235	95.8300958417
364	100	1236	95.8709660533
365	102	1241	95.7919979922
366	107	1243	95.8104065239
367	112	1244	95.7163583841
368	115	1247	95.7797035174
369	114	1252	95.8550123216
370	113	1257	95.7577212335
371	112	1261	95.6583543253
372	114	1265	95.7106078247
373	109	1269	95.7784985531
374	114	1273	95.8378148765
375	117	1279	95.894169588
376	121	1284	95.8446412968
377	126	1285	95.8206173163
378	122	1292	95.8930730146
379	124	1299	95.9450648028
380	125	1306	95.8736710826
381	125	1306	95.8883206345
382	123	1312	95.9265741089
383	127	1319	95.8293584489
384	127	1320	95.7414737303
385	127	1322	95.8318206297
386	126	1325	95.7479911714
387	126	1325	95.7165168114
388	121	1329	95.7271900968
389	124	1335	95.6476472708
390	123	1341	95.74622731
391	122	1342	95.8086216153
392	120	1346	95.7867122374
393	121	1347	95.7140066711
394	117	1350	95.7481326132
395	122	1356	95.7577094994
396	117	1358	95.6894595043
397	122	1359	95.6257820361
398	126	1364	95.6537360597
399	126	1371	95.7535263474
400	127	1372	95.7496311824
401	128	1375	95.8183164628
402	128	1381	95.8477962923
403	130	1384	95.8874875688
404	129	1390	95.9023374391
405	125	1393	95.8392667479
406	129	1393	95.8787202732
407	129	1395	95.8924514587
408	128	1399	95.888893497
409	128	1403	95.9196450004
410	131	1404	95.9457919843
411	132	1406	95.9565789362
412	132	1406	96.0089178754
413	133	1413	96.0391783049
414	132	1415	96.0611589952
415	133	1418	96.0685660469
416	130	1421	96.0361841963
417	133	1423	96.1298010759
418	128	1424	96.2165270825
419	130	1427	96.2176427741
420	130	1429	96.230813975
421	128	1435	96.2798662532
422	124	1437	96.2201638353
423	127	1437	96.1504378223
424	130	1440	96.1679747626
425	127	1443	96.1492767413
426	128	1443	96.0848967528
427	123	1445	96.1655093174
428	126	1452	96.1143871155
429	121	1455	96.0328968453
430	121	1455	95.9937537701
431	121	1458	95.9687670275
432	116	1460	95.9712705711
433	114	1461	96.0516075097
434	115	1467	96.0354784914
435	118	1468	96.0464885319
436	118	1470	95.9724631372
437	118	1470	95.8882190855
438	118	1471	95.801826019
439	116	1478	95.724663862
440	117	1485	95.7268541259
441	114	1492	95.76316922
442	112	1493	95.7453165091
443	116	1493	95.7276120147
444	116	1494	95.7382718964
445	118	1495	95.8349315442
446	123	1502	95.8437676362
447	124	1507	95.9289139132
448	127	1509	95.9356201037
449	130	1510	95.9784484023
450	127	1514	96.0629437425
451	123	1516	96.0327309077
452	124	1517	96.1084764564
453	129	1519	96.0104884101
454	132	1526	96.0030155959
455	130	1528	95.967295204
456	126	1532	96.0147327323
457	128	1538	96.1043587899
458	131	1542	96.0577416961
459	133	1546	96.0877186765
460	136	1551	96.1172448301
461	132	1555	96.14261859
462	133	1559	96.1988388373
463	136	1566	96.2751938436
464	135	1572	96.265470342
465	130	1577	96.3614533083
466	127	1578	96.3381282505
467	132	1581	96.4185454293
468	136	1583	96.4118691479
469	137	1584	96.3416194945
470	142	1586	96.2769223582
471	147	1586	96.3567278061
472	146	1587	96.3149724848
473	146	1588	96.2632995094
474	151	1591	96.3137150064
475	153	1595	96.3479790896
476	157	1600	96.2815618547
477	156	1607	96.1899479937
478	161	1607	96.2511750138
479	165	1612	96.3410392608
480	166	1617	96.2812574173
481	166	1619	96.2577265784
482	167	1622	96.2300606909
483	165	1624	96.1966419057
484	160	1631	96.2844228538
485	159	1634	96.3453897552
486	158	1634	96.2919623383
487	161	1636	96.2231497146
488	158	1637	96.2570451193
489	157	1640	96.2580007312
490	153	1640	96.2589313033
491	154	1644	96.3221956332
492	151	1650	96.2820813767
493	156	1652	96.2158603831
494	160	1652	96.1536829388
495	159	1654	96.1086437029
496	155	1660	96.0280614738
497	158	1661	96.000682992
498	162	1666	96.0056588361
499	159	1672	95.9497030318
500	163	1673	95.9301472555
501	167	1674	95.929329949
502	163	1681	95.8945334474
503	166	1683	95.8049397662
504	164	1687	95.8453967908
505	165	1689	95.7614920228
506	165	1691	95.7109230575
507	169	1691	95.7857096479
508	166	1692	95.8026953244
509	162	1695	95.7830805273
510	167	1701	95.8221437077
511	166	1705	95.7772255011
512	167	1712	95.694051553
513	168	1719	95.7777743454
514	168	1726	95.7229003883
515	169	1729	95.6251127954
516	173	1731	95.5819131893
517	178	1736	95.5138381674
518	181	1742	95.4814498682
519	178	1745	95.4678592753
520	183	1751	95.4441703784
521	178	1757	95.4953048425
522	176	1763	95.3994297415
523	177	1769	95.3368078251
524	179	1772	95.2523734429
525	178	1778	95.1755416965
526	176	1782	95.2384440816
527	172	1789	95.3093659261
528	175	1795	95.4067476257
529	174	1795	95.4715518671
530	173	1797	95.5682878885
531	176	1802	95.4771653486
532	176	1808	95.4264871006
533	177	1814	95.5009528942
534	182	1816	95.4479390493
535	178	1818	95.4416554966
536	174	1819	95.4980869392
537	172	1819	95.424550383
538	170	1819	95.3624951906
539	169	1822	95.2670572191
540	173	1827	95.2628542507
541	178	1834	95.1906109324
542	175	1840	95.2238670755
543	180	1846	95.1862425005
544	185	1847	95.2468146928
545	181	1848	95.3292259255
546	179	1852	95.3523161841
547	177	1857	95.3292754197
548	179	1864	95.379522699
549	176	1867	95.3321085
550	178	1873	95.3630574915
551	181	1878	95.4196422924
552	186	1884	95.4072466178
553	182	1889	95.357393354
554	186	1894	95.2708265989
555	189	1899	95.2560642084
556	194	1902	95.3119300297
557	193	1907	95.2180290696
558	198	1908	95.128705703
559	200	1908	95.0800045858
560	200	1908	94.9810989365
561	200	1915	94.9951186769
562	200	1919	94.9100348594
563	200	1923	94.989291542
564	198	1930	94.9297238279
565	200	1935	94.8378098242
566	199	1940	94.7391559953
567	196	1941	94.6963274822
568	193	1943	94.6989945284
569	197	1945	94.7733757391
570	194	1946	94.7726707057
571	194	1951	94.8167834445
572	195	1956	94.7743922694
573	194	1961	94.7044739301
574	196	1961	94.7326649695
575	199	1964	94.7781661009
576	199	1968	94.8108853543
577	200	1971	94.7697977868
578	200	1974	94.6767726981
579	200	1977	94.7506625044
580	200	1984	94.8418028449
581	195	1988	94.8061314196
582	192	1995	94.7262270558
583	196	2001	94.7332726339
584	199	2005	94.6415709486
585	199	2009	94.6712765185
586	200	2013	94.698467971
587	200	2014	94.7600079629
588	200	2019	94.7594484216
589	200	2019	94.8343181659
590	195	2026	94.9259567255
591	196	2032	94.9319673382
592	196	2034	95.0118316158
593	195	2035	95.0900817323
594	194	2041	95.0347977294
595	198	2044	95.0468255871
596	200	2048	95.1317454255
597	198	2052	95.0738505659
598	200	2056	95.1072660892
599	200	2062	95.1525433956
600	200	2062	95.1568631151
601	196	2067	95.2089014574
602	191	2071	95.1832041425
603	186	2072	95.1620571588
604	189	2078	95.165335447
605	193	2078	95.1083527278
606	191	2080	95.0939422389
607	189	2086	95.136661527
608	192	2087	95.1124567236
609	194	2090	95.1110787444
610	190	2095	95.1705094751
611	189	2099	95.2104067818
612	189	2105	95.1282817648
613	190	2106	95.1162769554
614	189	2110	95.0537639177
615	190	2113	94.9682950376
616	188	2114	94.9994714095
617	185	2120	94.9274817756
618	181	2122	94.8506700981
619	186	2126	94.8083631393
620	185	2128	94.7400062945
621	184	2128	94.7450014085
622	188	2132	94.761857089
623	184	2138	94.7756222321
624	181	2144	94.8352074462
625	185	2148	94.8173805818
626	184	2150	94.826384582
627	181	2151	94.9089005766
628	183	2151	94.8920340259
629	180	2152	94.9802312249
630	177	2152	94.996048639
631	178	2159	95.0176805824
632	180	2161	94.9705209083
633	176	2162	94.901991982
634	177	2162	94.8329287634
635	172	2163	94.8118771625
636	176	2167	94.9023572157
637	172	2171	94.9243712056
638	175	2171	94.9452703022
639	174	2172	94.8557922084
640	170	2175	94.9154288114
641	168	2179	94.9604410243
642	163	2182	94.9672753022
643	160	2184	94.9077896823
644	164	2191	94.9713440354
645	160	2194	95.0212834157
646	157	2199	94.9896858231
647	152	2204	94.9964522627
648	147	2208	94.9278976718
649	149	2208	94.8806822069
650	146	2208	94.7909603092
651	147	2215	94.726559479
652	147	2216	94.7428112009
653	148	2217	94.7010399255
654	144	2219	94.7741404474
655	141	2221	94.824815042
656	138	2226	94.8441525016
657	140	2229	94.8341389521
658	144	2234	94.7613867152
659	139	2234	94.6986766539
660	135	2236	94.7220385695
661	139	2237	94.7062575483
662	135	2244	94.7207838289
663	138	2244	94.7686619562
664	134	2251	94.7168734904
665	135	2258	94.8048915531
666	136	2265	94.7489593704
667	140	2271	94.6502975877
668	145	2271	94.5903798329
669	147	2276	94.5129598728
670	146	2277	94.5217489998
671	142	2279	94.440932081
672	145	2285	94.509870338
673	144	2289	94.4298416343
674	140	2293	94.4467048107
675	142	2293	94.4764649506
676	144	2294	94.5447448151
677	141	2295	94.5282448698
678	136	2297	94.4874982979
679	140	2299	94.4866406583
680	139	2305	94.3957902076
681	135	2305	94.3134607053
682	138	2305	94.2376704354
683	143	2312	94.2961777028
684	145	2315	94.3547066362
685	147	2315	94.4145566749
686	151	2321	94.4623133001
687	146	2328	94.4352519573
688	149	2328	94.3629894238
689	146	2334	94.4235951937
690	149	2336	94.4541012094
691	152	2340	94.4448116149
692	155	2347	94.5355489692
693	158	2347	94.6308346995
694	162	2350	94.64375897
695	161	2353	94.6557407925
696	164	2359	94.7328007784
697	167	2361	94.7865700685
698	167	2364	94.7494214496
699	168	2370	94.7435317079
700	171	2376	94.6691210293
701	176	2382	94.6523385241
702	172	2388	94.5616602873
703	168	2388	94.6069986657
704	164	2395	94.6690343462
705	167	2399	94.6214185071
706	168	2402	94.6974975412
707	165	2407	94.734919038
708	160	2409	94.8291133723
709	156	2412	94.9034584212
710	158	2414	94.9749560199
711	158	2421	95.0058995387
712	158	2422	94.9073416802
713	159	2426	94.9984381204
714	155	2430	94.8986613236
715	155	2431	94.8338821546
716	151	2435	94.9112491165
717	150	2435	94.8952482464
718	146	2440	94.9852304003
719	146	2445	94.8878947518
720	149	2450	94.8155260755
721	145	2451	94.7629993414
722	141	2454	94.812511978
723	139	2461	94.8557387592
724	135	2461	94.8393271158
725	140	2462	94.8423466848
726	142	2465	94.9090515889
727	140	2472	94.8478118551
728	143	2475	94.809872633
729	148	2480	94.8577829291
730	146	2480	94.7652263604
731	144	2487	94.7270549556
732	147	2488	94.7751137648
733	148	2491	94.8430656464
734	145	2493	94.9378233951
735	147	2495	94.8646206368
736	151	2497	94.9349932418
737	154	2498	95.0077224667
738	151	2503	94.9906045434
739	152	2504	94.9979135033
740	149	2509	94.9201829884
741	154	2509	94.8804730281
742	153	2512	94.9281788466
743	153	2516	94.9431149125
744	152	2520	94.8750720795
745	155	2520	94.9302910085
746	154	2521	94.9070570441
747	159	2524	94.8466277376
748	159	2527	94.9008062171
749	160	2529	94.8744463872
750	157	2536	94.8001705294
751	153	2536	94.8836565441
752	157	2542	94.8127189308
753	155	2543	94.8408240326
754	153	2547	94.9352863043
755	155	2548	94.8645222413
756	156	2551	94.865247317
757	151	2558	94.8300448518
758	147	2564	94.814589324
759	144	2571	94.7334325219
760	142	2575	94.6350659225
761	146	2581	94.6044895672
762	144	2584	94.5451137947
763	143	2584	94.5373474475
764	144	2589	94.52773994
765	144	2596	94.446878471
766	142	2598	94.4363869654
767	145	2601	94.3494969523
768	143	2607	94.3755192911
769	146	2613	94.331253035
770	143	2614	94.4173110122
771	147	2614	94.319508073
772	151	2616	94.4087863837
773	155	2617	94.375508295
774	159	2621	94.4168156109
775	156	2628	94.4987327303
776	159	2630	94.3992831088
777	158	2633	94.4191423103
778	163	2637	94.3960252345
779	168	2639	94.3296844759
780	163	2642	94.36700198
781	168	2647	94.4128668722
782	164	2652	94.447725414
783	159	2652	94.5123688428
784	154	2659	94.5199137513
785	153	2663	94.4426335047
786	156	2666	94.4406914324
787	161	2671	94.4582860226
788	156	2672	94.4343458574
789	161	2672	94.487261017
790	163	2677	94.4514461384
791	161	2679	94.416172311
792	163	2679	94.3466164429
793	168	2685	94.4065310706
794	168	2690	94.322712798
795	172	2693	94.2550270619
796	168	2694	94.2872803268
797	169	2701	94.2838943408
798	172	2704	94.187586194
799	173	2704	94.1328841712
800	170	2705	94.0906410076
801	168	2706	94.0626739385
802	173	2708	94.0324033127
803	168	2713	93.9707822803
804	164	2718	94.0220579747
805	164	2719	94.0637806056
806	164	2721	94.0796935307
807	163	2726	94.1788579749
808	167	2728	94.2450096473
809	167	2735	94.1756427831
810	166	2738	94.1089926048
811	168	2739	94.0836271111
812	173	2739	94.0464872601
813	175	2741	94.1152036683
814	179	2741	94.2080761267
815	174	2743	94.139680555
816	174	2748	94.1623067403
817	177	2749	94.0697864399
818	181	2751	94.1533055521
819	184	2754	94.1624245045
820	182	2756	94.2538951792
821	186	2760	94.1708642895
822	185	2767	94.1489521883
823	189	2774	94.2040757702
824	190	2780	94.206078617
