1	134	2	95.0269265871
2	138	6	94.9381897798
3	134	12	95.0006706097
4	135	13	94.9624871605
5	136	15	95.0340311248
6	138	21	95.0622677297
7	142	26	95.0910269388
8	141	32	95.1205568522
9	141	32	95.195959425
10	139	38	95.1649499295
11	139	40	95.1107584548
12	141	47	95.0920491542
13	141	47	95.1114280452
14	138	47	95.0134856289
15	135	47	94.9720285491
16	140	48	95.0270927257
17	135	55	94.9634334707
18	137	58	94.9831106302
19	140	61	94.9186318138
20	143	61	94.8961648524
21	147	61	94.8374249722
22	146	61	94.7614652265
23	143	65	94.8339739105
24	146	67	94.925721259
25	150	73	94.9014935652
26	147	74	94.924586494
27	151	77	94.9622581531
28	153	84	95.0204357213
29	158	87	95.0494116022
30	160	93	94.9595374021
31	156	98	94.9780190628
32	152	102	94.9195700714
33	156	108	94.9794522718
34	153	109	94.9714704552
35	148	110	95.0260002319
36	153	116	95.0393362609
37	151	121	94.9944245176
38	149	126	94.9314414283
39	145	131	95.0134988251
40	148	134	95.0252986136
41	152	137	94.9695942905
42	157	138	94.9777964439
43	160	140	94.9046965401
44	165	143	94.9173030945
45	164	143	94.9242634423
46	161	149	95.0096374567
47	165	155	94.9325564932
48	162	158	94.9119640115
49	159	161	94.9354732279
50	157	164	94.8464478353
51	156	168	94.9421938775
52	154	171	94.8600680856
53	154	173	94.8459801531
54	152	174	94.8803233658
55	156	179	94.9153157869
56	157	185	94.925442445
57	160	187	94.9074062972
58	160	192	94.9593191055
59	162	199	94.8912381468
60	160	199	94.9113809243
61	158	201	94.8203297289
62	153	206	94.8826433139
63	152	207	94.8878985512
64	153	210	94.9477963861
65	153	213	95.004501067
66	158	215	94.9219103844
67	153	219	94.9284978375
68	149	223	94.9296832131
69	149	227	94.9295376715
70	153	234	94.9875788641
71	156	234	95.0050876605
72	157	235	95.0215579128
73	154	235	95.072705597
74	149	242	95.0176153734
75	145	246	94.9665505677
76	144	248	94.8876640239
77	146	248	94.8090175129
78	148	252	94.7330622728
79	145	258	94.741658126
80	141	259	94.650057377
81	143	263	94.6374224946
82	142	265	94.7150279862
83	140	272	94.7755870958
84	143	278	94.7989424243
85	147	282	94.8565255325
86	146	283	94.8768430864
87	148	290	94.7879917985
88	146	290	94.7022471204
89	147	292	94.6904394293
90	149	292	94.7140990823
91	149	292	94.7680730992
92	145	299	94.7979592583
93	142	306	94.72483782
94	138	311	94.7924387421
95	141	316	94.7357078432
96	146	320	94.8239665439
97	141	324	94.8670850555
98	142	331	94.79135616
99	146	333	94.7908923091
100	148	338	94.8227981059
101	145	338	94.8431910757
102	145	340	94.7797807726
103	145	343	94.7084071054
104	143	347	94.7869524536
105	146	354	94.7351302952
106	145	354	94.7436389077
107	143	361	94.7575845598
108	144	362	94.7797403925
109	141	363	94.8772539381
110	143	364	94.8211795403
111	138	370	94.8843989412
112	138	371	94.8060369927
113	138	378	94.7822736386
114	139	384	94.7250064634
115	134	389	94.6466885939
116	135	395	94.6809942634
117	132	400	94.686982073
118	137	407	94.7252526246
119	142	407	94.6418759749
120	141	407	94.6143117644
121	138	411	94.5976131502
122	138	416	94.695683
123	135	420	94.7114917188
124	140	424	94.8033327405
125	145	426	94.7835606603
126	143	433	94.8276720564
127	145	437	94.8609118872
128	140	437	94.8708356766
129	142	442	94.7906437556
130	147	448	94.8561258137
131	148	448	94.865172409
132	149	448	94.8686622458
133	154	453	94.8436551969
134	153	457	94.813888753
135	151	458	94.7260168735
136	146	461	94.6304864768
137	150	468	94.6245497956
138	155	474	94.5994672162
139	153	475	94.6139681953
140	148	476	94.5620371752
141	153	482	94.5211466184
142	148	483	94.5036445038
143	150	484	94.5513539003
144	153	484	94.5909748422
145	154	491	94.6164178772
146	150	497	94.6791586487
147	146	498	94.7501588282
148	146	501	94.7238149034
149	146	506	94.7653952022
150	149	510	94.760599609
151	151	517	94.8574304187
152	152	520	94.8067303236
153	157	522	94.7374599527
154	152	524	94.8288948076
155	152	531	94.9191576822
156	153	538	94.9306393911
157	158	541	94.9976485978
158	163	548	94.9241260456
159	166	550	94.9510520181
160	167	557	94.9119402478
161	168	560	94.8379478171
162	165	566	94.8374521992
163	166	568	94.8206999236
164	167	568	94.7810975191
165	166	574	94.8148653091
166	167	576	94.8826176323
167	172	579	94.9246620514
168	169	579	94.8930861729
169	164	583	94.8024527397
170	169	585	94.8902881645
171	168	589	94.88238327
172	165	594	94.8567432316
173	166	598	94.8205189396
174	162	600	94.8726804359
175	159	605	94.7763674949
176	156	606	94.8722066201
177	154	608	94.8539390207
178	155	611	94.925584852
179	152	612	95.0182756472
180	157	612	95.1107603899
181	158	615	95.1571053387
182	163	621	95.1727497449
183	167	621	95.2553400985
184	171	627	95.2285958809
185	166	632	95.3216164552
186	168	634	95.3615207949
187	172	634	95.4244714379
188	167	638	95.4880296767
189	167	638	95.4604545492
190	166	645	95.446830798
191	171	649	95.4795519041
192	166	655	95.5737733678
193	167	659	95.4810380947
194	171	663	95.5396141491
195	168	664	95.5520314881
196	166	668	95.5980149274
197	170	669	95.5108029847
198	171	669	95.5834955278
199	170	674	95.6527845055
200	173	676	95.6291950179
201	169	681	95.5785422303
202	168	683	95.5249730266
203	173	687	95.4494301052
204	178	688	95.4836542715
205	178	689	95.4249104926
206	183	689	95.4822058815
207	179	693	95.4627989647
208	184	698	95.4676871306
209	180	698	95.5308767129
210	183	698	95.5928079114
211	184	705	95.601644159
212	181	708	95.6387479995
213	179	712	95.607628312
214	184	715	95.6336777188
215	189	717	95.5928979732
216	189	717	95.6637384013
217	188	723	95.6926128744
218	183	725	95.6497294309
219	188	726	95.6706282961
220	190	733	95.6043131006
221	193	733	95.5488754694
222	198	737	95.6316432031
223	194	743	95.5845799034
224	191	744	95.6712993598
225	196	751	95.6738743403
226	200	757	95.68447436
227	197	762	95.59447732
228	192	767	95.5146659523
229	195	769	95.5584756397
230	200	770	95.4841273495
231	200	770	95.4750259392
232	200	775	95.5643938949
233	199	777	95.626850432
234	200	783	95.7243611691
235	200	786	95.7623598335
236	195	790	95.8582793292
237	200	795	95.7753187874
238	196	801	95.6958172396
239	194	807	95.7042491535
240	197	813	95.7278219319
241	200	814	95.8045526728
242	197	819	95.8900949613
243	199	825	95.9198299507
244	200	827	95.9174494275
245	200	834	95.9518670339
246	200	840	95.9060686649
247	196	840	95.9273339644
248	196	843	95.8339042313
249	200	849	95.7380595146
250	200	851	95.8359818775
251	200	858	95.7652664784
252	197	860	95.7429782992
253	200	862	95.7092594673
254	200	865	95.6368006534
255	195	865	95.6451351661
256	199	867	95.5644652212
257	200	867	95.5253641119
258	200	874	95.4416710148
259	195	879	95.5205629593
260	192	886	95.5775952507
261	189	889	95.4906383745
262	191	896	95.5707201201
263	187	898	95.6009385827
264	187	903	95.6116376724
265	183	906	95.5826358274
266	188	911	95.5329595484
267	187	914	95.6166003301
268	187	918	95.6704644266
269	185	922	95.7315532036
270	182	926	95.8137150971
271	182	932	95.7909145349
272	184	939	95.8882605659
273	187	945	95.8842706875
274	188	951	95.9775413041
275	191	954	95.9261360604
276	188	961	96.0234722511
277	188	963	96.12279362
278	186	966	96.1382993225
279	190	970	96.2272482693
280	190	970	96.1353417384
281	191	971	96.1845332609
282	195	972	96.2401129832
283	193	977	96.1853723802
284	195	980	96.2494428966
285	191	980	96.2675949156
286	196	980	96.2717562864
287	193	986	96.2172697714
288	194	993	96.2848513002
289	196	997	96.3258256293
290	194	999	96.2476017671
291	198	1004	96.3028893157
292	200	1009	96.2708329972
293	199	1016	96.3088003347
294	200	1021	96.2445781585
295	199	1027	96.2133581469
296	197	1033	96.2939467726
297	193	1035	96.2651908048
298	189	1035	96.2361324658
299	188	1035	96.2002463234
300	183	1042	96.2444876254
301	188	1046	96.1811267041
302	190	1046	96.2729419236
303	187	1051	96.3192006154
304	189	1057	96.2668078045
305	184	1059	96.3135537617
306	179	1065	96.3008870703
307	176	1071	96.2376666623
308	176	1072	96.1492151322
309	172	1073	96.1206782302
310	169	1078	96.1778846591
311	168	1085	96.1095390051
312	167	1089	96.1479578979
313	169	1090	96.0987537171
314	166	1096	96.0667708941
315	162	1098	96.1464477517
316	166	1098	96.0604186126
317	162	1102	96.129422082
318	158	1107	96.1976501996
319	158	1109	96.1074581084
320	163	1113	96.1148707126
321	165	1113	96.1055939901
322	165	1119	96.1571633096
323	163	1126	96.1767497097
324	166	1129	96.2745883189
325	161	1135	96.25405233
326	166	1137	96.2072345056
327	168	1137	96.2612242144
328	169	1142	96.1674073936
329	170	1142	96.2611018243
330	170	1145	96.2176234419
331	167	1148	96.1834496921
332	171	1154	96.0903533539
333	173	1160	96.0427707872
334	177	1164	96.0547084343
335	173	1165	96.0146583101
336	177	1167	96.0856546002
337	180	1170	96.101844157
338	179	1170	96.0972789959
339	180	1177	95.999805614
340	177	1177	96.0749456777
341	173	1177	96.0444191865
342	174	1182	96.0042248133
343	177	1186	96.093847369
344	179	1189	96.1658167609
345	178	1191	96.1428810848
346	181	1196	96.2405205333
347	180	1202	96.29401158
348	180	1203	96.3384987749
349	176	1208	96.2752695274
350	177	1214	96.1923581945
351	173	1221	96.140324609
352	174	1226	96.1522593293
353	176	1228	96.1596210411
354	177	1232	96.0873988929
355	181	1235	96.0809585259
356	183	1238	96.1631175359
357	178	1244	96.2520710005
358	177	1251	96.2923150251
359	181	1252	96.2965666092
360	182	1252	96.3359546903
361	180	1259	96.4101765469
362	179	1264	96.3655500059
363	183	1268	96.4011669766
364	185	1272	96.4495846216
365	183	1275	96.544023148
366	178	1281	96.5335118467
367	174	1288	96.5395730564
368	178	1289	96.5757856759
369	180	1289	96.623113833
370	184	1290	96.5693913996
371	187	1292	96.6188696644
372	186	1298	96.6448569963
373	187	1305	96.703330334
374	187	1311	96.7878850334
375	190	1317	96.7078939945
376	187	1322	96.7203009571
377	192	1329	96.7266340023
378	192	1333	96.6844448953
379	191	1340	96.6130856377
380	192	1345	96.6383878743
381	189	1345	96.6202475021
382	186	1350	96.5608922638
383	189	1350	96.5558786189
384	186	1351	96.5442495173
385	186	1357	96.6008859178
386	183	1359	96.6949932797
387	181	1362	96.7648893256
388	184	1367	96.6854768587
389	184	1370	96.6682208995
390	179	1372	96.6411206363
391	181	1379	96.6313452187
392	183	1384	96.7226101774
393	187	1388	96.6253827112
394	182	1390	96.7022367045
395	184	1397	96.7100419302
396	179	1397	96.7095334896
397	178	1399	96.6346762251
398	177	1406	96.721904097
399	181	1412	96.7176331469
400	180	1415	96.7382943943
401	178	1419	96.6839135953
402	179	1419	96.7060291845
403	184	1425	96.6888810382
404	187	1432	96.6853071878
405	186	1437	96.712569788
406	189	1439	96.7402827949
407	193	1441	96.6840182883
408	191	1441	96.7031966435
409	187	1444	96.6771908814
410	185	1449	96.7125413857
411	180	1451	96.7488218805
412	180	1456	96.7424440507
413	176	1462	96.6838311728
414	178	1463	96.6372295336
415	174	1463	96.5880133584
416	172	1468	96.6560064042
417	168	1471	96.6995753231
418	171	1474	96.7269808073
419	169	1478	96.7121911952
420	169	1480	96.7994675003
421	173	1484	96.7070114653
422	175	1485	96.7097948513
423	175	1486	96.7381303905
424	171	1489	96.7166810931
425	175	1490	96.7121596492
426	170	1494	96.7749952434
427	168	1501	96.7537932078
428	165	1502	96.8521551165
429	168	1507	96.920844215
430	163	1509	96.8490094864
431	161	1515	96.82563173
432	160	1518	96.8852586626
433	155	1521	96.8593766701
434	157	1522	96.8534667916
435	157	1529	96.9388292684
436	161	1533	96.939453944
437	164	1537	96.9477268484
438	165	1537	96.9212401862
439	164	1541	96.9773348886
440	163	1545	97.0356474007
441	158	1549	97.1249378408
442	160	1553	97.0278543037
443	157	1557	96.9628737981
444	152	1562	96.9623029824
445	152	1562	96.8637175797
446	154	1562	96.8585454118
447	149	1567	96.8923246208
448	144	1569	96.9065582811
449	139	1576	96.9034328051
450	137	1576	96.9484098706
451	139	1578	96.9832346337
452	136	1585	96.9368337321
453	138	1588	96.8482557187
454	136	1593	96.886886682
455	138	1598	96.7957777287
456	136	1601	96.7472724357
457	141	1601	96.6794964011
458	139	1602	96.6681327273
459	139	1602	96.7462627993
460	144	1607	96.7682593503
461	149	1607	96.724220495
462	144	1614	96.7310309378
463	140	1615	96.7912650827
464	138	1615	96.7637643191
465	143	1622	96.7328349326
466	148	1622	96.7586035743
467	147	1624	96.8125033576
468	152	1631	96.8258334669
469	155	1635	96.9197390008
470	151	1640	96.8757742815
471	154	1646	96.7881723285
472	149	1646	96.8350082881
473	150	1646	96.7645794019
474	151	1652	96.8636320082
475	154	1652	96.894758585
476	153	1655	96.798159314
477	156	1657	96.8649660647
478	151	1663	96.886322472
479	147	1668	96.9362975308
480	145	1675	96.8522777273
481	144	1680	96.8866795608
482	147	1680	96.8293769525
483	146	1686	96.9248989447
484	143	1690	96.964286622
485	140	1696	96.9323865141
486	144	1703	97.0080726996
487	141	1705	96.9265825487
488	138	1708	96.9347785766
489	139	1710	97.023512498
490	135	1711	97.0232796803
491	133	1714	97.0496553652
492	133	1719	97.094032321
493	128	1719	97.065830689
494	132	1723	97.161662339
495	136	1727	97.157529092
496	140	1729	97.1040997408
497	139	1736	97.1000631521
498	144	1736	97.1874823812
499	149	1743	97.0911885041
500	147	1746	97.1086791169
501	147	1752	97.0535704009
502	146	1757	97.1008504462
503	151	1758	97.0608677362
504	150	1760	97.1586029565
505	147	1765	97.1951831552
506	143	1769	97.1486482168
507	140	1770	97.1748886376
508	141	1772	97.2073114581
509	142	1777	97.2615540875
510	137	1782	97.3314585242
511	138	1782	97.3770114254
512	138	1785	97.352149728
513	137	1787	97.4016056867
514	137	1789	97.4519804454
515	140	1793	97.3793959556
516	142	1795	97.3585601063
517	146	1798	97.3211002103
518	141	1800	97.298332989
519	139	1803	97.3758071785
520	134	1803	97.3483209417
521	138	1809	97.3671765405
522	140	1814	97.3638186763
523	135	1818	97.315682316
524	137	1825	97.2721380894
525	133	1828	97.2847132819
526	131	1828	97.3807027513
527	135	1833	97.4227104841
528	135	1839	97.4496255966
529	134	1845	97.3756345954
530	136	1850	97.4352519657
531	137	1856	97.3430520889
532	134	1860	97.3919575574
533	133	1865	97.385259281
534	135	1867	97.3135930249
535	140	1872	97.4059254413
536	145	1873	97.4658325577
537	145	1877	97.4787943574
538	149	1877	97.5414452778
539	151	1881	97.455809254
540	152	1888	97.5061147168
541	152	1890	97.4455780791
542	154	1890	97.5173832064
543	158	1893	97.4547950298
544	163	1898	97.4122968502
545	159	1900	97.3592267571
546	163	1903	97.3978808389
547	164	1907	97.4479116972
548	163	1914	97.5402718997
549	163	1915	97.5139682962
550	168	1919	97.5841646659
551	168	1921	97.5952760793
552	170	1922	97.6404749905
553	175	1922	97.6648432368
554	180	1922	97.6209002054
555	175	1922	97.6079944384
556	170	1923	97.515054693
557	170	1929	97.5535579234
558	165	1929	97.4561494731
559	167	1934	97.3606919995
560	164	1940	97.302538128
561	168	1946	97.3127998837
562	170	1948	97.213842456
563	166	1952	97.2342696004
564	166	1958	97.230592516
565	167	1964	97.2663470061
566	163	1965	97.3491926894
567	160	1969	97.4449323129
568	161	1969	97.3928822369
569	156	1969	97.3886732265
570	157	1972	97.3785134022
571	154	1977	97.282765598
572	158	1978	97.295053536
573	163	1985	97.2215140037
574	160	1985	97.261828186
575	165	1985	97.2349512125
576	160	1987	97.2942498205
577	163	1990	97.3037867172
578	159	1992	97.3864315623
579	162	1998	97.3956163549
580	166	2003	97.3997426375
581	170	2009	97.3353809339
582	170	2013	97.3619468495
583	170	2016	97.4616478434
584	165	2022	97.404064588
585	163	2022	97.35860953
586	168	2023	97.3968665663
587	165	2028	97.479548863
588	163	2029	97.4208466145
589	166	2030	97.378520884
590	165	2031	97.3045640814
591	164	2031	97.3266768606
592	169	2034	97.295957952
593	164	2038	97.3598907089
594	161	2043	97.4151753047
595	159	2046	97.3172995087
596	164	2052	97.3991947959
597	165	2058	97.4027456992
598	160	2063	97.3114585037
599	158	2065	97.2620101081
600	156	2067	97.347071955
601	157	2069	97.2928338946
602	161	2071	97.3618693745
603	166	2071	97.4453277202
604	169	2075	97.3704569101
605	173	2082	97.453470578
606	176	2089	97.3860976923
607	174	2089	97.3296756219
608	177	2094	97.2564200822
609	174	2095	97.1924875117
610	171	2097	97.2364924888
611	172	2100	97.17966171
612	170	2107	97.1536723198
613	172	2110	97.1147885949
614	177	2113	97.1084852312
615	176	2116	97.1228481344
616	172	2122	97.0833573602
617	173	2123	97.1253362956
618	178	2126	97.1631827526
619	180	2126	97.2493345986
620	181	2132	97.2433231234
621	180	2138	97.1890300723
622	184	2138	97.286477316
623	183	2143	97.2024295465
624	188	2146	97.2842964074
625	184	2151	97.2773167016
626	188	2151	97.3071052376
627	190	2158	97.2666205984
628	187	2162	97.3350730329
629	188	2165	97.4118751541
630	193	2167	97.4233993186
631	193	2170	97.4396932703
632	197	2177	97.4464174757
633	199	2177	97.4661073334
634	195	2184	97.5303359597
635	195	2185	97.5894329773
636	192	2190	97.497386236
637	197	2194	97.5937353708
638	199	2197	97.6743391264
639	200	2197	97.6727832411
640	200	2200	97.7623363135
641	197	2204	97.8331435607
642	199	2209	97.7426416058
643	200	2215	97.7787549808
644	196	2222	97.7134457996
645	200	2223	97.8026071911
646	200	2227	97.8416902975
647	200	2234	97.7877331047
648	196	2238	97.7077737911
649	199	2244	97.6606260983
650	200	2248	97.5725853068
651	200	2252	97.6450492262
652	195	2253	97.6073001249
653	200	2257	97.6888545723
654	200	2258	97.6500068603
655	200	2265	97.7040322827
656	195	2270	97.7532895772
657	198	2272	97.7774656439
658	200	2278	97.7614078391
659	196	2279	97.755387414
660	200	2283	97.7516816991
661	197	2286	97.8370902561
662	200	2286	97.8040965303
663	197	2289	97.8342120497
664	200	2296	97.8831210532
665	200	2296	97.8549717284
666	200	2296	97.8848346325
667	200	2296	97.8281787689
668	196	2298	97.9121131488
669	198	2305	97.8412930441
670	195	2312	97.7509751115
671	193	2315	97.7234456271
672	198	2321	97.652400502
673	197	2321	97.6900359386
674	192	2328	97.693044425
675	197	2331	97.6757017791
676	200	2333	97.6469448353
677	200	2335	97.7180757147
678	199	2337	97.7748524687
679	200	2343	97.7888684566
680	195	2346	97.8587569647
681	198	2346	97.7848550446
682	200	2350	97.8648219143
683	200	2355	97.8118249562
684	200	2361	97.7813685307
685	200	2363	97.7619006187
686	200	2363	97.819038924
687	197	2369	97.9031852988
688	192	2372	97.8507856022
689	187	2377	97.9301037761
690	189	2380	97.9097021262
691	184	2381	97.9698227395
692	179	2383	98.001564607
693	183	2387	97.9777572697
694	185	2388	97.9775336261
695	181	2388	97.8980571179
696	182	2394	97.9366625435
697	183	2394	97.9528176007
698	178	2399	98.044526483
699	182	2403	98.0858195875
700	184	2405	97.9883878448
701	184	2406	98.0294122959
702	182	2407	98.0325782298
703	180	2413	97.978799627
704	181	2415	97.9312735308
705	176	2419	98.0051446587
706	174	2420	97.9112381125
707	177	2421	97.9511385187
708	181	2426	97.949510119
709	183	2427	97.9240888683
710	186	2434	97.8613667577
711	185	2435	97.944558946
712	182	2436	98.0088484961
713	181	2443	98.0676012641
714	182	2447	97.9753566246
715	186	2451	98.0635540643
716	186	2457	98.1471185199
717	188	2461	98.0514486027
718	185	2466	98.0782164518
719	184	2471	98.1127305918
720	181	2474	98.0226450073
721	182	2474	98.0527999682
722	180	2477	97.9605519555
723	180	2482	98.0421441967
724	177	2484	98.0583143622
725	181	2488	98.1381013743
726	183	2493	98.0581439951
727	179	2497	98.0431665348
728	176	2499	97.9521818421
729	178	2501	97.882156329
730	174	2504	97.8095465195
731	170	2509	97.8557063295
732	171	2516	97.7989166426
733	168	2520	97.855962657
734	169	2521	97.7629526878
735	170	2521	97.674534876
736	166	2525	97.6101322302
737	167	2531	97.5798433572
738	163	2531	97.6550179176
739	161	2537	97.5829397278
740	156	2542	97.5239307472
741	160	2544	97.5482100968
742	159	2551	97.5371306231
743	163	2552	97.4592718866
744	160	2556	97.4707792451
745	159	2563	97.5484631964
746	160	2565	97.5504526069
747	155	2568	97.5728112932
748	150	2568	97.6165977743
749	153	2571	97.5898829256
750	153	2575	97.5274958972
751	149	2575	97.5249459766
752	151	2575	97.4264282187
753	151	2577	97.3352679271
754	151	2577	97.3519684936
755	155	2579	97.3216111511
756	153	2581	97.2330324896
757	156	2587	97.3036813139
758	157	2592	97.3346316902
759	162	2594	97.2993188406
760	157	2595	97.3846476574
761	162	2595	97.3603901681
762	159	2596	97.2790878932
763	155	2598	97.2057330472
764	160	2605	97.2547964519
765	159	2606	97.3281982982
766	163	2611	97.37970401
767	159	2616	97.3246517095
768	161	2617	97.3801985465
769	158	2621	97.3467265536
770	158	2622	97.437098526
771	154	2625	97.454119497
772	155	2629	97.5331188019
773	157	2634	97.496571688
774	153	2641	97.4326934862
775	155	2646	97.5303378204
776	153	2647	97.6066593264
777	148	2650	97.5928310421
778	150	2656	97.5447851272
779	153	2659	97.5286555072
780	151	2660	97.5111326556
781	148	2661	97.5666837674
782	150	2668	97.5370219289
783	146	2668	97.4711345092
784	147	2671	97.5418780743
785	143	2678	97.5940289345
786	144	2680	97.6573956338
787	143	2680	97.7314117175
788	144	2687	97.6739065644
789	142	2688	97.7228977656
790	138	2693	97.6749872606
791	143	2699	97.6217046266
792	142	2705	97.5494406558
793	142	2712	97.6250342992
794	141	2713	97.6965405283
795	138	2713	97.7837194908
796	135	2717	97.85632992
797	131	2718	97.8980142789
798	133	2723	97.8265368752
799	136	2728	97.8144813643
800	131	2735	97.7337557502
801	135	2739	97.7344558378
802	135	2743	97.7644602461
803	137	2746	97.8418697777
804	136	2747	97.8767311973
805	132	2751	97.889982282
806	129	2755	97.9400935316
807	125	2760	97.8524408384
808	127	2765	97.8007481496
809	126	2772	97.8848159904
810	128	2776	97.8477752816
811	130	2780	97.8076959094
812	129	2782	97.7280898649
813	126	2785	97.6422126812
814	130	2787	97.6504975882
815	128	2794	97.7052523939
816	124	2794	97.6259671312
817	120	2798	97.6526879581
818	119	2802	97.7467369268
819	118	2807	97.8354466298
820	116	2810	97.8312445476
821	119	2815	97.9101999936
822	124	2816	97.9167984743
823	126	2818	97.8790242352
824	130	2822	97.9187932666
825	134	2825	97.8717757686
826	131	2825	97.872259539
827	130	2831	97.8511831907
828	130	2837	97.8854513054
829	126	2838	97.955226182
830	130	2838	97.9265330072
831	128	2838	98.0225711952
832	125	2844	97.9668062903
833	127	2849	98.0570894249
834	131	2850	98.104920676
835	126	2853	98.0195571128
836	121	2858	97.9677439594
837	119	2864	97.8797880911
838	123	2868	97.8419507063
839	123	2870	97.8100663364
840	118	2875	97.7171853684
841	121	2877	97.7223249434
842	119	2877	97.6334938173
843	116	2883	97.6073064623
844	120	2887	97.638750994
845	122	2891	97.6524152797
846	120	2894	97.6377789325
847	124	2898	97.5503912729
848	128	2905	97.493148765
849	129	2905	97.5300821496
850	126	2910	97.5978898343
851	126	2911	97.6004048314
852	127	2915	97.5703846547
853	129	2922	97.5989755024
854	129	2929	97.644221262
855	130	2931	97.7409583228
856	127	2936	97.7230241391
857	125	2938	97.7998469644
858	123	2945	97.7487117911
859	125	2948	97.7433319669
860	126	2950	97.7431804009
861	127	2956	97.7528600731
862	128	2962	97.778563884
863	128	2969	97.7239111596
864	133	2970	97.6698418806
865	138	2972	97.5976723715
866	143	2973	97.5929592544
867	141	2976	97.5730706003
868	141	2976	97.580074287
869	141	2981	97.6279385919
870	139	2984	97.52989571
871	135	2985	97.593156331
872	130	2986	97.5082453943
873	134	2993	97.4523756256
874	129	2998	97.3733111947
875	126	3004	97.4147658327
876	130	3009	97.4567532565
877	125	3012	97.5379355932
878	122	3014	97.6210608046
879	126	3015	97.5884528256
880	129	3022	97.663448309
881	133	3026	97.673432707
882	131	3027	97.6757602583
883	135	3033	97.6856675917
884	136	3036	97.6355757959
885	136	3043	97.6487097781
886	141	3046	97.7076395226
887	136	3049	97.7405483585
888	138	3052	97.7587506272
889	136	3058	97.7041653316
890	132	3058	97.7605083577
891	132	3061	97.6916080704
892	134	3067	97.6290178186
893	134	3069	97.7257141793
894	135	3075	97.6801994597
895	134	3076	97.7164156185
896	136	3080	97.7211048345
897	136	3086	97.8082536868
898	141	3089	97.7701490434
899	142	3093	97.8025334515
900	145	3096	97.9011061194
901	146	3101	97.861475652
902	143	3104	97.9610481837
903	148	3111	97.8864281529
904	149	3115	97.9396791381
905	145	3121	97.9608502818
906	150	3122	97.8994927649
907	155	3123	97.9333301784
908	150	3123	97.9963840616
909	145	3124	98.054104012
910	146	3126	98.0431136571
911	144	3130	98.0979211618
912	149	3133	98.1139400146
913	150	3140	98.0671413484
914	145	3146	98.0180377044
915	143	3152	97.9783447836
916	141	3152	98.0524219398
917	143	3154	98.0721198663
918	147	3161	98.0541194067
919	151	3162	98.0197514645
920	152	3164	97.9588940321
921	155	3166	97.9629934213
922	150	3167	97.9261035896
923	146	3168	97.860687882
924	146	3171	97.8424194432
925	148	3174	97.8610564506
926	144	3175	97.8843687861
927	149	3177	97.9670228799
928	151	3184	98.027367866
929	152	3185	97.9988890683
930	148	3190	97.9410554414
931	152	3195	97.9280858766
932	147	3201	97.8673252743
933	145	3204	97.7928485668
934	143	3204	97.8755512478
935	143	3205	97.9223353615
936	145	3211	97.9131408122
937	145	3212	97.9333210205
938	144	3216	97.8383498892
939	142	3220	97.9057829584
940	137	3226	97.8422183124
941	142	3226	97.8944198319
942	143	3229	97.9121080186
943	147	3236	97.9373131749
944	144	3237	97.8954368341
945	149	3243	97.833285029
946	144	3248	97.914568423
947	146	3251	97.9072596946
948	144	3252	97.9131156202
949	148	3252	97.9693700573
950	149	3253	98.0219876081
951	146	3260	97.9876266429
952	148	3264	97.961833878
953	145	3265	97.964084727
954	142	3271	98.0008472652
955	145	3277	98.0234717441
956	146	3279	98.0099256858
957	150	3279	98.0378904436
958	145	3285	98.0495841411
959	145	3292	98.0221324264
960	143	3294	98.0146264493
961	143	3295	97.9408708121
962	145	3295	97.8605822155
963	140	3296	97.9521179994
964	141	3303	97.9361116103
965	140	3308	97.8928367118
966	142	3310	97.9667384414
967	141	3317	97.9913024228
968	139	3323	97.9417960933
969	139	3326	97.8654285155
970	140	3329	97.8665284763
971	138	3334	97.8398406712
972	134	3340	97.8521108005
973	137	3345	97.7885922347
974	141	3351	97.7765216449
975	146	3357	97.7735733746
976	142	3358	97.7369269254
977	141	3359	97.6964898624
978	141	3364	97.7524621587
979	146	3366	97.8232760682
980	151	3370	97.9172104026
981	147	3375	97.9304785324
982	142	3377	97.8364581496
983	147	3377	97.745746893
984	151	3380	97.7105739282
985	146	3383	97.7892158349
986	150	3389	97.7710311657
987	153	3394	97.8673897214
988	150	3399	97.9249506489
989	155	3406	97.8955281579
990	158	3412	97.8896020797
991	159	3414	97.8285144066
992	164	3414	97.8929593094
993	165	3417	97.8827567098
994	161	3424	97.9775210159
995	156	3424	97.9091539044
996	160	3431	97.9638549998
997	165	3438	97.9335351444
998	164	3440	97.863906673
999	160	3444	97.9450207528
1000	165	3451	97.8698513525
1001	163	3458	97.9290952014
1002	165	3462	98.01783834
1003	168	3465	98.1040554562
1004	168	3465	98.161913039
1005	169	3468	98.2378831842
1006	168	3471	98.2100125477
1007	166	3477	98.1133814464
1008	163	3483	98.1638270014
1009	167	3488	98.2237370936
1010	171	3490	98.2195075513
1011	171	3496	98.2796122455
1012	174	3497	98.2038423051
1013	169	3504	98.1994516557
1014	166	3511	98.1207908811
1015	170	3517	98.0292059457
1016	174	3519	98.0914213215
1017	169	3521	98.1411283806
1018	164	3525	98.078470507
1019	159	3529	98.1414629945
1020	159	3536	98.1751145535
1021	159	3539	98.0937244345
1022	160	3543	98.1318018693
1023	161	3549	98.0725080821
1024	157	3551	98.0412877692
1025	157	3557	97.9474107119
1026	152	3557	97.8858992705
1027	157	3564	97.8859003671
1028	157	3569	97.8354799804
1029	161	3574	97.8048518822
1030	157	3578	97.849879295
1031	152	3585	97.8950130045
1032	152	3586	97.9061522006
1033	154	3587	97.8604080356
1034	155	3589	97.8113810476
1035	156	3591	97.8737918719
1036	160	3591	97.8657922935
1037	164	3592	97.7950831823
1038	162	3592	97.7416575987
1039	161	3595	97.7111061083
1040	156	3596	97.8010134515
1041	151	3599	97.8069914311
1042	151	3603	97.8587856441
1043	146	3604	97.9229911227
1044	142	3606	97.9894968198
1045	144	3609	97.9761154432
1046	140	3611	97.9756232763
1047	135	3614	97.9493492799
1048	138	3619	98.0123259122
1049	139	3625	98.0270872068
1050	139	3627	97.9356075577
1051	137	3627	97.8380660113
1052	139	3632	97.7659739277
1053	143	3636	97.8489921082
1054	147	3636	97.807580583
1055	147	3639	97.8014985017
1056	150	3641	97.7119264158
1057	147	3643	97.7382373618
1058	149	3643	97.7174058441
1059	153	3649	97.7209915307
1060	156	3656	97.7470214235
1061	152	3663	97.8213302479
1062	152	3663	97.8396713511
1063	147	3670	97.8096387053
1064	146	3671	97.7948533505
1065	145	3671	97.87101565
1066	149	3673	97.9102364765
1067	149	3680	97.9704652081
1068	149	3681	97.9021755408
1069	152	3685	97.9515662034
1070	155	3685	98.0415537233
1071	151	3691	98.0965754888
1072	154	3691	98.1255317314
1073	155	3696	98.0256099808
1074	150	3703	97.9768580017
1075	154	3707	98.0133787136
1076	159	3712	97.9842087022
1077	163	3717	98.0563368652
1078	164	3720	98.1058425076
1079	162	3725	98.0787678215
1080	163	3731	98.164009054
1081	168	3735	98.2548580574
1082	163	3741	98.3287090824
1083	167	3743	98.3822081952
1084	164	3748	98.4799444176
1085	165	3752	98.4754399821
1086	168	3754	98.4448399113
1087	172	3757	98.4282403992
1088	173	3757	98.4503332979
1089	175	3757	98.44326294
1090	177	3762	98.467542899
1091	179	3767	98.5520211228
1092	174	3768	98.4729794921
1093	175	3774	98.4171263634
1094	176	3775	98.4030494101
1095	180	3775	98.3588307464
1096	183	3776	98.3532366304
1097	181	3777	98.3918589964
1098	180	3784	98.3892822676
1099	180	3789	98.4672050513
1100	182	3795	98.4586940334
1101	177	3800	98.5191860763
1102	181	3804	98.5176169117
1103	183	3807	98.5228609983
1104	186	3811	98.4254131339
1105	186	3814	98.3584520817
1106	187	3816	98.2933783568
1107	189	3816	98.298707716
1108	187	3823	98.205402016
1109	192	3829	98.1216144601
1110	188	3830	98.0698031617
1111	193	3830	98.05934238
1112	189	3830	98.0381059549
1113	186	3837	98.0060893381
1114	190	3838	98.0267211388
1115	189	3841	97.981936943
1116	193	3847	98.0666646496
1117	193	3849	98.1656777228
1118	189	3856	98.2527164815
1119	189	3857	98.2574431965
1120	185	3857	98.2845003734
1121	182	3863	98.2359401299
1122	180	3864	98.2109939928
1123	175	3865	98.2295889299
1124	180	3870	98.3260411846
1125	179	3871	98.3117680624
1126	181	3875	98.2621413781
1127	182	3881	98.2814954038
1128	181	3888	98.2455660999
1129	184	3895	98.1764636085
1130	180	3898	98.1345462663
1131	179	3903	98.0438719324
1132	176	3905	98.0414530331
1133	171	3912	98.102832379
1134	171	3914	98.1106390269
1135	166	3918	98.0908964459
1136	162	3921	98.0511010983
1137	158	3926	98.0296286826
1138	163	3933	98.0365224169
1139	162	3936	98.1001312017
1140	162	3943	98.1073759163
1141	165	3944	98.1316319303
1142	168	3945	98.1330537983
1143	163	3950	98.1417581488
1144	160	3950	98.1559468413
1145	160	3952	98.2420149851
1146	163	3952	98.2213814798
1147	158	3959	98.1422849342
1148	155	3960	98.1474496951
1149	152	3967	98.0602389436
1150	156	3974	98.1264986874
1151	158	3979	98.121884069
1152	154	3981	98.2008899802
1153	156	3982	98.1307395627
1154	157	3987	98.0627705014
1155	153	3994	97.9741414295
1156	153	4001	97.9756060726
1157	156	4004	98.0260702525
1158	152	4011	98.0570998352
1159	150	4014	98.0357726971
1160	151	4017	98.0219046089
1161	146	4023	98.0450552226
1162	148	4025	97.9893392546
1163	149	4027	98.0884818933
1164	150	4030	98.0684719645
1165	155	4030	98.1499477891
1166	150	4036	98.0709771712
1167	145	4043	98.1102964931
1168	143	4048	98.0469576859
1169	138	4053	97.9813873184
1170	133	4060	97.9616537574
1171	137	4064	97.9135270615
1172	135	4070	97.987386541
1173	132	4072	97.9345366589
1174	128	4073	97.9907556819
1175	127	4073	98.0743644517
1176	130	4079	98.1207609866
1177	134	4084	98.1857448068
1178	129	4089	98.1987587286
1179	133	4091	98.1972840194
1180	129	4098	98.1436677622
1181	134	4101	98.0831483161
1182	137	4102	98.0124945226
1183	134	4104	98.0043917264
1184	134	4104	97.9319118339
1185	137	4109	97.8944336132
1186	135	4116	97.835351121
1187	137	4122	97.8745579838
1188	140	4129	97.7891519645
1189	135	4135	97.7312304832
1190	130	4136	97.8097959321
1191	135	4136	97.743252784
1192	136	4137	97.6936871158
1193	132	4139	97.7019378829
1194	135	4141	97.7256628508
1195	133	4148	97.7789701781
1196	137	4153	97.7499336556
1197	136	4157	97.780054136
1198	140	4160	97.7814577669
1199	138	4167	97.8576841983
1200	135	4170	97.8542401799
1201	139	4176	97.8757785105
1202	135	4178	97.9487645784
1203	130	4179	97.8556474446
1204	131	4179	97.8896616546
1205	127	4181	97.8907946057
1206	131	4184	97.9886543528
1207	134	4185	97.9914530428
1208	131	4187	98.0176021913
1209	131	4187	98.0737658418
1210	129	4193	98.0963267058
1211	124	4196	98.1019612896
1212	122	4197	98.0127659314
1213	117	4203	98.0168213622
1214	119	4210	98.0121158886
1215	117	4215	97.948167238
1216	116	4218	98.0173200854
1217	121	4221	98.0069788542
1218	126	4221	97.9264649979
1219	128	4223	98.0177150909
1220	129	4224	98.0811230402
1221	130	4230	98.0546938856
1222	129	4230	98.1522620256
1223	133	4230	98.1701752473
1224	136	4236	98.1473170878
1225	132	4241	98.1784898837
1226	130	4247	98.1057916189
1227	131	4247	98.0899629991
1228	130	4249	98.1566924781
1229	131	4253	98.2140762885
1230	129	4260	98.2945073111
1231	130	4266	98.319780004
1232	130	4267	98.3699973242
1233	125	4270	98.299356576
1234	127	4273	98.2454785282
1235	122	4276	98.1597283524
1236	121	4280	98.1708840821
1237	123	4280	98.1522143952
1238	122	4284	98.2281667936
1239	124	4284	98.2181511778
1240	122	4287	98.1861207405
1241	117	4293	98.1772622639
1242	119	4297	98.1785340594
1243	116	4300	98.2630325648
1244	112	4300	98.2680730174
1245	113	4300	98.2476374251
1246	111	4302	98.2993709544
1247	108	4304	98.267018731
1248	110	4306	98.2424878981
1249	110	4311	98.2657185891
1250	113	4317	98.3364508945
1251	111	4318	98.332531963
1252	114	4320	98.4088030821
1253	110	4325	98.4513204352
1254	106	4328	98.5369409866
1255	103	4329	98.4989297902
1256	104	4334	98.5465286747
1257	99	4337	98.5274408208
1258	100	4340	98.4785512393
1259	98	4346	98.5598974996
1260	94	4353	98.5735563557
1261	93	4359	98.5135476169
1262	91	4366	98.4438585795
1263	93	4373	98.4208876105
1264	98	4375	98.3341155506
1265	95	4381	98.3312737175
1266	98	4386	98.3299363838
1267	99	4389	98.2668208159
1268	104	4395	98.2580424157
1269	99	4397	98.3525487247
1270	97	4402	98.4118509984
1271	102	4402	98.3798351628
1272	107	4403	98.341301208
1273	103	4408	98.3766505401
1274	101	4408	98.336691966
1275	104	4414	98.3533163601
1276	103	4415	98.4463531696
1277	102	4421	98.44520103
1278	98	4424	98.4839345288
1279	96	4429	98.5329713041
1280	100	4436	98.518896537
1281	100	4437	98.4599218281
1282	96	4438	98.377654643
1283	92	4442	98.4329021281
1284	94	4445	98.3752440045
1285	97	4446	98.3732833423
1286	93	4453	98.406596148
1287	91	4456	98.4404120802
1288	92	4460	98.3824450998
1289	93	4462	98.2995009294
1290	97	4464	98.3481756984
1291	93	4471	98.2882496468
1292	90	4472	98.2604270399
1293	95	4478	98.341501973
1294	94	4484	98.2705581428
1295	91	4490	98.3043015375
1296	88	4494	98.2541676594
1297	84	4499	98.3524089145
1298	89	4502	98.2954533738
1299	94	4504	98.38397513
1300	99	4505	98.3700296115
1301	94	4506	98.3800642539
1302	94	4512	98.460268729
1303	97	4512	98.4032078224
1304	93	4517	98.441038216
1305	92	4523	98.3936768022
1306	88	4528	98.4596732604
1307	91	4529	98.4911592292
1308	89	4530	98.4367453905
1309	93	4536	98.4700687807
1310	95	4536	98.4582520191
1311	95	4540	98.4425341429
1312	100	4542	98.4538033986
1313	103	4546	98.5519651751
1314	100	4551	98.6334450195
1315	100	4557	98.6157995306
1316	104	4558	98.6862686631
1317	104	4562	98.7226030324
1318	103	4563	98.8154925413
1319	98	4570	98.8319355389
1320	97	4575	98.770023788
1321	99	4577	98.6815073705
1322	99	4581	98.7144547695
1323	101	4586	98.7134968058
1324	101	4587	98.650222243
1325	101	4594	98.5563329264
1326	96	4600	98.6348143918
1327	96	4606	98.536887767
1328	98	4610	98.6133363803
1329	100	4611	98.6400330816
1330	98	4614	98.7385517805
1331	99	4617	98.7847043449
1332	98	4624	98.8627975731
1333	98	4630	98.9188967675
1334	97	4631	98.8207033139
1335	97	4635	98.7883962035
1336	101	4641	98.8008600655
1337	101	4644	98.8440278429
1338	103	4648	98.9398771067
1339	103	4651	98.9666043694
1340	99	4655	99.030483715
1341	100	4657	98.981220673
1342	100	4657	98.8893979565
1343	105	4662	98.8167723335
1344	106	4666	98.7977366423
1345	105	4673	98.8739821324
1346	105	4676	98.8407320433
1347	107	4678	98.8069873596
1348	108	4682	98.7490549576
1349	112	4685	98.7849672763
1350	107	4688	98.8845514649
1351	105	4692	98.8645494246
1352	104	4694	98.8586943408
1353	103	4697	98.8636292858
1354	106	4697	98.9549495859
1355	110	4700	98.9723827271
1356	115	4706	98.9265284132
1357	115	4713	99.0087542443
1358	111	4715	99.034983224
1359	107	4719	99.0458559703
1360	111	4720	99.0573646106
1361	109	4726	99.0210479896
1362	110	4726	98.9372525065
1363	109	4730	98.8475351773
1364	104	4735	98.8561300942
1365	101	4741	98.7905163314
1366	106	4744	98.7585952451
1367	109	4750	98.8321876343
1368	112	4757	98.890499297
1369	109	4764	98.9803424052
1370	106	4766	98.9578274849
1371	102	4773	98.8755814585
1372	105	4780	98.7817170831
1373	105	4782	98.8327347031
1374	105	4787	98.7720130741
1375	104	4789	98.8188730264
1376	107	4791	98.7770283115
1377	108	4798	98.8235875691
1378	112	4798	98.8894362049
1379	110	4803	98.8834387437
1380	115	4807	98.8001167175
1381	117	4807	98.879576677
1382	122	4814	98.7946574221
1383	120	4814	98.7199339039
1384	123	4814	98.6926089486
1385	124	4818	98.7771660343
1386	123	4825	98.769578395
1387	118	4826	98.79229342
1388	115	4829	98.7664603192
1389	113	4836	98.8264747978
1390	108	4840	98.8096552188
1391	106	4847	98.8468278065
1392	110	4849	98.7921826839
1393	106	4851	98.811781469
1394	108	4852	98.807576923
1395	110	4854	98.895571279
1396	106	4858	98.9516688454
1397	104	4864	99.046317637
1398	101	4869	98.9606024505
1399	97	4869	98.8954275715
1400	95	4870	98.814669516
1401	96	4874	98.8005881508
1402	98	4880	98.8050909087
1403	97	4880	98.7894009541
1404	100	4882	98.7169456327
1405	96	4884	98.6973488374
1406	97	4890	98.6446626246
1407	100	4892	98.6168095478
1408	101	4894	98.6218068091
1409	102	4901	98.5969315418
1410	98	4903	98.5642198158
1411	101	4905	98.5317581649
1412	106	4906	98.4888871533
1413	105	4911	98.4442570443
1414	101	4911	98.4027486889
1415	98	4911	98.4141964727
1416	100	4917	98.3807029877
1417	96	4920	98.2979051561
1418	94	4922	98.3153983862
1419	95	4929	98.349936516
1420	92	4935	98.4424346182
1421	89	4940	98.5049005561
1422	85	4947	98.4801354717
1423	90	4953	98.4519181025
1424	90	4953	98.4069629623
1425	95	4960	98.4378816696
1426	90	4966	98.4223734363
1427	89	4970	98.4793896774
1428	90	4977	98.5245347258
1429	90	4979	98.568592904
1430	93	4981	98.5404313671
1431	98	4988	98.5491802139
1432	101	4995	98.5589945631
1433	100	5000	98.6459677306
1434	103	5003	98.7181574076
1435	101	5004	98.7860356298
1436	101	5010	98.7094864618
1437	98	5011	98.6416446707
1438	103	5018	98.5763055435
1439	100	5018	98.6232871228
1440	99	5021	98.5757214246
1441	104	5022	98.476506824
1442	106	5029	98.5212838902
1443	106	5035	98.6008598258
1444	102	5041	98.6094221542
1445	99	5048	98.7053379816
1446	97	5052	98.6850378013
1447	98	5052	98.6217918766
1448	96	5059	98.6856785844
1449	101	5061	98.7841821808
1450	98	5063	98.8305929198
1451	93	5068	98.8501822879
1452	90	5068	98.8384738854
1453	85	5068	98.9104618976
1454	82	5075	98.8400286298
1455	81	5082	98.7706106259
1456	86	5082	98.6885785278
1457	88	5088	98.6929635497
1458	86	5088	98.5997565915
1459	84	5088	98.6028540572
1460	81	5092	98.6983099845
1461	83	5097	98.6034554366
1462	86	5098	98.6034738944
1463	87	5102	98.5259106571
1464	85	5105	98.4329177062
1465	80	5111	98.5326449909
1466	76	5111	98.5369643903
1467	73	5116	98.6330116026
1468	76	5122	98.6158177389
1469	74	5127	98.6262404009
1470	79	5131	98.7258784091
1471	78	5137	98.6332704027
1472	79	5139	98.5507613135
1473	80	5146	98.4532283596
1474	83	5146	98.4050732218
1475	78	5149	98.321794494
1476	82	5152	98.3663271496
1477	78	5158	98.3994949556
1478	76	5160	98.4575877325
1479	79	5161	98.5300849022
1480	77	5164	98.4975281666
1481	79	5166	98.5053055209
1482	75	5172	98.581844919
1483	78	5174	98.5399117415
1484	75	5181	98.4863358722
1485	77	5188	98.5488481936
1486	78	5193	98.5580560182
1487	82	5199	98.4735547525
1488	83	5202	98.5234667236
1489	87	5209	98.4776780158
1490	86	5212	98.4180476734
1491	89	5214	98.3539586805
1492	91	5219	98.4380274615
1493	92	5221	98.3799650459
1494	90	5227	98.4479640368
1495	95	5227	98.4679246552
1496	95	5231	98.4596138337
1497	94	5231	98.4412010896
1498	91	5232	98.3793284642
1499	88	5235	98.4779675496
1500	93	5240	98.3850733149
1501	90	5246	98.4084416043
1502	85	5247	98.4817084679
1503	89	5253	98.3872709613
1504	91	5254	98.3802311188
1505	96	5258	98.3991837636
1506	94	5259	98.4107735368
1507	94	5261	98.3331576371
1508	92	5266	98.351589751
1509	87	5266	98.428060223
1510	83	5271	98.5007818951
1511	87	5271	98.4113963137
1512	83	5272	98.3308066653
1513	88	5274	98.4083688372
1514	93	5277	98.4303887887
1515	93	5284	98.3406624597
1516	95	5284	98.3640800378
1517	95	5290	98.3630715275
1518	100	5297	98.2674538886
1519	98	5297	98.1837336539
1520	99	5297	98.1170928813
1521	96	5304	98.0569933855
1522	95	5309	98.0744618202
1523	98	5311	97.9942884947
1524	99	5312	97.9001890022
1525	100	5317	97.9070962188
1526	105	5320	97.9726263961
1527	104	5320	97.9179858105
1528	104	5327	97.8470089803
1529	103	5332	97.7753201106
1530	103	5334	97.7850420203
1531	100	5336	97.7723771362
1532	96	5340	97.7955440526
1533	100	5345	97.8783793074
1534	105	5345	97.8270463818
1535	106	5352	97.8386529168
1536	107	5358	97.9075293415
1537	112	5364	97.8487714323
1538	112	5365	97.8968477327
1539	117	5369	97.9427152489
1540	116	5369	97.9670968363
1541	117	5375	97.998956947
1542	118	5379	97.9553860556
1543	113	5382	97.8878945474
1544	113	5382	97.9467150044
1545	115	5389	97.9822926517
1546	112	5389	98.0396093835
1547	117	5389	98.1082958384
1548	121	5393	98.0156578347
1549	126	5397	98.016317206
1550	123	5404	98.0292329114
1551	126	5408	98.0572369739
1552	128	5413	98.1164042389
1553	129	5418	98.0458835005
1554	126	5424	97.9475155567
1555	130	5426	97.8956419324
1556	129	5433	97.885497594
1557	134	5434	97.9081254714
1558	132	5441	97.9037464569
1559	134	5446	97.951389037
1560	138	5447	97.8746473651
1561	139	5449	97.8791113451
1562	142	5456	97.931049884
1563	139	5461	98.0093277224
1564	139	5462	97.9465584376
1565	143	5465	97.8867507868
1566	138	5466	97.8355116875
1567	135	5471	97.8313641406
1568	136	5474	97.7494480508
1569	137	5477	97.8313196032
1570	136	5482	97.7580163971
1571	132	5483	97.8325217426
1572	136	5489	97.9216971268
1573	134	5496	97.8227465136
1574	135	5499	97.8871173386
1575	130	5505	97.8392916917
1576	134	5510	97.7446669281
1577	134	5510	97.6903805002
1578	135	5512	97.6629230015
1579	132	5517	97.7502662454
1580	135	5517	97.671532317
1581	131	5518	97.6447120638
1582	133	5521	97.6555108476
1583	131	5527	97.6962649482
1584	132	5532	97.7338703542
1585	133	5534	97.798949081
1586	132	5536	97.8050402323
1587	129	5538	97.8142087812
1588	125	5540	97.8113834069
1589	122	5541	97.8160070168
1590	127	5541	97.8160735039
1591	122	5543	97.7603798434
1592	124	5550	97.826830139
1593	122	5555	97.7832638887
1594	117	5560	97.7513423015
1595	120	5567	97.7176549802
1596	124	5570	97.757032308
1597	129	5571	97.6983412076
1598	124	5578	97.781134386
1599	120	5585	97.6994157086
1600	121	5590	97.6187670672
1601	117	5596	97.6393368523
1602	118	5600	97.7368238061
1603	118	5601	97.8276972989
1604	115	5607	97.8401045913
1605	112	5614	97.7743068438
1606	111	5618	97.7231999571
1607	106	5621	97.8016024425
1608	111	5628	97.7634707652
1609	115	5634	97.8449641753
1610	118	5638	97.8758868858
1611	122	5639	97.8035425443
1612	121	5645	97.8468749728
1613	119	5652	97.8824008053
1614	124	5653	97.9109748928
1615	121	5657	97.9137602344
1616	124	5658	97.8981625327
1617	126	5658	97.8879097388
1618	129	5661	97.8144594202
1619	126	5663	97.7762359221
1620	125	5666	97.7228523008
1621	123	5672	97.6569914004
1622	121	5678	97.5751255332
1623	116	5683	97.513970929
1624	115	5684	97.419325082
1625	110	5688	97.3852212497
1626	111	5694	97.4849821648
1627	116	5695	97.3968186444
1628	116	5696	97.3216473913
1629	113	5702	97.3084451971
1630	112	5704	97.2789421087
1631	111	5708	97.2237268055
1632	110	5710	97.126218876
1633	110	5712	97.0691203656
1634	115	5715	97.0972954903
1635	115	5721	97.1085233471
1636	113	5728	97.1611760676
1637	115	5732	97.0872128349
1638	113	5738	97.1401628283
1639	114	5745	97.0915490124
1640	110	5751	97.0171593271
1641	112	5751	96.9176755
1642	113	5753	96.9091706554
1643	116	5756	96.9080427338
1644	116	5760	96.8859950376
1645	120	5766	96.8563996314
