1	127	4	94.9667530323
2	127	8	94.9427755571
3	127	14	95.0336543736
4	122	19	95.0976897402
5	117	20	95.170466302
6	120	25	95.2549276124
7	115	25	95.2631486525
8	115	32	95.1646593708
9	111	38	95.147709045
10	110	41	95.1291158494
11	105	46	95.1413494753
12	106	46	95.2277120676
13	103	49	95.1482221237
14	100	50	95.2236915831
15	98	52	95.267681565
16	96	53	95.1866452293
17	101	57	95.0974737811
18	102	58	95.1449339231
19	102	61	95.1538225533
20	102	62	95.059953161
21	105	64	95.0616473194
22	101	66	95.1262282696
23	105	71	95.2017422812
24	106	73	95.2989429794
25	104	76	95.2773226119
26	99	81	95.1848834927
27	100	81	95.1565969878
28	97	84	95.0739908317
29	97	84	95.0789459008
30	102	87	94.9904015086
31	101	90	95.0543328168
32	98	92	95.0124675051
33	96	93	94.9256879045
34	94	98	94.8326887761
35	93	103	94.748702723
36	91	109	94.7513775277
37	96	110	94.7468090624
38	99	110	94.7648835987
39	95	115	94.7377040103
40	93	115	94.7251125078
41	97	117	94.6603629922
42	101	124	94.5865935935
43	106	127	94.628159056
44	102	128	94.5295676836
45	107	128	94.4804834581
46	110	133	94.4911677029
47	106	138	94.4391657078
48	109	141	94.3588387237
49	112	146	94.337957139
50	111	151	94.2564203113
51	113	157	94.2644936598
52	117	159	94.1740708493
53	122	164	94.1053799466
54	127	164	94.1648479824
55	129	171	94.1605791298
56	129	171	94.0818339593
57	128	175	94.0818213109
58	126	180	94.0001520234
59	121	186	93.9756271569
60	121	188	94.0703632701
61	116	192	94.0128179268
62	117	199	93.9990925769
63	118	206	93.9609329422
64	118	213	94.0381310589
65	123	215	94.0275326445
66	127	220	94.0844891654
67	131	223	94.1635291157
68	134	225	94.1083496333
69	134	231	94.1064948556
70	138	232	94.1945113357
71	141	239	94.282710023
72	143	243	94.3420827147
73	146	247	94.399193128
74	142	248	94.3304095129
75	146	248	94.3173958243
76	145	253	94.380236665
77	146	258	94.3305719981
78	145	259	94.3157877648
79	150	260	94.2957314468
80	147	264	94.3537064638
81	144	268	94.3667574631
82	149	270	94.2840462086
83	152	276	94.3426690081
84	150	280	94.4177727856
85	146	285	94.4617964496
86	150	290	94.4467067615
87	148	292	94.3587219353
88	143	297	94.2890144213
89	143	300	94.3347139398
90	143	304	94.2539437797
91	144	304	94.1608093467
92	146	309	94.1669366968
93	147	311	94.2555678219
94	144	314	94.2898654505
95	140	318	94.3290032542
96	141	320	94.2412578801
97	138	320	94.1942635666
98	143	324	94.2769023924
99	138	327	94.2565168581
100	135	334	94.3355858814
101	130	336	94.4030158271
102	130	336	94.3223210613
103	129	340	94.3959680717
104	125	345	94.2982262686
105	130	345	94.3243188803
106	126	348	94.3016106461
107	121	353	94.2571657599
108	120	353	94.1707441865
109	125	358	94.1951695845
110	125	365	94.1057410444
111	122	367	94.1348308257
112	118	371	94.1488485394
113	115	374	94.1504970063
114	118	379	94.1000964797
115	116	379	94.0816764036
116	117	386	94.0744348527
117	121	390	93.983008465
118	122	397	94.0430306081
119	124	404	94.0134741059
120	123	408	94.0028149418
121	122	411	94.0112019055
122	121	413	93.9472788132
123	125	413	93.8559579543
124	120	420	93.8317473857
125	119	423	93.8647853752
126	124	423	93.9351040398
127	126	428	94.00787919
128	126	430	94.1033879257
129	124	436	94.0210286868
130	126	438	93.952412488
131	121	441	93.8785686111
132	125	447	93.943956241
133	121	450	93.9452407307
134	120	452	93.9547105741
135	119	455	93.9482146839
136	114	457	93.9810788087
137	116	463	93.8855409322
138	112	470	93.8336715132
139	113	474	93.7500812725
140	118	474	93.8326140729
141	121	481	93.7397647541
142	122	486	93.8069491421
143	121	492	93.7957610146
144	125	492	93.7881125971
145	124	495	93.7597886238
146	120	498	93.7830724925
147	123	498	93.8022468455
148	126	500	93.7650243961
149	131	502	93.8385648272
150	130	506	93.8855348519
151	135	511	93.8378091655
152	130	517	93.8951141173
153	128	517	93.9005738051
154	124	522	93.8681618369
155	129	528	93.8127114406
156	125	533	93.8097867186
157	122	538	93.8953690374
158	119	544	93.9113869901
159	124	546	93.8240311182
160	126	552	93.8494916731
161	126	557	93.9242665647
162	126	560	93.8545459843
163	128	566	93.8524392277
164	128	572	93.7606873296
165	130	577	93.7571731998
166	133	582	93.8458829902
167	134	588	93.8379963998
168	132	592	93.7447648049
169	128	597	93.6512540128
170	131	603	93.6318064516
171	135	609	93.5433866301
172	139	609	93.5939712033
173	135	609	93.5657992696
174	133	615	93.5811687207
175	130	621	93.6103546431
176	131	628	93.5560806608
177	129	631	93.6314872633
178	125	634	93.6001728512
179	122	634	93.6120096184
180	123	640	93.5179193578
181	125	643	93.5906589633
182	125	647	93.6262963568
183	123	650	93.6341514661
184	127	651	93.7033351514
185	124	658	93.7883732086
186	119	664	93.7305868481
187	124	668	93.6566282146
188	127	671	93.6259909482
189	130	678	93.6781029475
190	127	684	93.7167067736
191	124	689	93.7333122995
192	119	696	93.8287522858
193	120	701	93.7613111582
194	121	708	93.7818678836
195	119	708	93.8195074068
196	121	711	93.7776747403
197	121	712	93.815358831
198	116	717	93.814868822
199	116	719	93.9053177887
200	113	723	93.8761949364
201	108	724	93.8432468071
202	104	727	93.7819569894
203	109	730	93.7316310887
204	109	736	93.6522874014
205	111	740	93.642387277
206	108	747	93.5877435812
207	104	752	93.5012596029
208	105	754	93.4990508956
209	106	759	93.4989796963
210	107	762	93.4662049884
211	111	762	93.4888479178
212	115	768	93.3957428268
213	120	770	93.4749594083
214	115	774	93.3757301033
215	116	776	93.3612488658
216	116	779	93.2929356207
217	113	784	93.3195284077
218	117	787	93.2494723336
219	119	790	93.1627556375
220	122	796	93.1178733259
221	117	803	93.0339998299
222	112	809	93.0299247169
223	114	810	92.9913512917
224	117	814	93.0909826038
225	122	819	93.1509886337
226	125	826	93.2275486871
227	128	833	93.1636122951
228	130	834	93.1871111277
229	127	838	93.0981195949
230	125	844	93.0922087348
231	130	847	93.173818584
232	130	848	93.1481648172
233	127	849	93.1876226773
234	129	855	93.1182466309
235	133	858	93.1835443783
236	135	860	93.1110841885
237	134	864	93.0366279267
238	135	870	93.0482360202
239	132	872	93.0519411578
240	135	878	93.065608689
241	130	878	93.1110725977
242	131	880	93.1274468825
243	130	883	93.1684470109
244	134	890	93.2260789206
245	129	892	93.1879358136
246	131	898	93.1022478774
247	127	903	93.0299349338
248	128	903	93.10677297
249	129	906	93.063588783
250	134	912	93.1447963647
251	130	917	93.2439372765
252	130	921	93.2705366038
253	129	927	93.2898445821
254	125	928	93.2527350681
255	125	935	93.3098474641
256	126	939	93.3971037622
257	127	940	93.3213889008
258	125	947	93.3557565386
259	123	950	93.4153656241
260	122	957	93.413586727
261	126	964	93.4138107483
262	128	967	93.4656414753
263	129	968	93.4674992669
264	128	974	93.5426199303
265	132	981	93.5128644598
266	131	982	93.5287204332
267	134	984	93.4760577388
268	137	991	93.4224353947
269	134	997	93.3561344695
270	130	998	93.3190724835
271	134	1003	93.32007491
272	131	1007	93.2742701918
273	130	1011	93.2968729142
274	127	1011	93.3898245895
275	131	1017	93.4737414654
276	133	1022	93.5592399114
277	133	1024	93.5122612725
278	128	1027	93.5201758557
279	130	1034	93.4358490326
280	128	1037	93.4791516607
281	124	1039	93.4792931876
282	123	1039	93.5770303573
283	118	1042	93.5522745883
284	118	1044	93.5087336046
285	113	1044	93.4719030393
286	115	1050	93.5623467024
287	114	1051	93.5065128845
288	110	1053	93.4371606136
289	106	1055	93.4061658964
290	101	1061	93.4582780001
291	106	1064	93.4875827013
292	102	1067	93.4169638019
293	107	1067	93.3703760444
294	105	1068	93.4689823837
295	107	1070	93.3785644445
296	110	1071	93.2900343165
297	109	1078	93.3376182271
298	111	1085	93.321578743
299	109	1092	93.3739088416
300	104	1094	93.347172063
301	104	1096	93.2920561432
302	101	1103	93.3471991114
303	104	1105	93.3040214154
304	99	1106	93.3978810006
305	99	1110	93.4390936722
306	99	1112	93.4872259042
307	94	1117	93.5026219478
308	89	1118	93.4600318146
309	87	1118	93.4093350589
310	89	1118	93.4984718318
311	84	1123	93.4347352742
312	89	1129	93.4530080454
313	85	1130	93.4851715296
314	84	1131	93.5077422447
315	85	1132	93.5131815698
316	84	1133	93.456799373
317	89	1139	93.4727510842
318	91	1139	93.5484427367
319	89	1144	93.6294032006
320	93	1149	93.581062008
321	89	1153	93.6608811452
322	87	1154	93.6565380481
323	86	1154	93.5677072734
324	86	1160	93.5898405635
325	84	1161	93.6842786178
326	89	1168	93.7247474306
327	84	1169	93.6852763717
328	88	1169	93.6375216611
329	89	1174	93.6771861297
330	85	1174	93.5861350805
331	87	1180	93.4887094939
332	83	1186	93.455668216
333	80	1188	93.4905090952
334	84	1194	93.5123484702
335	89	1194	93.4224732402
336	86	1201	93.3751363296
337	86	1208	93.3643503075
338	84	1215	93.3035533108
339	81	1217	93.2452181112
340	83	1218	93.2186822923
341	87	1222	93.3054376392
342	82	1222	93.3464639435
343	78	1223	93.320706957
344	73	1226	93.2955710866
345	76	1228	93.3490467937
346	80	1233	93.3636255272
347	84	1236	93.2981654277
348	89	1236	93.2081527859
349	90	1238	93.2720303307
350	93	1238	93.1730707272
351	96	1239	93.222806836
352	93	1244	93.1615900068
353	94	1248	93.1175580005
354	95	1251	93.1512402649
355	94	1255	93.1771062242
356	98	1258	93.1506983354
357	94	1259	93.2286788818
358	94	1266	93.1803637305
359	90	1272	93.198964797
360	89	1279	93.1241323349
361	89	1282	93.0268649169
362	93	1287	93.0750525238
363	92	1289	93.1067317533
364	87	1293	93.0628919142
365	85	1297	93.0872962961
366	86	1304	93.1872176451
367	86	1308	93.1776555506
368	87	1314	93.0996884736
369	89	1317	93.0809682442
370	91	1318	93.0086705775
371	92	1320	92.9180148035
372	94	1327	92.9469256456
373	98	1333	93.0043203055
374	100	1335	92.9509390214
375	105	1336	92.86312314
376	100	1342	92.771222675
377	99	1347	92.8602112204
378	95	1350	92.8219008879
379	93	1356	92.8376793782
380	95	1356	92.8713431763
381	94	1357	92.9694477674
382	97	1359	92.9576307156
383	95	1366	93.0004601037
384	100	1367	92.9873520222
385	105	1369	93.0647595605
386	100	1371	93.0386190092
387	98	1372	93.0524131863
388	95	1376	93.0732505841
389	90	1376	93.0679787921
390	89	1382	93.1294857682
391	88	1383	93.1739877422
392	86	1390	93.078321838
393	87	1395	93.127639055
394	88	1400	93.1315025843
395	91	1402	93.1643299103
396	87	1406	93.2071946913
397	85	1407	93.1331345891
398	82	1407	93.0520329885
399	82	1414	93.1003941838
400	79	1418	93.1991415973
401	76	1419	93.1027169282
402	72	1423	93.0036694013
403	67	1428	93.0447150529
404	68	1434	92.9693643898
405	65	1434	92.9294761143
406	64	1440	92.9326314439
407	69	1446	92.9232106564
408	74	1452	93.021405253
409	70	1458	93.115529633
410	70	1461	93.081814103
411	73	1466	93.1543479103
412	76	1471	93.0999478719
413	74	1472	93.1988820149
414	69	1477	93.2021672622
415	73	1478	93.2092660482
416	74	1481	93.1121948821
417	74	1488	93.0941218785
418	73	1490	93.1624010201
419	73	1493	93.1842355725
420	77	1493	93.174740888
421	72	1493	93.087023834
422	70	1494	92.9973281381
423	68	1495	92.9330795957
424	63	1495	92.9932832194
425	59	1496	93.0003968452
426	63	1503	93.0275481325
427	63	1506	92.9501397923
428	66	1512	93.0261895173
429	61	1516	93.0883658389
430	66	1521	93.0386612021
431	68	1527	92.9414416018
432	73	1533	92.9913376097
433	76	1535	92.9790273162
434	78	1541	92.9817470857
435	74	1541	92.9849953518
436	70	1543	93.0256628486
437	73	1550	93.0835380543
438	70	1557	93.0336379696
439	72	1558	92.9911289727
440	77	1565	93.0286193486
441	81	1565	93.0802200233
442	79	1571	93.0590481292
443	78	1571	93.0706880728
444	81	1575	93.0850352563
445	77	1580	93.0230001436
446	76	1581	92.9711816447
447	78	1581	93.0443331406
448	73	1581	93.0118211178
449	71	1585	93.0093675588
450	76	1590	93.0403519786
451	76	1594	92.9943984419
452	80	1600	92.9524066232
453	82	1601	92.9666597093
454	87	1601	92.9463259608
455	83	1607	93.004490575
456	85	1613	92.9957363793
457	89	1613	93.053087018
458	91	1615	92.9725923608
459	94	1621	93.0021903024
460	90	1623	92.9400998732
461	86	1630	93.0025742068
462	82	1637	92.9080911823
463	84	1642	92.8918722823
464	84	1645	92.7923680017
465	84	1645	92.8143526359
466	89	1647	92.870335383
467	90	1647	92.9189890322
468	92	1650	92.8787231334
469	87	1653	92.8865270464
470	82	1653	92.919594304
471	79	1656	93.0005234539
472	79	1656	92.9645256297
473	77	1661	92.9354593237
474	76	1666	92.9805808368
475	71	1667	92.9494413538
476	75	1668	92.8792538571
477	70	1670	92.9482041187
478	75	1671	92.9526752378
479	70	1673	92.8894919304
480	72	1677	92.8728844412
481	70	1682	92.8004650941
482	66	1682	92.8340368213
483	65	1686	92.8293360543
484	61	1691	92.8635954477
485	60	1693	92.7712520717
486	59	1693	92.742966121
487	56	1693	92.7525475215
488	54	1696	92.7893708045
489	58	1701	92.7694496203
490	58	1706	92.7653004694
491	57	1708	92.7809977877
492	54	1712	92.7262799746
493	57	1719	92.6803984057
494	56	1720	92.7733767239
495	60	1720	92.8070816926
496	55	1725	92.9019524964
497	56	1726	92.8351611132
498	57	1733	92.9318849973
499	52	1739	93.004313869
500	56	1743	92.958697873
501	58	1749	92.8703708658
502	61	1751	92.8528428174
503	66	1755	92.8322069469
504	63	1761	92.7877442539
505	59	1766	92.7719128361
506	58	1766	92.7742469537
507	56	1767	92.8082283023
508	60	1774	92.8379633228
509	59	1780	92.7729576874
510	63	1787	92.768349146
511	60	1792	92.8261418825
512	60	1799	92.8766408957
513	65	1801	92.8667160899
514	60	1802	92.7895123459
515	63	1806	92.7900609925
516	65	1809	92.6930189946
517	64	1816	92.7066350148
518	67	1819	92.6680882963
519	66	1825	92.5738131736
520	61	1825	92.561330782
521	57	1827	92.5609749115
522	52	1827	92.6067496642
523	50	1827	92.6327441567
524	53	1828	92.7183123463
525	58	1834	92.7538587126
526	63	1840	92.692216124
527	61	1840	92.6252568367
528	56	1847	92.7082873782
529	56	1848	92.6344848152
530	59	1852	92.7344608293
531	54	1857	92.8033286247
532	53	1858	92.7495320039
533	53	1859	92.6566810456
534	50	1860	92.7326143031
535	50	1861	92.8012609157
536	55	1861	92.7919550709
537	51	1861	92.7657006456
538	50	1865	92.6842447753
539	50	1867	92.7629186644
540	50	1873	92.7971868269
541	50	1878	92.7590090743
542	53	1883	92.7298120182
543	55	1883	92.770010879
544	56	1884	92.7978906252
545	52	1885	92.7344664478
546	50	1891	92.7162341294
547	50	1896	92.6890621851
548	50	1902	92.6717504649
549	53	1907	92.7381058637
550	57	1911	92.7771786401
551	62	1916	92.8148240094
552	67	1917	92.8699462944
553	72	1918	92.9681685497
554	68	1918	92.9150617115
555	71	1923	92.8556952832
556	70	1924	92.934074984
557	66	1926	92.8666693872
558	61	1931	92.832570933
559	62	1937	92.8391324347
560	63	1940	92.7642488296
561	63	1947	92.6666906089
562	63	1951	92.5973507206
563	68	1956	92.5667831905
564	63	1956	92.6007136858
565	61	1961	92.6387372866
566	66	1963	92.6153306134
567	66	1966	92.5307505333
568	64	1971	92.5732940865
569	68	1972	92.4962051426
570	68	1978	92.4964803987
571	66	1978	92.4704858838
572	70	1982	92.4751008059
573	72	1988	92.4351597504
574	73	1994	92.5169628423
575	69	1994	92.488862415
576	67	1994	92.5058912856
577	65	1995	92.5235769982
578	65	2002	92.5467497036
579	68	2009	92.6119977729
580	69	2013	92.6699109217
581	67	2017	92.648213631
582	69	2018	92.7171855312
583	74	2020	92.7869397176
584	77	2023	92.7567976626
585	81	2024	92.7436622932
586	78	2024	92.6467545895
587	73	2025	92.5470285138
588	69	2032	92.5115548722
589	73	2037	92.5534675839
590	78	2044	92.460236876
591	76	2049	92.4308948547
592	80	2050	92.5102131229
593	83	2050	92.5291429655
594	81	2050	92.5969985479
595	81	2054	92.4990508102
596	76	2060	92.5974085207
597	71	2067	92.6664733331
598	75	2071	92.7170839576
599	77	2076	92.7703010625
600	73	2082	92.7811589393
601	76	2083	92.8560891995
602	81	2088	92.7754016979
603	80	2094	92.8409561797
604	76	2100	92.9264702898
605	80	2105	92.9168706247
606	82	2109	92.9079313269
607	79	2111	92.9787251408
608	82	2117	92.9875075926
609	85	2123	92.9656802566
610	88	2124	92.9300979111
611	83	2126	92.9109756217
612	80	2132	92.8806101674
613	77	2134	92.9736882371
614	77	2137	93.0252243502
615	79	2142	93.1190827739
616	81	2149	93.0947080186
617	78	2149	93.1254774886
618	83	2150	93.0864037661
619	79	2152	93.144885414
620	74	2158	93.1114124438
621	74	2159	93.0832479136
622	74	2164	92.9920491299
623	73	2164	92.9878778173
624	77	2169	93.0179263396
625	81	2174	93.1085131138
626	83	2175	93.1102631061
627	84	2175	93.1073592434
628	88	2182	93.1055559739
629	90	2188	93.1937489522
630	92	2195	93.2066990093
631	97	2197	93.2453497227
632	100	2199	93.2221374768
633	104	2200	93.2560825902
634	107	2203	93.1881060017
635	108	2208	93.202323687
636	109	2212	93.2576265381
637	108	2215	93.2024643106
638	113	2215	93.263546025
639	112	2218	93.1840022109
640	114	2220	93.1298704768
641	111	2222	93.1684625673
642	113	2227	93.1567014292
643	110	2229	93.0998805112
644	108	2236	93.1002544872
645	111	2236	93.0252518103
646	110	2239	92.9412790972
647	105	2241	93.0386780133
648	107	2246	93.0135457711
649	103	2247	93.0194848152
650	105	2252	92.9287011234
651	105	2252	92.906123214
652	100	2259	92.827634872
653	100	2262	92.7729842106
654	97	2262	92.8139258062
655	102	2269	92.8639692711
656	99	2273	92.852541573
657	95	2274	92.7695652529
658	92	2276	92.8491276964
659	94	2276	92.8648979082
660	90	2277	92.7875269063
661	93	2282	92.8427806344
662	94	2283	92.8667889981
663	91	2288	92.8757251496
664	93	2293	92.9621299346
665	90	2297	93.050433866
666	85	2304	93.1492682436
667	82	2306	93.0501720531
668	87	2308	93.1151798263
669	91	2310	93.1827275699
670	95	2310	93.23556502
671	90	2317	93.325490055
672	89	2318	93.3586155107
673	91	2323	93.3404090559
674	86	2330	93.3691681702
675	86	2333	93.3848604224
676	89	2337	93.4600328554
677	89	2340	93.3697544621
678	92	2342	93.366300942
679	95	2347	93.4500637258
680	92	2351	93.395487685
681	88	2358	93.483755959
682	88	2365	93.5785066652
683	91	2365	93.512612252
684	88	2369	93.4206419753
685	87	2375	93.4808594589
686	85	2379	93.5307668996
687	80	2385	93.6048286421
688	76	2388	93.6102868045
689	75	2391	93.6156973207
690	74	2395	93.6751856147
691	76	2396	93.6501242631
692	81	2399	93.7210629267
693	84	2403	93.6689980285
694	85	2403	93.7493581204
695	87	2408	93.7211717211
696	88	2409	93.7078814964
697	87	2416	93.6344174418
698	87	2418	93.7132582888
699	86	2419	93.6305127607
700	82	2421	93.7182815477
701	78	2428	93.7687312669
702	82	2432	93.8632135579
703	79	2439	93.7677321559
704	83	2444	93.702360745
705	81	2444	93.652337982
706	85	2447	93.725009749
707	90	2453	93.6627354838
708	89	2455	93.7393045255
709	94	2458	93.7531928671
710	97	2459	93.7962329627
711	97	2462	93.7345021766
712	101	2468	93.6823653173
713	99	2471	93.7494965756
714	95	2473	93.7772713412
715	99	2475	93.7465339014
716	94	2475	93.7959085297
717	96	2476	93.7286875508
718	94	2477	93.7551718654
719	93	2484	93.8444061237
720	98	2490	93.8618268079
721	96	2492	93.9261976418
722	95	2492	94.0023416993
723	98	2495	94.0255151366
724	93	2501	93.9524174223
725	97	2502	93.9512710766
726	99	2504	93.8741736903
727	97	2507	93.8572293864
728	92	2512	93.8904370491
729	90	2516	93.877910195
730	94	2518	93.8875250041
731	90	2518	93.8918602076
732	87	2520	93.848616942
733	92	2521	93.8519431202
734	87	2528	93.8454294785
735	85	2529	93.7897648844
736	81	2534	93.6903759185
737	78	2541	93.7448342158
738	75	2543	93.7343027198
739	74	2548	93.7658143303
740	76	2554	93.6840567009
741	73	2560	93.618076251
742	73	2564	93.7145072541
743	74	2569	93.7569111181
744	76	2573	93.8553856205
745	80	2578	93.8303781526
746	82	2578	93.8674381153
747	83	2578	93.8885344044
748	87	2584	93.8111804396
749	82	2589	93.7998734058
750	86	2594	93.7326387537
751	83	2594	93.8003503061
752	83	2598	93.7506356043
753	85	2602	93.7235238186
754	87	2608	93.6853651033
755	85	2614	93.7722023524
756	86	2620	93.8039099135
757	85	2625	93.7555835835
758	89	2625	93.7627913987
759	90	2628	93.7910294829
760	89	2631	93.7282039007
761	92	2632	93.6664584042
762	93	2635	93.6105794596
763	98	2638	93.5982093311
764	100	2640	93.5985962724
765	99	2645	93.552109688
766	95	2652	93.4853649843
767	95	2654	93.3887285808
768	91	2659	93.4175590545
769	92	2659	93.326237356
770	95	2660	93.2293112295
771	90	2660	93.3070636944
772	90	2664	93.2937645056
773	89	2667	93.3040398731
774	85	2673	93.3105597762
775	85	2675	93.3426876574
776	85	2676	93.3201149138
777	86	2677	93.2228876342
778	86	2681	93.1950437745
779	91	2682	93.2514554231
780	93	2686	93.1944393335
781	94	2693	93.2156126437
782	95	2695	93.1270314142
783	97	2702	93.1826559222
784	92	2706	93.0831506295
785	89	2713	93.0394545113
786	91	2715	92.9978661338
787	95	2715	92.9418335587
788	97	2716	92.9418969781
789	93	2723	92.848818146
790	90	2725	92.9155550938
791	87	2731	92.9623641423
792	85	2731	92.9811465196
793	87	2733	92.9873287614
794	89	2736	92.912116268
795	89	2743	92.9396487565
796	92	2747	93.0151810722
797	91	2749	92.9605965394
798	88	2754	92.9239768795
799	92	2756	93.0202505093
800	96	2759	93.0802531037
801	94	2765	93.1079018285
802	99	2767	93.1370200565
803	96	2772	93.042129665
804	96	2772	93.092906612
805	91	2777	93.1893114023
806	92	2777	93.2190902256
807	91	2779	93.1717193019
808	90	2780	93.0754640577
809	87	2781	93.1304121817
810	92	2783	93.0813016818
811	96	2788	93.1519298044
812	94	2789	93.0523294514
813	96	2790	93.112098819
814	96	2796	93.1355232288
815	100	2796	93.2297060505
816	105	2799	93.2623673192
817	101	2803	93.2064896054
818	98	2809	93.1375824161
819	100	2811	93.2181558875
820	96	2816	93.1666697651
821	100	2822	93.1885108409
822	96	2829	93.1964082229
823	92	2833	93.2866532682
824	91	2838	93.2318947155
825	91	2844	93.1879606839
826	95	2847	93.2784101191
827	99	2847	93.2404946521
828	104	2849	93.249198772
829	103	2850	93.2000044379
830	99	2856	93.2862404542
831	100	2862	93.2861271811
832	97	2863	93.2549355515
833	97	2869	93.2791274024
834	92	2873	93.2469911634
835	87	2880	93.345185676
836	85	2887	93.352768928
837	82	2894	93.4498184245
838	80	2894	93.3761839608
839	81	2896	93.2957539826
840	78	2903	93.3946331338
841	81	2907	93.4206588106
842	80	2913	93.4882379711
843	82	2914	93.4075648561
844	84	2914	93.323881757
845	80	2920	93.2910355631
846	80	2926	93.3523471538
847	81	2929	93.4027558461
848	81	2932	93.4843269179
849	84	2936	93.4824902393
850	81	2942	93.4426058699
851	86	2942	93.5279067907
852	87	2945	93.4994503453
853	85	2951	93.5549700486
854	81	2951	93.5904877696
855	80	2953	93.5734622798
856	78	2960	93.5668955016
857	77	2961	93.5101341272
858	80	2962	93.4351285171
859	84	2966	93.4969378541
860	84	2967	93.4806020238
861	88	2971	93.5510314423
862	92	2978	93.4947170258
863	89	2980	93.5313966574
864	90	2987	93.5346761107
865	89	2990	93.4598589352
866	94	2993	93.5383713296
867	97	3000	93.5796371105
868	95	3001	93.6129587385
869	97	3008	93.5863727264
870	96	3008	93.5178137585
871	96	3008	93.4245802317
872	93	3008	93.4360832499
873	96	3010	93.5043358204
874	94	3014	93.4580393237
875	90	3019	93.5177017732
876	88	3020	93.5743452024
877	87	3020	93.6124201709
878	86	3026	93.7052756336
879	91	3033	93.6373490597
880	88	3037	93.5447645645
881	93	3042	93.5399955324
882	97	3046	93.4670864539
883	100	3046	93.4391154558
884	99	3051	93.3516660293
885	103	3051	93.4340395903
886	100	3056	93.4547693785
887	98	3057	93.5112714947
888	96	3059	93.4574611492
889	92	3060	93.3793190175
890	92	3062	93.4068004332
891	87	3068	93.4987962094
892	83	3073	93.4195310359
893	87	3076	93.4348219856
894	90	3077	93.532538573
895	85	3081	93.4514255503
896	81	3087	93.4614569875
897	81	3087	93.4435825092
898	78	3089	93.4175834885
899	81	3091	93.3574411846
900	85	3092	93.2649481581
901	88	3096	93.3100004282
902	87	3099	93.4021429853
903	83	3102	93.4805926393
904	88	3109	93.5596838604
905	90	3113	93.5517161726
906	90	3117	93.4829876051
907	92	3124	93.5323605532
908	87	3125	93.5426060242
909	91	3127	93.6406782572
910	89	3133	93.6176514236
911	87	3137	93.5531223853
912	84	3140	93.5344981578
913	86	3144	93.6086044195
914	90	3150	93.5901652917
915	91	3155	93.5547838167
916	96	3155	93.5650411566
917	99	3157	93.6630860542
918	99	3160	93.5810614653
919	101	3163	93.5736254761
920	102	3170	93.6548633823
921	102	3171	93.6024248521
922	98	3174	93.5686273028
923	98	3176	93.5799035007
924	97	3178	93.6258227969
925	97	3184	93.6032889413
926	98	3188	93.67928564
927	95	3191	93.6158068695
928	91	3197	93.5751051637
929	88	3204	93.5514283034
930	93	3207	93.6312275945
931	95	3213	93.5943949038
932	98	3218	93.6209939275
933	103	3218	93.5354490438
934	101	3224	93.5541292391
935	105	3231	93.569329667
936	106	3233	93.488293739
937	107	3240	93.5184356664
938	106	3242	93.5022407402
939	107	3248	93.4865964126
940	112	3253	93.410164136
941	109	3257	93.3777426827
942	104	3258	93.415056602
943	99	3263	93.4985357616
944	101	3269	93.5432008052
945	96	3275	93.5640797832
946	94	3277	93.6363572065
947	90	3284	93.6930783505
948	93	3288	93.7047644434
949	98	3291	93.6224274544
950	100	3293	93.5409496406
951	105	3293	93.5310346182
952	102	3295	93.4452730077
953	100	3297	93.4672866876
954	104	3299	93.46483971
955	107	3304	93.3781149433
956	106	3309	93.358773471
957	109	3311	93.2752093258
958	105	3317	93.2580048822
959	110	3319	93.2390182924
960	110	3320	93.2958362128
961	115	3322	93.2852595141
962	120	3323	93.2596988005
963	116	3329	93.2084976651
964	116	3333	93.2115430488
965	116	3337	93.1182568766
966	120	3341	93.0405768675
967	122	3346	93.0166843738
968	127	3352	93.0467134016
969	124	3359	93.1315885461
970	129	3366	93.1999682105
971	125	3369	93.1862292126
972	127	3369	93.1064753964
973	127	3375	93.0515513189
974	129	3379	92.9984563042
975	134	3382	92.9674392735
976	136	3389	92.9305786442
977	131	3391	93.001695587
978	130	3391	93.0867544222
979	125	3394	93.0153100044
980	127	3401	93.0940809634
981	123	3403	93.0898407127
982	127	3410	93.008636318
983	124	3413	92.9897395832
984	125	3413	92.9352411363
985	128	3415	92.9727166524
986	131	3419	93.0272792192
987	131	3419	92.9845304726
988	130	3426	93.0442761399
989	126	3431	92.9566468903
990	126	3438	93.0195417611
991	126	3439	92.9970982967
992	122	3446	92.9671677644
993	125	3453	92.9114452055
994	123	3458	92.9061787924
995	124	3462	92.8592660371
996	127	3466	92.8257563191
997	126	3467	92.7366096429
998	124	3467	92.7093744871
999	125	3468	92.6404836942
1000	126	3475	92.6476710514
1001	130	3476	92.5807788266
1002	132	3480	92.4963184006
1003	130	3481	92.5160166529
1004	129	3484	92.484975597
1005	132	3484	92.5810702966
1006	137	3487	92.6679673345
1007	132	3489	92.6056516363
1008	130	3494	92.553405726
1009	131	3500	92.5757824296
1010	133	3506	92.4803941972
1011	129	3507	92.5127649993
1012	133	3510	92.4238371675
1013	133	3513	92.3793107277
1014	132	3513	92.3553361613
1015	137	3513	92.3929096409
1016	132	3515	92.4438080411
1017	133	3521	92.4411773781
1018	134	3525	92.4892740006
1019	129	3532	92.434574171
1020	132	3536	92.4996503319
1021	127	3538	92.433933888
1022	130	3541	92.5011822556
1023	132	3542	92.4802993741
1024	132	3546	92.454115134
1025	135	3549	92.4719235543
1026	133	3553	92.4650136547
1027	128	3558	92.5572243044
1028	123	3559	92.5070685714
1029	122	3562	92.5212867688
1030	121	3564	92.5638007197
1031	124	3569	92.5431281953
1032	129	3570	92.5090735033
1033	130	3574	92.4910932365
1034	125	3577	92.4459930288
1035	126	3583	92.4159748797
1036	126	3589	92.3708905176
1037	129	3591	92.3936386919
1038	124	3598	92.3926237162
1039	122	3605	92.3802043482
1040	126	3612	92.2854742169
1041	125	3617	92.3129780852
1042	122	3619	92.3212906996
1043	122	3623	92.2620382062
1044	124	3626	92.2236496179
1045	123	3632	92.1419131917
1046	118	3636	92.0604591012
1047	117	3640	92.122765935
1048	114	3645	92.0800983736
1049	117	3649	92.1050573977
1050	120	3655	92.0526206648
1051	120	3658	92.0593009576
1052	119	3661	91.9740060375
1053	117	3664	92.0087618926
1054	122	3666	91.9927987031
1055	118	3666	91.9584533441
1056	122	3670	92.0559074543
1057	119	3675	92.0184975434
1058	120	3681	91.9725826952
1059	123	3684	91.9693855581
1060	127	3685	92.011156024
1061	128	3685	92.088796525
1062	132	3686	91.9958585449
1063	132	3688	92.029774158
1064	132	3691	92.1161820638
1065	128	3697	92.085629677
1066	129	3698	92.1086970319
1067	127	3701	92.08595024
1068	132	3704	92.1160608494
1069	129	3711	92.1932760663
1070	131	3712	92.1211073617
1071	129	3719	92.0530906738
1072	133	3722	92.056575502
1073	134	3724	92.085104133
1074	136	3727	92.170126323
1075	132	3729	92.2458517016
1076	137	3732	92.3390971015
1077	138	3735	92.3487782084
1078	137	3736	92.3458101322
1079	135	3739	92.4123504531
1080	133	3746	92.3975442163
1081	132	3749	92.4374296123
1082	133	3752	92.3967448401
1083	136	3754	92.3295046374
1084	135	3758	92.2503288348
1085	140	3761	92.2458477089
1086	145	3762	92.2736478086
1087	148	3764	92.2772897454
1088	143	3767	92.1955901108
1089	146	3767	92.1650159404
1090	144	3771	92.1725895364
1091	139	3771	92.1622608462
1092	140	3771	92.1776000654
1093	135	3772	92.2393945517
1094	137	3773	92.1419067253
1095	135	3777	92.1957393389
1096	130	3777	92.2873775606
1097	132	3779	92.2886357495
1098	135	3785	92.2988767458
1099	130	3792	92.3068142014
1100	130	3794	92.3343446474
1101	130	3796	92.2944306061
1102	132	3801	92.2630785484
1103	128	3801	92.3604407705
1104	132	3806	92.3595054295
1105	131	3812	92.4153126202
1106	126	3818	92.3860472191
1107	121	3821	92.4691786118
1108	126	3827	92.5614678875
1109	121	3833	92.5162156128
1110	116	3838	92.6128530224
1111	116	3844	92.7057321854
1112	120	3848	92.6141156536
1113	115	3853	92.6238813513
1114	118	3854	92.6746753578
1115	116	3859	92.702041535
1116	115	3862	92.6133607793
1117	119	3867	92.5235772156
1118	119	3872	92.4895413897
1119	114	3875	92.435400875
1120	111	3880	92.3707519811
1121	111	3885	92.3982941175
1122	114	3892	92.3836456186
1123	116	3893	92.4410198638
1124	113	3895	92.3460268617
1125	117	3898	92.2669783228
1126	114	3898	92.3221043186
1127	116	3904	92.2256463815
1128	113	3911	92.1472780568
1129	118	3911	92.1270308276
1130	117	3916	92.0445244859
1131	120	3919	92.0831029126
1132	125	3924	92.0618459982
1133	124	3931	92.0318709188
1134	129	3937	91.9903307654
1135	133	3940	92.0472944471
1136	136	3945	92.0149574146
1137	136	3950	91.9942503639
1138	134	3952	92.0546750591
1139	135	3957	92.1497162426
1140	130	3958	92.2344420918
1141	131	3965	92.1377838421
1142	126	3970	92.0896934101
1143	125	3974	92.1602910592
1144	120	3974	92.1776104702
1145	119	3975	92.1369814621
1146	118	3981	92.1014447373
1147	118	3988	92.1304395898
1148	120	3989	92.134764932
1149	118	3990	92.1259820024
1150	118	3994	92.207848636
1151	114	3999	92.2083937343
1152	112	4004	92.2145411296
1153	113	4007	92.2500457891
1154	111	4014	92.1705536673
1155	112	4015	92.2227027546
1156	110	4018	92.1990454486
1157	106	4019	92.1483962426
1158	107	4025	92.2350787645
1159	105	4028	92.1742459165
1160	107	4029	92.1871137803
1161	102	4032	92.2103860344
1162	104	4032	92.2948417731
1163	106	4039	92.3303532847
1164	110	4042	92.3489834269
1165	110	4044	92.3631739809
1166	111	4044	92.275127668
1167	107	4046	92.2618441218
1168	112	4046	92.3324540966
1169	108	4047	92.236547196
1170	103	4054	92.3361396024
1171	103	4056	92.4078488935
1172	104	4057	92.3868971489
1173	101	4064	92.4590909942
1174	96	4071	92.3702073181
1175	99	4073	92.3829780711
1176	94	4073	92.4485371192
1177	96	4080	92.4026424849
1178	92	4080	92.4385001711
1179	88	4087	92.425625315
1180	87	4089	92.480192891
1181	88	4095	92.5050264566
1182	87	4097	92.405508241
1183	90	4097	92.4392599686
1184	90	4097	92.4182864815
1185	93	4102	92.3244247365
1186	89	4106	92.3743946147
1187	86	4106	92.3687106372
1188	87	4106	92.4523420952
1189	87	4113	92.4930709976
1190	91	4116	92.446154089
1191	89	4121	92.4532053362
1192	85	4122	92.4551866319
1193	82	4129	92.5191275218
1194	77	4134	92.487126022
1195	73	4139	92.518832031
1196	71	4140	92.5053731181
1197	76	4140	92.4215293615
1198	81	4141	92.3890148365
1199	83	4148	92.3827362685
1200	78	4149	92.4617342916
1201	74	4150	92.3985339043
1202	75	4150	92.4793134202
1203	80	4151	92.5102512289
1204	79	4151	92.4651253777
1205	84	4151	92.5006393229
1206	79	4154	92.5596629055
1207	79	4154	92.4791877478
1208	74	4160	92.555134373
1209	71	4164	92.4773772138
1210	75	4170	92.4705704749
1211	72	4175	92.3937497479
1212	72	4182	92.4090160524
1213	68	4186	92.4232061227
1214	69	4191	92.496924481
1215	65	4193	92.54074822
1216	62	4194	92.4409191983
1217	63	4196	92.4548558639
1218	60	4202	92.5152432298
1219	63	4207	92.46530334
1220	60	4212	92.506579436
1221	62	4219	92.5840725469
1222	57	4226	92.5969538525
1223	54	4233	92.5799186538
1224	59	4237	92.5443173072
1225	62	4237	92.4843562382
1226	61	4242	92.5454228206
1227	66	4247	92.4670763422
1228	64	4252	92.4586573102
1229	61	4252	92.4578298256
1230	60	4252	92.4570319738
1231	56	4259	92.5245103826
1232	53	4265	92.4267764747
1233	55	4269	92.4145172993
1234	57	4274	92.505218089
1235	56	4275	92.514227186
1236	59	4280	92.49952933
1237	54	4286	92.5166680462
1238	53	4289	92.5677558878
1239	54	4291	92.6472159436
1240	53	4298	92.6218103038
1241	52	4299	92.5859125023
1242	51	4304	92.6399971309
1243	55	4305	92.6619636792
1244	55	4310	92.7267262891
1245	54	4314	92.7952611159
1246	55	4314	92.8247599809
1247	51	4321	92.7492225305
1248	52	4323	92.7445129547
1249	52	4324	92.8222305943
1250	50	4326	92.7902873938
1251	54	4330	92.7619167317
1252	55	4333	92.8023654214
1253	53	4337	92.8994017122
1254	53	4337	92.9825379557
1255	57	4343	92.9904149937
1256	57	4346	93.0182866747
1257	57	4348	93.0996948983
1258	60	4354	93.1595603132
1259	60	4355	93.2511909175
1260	63	4356	93.3277522179
1261	62	4361	93.3672325567
1262	67	4363	93.2785650815
1263	62	4364	93.2383071281
1264	64	4367	93.3152030007
1265	68	4367	93.414023703
1266	67	4371	93.4139665789
1267	67	4371	93.4546827407
1268	62	4371	93.4279993528
1269	62	4375	93.3631045843
1270	60	4379	93.3591342452
1271	56	4382	93.4516135864
1272	61	4384	93.5096212613
1273	61	4390	93.5929239934
1274	59	4397	93.5179315204
1275	54	4397	93.4279174488
1276	51	4399	93.515123282
1277	56	4399	93.4874120843
1278	61	4400	93.4211885906
1279	57	4405	93.4974273891
1280	62	4409	93.5556922432
1281	67	4413	93.5374350956
1282	71	4415	93.6260139191
1283	71	4415	93.6803907553
1284	66	4417	93.7371709049
1285	64	4419	93.7860125443
1286	60	4422	93.8727350442
1287	57	4429	93.8691745105
1288	54	4436	93.8018414767
1289	53	4437	93.8366220968
1290	57	4444	93.8486608444
1291	55	4447	93.8668797388
1292	58	4452	93.8443343919
1293	57	4452	93.942066686
1294	57	4454	93.91659483
1295	60	4459	93.9040273009
1296	58	4464	93.9649909474
1297	55	4468	93.9012902493
1298	59	4470	93.8715142944
1299	56	4476	93.8450526643
1300	61	4479	93.8606198047
1301	60	4482	93.8025585442
1302	64	4484	93.7935934341
1303	60	4489	93.7443136768
1304	63	4490	93.77942765
1305	67	4493	93.7730492519
1306	64	4498	93.682848154
1307	59	4501	93.6029772843
1308	63	4501	93.6823277147
1309	62	4501	93.6820187577
1310	58	4508	93.7481138265
1311	58	4515	93.6941476998
1312	60	4521	93.7640029192
1313	56	4522	93.803775198
1314	59	4526	93.7363125332
1315	55	4527	93.8314476688
1316	53	4529	93.8263460286
1317	55	4534	93.893873106
1318	54	4540	93.894756973
1319	54	4545	93.9116816913
1320	50	4545	93.9574040634
1321	55	4547	93.9174571277
1322	50	4548	93.8516970864
1323	51	4553	93.8100998873
1324	50	4554	93.7580168203
1325	50	4556	93.6820277661
1326	55	4558	93.6904107247
1327	59	4558	93.6487960699
1328	62	4561	93.6899142417
1329	65	4565	93.7201712149
1330	69	4568	93.6707032754
1331	70	4572	93.7618688115
1332	75	4576	93.6968761205
1333	73	4583	93.7131360276
1334	77	4584	93.7494769723
1335	72	4591	93.8403414905
1336	73	4597	93.8775718322
1337	73	4602	93.7880918785
1338	78	4603	93.8280082154
1339	80	4608	93.7536074017
1340	75	4609	93.6868896445
1341	79	4610	93.5947217463
1342	81	4610	93.5505145099
1343	80	4612	93.6100503635
1344	78	4616	93.5918183334
1345	73	4623	93.6206138871
1346	74	4627	93.6718147443
1347	79	4634	93.7160546925
1348	76	4641	93.792343717
1349	79	4641	93.8357606832
1350	82	4641	93.7774249689
1351	80	4647	93.7529656549
1352	84	4648	93.7289327295
1353	80	4651	93.7146897914
1354	78	4656	93.6823945847
1355	79	4659	93.6187747058
1356	74	4659	93.7044236625
1357	75	4663	93.7411005914
1358	80	4670	93.7487689858
1359	84	4673	93.7490263948
1360	81	4680	93.6532721436
1361	77	4682	93.6124574576
1362	73	4689	93.6502316595
1363	77	4692	93.6884533229
1364	76	4693	93.6051798213
1365	75	4696	93.5183139939
1366	80	4702	93.5574774733
1367	83	4709	93.6406397173
1368	85	4713	93.6315258017
1369	80	4713	93.5950846069
1370	79	4719	93.5257846148
1371	82	4726	93.4386309145
1372	87	4732	93.528025433
1373	89	4735	93.5712620361
1374	93	4739	93.56900547
1375	96	4739	93.498448844
1376	101	4744	93.4040208632
1377	103	4744	93.3914542
1378	101	4744	93.3250430027
1379	105	4748	93.2335051114
1380	104	4752	93.2813113749
1381	106	4756	93.3490673491
1382	106	4763	93.2927353245
1383	102	4766	93.382958031
1384	99	4770	93.3920111392
1385	103	4773	93.3839759015
1386	107	4777	93.4583080865
1387	112	4782	93.4553646863
1388	113	4782	93.5438408101
1389	117	4786	93.6098650217
1390	114	4789	93.6739079423
1391	110	4796	93.6003646516
1392	109	4800	93.5462699013
1393	112	4804	93.5941302584
1394	111	4808	93.6799931131
1395	107	4812	93.58336885
1396	111	4816	93.5000704266
1397	111	4819	93.5253185418
1398	114	4820	93.5598207981
1399	114	4824	93.5767835542
1400	117	4827	93.5458046973
1401	120	4833	93.6145994859
1402	118	4836	93.6709182598
1403	117	4841	93.603274904
1404	116	4847	93.5317971367
1405	115	4850	93.5524109581
1406	112	4852	93.5125884976
1407	113	4852	93.6092165512
1408	109	4855	93.5735606412
1409	112	4858	93.5440518142
1410	117	4859	93.5133220938
1411	115	4863	93.5700465836
1412	117	4864	93.4973513771
1413	121	4864	93.4819713622
1414	117	4864	93.4972600235
1415	118	4864	93.4535448938
1416	114	4868	93.5163738599
1417	115	4868	93.4427985964
1418	111	4873	93.4495148285
1419	116	4876	93.547503467
1420	121	4882	93.6467793619
1421	126	4884	93.5868188583
1422	122	4888	93.6458840822
1423	123	4892	93.6319177913
1424	127	4899	93.6672125316
1425	127	4899	93.7057368269
1426	122	4905	93.7603284866
1427	127	4912	93.8282206322
1428	123	4917	93.8850849847
1429	127	4923	93.8818761598
1430	128	4924	93.9253355756
1431	131	4924	93.9950670449
1432	128	4931	93.9813933362
1433	128	4935	93.9213207083
1434	131	4942	93.9403846954
1435	132	4946	93.886426579
1436	135	4946	93.8495336495
1437	134	4953	93.795604719
1438	132	4954	93.7718217901
1439	129	4958	93.7233416625
1440	132	4964	93.7781772994
1441	127	4967	93.6894118416
1442	127	4969	93.6265571802
1443	129	4971	93.7240113648
1444	131	4972	93.7519349855
1445	131	4978	93.6779163886
1446	135	4984	93.7115019481
1447	132	4991	93.6967760939
1448	134	4994	93.755656699
1449	129	4998	93.6577256462
1450	132	5000	93.6203910557
1451	134	5003	93.5893006595
1452	138	5003	93.5898605674
1453	134	5007	93.544302894
1454	135	5014	93.5996811772
1455	134	5015	93.6515314322
1456	129	5015	93.6674910226
1457	132	5022	93.6767431083
1458	127	5026	93.7035985635
1459	123	5033	93.6166591637
1460	122	5033	93.6746886917
1461	125	5036	93.6004101448
1462	125	5041	93.563529031
1463	120	5044	93.5191876866
1464	125	5047	93.535104383
1465	121	5050	93.6086387888
1466	120	5057	93.5424147577
1467	121	5062	93.605065042
1468	125	5063	93.6926670551
1469	126	5064	93.6218289557
1470	122	5066	93.5388189977
1471	122	5069	93.4528400658
1472	120	5075	93.4062750364
1473	122	5081	93.4988947351
1474	127	5083	93.4957410349
1475	128	5088	93.5150799035
1476	130	5094	93.505040972
1477	131	5101	93.433278596
1478	135	5105	93.3697254778
1479	134	5107	93.4157299151
1480	130	5108	93.4153288009
1481	126	5113	93.5124313358
1482	128	5120	93.5072887465
1483	128	5124	93.5423183088
1484	125	5129	93.5195002538
1485	128	5134	93.6044604797
1486	133	5138	93.5648007421
1487	135	5145	93.6230554894
1488	139	5149	93.7072278185
1489	144	5151	93.7484086671
1490	141	5155	93.7943659582
1491	146	5160	93.7000013099
1492	141	5161	93.6617033877
1493	144	5167	93.5673020602
1494	142	5174	93.6667280519
1495	139	5176	93.5672014765
1496	135	5180	93.5171290865
1497	138	5184	93.6107024451
1498	135	5185	93.5573338479
1499	136	5186	93.4653064124
1500	136	5189	93.5457169291
1501	131	5192	93.5900382134
1502	128	5196	93.6326540721
1503	133	5198	93.6488226113
1504	130	5201	93.7025790936
1505	130	5205	93.7736313639
1506	132	5207	93.7416465822
1507	127	5208	93.6835373281
1508	129	5208	93.7138957879
1509	126	5210	93.8007884658
1510	123	5212	93.7782608175
1511	120	5216	93.7109977309
1512	121	5218	93.6606948138
1513	119	5221	93.7023141612
1514	115	5222	93.6605257637
1515	120	5222	93.6009312514
1516	124	5228	93.5914426603
1517	124	5233	93.5378323869
1518	128	5235	93.5132132378
1519	128	5236	93.4414542014
1520	124	5241	93.467514201
1521	125	5243	93.5111211112
1522	120	5244	93.4754161551
1523	122	5244	93.3962799139
1524	118	5249	93.3230422847
1525	113	5249	93.4092130274
1526	117	5249	93.3556122022
1527	120	5250	93.3178497444
1528	115	5255	93.3353833912
1529	112	5259	93.3158252891
1530	115	5260	93.3608798769
1531	117	5263	93.4078342353
1532	114	5267	93.3734020258
1533	112	5269	93.3993976951
1534	109	5275	93.4938398954
1535	104	5277	93.408981364
1536	107	5279	93.4118274073
1537	102	5279	93.4416363371
1538	99	5279	93.4745083171
1539	95	5285	93.4372727285
1540	90	5292	93.4841080837
1541	91	5299	93.4541437722
1542	92	5303	93.5523135481
1543	94	5303	93.4806449313
1544	98	5303	93.5143679638
1545	102	5309	93.4798980224
1546	103	5312	93.4070260486
1547	105	5314	93.4558904711
1548	110	5316	93.3935135182
1549	114	5323	93.3235660463
1550	113	5329	93.3444312881
1551	117	5332	93.3125151968
1552	118	5339	93.2994274976
1553	120	5344	93.3753334583
1554	121	5349	93.4318006706
1555	116	5351	93.4411518213
1556	120	5358	93.3895041887
1557	124	5360	93.3776673213
1558	119	5363	93.3755174857
1559	116	5370	93.2768865399
1560	114	5373	93.3111034377
1561	119	5374	93.3300634975
1562	114	5374	93.2309203052
1563	116	5377	93.3198494987
1564	114	5384	93.3401816904
1565	116	5390	93.3781106718
1566	115	5394	93.353118116
1567	118	5394	93.397706839
1568	114	5397	93.3693033498
1569	114	5402	93.3167877627
1570	117	5407	93.3904348544
1571	119	5409	93.3500515896
1572	123	5416	93.4436625661
1573	127	5420	93.4727939248
1574	122	5425	93.5275859612
1575	118	5431	93.5433201469
1576	121	5435	93.6209292467
1577	124	5441	93.7015131444
1578	119	5446	93.6837894865
1579	116	5453	93.6901352367
1580	115	5455	93.678479663
1581	112	5459	93.7113456305
1582	108	5464	93.7289294732
1583	107	5467	93.7586792681
1584	108	5468	93.8536308506
1585	110	5472	93.8529963001
1586	110	5473	93.8791600461
1587	109	5480	93.7929946097
1588	108	5482	93.7111884239
1589	105	5483	93.7193489378
1590	106	5486	93.7833347015
1591	107	5488	93.7901202741
1592	109	5493	93.7269922031
1593	111	5499	93.7329209766
1594	108	5503	93.7800464066
1595	111	5509	93.8611473013
1596	116	5516	93.9526043892
1597	111	5516	94.0314875525
1598	107	5518	94.0376579731
1599	106	5520	93.9575830175
1600	107	5524	94.0318706347
1601	109	5524	94.1159658103
1602	107	5524	94.0430255505
1603	107	5525	94.1160090747
1604	105	5529	94.1700372551
1605	104	5533	94.1666006895
1606	105	5536	94.2071087161
1607	100	5541	94.1287931722
1608	96	5542	94.1034799307
1609	91	5549	94.1678402225
1610	91	5555	94.1645765672
1611	90	5562	94.1555592336
1612	87	5569	94.1097297716
1613	86	5570	94.0342945325
1614	83	5576	94.0719172021
1615	87	5577	94.1517618381
1616	85	5579	94.1237231163
1617	90	5581	94.1200316201
1618	92	5581	94.1158546761
1619	89	5581	94.1983872994
1620	93	5583	94.1514603001
1621	92	5585	94.1177549588
1622	88	5589	94.1954526178
1623	90	5594	94.125421129
1624	87	5597	94.0600287904
1625	86	5599	94.1272695988
1626	88	5605	94.0583032949
1627	87	5605	94.0501873597
1628	83	5610	94.1121585425
1629	81	5611	94.0913080659
1630	79	5615	94.0142595246
1631	83	5621	94.0286983527
1632	86	5621	94.1039200491
1633	89	5627	94.0859478507
1634	88	5629	94.0369483942
1635	91	5633	94.0616167478
1636	96	5640	94.1572293102
1637	101	5641	94.2334707678
1638	99	5641	94.2442607703
1639	99	5643	94.2660901532
1640	94	5648	94.3305237322
1641	95	5650	94.3262210157
1642	97	5651	94.3725592204
1643	94	5655	94.3953295357
1644	98	5657	94.4807297755
1645	94	5661	94.5269796247
1646	95	5664	94.5302092284
1647	92	5670	94.4701099834
1648	88	5677	94.529854282
1649	85	5680	94.5753753626
1650	87	5687	94.4835468612
1651	88	5687	94.5261886273
1652	85	5691	94.5810824042
1653	81	5697	94.614877958
1654	77	5699	94.6642071944
1655	80	5699	94.7496390157
1656	78	5700	94.7892869311
1657	73	5707	94.8836325162
1658	70	5710	94.8281614694
1659	66	5712	94.7399725417
1660	65	5713	94.6840621229
1661	64	5717	94.6347727849
1662	68	5724	94.7102720249
1663	68	5729	94.7554920254
1664	73	5731	94.8051371917
1665	73	5738	94.7170645468
1666	76	5741	94.7281842606
1667	73	5741	94.7098614358
1668	76	5744	94.7211873374
1669	79	5745	94.6217454699
1670	75	5752	94.5398419372
1671	71	5753	94.5963387437
1672	74	5758	94.6511709144
1673	71	5761	94.5512570364
1674	74	5764	94.6159647903
1675	71	5771	94.6967826941
1676	68	5772	94.6808532486
1677	69	5773	94.7064450173
1678	73	5776	94.757137408
1679	68	5782	94.6766632816
1680	65	5787	94.7665492343
1681	60	5788	94.7425971496
1682	61	5795	94.7648751086
1683	59	5801	94.7269157254
1684	54	5803	94.7780868217
1685	53	5804	94.7008701362
1686	56	5805	94.7624154539
1687	53	5810	94.7792772123
1688	56	5811	94.6979651664
1689	59	5811	94.7801951438
1690	63	5816	94.7265002706
1691	60	5818	94.7960166547
1692	64	5818	94.799405123
1693	59	5821	94.8542810393
1694	54	5828	94.8809024457
1695	51	5834	94.8914800176
1696	50	5837	94.9367536027
1697	52	5839	94.9560321873
1698	53	5846	94.9756066064
1699	54	5853	95.0046675193
1700	52	5858	94.9716705336
1701	55	5862	94.9633334374
1702	52	5863	94.9286623871
1703	56	5869	95.023757706
1704	52	5869	95.0526297674
1705	52	5872	95.0053483464
1706	50	5872	95.0620454604
1707	50	5872	95.0832271687
1708	52	5878	94.9911068037
1709	50	5882	95.083246711
1710	50	5887	95.1568869975
1711	54	5894	95.1360800348
1712	56	5896	95.0733055484
1713	61	5900	95.0368165378
1714	56	5903	95.054580324
1715	57	5906	95.1133026343
1716	52	5906	95.1722360317
1717	51	5909	95.1798088353
1718	56	5909	95.2133318062
1719	54	5916	95.134600986
1720	53	5923	95.1187840897
1721	50	5928	95.2084451635
1722	50	5930	95.116107697
1723	54	5936	95.1359305982
1724	50	5942	95.1423973622
1725	50	5949	95.1711437221
1726	50	5954	95.1434548491
1727	50	5955	95.1487766379
1728	52	5958	95.1195354491
1729	50	5964	95.0815709857
1730	50	5966	95.144511862
1731	50	5973	95.0867935611
1732	50	5973	95.0340654129
1733	50	5977	94.9487769661
1734	55	5979	95.0265026155
1735	50	5983	95.0523620217
1736	54	5986	95.0699745337
1737	52	5989	95.0922016331
1738	53	5991	95.013918339
1739	50	5993	94.9881854878
1740	51	5997	95.0380994649
1741	51	5999	95.0801516888
1742	50	6001	95.1737937328
1743	50	6005	95.2427589347
1744	54	6011	95.3115490659
1745	50	6017	95.3716365564
1746	50	6023	95.2772963321
1747	50	6028	95.2087540653
1748	50	6028	95.2375781255
1749	50	6033	95.3253645589
1750	50	6036	95.4077169577
1751	50	6043	95.3527212146
1752	50	6050	95.3545675158
1753	50	6055	95.4013430509
1754	50	6062	95.4290383661
1755	50	6067	95.3870972366
1756	55	6067	95.3295465106
1757	57	6069	95.4211051757
1758	61	6073	95.3548360417
1759	60	6074	95.4429412667
1760	62	6079	95.4977732365
1761	62	6083	95.4117404045
1762	65	6084	95.5014689797
1763	66	6090	95.5583764795
1764	62	6092	95.5545961615
1765	66	6099	95.4714543351
1766	66	6105	95.4149895511
1767	66	6111	95.4763379601
1768	71	6118	95.4576367768
1769	74	6118	95.4267968997
1770	75	6124	95.3554405991
1771	78	6127	95.3129550228
1772	81	6127	95.3163049324
1773	78	6129	95.2977280266
1774	80	6136	95.2878066888
1775	77	6137	95.237225465
1776	80	6138	95.1780229731
1777	81	6142	95.2428424288
1778	86	6144	95.1700933499
1779	81	6149	95.244541438
1780	78	6154	95.278505503
1781	73	6156	95.2193324273
1782	75	6161	95.1215412668
1783	74	6161	95.1555271696
1784	78	6168	95.0738785164
1785	76	6172	95.1645280333
1786	77	6172	95.1914763244
1787	74	6179	95.2215112388
1788	70	6179	95.198060355
1789	72	6185	95.2417047184
1790	77	6192	95.1438495711
1791	73	6194	95.1421817715
1792	75	6197	95.2226526169
1793	78	6202	95.2881613198
1794	74	6208	95.3589369425
1795	69	6214	95.4469474199
1796	73	6216	95.4961420739
1797	68	6220	95.4105522614
1798	70	6221	95.4248615433
1799	70	6228	95.4208260175
1800	66	6234	95.520528136
1801	68	6239	95.5671838803
1802	71	6239	95.5092809115
1803	66	6240	95.5509991806
1804	70	6243	95.5267501984
1805	65	6248	95.5668292421
1806	65	6253	95.6556802827
1807	69	6254	95.6263500222
1808	69	6256	95.548538636
1809	66	6259	95.50506428
1810	71	6264	95.4118320922
1811	66	6265	95.3753488427
1812	63	6266	95.4091860862
1813	65	6271	95.3540627342
1814	65	6274	95.2600387053
1815	66	6280	95.2877529087
1816	71	6287	95.378982936
1817	70	6287	95.4257214646
1818	74	6294	95.5023139366
1819	79	6295	95.4761864133
1820	74	6296	95.4247392202
1821	71	6296	95.4219193734
1822	71	6299	95.517005441
1823	76	6303	95.6070818071
1824	80	6303	95.6175719962
1825	79	6307	95.7136268526
1826	74	6309	95.7710135397
1827	75	6311	95.772575637
1828	77	6316	95.6934123418
1829	74	6318	95.6759946834
1830	79	6321	95.6952318261
1831	80	6322	95.7719600348
1832	83	6327	95.849963668
1833	79	6327	95.8542199778
1834	77	6333	95.9539585711
1835	81	6334	95.9804625594
1836	84	6337	96.0345943522
1837	80	6343	95.981047303
1838	82	6350	96.0273020309
1839	77	6351	96.0337648279
1840	82	6355	96.0982001206
1841	77	6362	96.1215487954
1842	73	6366	96.0997966682
1843	72	6367	96.1819679846
1844	72	6372	96.0915379956
1845	77	6375	96.1289622554
1846	80	6379	96.031396786
1847	84	6380	95.9913528037
1848	81	6387	96.0910493191
1849	80	6394	96.157831321
1850	84	6395	96.0603936051
1851	81	6399	95.978202868
1852	81	6400	95.9252626858
1853	82	6407	95.8625169347
1854	78	6414	95.9543581468
1855	74	6414	96.0189336583
1856	77	6416	96.1039667319
1857	76	6416	96.021970405
1858	71	6421	95.9745804478
1859	73	6422	96.0161088788
1860	71	6428	96.0817166977
1861	74	6435	96.014470341
1862	76	6437	95.9453893209
1863	74	6443	95.8794213224
1864	74	6447	95.8829284181
1865	79	6451	95.9116911342
1866	81	6452	95.8947978236
1867	80	6452	95.8677171206
1868	81	6457	95.9514906474
1869	80	6457	95.9774185817
1870	80	6464	95.8836451941
1871	78	6465	95.8897772246
1872	79	6469	95.9331793777
1873	75	6475	95.9564409074
1874	73	6477	95.9304843364
1875	78	6481	95.8601836061
1876	82	6487	95.7603227877
1877	78	6487	95.709532004
1878	83	6493	95.804147036
1879	83	6494	95.8996438039
1880	79	6494	95.8543785417
1881	81	6500	95.8298532116
1882	78	6502	95.8863397728
1883	75	6505	95.8620483503
1884	79	6512	95.861558244
1885	84	6519	95.8394425433
1886	89	6523	95.7761063923
1887	92	6526	95.678124115
1888	91	6527	95.7219146792
1889	91	6530	95.6571463995
1890	92	6530	95.6353632862
1891	88	6535	95.5746513652
1892	88	6540	95.6497791019
1893	89	6543	95.6055384268
1894	91	6545	95.5316932896
1895	90	6545	95.4638668136
1896	86	6549	95.4075037811
1897	88	6555	95.4500746088
1898	93	6562	95.4139831037
1899	94	6562	95.427732924
1900	90	6565	95.4605768946
1901	91	6571	95.3805956106
1902	86	6573	95.3017907534
1903	91	6575	95.2651140774
1904	87	6579	95.2983653015
1905	91	6581	95.279631665
1906	96	6582	95.2711549631
1907	101	6589	95.2459536328
1908	106	6595	95.2982277668
1909	111	6600	95.3282956159
1910	111	6600	95.2490688301
1911	113	6607	95.1940520527
1912	112	6611	95.2565679741
1913	114	6611	95.2730659108
1914	113	6617	95.3040529742
1915	114	6618	95.2566379476
1916	119	6625	95.1827599341
1917	121	6627	95.1535193732
1918	124	6634	95.222821655
1919	121	6638	95.3103640679
1920	120	6641	95.3241967571
1921	125	6647	95.2267029196
1922	123	6648	95.1734629654
1923	125	6648	95.1289103459
1924	126	6652	95.0911485247
1925	130	6653	95.100712662
1926	131	6658	95.126721798
1927	130	6660	95.1976408351
1928	129	6665	95.1798740941
1929	129	6669	95.2219030633
1930	124	6675	95.2662225916
1931	129	6676	95.3368829814
1932	130	6680	95.3290062544
1933	126	6685	95.2797859214
1934	121	6686	95.2771877932
1935	121	6688	95.3081909715
1936	122	6692	95.2799003929
1937	120	6695	95.1994710079
1938	122	6700	95.2421325792
1939	117	6702	95.215053879
1940	116	6708	95.2832848278
1941	111	6713	95.3675663159
1942	110	6713	95.2790485905
1943	115	6717	95.2851726668
1944	111	6720	95.341750238
1945	113	6724	95.3672343949
1946	114	6725	95.4420146097
1947	119	6727	95.4637134305
1948	123	6733	95.4716739525
1949	120	6739	95.4234698616
1950	119	6744	95.467610123
1951	114	6750	95.4451994007
1952	109	6755	95.4922097772
1953	113	6755	95.5802934591
1954	112	6759	95.4908459986
1955	112	6765	95.4536272909
1956	111	6766	95.5094433359
1957	107	6771	95.520101036
1958	109	6776	95.4730378665
1959	112	6777	95.3988712092
1960	116	6781	95.491674975
1961	111	6781	95.540260184
1962	116	6785	95.5350861276
1963	118	6787	95.5600836702
1964	116	6789	95.5444058841
1965	115	6791	95.5741156269
1966	115	6798	95.5250430233
1967	113	6804	95.5442657245
1968	109	6807	95.6025935738
1969	108	6811	95.5090728191
1970	103	6815	95.5848192757
1971	100	6819	95.5841493238
1972	99	6821	95.5217579102
1973	95	6827	95.6002489881
1974	94	6827	95.5600072579
1975	99	6829	95.5412162953
1976	95	6836	95.5694249416
1977	100	6841	95.5697088611
1978	104	6847	95.6695024717
1979	105	6851	95.630789265
1980	105	6857	95.564251492
1981	108	6859	95.6524592421
1982	107	6866	95.6956583166
1983	102	6867	95.791064244
1984	102	6869	95.7536374686
1985	99	6869	95.7455339354
1986	103	6871	95.6755694915
1987	102	6877	95.6514744034
1988	104	6884	95.6606473384
1989	101	6885	95.5636768489
1990	104	6892	95.637154702
1991	108	6894	95.5720604631
1992	110	6894	95.6376180829
1993	106	6901	95.6182169858
1994	101	6904	95.7035734287
1995	101	6904	95.7070446258
1996	104	6905	95.775485367
1997	108	6907	95.7768553612
1998	113	6913	95.7646953461
1999	113	6915	95.8072247016
2000	113	6917	95.8721126797
2001	109	6921	95.8479715804
2002	105	6923	95.934876732
2003	107	6927	95.9549408915
2004	102	6933	96.0402002803
2005	97	6934	96.0628787269
2006	102	6934	96.1247199617
2007	106	6935	96.1661188168
2008	106	6938	96.1897727805
2009	105	6940	96.2776136859
2010	110	6943	96.3064959314
2011	105	6945	96.2848880343
2012	103	6948	96.1959414195
2013	104	6949	96.2220326679
2014	102	6950	96.1373992915
2015	105	6951	96.2272415534
2016	107	6955	96.247094304
2017	112	6961	96.3148369563
2018	115	6968	96.3089352681
2019	111	6975	96.3239329685
2020	113	6979	96.3791983519
2021	110	6986	96.2792384558
2022	107	6988	96.2765390656
2023	106	6988	96.2159156726
2024	101	6995	96.2983242808
2025	106	7001	96.3440377033
2026	107	7002	96.4117470214
2027	109	7007	96.4135178809
2028	107	7013	96.3671543205
2029	105	7013	96.3883122047
2030	100	7017	96.4152820529
2031	96	7017	96.4925843939
2032	98	7022	96.5506878977
2033	100	7026	96.4796324012
2034	100	7032	96.4277595491
2035	95	7033	96.5110412751
2036	92	7034	96.4389595475
2037	91	7037	96.3720704007
2038	95	7044	96.3314896346
2039	91	7049	96.2844027805
2040	88	7053	96.1903144614
2041	84	7057	96.2570546918
2042	87	7057	96.3193662857
2043	88	7059	96.3595842185
2044	89	7066	96.2757481686
2045	84	7071	96.3091186303
2046	87	7075	96.3430267216
2047	82	7082	96.386104905
2048	86	7088	96.3335689238
2049	91	7088	96.2956357072
2050	91	7093	96.3442934416
2051	94	7095	96.369205073
2052	91	7098	96.3297916564
2053	91	7098	96.2950232348
2054	92	7105	96.3902890937
2055	93	7109	96.3232123227
2056	97	7112	96.2969494637
2057	92	7116	96.2687676849
2058	94	7116	96.1783260128
2059	97	7118	96.2443223822
2060	96	7125	96.2658956904
2061	101	7128	96.3446409092
2062	96	7131	96.3947228149
2063	99	7134	96.3825240565
2064	97	7135	96.3777496948
2065	102	7136	96.4042837672
2066	106	7138	96.4148982819
2067	110	7138	96.3546777916
2068	112	7144	96.394040027
2069	116	7150	96.4891835199
2070	118	7153	96.4342417157
2071	114	7155	96.4051865867
2072	115	7160	96.3639725302
2073	115	7167	96.3827042332
2074	118	7171	96.4820206365
2075	121	7172	96.4300182399
2076	126	7177	96.3579465281
2077	127	7177	96.4135057413
2078	129	7179	96.4704168702
2079	124	7182	96.4949674006
2080	119	7182	96.5926355001
2081	120	7184	96.6772068423
2082	122	7191	96.618824187
2083	123	7191	96.6766026921
2084	125	7193	96.7510989642
2085	128	7195	96.8081200288
2086	129	7199	96.8630812658
2087	132	7205	96.9050262979
2088	131	7207	96.8995031751
2089	126	7208	96.8393257431
2090	123	7208	96.7694851565
2091	118	7214	96.7111748165
2092	123	7215	96.7059438074
2093	126	7215	96.6463174992
2094	122	7215	96.6511015158
2095	127	7222	96.6905611235
2096	132	7225	96.6799970761
2097	136	7226	96.6688877138
2098	139	7228	96.6550035248
2099	141	7234	96.6307971411
2100	144	7234	96.5599345197
2101	140	7239	96.5129748364
2102	138	7243	96.5550867982
2103	140	7245	96.6003835156
2104	141	7247	96.6734384319
2105	140	7254	96.5738661349
2106	136	7259	96.6595562668
2107	140	7263	96.7192155476
2108	144	7265	96.7627786339
2109	146	7265	96.8348172451
2110	150	7272	96.8368749006
2111	150	7278	96.8864349478
2112	151	7283	96.850049294
2113	149	7289	96.9015539428
2114	151	7291	96.9736709947
2115	148	7291	96.9887145408
2116	143	7296	96.9641141031
2117	141	7300	96.909668205
2118	146	7302	96.8363859004
2119	141	7309	96.779777642
2120	136	7315	96.7617935883
2121	132	7318	96.7519475458
2122	135	7321	96.8091556129
2123	131	7326	96.7352057829
2124	131	7330	96.8074887551
2125	127	7331	96.7744472436
2126	125	7333	96.8426710432
2127	129	7333	96.7485520423
2128	134	7337	96.649756528
2129	138	7343	96.6865324855
2130	134	7348	96.6026903589
2131	133	7355	96.603561759
2132	130	7358	96.7033156618
2133	128	7359	96.6063733482
2134	123	7366	96.5852026332
2135	123	7369	96.5534312043
2136	127	7375	96.5326400257
2137	127	7380	96.4670959726
2138	132	7380	96.5212920612
2139	137	7386	96.5097599407
2140	135	7386	96.5082363297
2141	140	7393	96.5449618672
2142	138	7394	96.4749406266
2143	141	7394	96.5395189462
2144	136	7394	96.5968200396
2145	134	7397	96.6872548102
2146	136	7401	96.7665498256
2147	133	7401	96.7754434457
2148	129	7401	96.8423651032
2149	126	7402	96.9399205894
2150	126	7408	97.0113328659
2151	130	7408	97.0172382037
2152	134	7414	96.9807962706
2153	136	7421	96.9288696114
2154	139	7424	96.9624619952
2155	141	7428	96.9553740422
2156	142	7435	96.894061624
2157	141	7440	96.9327320007
2158	141	7440	96.9816889045
2159	136	7446	97.0049782552
2160	140	7453	96.945483323
2161	139	7458	96.9438336209
2162	141	7458	96.8669158206
2163	138	7462	96.8765103017
2164	135	7462	96.8442866458
2165	133	7466	96.9326629176
2166	138	7470	97.0147951282
2167	137	7477	97.0188099497
2168	135	7479	97.0714650952
2169	130	7480	97.0499734984
2170	126	7487	96.9716598498
2171	131	7487	96.9386128584
2172	131	7490	96.9304457109
2173	136	7495	96.9231619319
2174	132	7501	96.9524380202
2175	137	7508	96.9561258032
2176	138	7510	96.8855550119
2177	143	7515	96.9590970706
2178	145	7520	97.0092057849
2179	149	7524	96.9716394972
2180	149	7529	97.0318751905
2181	145	7534	97.1309088642
2182	149	7541	97.1462949321
2183	145	7547	97.1091821893
2184	142	7551	97.072230694
2185	138	7556	96.9872858701
2186	137	7558	97.0211199909
2187	132	7563	97.0429623889
2188	136	7565	97.0801527965
2189	133	7571	97.163698582
2190	128	7572	97.1015949163
2191	130	7576	97.1719588751
2192	128	7582	97.1268542227
2193	129	7585	97.0721992607
2194	129	7592	97.0312931192
2195	126	7595	96.9607005177
2196	125	7599	96.8776641964
2197	125	7599	96.9146687152
2198	125	7604	96.9763606888
2199	124	7610	96.9616642542
2200	119	7613	96.9884593348
2201	118	7614	96.9495640529
2202	122	7621	96.9642712691
2203	119	7625	96.885921762
2204	115	7631	96.8461990686
2205	111	7635	96.9250417508
2206	111	7640	96.8263267419
2207	112	7643	96.8026876686
2208	115	7650	96.87691503
2209	110	7651	96.9537561006
2210	109	7653	96.9172865208
2211	114	7655	96.8293060741
2212	119	7659	96.8566120064
2213	117	7659	96.9390399468
2214	116	7666	96.9561312708
2215	114	7673	96.8723767793
2216	116	7676	96.8282886305
2217	117	7677	96.8976525298
2218	122	7679	96.9543427345
2219	121	7679	97.0077904651
2220	124	7682	97.0344370657
2221	122	7687	97.047223499
2222	126	7690	97.0399184534
2223	122	7694	97.0848292498
2224	121	7700	96.9982667421
2225	121	7701	96.9515629102
2226	123	7702	97.0010533893
2227	118	7706	97.0121316391
2228	116	7708	97.0834531025
2229	111	7714	97.1127827349
2230	115	7717	97.158069043
2231	112	7724	97.2410360702
2232	112	7725	97.1592050081
2233	107	7730	97.1505491418
2234	108	7733	97.2049928251
2235	107	7734	97.1282253812
2236	108	7735	97.1995319166
2237	113	7735	97.1689519726
2238	108	7742	97.2491187364
2239	106	7743	97.2104507512
2240	101	7746	97.2587201882
2241	101	7747	97.2420080448
2242	99	7747	97.2982994389
2243	98	7752	97.2453007178
2244	94	7759	97.2878099092
2245	94	7763	97.3372193432
2246	95	7763	97.3467786075
2247	95	7765	97.3084111088
2248	90	7770	97.4060999016
2249	95	7777	97.3326691199
2250	95	7784	97.4289764468
2251	92	7788	97.479405632
2252	91	7791	97.5132117723
2253	86	7795	97.4693131931
2254	83	7797	97.3737857824
2255	81	7803	97.3129915579
2256	84	7809	97.3381153385
2257	89	7816	97.3441119689
2258	87	7821	97.2915812051
2259	86	7824	97.2897287626
2260	87	7831	97.261237526
2261	92	7835	97.1797103011
2262	90	7837	97.2259700049
2263	87	7842	97.2706735548
2264	85	7844	97.3242323833
2265	83	7845	97.2915552085
2266	78	7845	97.2040827488
2267	79	7846	97.2187826073
2268	74	7851	97.1340453638
2269	77	7851	97.1606921801
2270	82	7857	97.2535951789
2271	80	7863	97.2621876231
2272	76	7864	97.1757020505
2273	75	7868	97.227877184
2274	71	7869	97.1635580132
2275	71	7874	97.2351435923
2276	76	7874	97.1645006813
2277	78	7878	97.2073295948
2278	78	7884	97.289135031
2279	79	7889	97.2198163008
2280	74	7894	97.2761025104
2281	78	7899	97.3151397018
2282	80	7900	97.2313357977
2283	83	7904	97.1899873132
2284	80	7905	97.195700433
2285	75	7910	97.2884925661
2286	72	7913	97.3604008841
2287	72	7917	97.3290404821
2288	69	7917	97.3293540002
2289	70	7921	97.3021395334
2290	66	7926	97.2491196592
2291	68	7933	97.2944138623
2292	70	7935	97.2614759852
2293	70	7941	97.3060922998
2294	70	7942	97.3391676584
2295	75	7946	97.4259572137
2296	72	7947	97.3546933191
2297	76	7948	97.3939734801
2298	80	7955	97.4596274582
2299	81	7956	97.4606999359
2300	84	7961	97.5079478897
2301	85	7962	97.5605926894
2302	86	7964	97.6176703151
2303	83	7970	97.5593783866
2304	80	7977	97.4641596441
2305	83	7982	97.500733672
2306	86	7982	97.5229508171
2307	88	7986	97.4821389317
2308	87	7986	97.4719927869
2309	85	7993	97.5242458533
2310	88	7994	97.4856954693
2311	83	7998	97.4947149442
2312	80	7999	97.533417399
2313	82	8001	97.5152533967
2314	81	8006	97.6080158426
2315	76	8011	97.6848891491
2316	78	8011	97.6951921878
2317	81	8017	97.7402564502
2318	77	8017	97.7401005036
2319	81	8023	97.7388582545
2320	78	8026	97.7681707947
2321	73	8031	97.6731881702
2322	68	8037	97.6061796612
2323	67	8040	97.546234232
2324	65	8041	97.5106488644
2325	69	8042	97.4895532579
2326	67	8043	97.4224439984
2327	65	8047	97.5143188978
2328	67	8050	97.4853778439
2329	64	8051	97.4927050514
2330	63	8057	97.5073778298
2331	59	8062	97.5274304363
2332	60	8069	97.4440222888
2333	57	8073	97.3963966045
2334	55	8077	97.3167334868
2335	51	8082	97.2478529783
2336	55	8083	97.1574907554
2337	53	8084	97.2038055352
2338	56	8089	97.1265140887
2339	53	8090	97.1116968587
2340	50	8093	97.0660900257
2341	50	8095	97.1046056376
2342	53	8095	97.1144015019
2343	50	8096	97.1071106808
2344	50	8101	97.1790813933
2345	50	8102	97.09504485
2346	52	8104	97.0068866839
2347	50	8104	97.063092092
2348	50	8104	96.9656368569
2349	51	8105	96.9251682079
2350	50	8112	96.9440648427
2351	51	8112	96.853943896
2352	55	8114	96.7839716654
2353	57	8119	96.8206733045
2354	57	8121	96.7302263827
2355	60	8127	96.8258104081
2356	61	8127	96.895695949
2357	64	8129	96.983341022
2358	63	8129	96.9060088334
2359	60	8134	96.8574979669
2360	55	8141	96.8882607881
2361	51	8148	96.8307248868
2362	53	8150	96.8680681621
2363	51	8156	96.8011132079
2364	50	8161	96.7445438439
2365	55	8167	96.6997676722
2366	60	8174	96.6480629246
2367	55	8181	96.7221737193
2368	56	8187	96.6698881649
2369	53	8192	96.6524502451
2370	52	8196	96.6150850798
2371	50	8198	96.5374486084
2372	55	8200	96.4907014017
2373	52	8201	96.5603274266
2374	50	8205	96.4777636826
2375	55	8206	96.4775902316
2376	55	8208	96.5313313186
2377	57	8212	96.5442693748
2378	59	8214	96.4477154848
2379	64	8218	96.4105095498
2380	67	8218	96.4219540126
2381	72	8221	96.4175275482
2382	75	8228	96.3290127214
2383	80	8235	96.407986124
2384	78	8242	96.461035038
2385	75	8242	96.4060319533
2386	75	8247	96.373349969
2387	70	8254	96.3905202538
2388	65	8259	96.4501933311
2389	64	8264	96.3757591108
2390	65	8265	96.4496515421
2391	69	8265	96.4317219752
2392	70	8267	96.3557655803
2393	74	8267	96.3654323531
2394	75	8272	96.278373673
2395	77	8277	96.2996113889
2396	73	8278	96.3795881983
2397	69	8280	96.3464641797
2398	65	8282	96.3163551731
2399	67	8289	96.3319735709
2400	72	8289	96.356973457
2401	77	8294	96.3974175899
2402	78	8300	96.3086806623
2403	76	8303	96.3700443081
2404	80	8305	96.4271373785
2405	80	8307	96.4441835127
2406	79	8308	96.4104689454
2407	77	8314	96.45472972
2408	76	8315	96.3683686478
2409	81	8316	96.342934769
2410	76	8317	96.3279185395
2411	76	8318	96.251475586
2412	78	8323	96.2256619358
2413	81	8328	96.1387452946
2414	82	8334	96.1522475767
2415	85	8336	96.2376014322
2416	80	8339	96.2559594129
2417	80	8345	96.1778167622
2418	84	8350	96.2709827631
2419	87	8357	96.2362744232
2420	83	8363	96.229723849
2421	80	8364	96.1617266799
2422	76	8369	96.1668872294
2423	81	8371	96.1688001235
2424	86	8376	96.1187870192
2425	89	8377	96.1807809897
2426	93	8383	96.1298769685
2427	95	8387	96.1387946759
2428	94	8390	96.1223710911
2429	89	8391	96.0727098664
2430	93	8396	96.1695957427
2431	92	8397	96.2433052785
2432	90	8398	96.3106133558
2433	91	8404	96.2874825162
2434	91	8405	96.3019596138
2435	96	8411	96.2630631481
2436	98	8416	96.3389518586
2437	100	8418	96.3661695223
2438	101	8423	96.3101725872
2439	104	8426	96.222347928
2440	109	8432	96.1781884076
2441	108	8436	96.1448457754
2442	112	8440	96.1532523686
2443	111	8442	96.1408780012
2444	114	8446	96.0595241677
2445	113	8447	96.0654885081
2446	113	8451	96.0180836899
2447	110	8457	96.0419645238
2448	105	8459	96.1228053024
2449	106	8466	96.067180805
2450	102	8469	96.0144910143
2451	106	8476	95.9372480691
2452	106	8483	95.9778331371
2453	101	8487	95.906723512
2454	106	8491	95.8548862173
2455	106	8491	95.8446316222
2456	103	8497	95.7783243368
2457	104	8500	95.7755175715
2458	107	8503	95.6952487282
2459	110	8505	95.7861123995
2460	109	8505	95.7297555025
2461	112	8508	95.7122589818
2462	116	8514	95.6125315201
2463	113	8517	95.6626775592
2464	117	8521	95.6431794483
2465	115	8524	95.5858328431
2466	117	8524	95.5021777853
2467	119	8531	95.4485234972
2468	121	8532	95.3688206683
2469	119	8538	95.4299956838
2470	114	8542	95.4298765344
2471	112	8546	95.3310770778
2472	107	8553	95.3056463673
2473	102	8556	95.2757007278
2474	103	8561	95.2385709497
2475	105	8566	95.2717613866
2476	109	8570	95.1992660175
2477	104	8572	95.1462260931
2478	105	8572	95.0715553924
2479	104	8578	95.0990706437
2480	100	8584	95.0442377012
2481	100	8587	95.0663389955
2482	105	8589	95.0859831185
2483	110	8591	95.1201593334
2484	106	8597	95.1365967167
2485	106	8598	95.0576781077
2486	101	8598	95.154361118
2487	100	8603	95.1537123096
2488	102	8609	95.0938546569
2489	98	8613	95.068749622
2490	97	8619	95.1466069099
2491	99	8625	95.1787444384
2492	104	8628	95.2484746945
2493	106	8632	95.1938376372
2494	107	8638	95.1690901327
2495	112	8638	95.2207328947
2496	110	8641	95.1811582523
2497	114	8646	95.1689438662
2498	117	8647	95.0942289715
2499	116	8647	95.1859052222
2500	115	8653	95.169809228
2501	115	8660	95.118562577
2502	120	8665	95.0850684209
2503	117	8667	95.0560775277
2504	113	8668	95.1473222711
2505	109	8672	95.1267971155
2506	113	8679	95.1789707062
2507	115	8679	95.0871852104
2508	110	8681	95.026116292
2509	107	8686	94.9487429494
2510	107	8693	94.9655190532
2511	110	8699	94.8669488196
2512	110	8701	94.7724050129
2513	113	8704	94.716411193
2514	118	8705	94.7306923988
2515	115	8710	94.8179309631
2516	115	8712	94.8349094299
2517	120	8716	94.8738363462
2518	123	8719	94.8419902112
2519	125	8722	94.8174906831
2520	122	8724	94.7727841543
2521	124	8730	94.7431878253
2522	120	8736	94.7398901142
2523	116	8743	94.6544863053
2524	112	8748	94.6097830911
2525	117	8755	94.5307749711
2526	113	8762	94.5423804202
2527	113	8769	94.6379691629
2528	117	8769	94.6082069054
2529	121	8776	94.5791404595
2530	117	8782	94.5607243479
2531	112	8788	94.6245510826
2532	112	8788	94.639314597
2533	117	8794	94.6770352159
2534	114	8797	94.6603558036
2535	112	8804	94.6879729913
2536	110	8811	94.6669052457
2537	105	8816	94.7586050381
2538	109	8821	94.665654623
2539	111	8824	94.5774323167
2540	107	8828	94.594248431
2541	109	8835	94.6428635694
2542	109	8839	94.6629596578
2543	110	8845	94.6906050784
2544	111	8849	94.6989212072
2545	108	8854	94.7453151088
2546	113	8858	94.7079001517
2547	112	8859	94.611312774
2548	113	8865	94.6154266348
2549	115	8865	94.606286814
2550	112	8871	94.6632087146
2551	114	8874	94.5734237845
2552	115	8876	94.5821654798
2553	120	8877	94.5829197784
2554	125	8878	94.6478070369
2555	121	8879	94.5611929786
2556	123	8885	94.4741234434
2557	123	8885	94.3810116587
2558	126	8887	94.4396298268
2559	123	8894	94.3445311951
2560	126	8900	94.397917386
2561	122	8905	94.358870768
2562	117	8908	94.3875097906
2563	120	8908	94.3683604037
2564	121	8910	94.2717441957
2565	116	8911	94.2903342199
2566	116	8918	94.2096858003
2567	121	8924	94.2444440287
2568	124	8929	94.3308732316
2569	121	8931	94.2434454462
2570	116	8936	94.2271349693
2571	114	8942	94.2102453508
2572	118	8945	94.3006960559
2573	119	8950	94.3445727733
2574	116	8956	94.4055968863
2575	116	8956	94.3820973528
2576	116	8962	94.4726859758
2577	116	8964	94.565485253
2578	118	8965	94.4919373793
2579	119	8965	94.5663595152
2580	115	8971	94.4729625027
2581	119	8973	94.3866807025
2582	123	8974	94.4621357724
2583	122	8976	94.5482184832
2584	117	8982	94.492432692
2585	121	8984	94.441112967
2586	118	8986	94.4206833901
2587	122	8992	94.3881837413
2588	118	8995	94.3864052448
2589	121	8999	94.4538193062
2590	125	9003	94.4485618284
2591	122	9009	94.4454693811
2592	127	9014	94.4812218822
2593	130	9017	94.3851927999
2594	131	9022	94.4757323412
2595	132	9027	94.4725237945
2596	130	9031	94.4329314955
2597	134	9031	94.3496500484
2598	134	9034	94.4213965082
2599	133	9035	94.4699360611
2600	135	9036	94.5251650134
2601	131	9036	94.5998985189
2602	128	9041	94.5423498728
2603	131	9043	94.6005910859
2604	131	9050	94.607854832
2605	132	9053	94.5955271958
2606	129	9058	94.509339521
2607	124	9063	94.601673023
2608	126	9066	94.6454222742
2609	127	9070	94.5886874604
2610	129	9076	94.5430560704
2611	133	9082	94.4790947913
2612	131	9088	94.4557137831
2613	129	9088	94.3877888729
2614	126	9093	94.3741619689
2615	125	9099	94.3286120892
2616	128	9100	94.2916212388
2617	129	9106	94.207631162
2618	129	9110	94.2724791489
2619	124	9115	94.2797140276
2620	125	9117	94.2709968367
2621	127	9124	94.3200422564
2622	123	9125	94.279962908
2623	125	9129	94.3311806058
2624	128	9130	94.4121120004
2625	126	9130	94.3828457256
2626	125	9133	94.3209692695
2627	125	9140	94.3559138111
2628	124	9146	94.3151473439
2629	122	9151	94.3871237465
2630	124	9157	94.4825175827
2631	119	9161	94.5328681214
2632	115	9162	94.5072994278
2633	112	9165	94.4208845772
2634	108	9170	94.4829465903
2635	109	9172	94.4575873259
2636	105	9179	94.378738045
2637	101	9181	94.4154288288
2638	104	9183	94.3511743661
2639	107	9190	94.2753743014
2640	111	9196	94.3144779711
2641	115	9200	94.2212703327
2642	116	9203	94.2698087812
2643	115	9203	94.1727288286
2644	116	9204	94.2510476749
2645	120	9205	94.1992837971
2646	124	9212	94.2242548113
2647	119	9218	94.2515813766
2648	120	9222	94.2880124881
2649	115	9223	94.207152358
2650	114	9223	94.1754011364
2651	116	9229	94.1661555146
2652	114	9230	94.1819748371
2653	119	9230	94.2254691472
2654	119	9230	94.2016007154
2655	119	9232	94.1477184978
2656	122	9234	94.178677161
2657	119	9239	94.2698367609
2658	124	9246	94.3355849278
2659	127	9249	94.2488031143
2660	122	9256	94.2669804907
2661	117	9259	94.3392838751
2662	112	9266	94.269950359
2663	111	9271	94.2155614609
2664	108	9272	94.2607991349
2665	106	9273	94.3500880647
2666	108	9275	94.2510067418
2667	111	9277	94.3193940459
2668	113	9279	94.2954139206
2669	113	9279	94.2725721552
2670	115	9283	94.1846623034
2671	115	9290	94.276871589
2672	115	9292	94.263542426
2673	118	9294	94.2874362704
2674	122	9300	94.2753383935
2675	126	9302	94.2912858553
2676	128	9302	94.2455013174
2677	126	9307	94.1773413647
2678	122	9307	94.1861606687
2679	120	9312	94.2010722369
2680	116	9314	94.2299657399
2681	116	9320	94.1470652647
2682	116	9320	94.1823062343
2683	116	9321	94.1325008524
2684	114	9328	94.0328534586
2685	111	9330	94.0471435646
2686	106	9334	94.1068365487
2687	103	9341	94.094788763
2688	98	9347	94.0801081181
2689	96	9352	94.1191477935
2690	98	9357	94.0961765975
2691	95	9360	94.1898480819
2692	92	9362	94.2173150723
2693	90	9369	94.133496155
2694	95	9371	94.1570665099
2695	91	9372	94.2129538849
2696	87	9373	94.1159219148
2697	85	9380	94.1797836098
2698	84	9384	94.2238138895
2699	82	9387	94.1826698713
2700	86	9393	94.1691216699
2701	82	9398	94.2046883835
2702	82	9400	94.1766661541
2703	77	9400	94.1275434707
2704	79	9407	94.1444019543
2705	80	9409	94.0942410239
2706	79	9414	94.1655795391
2707	83	9421	94.1809401006
2708	79	9423	94.2710700836
2709	79	9427	94.3305419247
2710	83	9427	94.2527548531
2711	87	9428	94.2573101935
2712	86	9431	94.1593417274
2713	81	9438	94.0946227616
2714	81	9439	94.0899299876
2715	77	9440	94.132474684
2716	72	9446	94.2133607481
2717	70	9446	94.1987531661
2718	74	9453	94.1133958851
2719	69	9459	94.1463154268
2720	65	9461	94.0753983287
2721	61	9466	94.1309123951
2722	56	9466	94.1279951066
2723	60	9468	94.0936266428
2724	58	9472	94.0556322497
2725	59	9475	94.0070018737
2726	57	9477	94.0331994469
2727	54	9480	93.968149918
2728	58	9483	94.031049591
2729	56	9484	94.0105469447
2730	56	9490	94.1012912192
2731	51	9495	94.159719455
2732	52	9502	94.1180361092
2733	50	9505	94.1991124635
2734	50	9506	94.1548959466
2735	54	9511	94.1640422238
2736	55	9511	94.1638096484
2737	53	9513	94.1605923852
2738	50	9514	94.083259355
2739	52	9514	94.0462790311
2740	52	9521	94.092501937
2741	50	9528	94.0507723059
2742	52	9529	94.1164314991
2743	56	9534	94.0765354333
2744	55	9536	94.0680238952
2745	51	9537	94.1366274215
2746	54	9540	94.1715574376
2747	57	9540	94.0743220424
2748	59	9547	94.1276251346
2749	64	9549	94.1854033709
2750	63	9556	94.1694808387
2751	61	9560	94.2022361929
2752	58	9566	94.1870456652
2753	58	9570	94.1232861473
2754	60	9576	94.2195069284
2755	58	9580	94.1542731528
2756	58	9580	94.1324749298
2757	60	9582	94.2118812804
2758	59	9588	94.2706782429
2759	64	9592	94.1707855408
2760	62	9595	94.1890860191
2761	63	9597	94.0908896236
2762	63	9603	94.1093637309
2763	61	9610	94.1331085439
2764	63	9613	94.0554016028
2765	58	9620	94.0529454511
2766	58	9622	93.987828805
2767	62	9623	94.0440700116
2768	63	9630	94.087826823
2769	67	9630	94.1818133642
2770	62	9635	94.2746722129
2771	61	9639	94.2189438814
2772	63	9646	94.1369973258
2773	67	9652	94.1555427748
2774	70	9659	94.1907141031
2775	66	9666	94.1208642563
2776	65	9673	94.1820388638
2777	69	9676	94.1098415429
2778	65	9680	94.1309206882
2779	66	9684	94.0816265243
2780	66	9684	94.0893660342
2781	64	9686	94.1462555907
2782	69	9687	94.1483065368
2783	65	9687	94.0694795063
2784	64	9689	94.0151764696
2785	65	9689	93.9405782051
2786	67	9689	93.9462578048
2787	72	9689	93.8606396992
2788	76	9692	93.8272630299
2789	80	9695	93.882269294
2790	77	9702	93.9746544103
2791	81	9703	93.9235887056
2792	77	9703	93.9294173021
2793	74	9703	93.907817093
2794	75	9705	93.8817236475
2795	79	9705	93.9625022264
2796	83	9708	94.0466030769
2797	81	9711	94.0745620674
2798	83	9718	94.0891798942
2799	82	9719	94.1278294358
2800	81	9722	94.1840929109
2801	76	9729	94.2826682435
2802	76	9734	94.188982853
2803	75	9734	94.284040551
2804	76	9741	94.1842542089
2805	71	9748	94.2751454552
2806	75	9752	94.3718415725
2807	70	9756	94.3241611124
2808	65	9759	94.3403666501
2809	64	9765	94.3982467534
2810	64	9766	94.3940015812
2811	65	9766	94.4527546668
2812	66	9768	94.4473247078
2813	64	9775	94.4168647763
2814	65	9776	94.3562810783
2815	67	9781	94.3688031809
2816	72	9782	94.3339042539
2817	77	9786	94.2589765128
2818	78	9787	94.1922896138
2819	76	9792	94.1910350459
2820	78	9798	94.2077142248
2821	77	9805	94.214347659
2822	78	9812	94.1336988702
2823	74	9818	94.056471166
2824	73	9824	93.9851254194
2825	71	9824	93.922811632
2826	70	9826	93.884915892
2827	75	9827	93.8966763648
2828	71	9829	93.900870091
2829	69	9833	93.8401416461
2830	68	9833	93.8071912585
2831	71	9836	93.8541963886
2832	74	9837	93.8416436343
2833	77	9843	93.8702201841
2834	78	9849	93.849537855
2835	75	9851	93.7949830047
2836	79	9858	93.7205016677
2837	74	9858	93.7746453103
2838	71	9863	93.7151278611
2839	69	9870	93.6286029529
2840	65	9870	93.6620632463
2841	67	9870	93.6852729591
2842	72	9877	93.7191619522
2843	77	9881	93.7284153756
2844	75	9886	93.6693315087
2845	70	9889	93.6161756575
2846	69	9892	93.7035452307
2847	68	9899	93.764334897
2848	73	9900	93.8229714187
2849	75	9907	93.8756388865
2850	70	9908	93.9393407865
2851	73	9910	93.9392279124
2852	68	9916	93.9366423718
2853	63	9921	93.9900351241
2854	67	9927	94.0759332109
2855	65	9930	94.1481671781
2856	67	9931	94.2171478418
2857	67	9931	94.2208834702
2858	62	9937	94.2618786649
2859	58	9941	94.1988480192
2860	58	9947	94.1103642436
2861	58	9954	94.0421989136
2862	59	9956	93.962307948
2863	62	9959	93.959713567
2864	64	9963	94.0299196506
2865	60	9967	94.1099757154
2866	60	9972	94.1845479965
2867	62	9973	94.2422862573
2868	61	9974	94.3324526644
2869	62	9980	94.3291455309
2870	65	9984	94.4103039949
2871	65	9989	94.44826487
2872	64	9996	94.3950455767
2873	60	10000	94.2958928614
2874	59	10006	94.2391630988
2875	60	10012	94.2726056787
2876	62	10018	94.2065538183
2877	59	10022	94.1267978754
2878	55	10027	94.0584950256
2879	55	10030	94.0528959107
2880	58	10037	94.150251333
2881	60	10038	94.1472595517
2882	60	10044	94.1727765628
2883	56	10047	94.1994523682
2884	52	10051	94.1535572625
2885	51	10056	94.2415506769
2886	56	10058	94.3137332994
2887	52	10063	94.2153451662
2888	50	10064	94.1209167248
2889	50	10071	94.0424777954
2890	52	10076	94.0780715781
2891	54	10080	93.9829847329
2892	52	10086	93.896205915
2893	50	10089	93.91994532
2894	50	10095	93.981887692
2895	54	10100	94.0327268036
2896	52	10104	94.107794447
2897	56	10107	94.1146968966
2898	57	10114	94.0824322158
2899	53	10120	94.1135182109
2900	53	10126	94.0927748279
2901	50	10131	94.0314286609
2902	50	10136	93.9890891172
2903	53	10138	94.0119221853
2904	51	10141	93.9771175425
2905	55	10148	93.9553087922
2906	57	10148	94.0365836038
2907	60	10150	93.9713535105
2908	60	10150	93.9027073707
2909	60	10152	93.9204434348
2910	55	10155	93.8921874349
2911	56	10159	93.8122695615
2912	61	10163	93.7917521209
2913	63	10170	93.7064286258
2914	58	10174	93.6232766547
2915	53	10181	93.6834880855
2916	50	10185	93.6748804458
2917	53	10187	93.6077833412
2918	55	10190	93.5537012107
2919	60	10195	93.4708775389
2920	64	10195	93.4953167344
2921	64	10200	93.588250894
2922	62	10201	93.646077527
2923	67	10201	93.7106634232
2924	67	10205	93.7053128044
2925	67	10212	93.715178414
2926	67	10218	93.8040987542
2927	70	10219	93.8549984739
2928	68	10221	93.8320458423
2929	63	10225	93.7860228156
2930	64	10226	93.7173685566
2931	66	10232	93.8158809857
2932	68	10234	93.8203689142
2933	71	10236	93.8208574226
2934	76	10240	93.843977916
2935	72	10240	93.8948036204
2936	68	10243	93.8402335324
2937	72	10243	93.809066655
2938	70	10243	93.7257176842
2939	75	10250	93.7936746486
2940	75	10251	93.8170667466
2941	74	10256	93.7571206515
2942	77	10258	93.7377448849
2943	80	10259	93.7982730453
2944	81	10265	93.7776202841
2945	83	10265	93.7559861172
2946	82	10266	93.7073258749
2947	84	10266	93.6710721446
2948	79	10270	93.740165282
2949	81	10274	93.7888960702
2950	80	10277	93.8489379303
2951	81	10277	93.9152744275
2952	82	10280	93.9676321294
2953	86	10280	94.022856147
2954	83	10282	94.0043909623
2955	78	10289	94.01250682
2956	80	10293	94.0861569446
2957	76	10293	93.9934970725
2958	73	10295	94.0538122957
2959	74	10302	94.0189652887
2960	75	10305	93.9878351976
2961	79	10306	94.0478578076
2962	83	10308	94.0204497421
2963	87	10315	93.9914649542
2964	89	10316	93.8954653174
2965	87	10320	93.8493214459
2966	87	10327	93.8101702759
2967	88	10330	93.7819959442
2968	86	10331	93.8730762366
2969	82	10335	93.8579001514
2970	87	10342	93.9412092013
2971	91	10347	93.952174477
2972	94	10348	94.0493705971
2973	96	10350	94.0111574451
2974	97	10357	93.951677284
2975	102	10361	94.0131836177
2976	107	10366	94.0619927628
2977	109	10368	94.0122111106
2978	107	10375	93.9580432225
2979	105	10375	93.8746894151
2980	102	10379	93.8434933409
2981	107	10381	93.8168479536
2982	110	10386	93.8177586264
2983	112	10393	93.7952678786
2984	114	10395	93.8050111103
2985	115	10399	93.7758534924
2986	110	10401	93.861989101
2987	112	10403	93.7858350036
2988	117	10409	93.7053560593
2989	112	10410	93.7762752618
2990	113	10411	93.7681241931
2991	118	10417	93.8562361682
2992	123	10423	93.7598710524
2993	126	10427	93.8106777596
2994	128	10433	93.8185247502
2995	129	10434	93.8339042125
2996	130	10440	93.893818204
2997	131	10441	93.9431061484
2998	129	10443	93.9483093521
2999	129	10449	93.8561518749
3000	126	10456	93.8814889339
3001	125	10457	93.8091111842
3002	127	10459	93.795285048
3003	129	10464	93.7680000597
3004	124	10465	93.7853576771
3005	123	10470	93.7359221328
3006	123	10475	93.7386815602
3007	119	10478	93.7916990661
3008	122	10478	93.6965690761
3009	120	10480	93.781449168
3010	118	10486	93.7384203251
3011	120	10487	93.6589734089
3012	116	10490	93.7522751796
3013	118	10493	93.8469111794
3014	117	10499	93.7974428831
3015	112	10503	93.8533128924
3016	112	10507	93.8894645155
3017	115	10514	93.9617098193
3018	111	10520	93.8987173932
3019	112	10520	93.9025065058
3020	111	10521	93.9289664064
3021	110	10522	93.9208960786
3022	114	10529	93.9657071638
3023	110	10533	93.9070432694
3024	109	10537	93.8759175631
3025	112	10543	93.8385363161
3026	107	10549	93.7795801743
3027	107	10551	93.809512485
3028	105	10558	93.8997587127
3029	102	10564	93.8597504092
3030	103	10570	93.9501611884
3031	108	10572	93.885864527
3032	112	10577	93.8821842497
3033	114	10579	93.9738336396
3034	114	10579	94.0054419171
3035	110	10579	94.0718671859
3036	114	10585	94.1650004135
3037	116	10592	94.0789313111
3038	121	10596	94.1617326663
3039	120	10601	94.251227696
3040	117	10607	94.3410118561
3041	119	10611	94.2934974877
3042	119	10617	94.2541932247
3043	117	10620	94.2902238232
3044	116	10625	94.3657891407
3045	111	10632	94.4186678012
3046	110	10636	94.3524759037
3047	106	10637	94.3338059291
3048	103	10644	94.2378736394
3049	103	10648	94.3183069636
3050	107	10655	94.2583918358
3051	110	10655	94.1873342266
3052	115	10658	94.1004130191
3053	112	10665	94.0770293476
3054	112	10672	94.1034032598
3055	110	10674	94.1583527993
3056	109	10678	94.0841092872
3057	104	10679	94.0128765433
3058	100	10685	94.0328717654
3059	98	10692	94.0805558526
3060	101	10692	94.053337436
3061	101	10699	94.0670964616
3062	96	10706	94.0620224412
3063	99	10707	93.9731880745
3064	97	10712	94.0594581827
3065	99	10714	94.0848623672
3066	101	10717	94.1058736374
3067	96	10720	94.0126425604
3068	101	10724	93.9855147827
3069	99	10731	93.9631349513
3070	100	10737	93.9708288744
3071	96	10744	93.8800251497
3072	96	10746	93.9343729633
3073	101	10753	93.8873259574
3074	103	10756	93.8026046696
3075	101	10757	93.8896259492
3076	103	10763	93.9523962094
3077	103	10767	93.9597813236
3078	108	10772	93.974994181
3079	104	10774	93.9622213
3080	102	10780	93.9284292076
3081	97	10785	93.9950936688
3082	98	10790	93.9133463742
3083	98	10793	93.8429944867
3084	100	10798	93.9408801792
3085	101	10805	93.9333590597
3086	106	10811	93.9540463247
3087	104	10815	93.8766746109
3088	102	10822	93.846506226
3089	104	10828	93.8104220965
3090	106	10835	93.7833151666
3091	105	10840	93.7621670142
3092	110	10846	93.7246046967
3093	115	10851	93.714976354
3094	110	10858	93.6728222789
3095	113	10861	93.7257515537
3096	113	10867	93.7046339011
3097	114	10873	93.7650790484
3098	115	10873	93.6900192771
3099	119	10874	93.6340779551
3100	122	10874	93.5950204431
3101	126	10877	93.5263699616
3102	130	10884	93.4732076074
3103	126	10885	93.4333966567
3104	126	10887	93.5190425269
3105	121	10893	93.6153137222
3106	126	10900	93.7034463868
3107	130	10905	93.6475939578
3108	127	10910	93.7137775905
3109	122	10916	93.7561066993
3110	119	10916	93.6677444142
3111	121	10919	93.6129863559
3112	125	10924	93.5500655235
3113	125	10927	93.5043430125
3114	120	10934	93.4064708433
3115	116	10940	93.4739665374
3116	117	10945	93.4691045528
3117	115	10948	93.4724781397
3118	120	10954	93.3746383137
3119	121	10958	93.4100778052
3120	116	10964	93.4267020386
3121	121	10971	93.3649944933
3122	121	10971	93.3870248298
3123	123	10973	93.485182235
3124	120	10973	93.514574354
3125	120	10975	93.4706486637
3126	115	10975	93.5557511484
3127	114	10980	93.4584678227
3128	109	10982	93.5283346124
3129	111	10987	93.4931415827
3130	115	10988	93.419376756
3131	115	10991	93.437388317
3132	114	10997	93.3460914172
3133	112	10997	93.362784634
3134	109	11000	93.2634943756
3135	111	11006	93.2452462249
3136	115	11012	93.1771086007
3137	115	11014	93.2056913796
3138	111	11019	93.2350113225
3139	111	11021	93.2967482743
3140	106	11025	93.2401582263
3141	106	11031	93.315134783
3142	105	11035	93.3340695395
3143	100	11039	93.3924980897
3144	100	11042	93.4475781416
3145	104	11044	93.4810907101
3146	100	11049	93.5619454627
3147	105	11056	93.5192464863
3148	109	11059	93.4986644913
3149	104	11064	93.4343471243
3150	107	11065	93.4797974956
3151	111	11068	93.3862050588
3152	111	11073	93.3519152177
3153	111	11076	93.3593026986
3154	110	11083	93.4584398138
3155	109	11090	93.4956688989
3156	112	11090	93.3973207476
3157	109	11091	93.4253841921
3158	110	11097	93.4110050242
3159	110	11100	93.3882032032
3160	106	11100	93.4563641521
3161	101	11105	93.3566298694
3162	103	11112	93.357450596
3163	99	11116	93.3985481355
3164	98	11122	93.339497611
3165	93	11122	93.377827746
3166	89	11123	93.4654513767
3167	91	11129	93.376550057
3168	95	11130	93.3507875246
3169	95	11136	93.4422329076
3170	98	11137	93.3823763826
3171	102	11139	93.4449999733
3172	106	11144	93.5196529084
3173	108	11146	93.4221017027
3174	112	11146	93.3852391272
3175	109	11150	93.4848198494
3176	106	11157	93.4139945629
3177	106	11159	93.3705988596
3178	111	11165	93.4013031998
3179	111	11172	93.4451372916
3180	112	11178	93.5053537132
3181	108	11183	93.4369448906
3182	112	11190	93.5099706617
3183	113	11193	93.4982194538
3184	111	11199	93.4531470757
3185	107	11201	93.5434323897
3186	102	11202	93.5858200997
3187	107	11205	93.6673773583
3188	110	11206	93.6029546814
3189	108	11212	93.6686228222
3190	110	11217	93.6108782337
3191	114	11221	93.6249096718
3192	112	11222	93.668320625
3193	110	11227	93.6720000026
3194	114	11228	93.6187225766
3195	116	11233	93.6656417768
3196	111	11238	93.7404724608
3197	109	11238	93.6495297146
3198	104	11240	93.668500755
3199	107	11244	93.6532088798
3200	107	11249	93.6077025423
3201	106	11251	93.5893323091
3202	102	11258	93.5099700041
3203	106	11265	93.5088178052
3204	104	11267	93.4385289558
3205	102	11272	93.4184064962
3206	98	11276	93.4802771383
3207	102	11283	93.4864920394
3208	97	11285	93.5783628489
3209	92	11288	93.620707253
3210	91	11289	93.5701150445
3211	90	11290	93.4785225811
3212	92	11297	93.4667543488
3213	96	11300	93.402904575
3214	91	11307	93.3168967652
3215	87	11310	93.3866063461
3216	82	11312	93.3438482107
3217	83	11318	93.2928275018
3218	85	11318	93.2845276788
3219	85	11320	93.2146148236
3220	81	11322	93.1528232665
3221	76	11325	93.1253790075
3222	72	11327	93.178747943
3223	72	11334	93.0911643869
3224	77	11339	93.0547869315
3225	74	11342	92.9568025773
3226	76	11345	92.9294301315
3227	72	11346	92.9765526559
3228	68	11347	92.9004816821
3229	63	11352	92.9605309641
3230	68	11352	93.011687391
3231	66	11356	92.9691475794
3232	62	11356	92.8819167286
3233	67	11363	92.8782715974
3234	69	11369	92.8714766398
3235	68	11376	92.7868909948
3236	72	11378	92.7265786169
3237	72	11381	92.7767231534
3238	69	11388	92.8646362895
3239	69	11393	92.8731444789
3240	65	11398	92.913548365
3241	62	11398	92.9618622113
3242	65	11399	93.0262674068
3243	69	11404	93.1126793603
3244	73	11405	93.1771158218
3245	77	11411	93.2698628972
3246	82	11418	93.3274251228
3247	81	11421	93.3614058058
3248	81	11423	93.3378510443
3249	83	11430	93.2660909747
3250	82	11436	93.3086231854
3251	86	11437	93.3554124899
3252	84	11438	93.3345152757
3253	79	11441	93.3840121947
3254	76	11447	93.3369508758
3255	77	11453	93.3544149257
3256	82	11454	93.3016588916
3257	77	11454	93.3995759004
3258	81	11461	93.404197021
3259	86	11461	93.4718929873
3260	89	11462	93.4095168777
3261	84	11466	93.3106690717
3262	79	11470	93.2205152573
3263	79	11477	93.1904750397
3264	82	11479	93.1992354391
3265	77	11480	93.2255796182
3266	80	11483	93.1776390976
3267	76	11490	93.1076314991
3268	71	11494	93.1632622834
3269	75	11498	93.0650431808
3270	79	11500	93.0157670199
3271	84	11502	93.0306149745
3272	79	11507	93.0722519355
3273	79	11510	93.1281687121
3274	75	11510	93.1445815939
3275	80	11517	93.223773767
3276	79	11518	93.1958166589
3277	77	11520	93.1937277602
3278	79	11524	93.1049214576
3279	82	11529	93.1279376026
3280	78	11532	93.0592402201
3281	78	11536	93.0903754062
3282	76	11538	93.0671834622
3283	80	11545	92.9907107331
3284	81	11552	93.0810795708
3285	77	11558	93.0696770148
3286	80	11558	93.1573041623
3287	75	11562	93.1119781138
3288	71	11564	93.1739867452
3289	70	11569	93.2542325917
3290	71	11574	93.2141958537
3291	76	11580	93.2255141705
3292	75	11587	93.2358612619
3293	76	11589	93.2836761342
3294	79	11590	93.3458689643
3295	84	11594	93.3947962962
3296	79	11598	93.3401173046
3297	79	11602	93.2855502262
3298	81	11605	93.2457050658
3299	86	11609	93.1475801944
3300	86	11609	93.137985959
3301	89	11614	93.1137278663
3302	86	11617	93.1826883681
3303	84	11617	93.2697217802
3304	79	11619	93.2520989518
3305	78	11620	93.1667912337
3306	75	11626	93.0948810915
3307	72	11631	93.0169794925
3308	73	11638	93.0848961144
3309	72	11641	93.0783970598
3310	69	11644	93.0719840565
3311	64	11648	93.1080568024
3312	60	11651	93.1203118589
3313	64	11653	93.1094776135
3314	68	11655	93.1871529147
3315	70	11660	93.1901118416
3316	69	11663	93.1433821771
3317	67	11668	93.1864778295
3318	72	11674	93.2189425466
3319	74	11681	93.221730774
3320	79	11682	93.1674521896
3321	83	11683	93.0869326291
3322	82	11685	93.1421419493
3323	82	11685	93.1919334691
3324	84	11688	93.2091656937
3325	81	11689	93.285645988
