1	127	1	95.0703129898
2	128	4	95.1527298487
3	129	11	95.0889796895
4	129	14	95.0357882054
5	128	14	95.0630993652
6	133	16	95.1529455398
7	128	18	95.1534525758
8	127	19	95.2461100823
9	129	21	95.3019292518
10	124	22	95.3817339953
11	122	26	95.3721171978
12	120	27	95.2786141963
13	123	28	95.2381644685
14	125	33	95.1900572624
15	121	36	95.2827293086
16	118	37	95.327134242
17	118	41	95.4168292774
18	113	48	95.4124527193
19	117	50	95.3472538784
20	113	55	95.3354248436
21	118	57	95.3007161504
22	119	58	95.373037002
23	124	58	95.358689515
24	119	64	95.3766176919
25	117	66	95.3951445299
26	114	67	95.4145904005
27	115	69	95.3647557608
28	116	76	95.4046093625
29	119	79	95.4124707826
30	124	84	95.4059990364
31	128	87	95.4520563433
32	130	89	95.5353955347
33	135	91	95.5895715652
34	140	96	95.5269578973
35	137	100	95.5925010472
36	137	107	95.5388296447
37	141	114	95.5186825982
38	137	117	95.4650554334
39	142	124	95.3938907757
40	146	129	95.3086410276
41	142	136	95.2638484572
42	145	143	95.3564453592
43	148	149	95.3394067019
44	143	151	95.2892167078
45	143	155	95.2934482583
46	145	161	95.2775036505
47	148	162	95.2913839764
48	152	166	95.3596216236
49	149	166	95.4242976085
50	153	173	95.4351525072
51	157	174	95.4973543299
52	156	177	95.4885318002
53	156	183	95.5732666814
54	160	189	95.6224112277
55	162	195	95.5636573095
56	161	199	95.5085011886
57	158	199	95.553891675
58	153	203	95.4858144756
59	155	206	95.4197181413
60	155	206	95.4297119447
61	155	206	95.4917787909
62	159	212	95.4052245935
63	156	212	95.4724442988
64	155	217	95.4137787891
65	154	221	95.3753104529
66	152	222	95.3554842946
67	157	224	95.3736093663
68	154	231	95.3926464411
69	157	233	95.4356399859
70	157	236	95.395415052
71	158	239	95.4190522096
72	163	240	95.4046578342
73	163	240	95.3792382489
74	165	241	95.3712259879
75	163	245	95.2739338276
76	160	250	95.2132390996
77	165	251	95.2317483557
78	161	253	95.2366103876
79	159	258	95.2426448772
80	158	258	95.1633468959
81	163	259	95.2094921582
82	165	262	95.1996387336
83	170	267	95.1553068704
84	168	274	95.2007720668
85	164	276	95.2142051213
86	163	278	95.2379153777
87	162	284	95.324326962
88	160	290	95.384605973
89	158	291	95.4457901832
90	158	292	95.3758057261
91	155	298	95.3327029874
92	157	305	95.423786224
93	153	309	95.3607795777
94	151	313	95.4570827484
95	154	313	95.4581050816
96	154	319	95.4832236761
97	155	322	95.5533448796
98	156	325	95.5176615797
99	151	330	95.5500004285
100	152	332	95.6073860301
101	155	333	95.7018517548
102	150	339	95.7938594902
103	155	344	95.6994739667
104	158	344	95.6284591251
105	153	349	95.6031669287
106	155	354	95.5103509232
107	154	356	95.4909045102
108	149	357	95.421333146
109	145	360	95.4880084972
110	145	365	95.5831597349
111	140	365	95.6606594108
112	139	372	95.6696756688
113	134	372	95.6470299305
114	133	378	95.5786533775
115	134	385	95.5853328149
116	135	389	95.6303243341
117	140	391	95.6245512726
118	141	395	95.7031739469
119	144	396	95.7519498178
120	143	396	95.6526916794
121	139	399	95.5595356592
122	144	399	95.6212698267
123	139	401	95.5688826296
124	144	408	95.5490066543
125	149	412	95.5582020556
126	151	419	95.6458357575
127	154	426	95.6927028051
128	159	431	95.7503255763
129	162	434	95.840988764
130	167	437	95.9211123204
131	168	441	95.9830408069
132	170	444	95.922067931
133	172	448	95.8943364426
134	171	452	95.8002141448
135	172	457	95.8473206493
136	177	459	95.9464859896
137	179	463	95.9913672482
138	177	469	96.0846535565
139	179	476	96.0127459684
140	179	483	95.9847214765
141	177	489	96.0766945585
142	178	494	96.1357982503
143	179	495	96.1570947275
144	184	496	96.2212996015
145	180	503	96.1904806747
146	183	508	96.1789011122
147	186	510	96.2014157327
148	181	514	96.1059418456
149	182	515	96.1217582679
150	186	517	96.1366655928
151	191	518	96.1909971323
152	187	525	96.1724232685
153	184	526	96.2328406324
154	187	526	96.3060849292
155	190	530	96.3821309994
156	187	532	96.4464811117
157	182	535	96.4178313721
158	177	537	96.4229101147
159	173	542	96.4582704913
160	170	548	96.4010752284
161	166	548	96.4458253525
162	164	552	96.5055857222
163	169	559	96.6039054688
164	172	565	96.6607083751
165	172	568	96.6024398065
166	177	574	96.6387624364
167	174	578	96.642741102
168	170	583	96.5759001944
169	170	590	96.5937749511
170	169	591	96.6928647692
171	172	596	96.69559427
172	173	601	96.6159377081
173	169	601	96.6244656856
174	172	608	96.602378865
175	176	609	96.5620452604
176	175	616	96.5003850468
177	171	618	96.4185511975
178	173	620	96.5184464433
179	175	620	96.4903856201
180	176	627	96.4580801485
181	175	631	96.3771153017
182	175	633	96.3861411181
183	172	637	96.3498931082
184	172	637	96.3396636646
185	177	637	96.3527227534
186	178	641	96.441023084
187	177	647	96.4916350798
188	182	649	96.536511467
189	182	651	96.6274396595
190	178	658	96.7028781727
191	174	660	96.7303023511
192	178	660	96.6513902797
193	183	661	96.6305593143
194	184	665	96.6078344127
195	180	666	96.565271354
196	183	670	96.5132952391
197	178	676	96.4525883496
198	178	679	96.3559184213
199	181	679	96.4102591
200	181	681	96.3113618835
201	185	686	96.409901135
202	180	690	96.3949642236
203	180	696	96.4282708894
204	184	697	96.3746630215
205	184	700	96.3507013467
206	181	707	96.2773751386
207	179	712	96.2371188464
208	176	715	96.2619175727
209	171	719	96.29339298
210	169	726	96.3177268653
211	164	727	96.4174871214
212	162	728	96.4576917367
213	165	731	96.5458413877
214	160	738	96.4645223339
215	158	742	96.4542407282
216	162	749	96.4912560727
217	164	750	96.5558495579
218	166	751	96.4561378824
219	162	751	96.4888734141
220	162	755	96.4446695367
221	166	756	96.4962785903
222	170	759	96.4888486452
223	170	759	96.4052247871
224	166	761	96.319307171
225	162	765	96.4054043038
226	167	769	96.4162012702
227	172	770	96.4344481185
228	176	772	96.4233048256
229	176	772	96.3388491216
230	171	776	96.2599681857
231	167	783	96.1893297053
232	167	787	96.1042092209
233	162	787	96.0155360164
234	166	792	96.1025171259
235	170	792	96.0966578336
236	165	793	96.07579275
237	166	793	96.159900985
238	164	798	96.110611132
239	161	798	96.1894764585
240	159	801	96.1735987998
241	157	802	96.2051537155
242	160	804	96.2207435948
243	156	806	96.1402881296
244	151	811	96.1286460176
245	147	818	96.1604672234
246	146	825	96.2216411747
247	148	826	96.1913336549
248	147	830	96.2615334993
249	147	834	96.2438463537
250	142	841	96.3335447921
251	139	847	96.3003310554
252	137	851	96.2656616269
253	137	858	96.2356641403
254	142	863	96.2957925409
255	141	865	96.2495750946
256	136	866	96.2004897385
257	141	871	96.2178594027
258	146	877	96.2288728111
259	143	882	96.2401569317
260	146	889	96.2821668884
261	141	895	96.3001814202
262	146	897	96.2386086405
263	146	902	96.1588778659
264	150	909	96.1541907994
265	154	913	96.2136030511
266	158	913	96.1911795116
267	161	917	96.2554083822
268	162	919	96.3476811864
269	164	922	96.296267599
270	164	925	96.381246157
271	167	931	96.4304798414
272	166	938	96.3568498216
273	163	939	96.4043922826
274	166	939	96.3953943436
275	169	939	96.4235564031
276	165	939	96.3244024798
277	162	941	96.2457172139
278	159	948	96.196820628
279	156	953	96.1157823149
280	154	954	96.0716541003
281	157	958	96.0849083271
282	160	963	96.032178062
283	164	965	96.1134909273
284	162	971	96.0825510805
285	166	976	95.9852855858
286	162	976	95.964308714
287	166	983	95.8703806393
288	166	989	95.8058576373
289	166	991	95.893074416
290	168	991	95.8700204759
291	168	996	95.8797439946
292	172	1001	95.8329578464
293	171	1002	95.7379953334
294	171	1003	95.813981103
295	175	1007	95.8780055874
296	172	1008	95.8214367753
297	174	1009	95.7470769859
298	174	1012	95.7554373646
299	173	1012	95.8470100657
300	177	1014	95.8570938958
301	178	1018	95.9503771267
302	181	1022	95.897983681
303	186	1029	95.959385408
304	185	1035	95.8700957286
305	182	1038	95.8603861566
306	179	1041	95.8983594096
307	183	1043	95.9007569781
308	182	1046	95.9509116147
309	179	1053	96.0459270653
310	175	1054	95.9556190753
311	179	1061	95.9013017794
312	177	1066	95.8561456635
313	176	1068	95.930406457
314	171	1068	95.8857841257
315	175	1069	95.9369394961
316	175	1076	95.8853800126
317	176	1082	95.9478052329
318	179	1087	95.8607751711
319	180	1091	95.9313222795
320	176	1093	95.9138600167
321	171	1096	95.8877098822
322	167	1097	95.8709014048
323	170	1103	95.8603165552
324	168	1109	95.9191666789
325	172	1114	95.9732195017
326	175	1120	96.018574244
327	174	1127	95.9671499916
328	175	1129	96.0227182236
329	178	1130	96.1192245519
330	177	1136	96.0407527135
331	179	1139	96.0404017014
332	184	1142	96.0855567978
333	181	1144	96.0171305118
334	178	1147	96.0267671186
335	175	1148	95.9426019964
336	175	1154	96.0187317855
337	171	1157	95.9943470413
338	174	1158	95.9492557954
339	170	1164	95.951020429
340	165	1165	95.9852735556
341	167	1166	96.0295139753
342	163	1173	96.0633219348
343	161	1175	95.9926466381
344	160	1175	95.9001905556
345	160	1180	95.8376326385
346	156	1185	95.9279854418
347	156	1192	95.958999209
348	151	1194	95.8816077921
349	148	1201	95.9207735567
350	143	1208	95.8207778891
351	144	1213	95.9019855934
352	143	1220	95.8443077144
353	145	1227	95.8782166945
354	142	1234	95.8536511405
355	139	1238	95.9244985939
356	142	1244	95.8873175414
357	138	1244	95.8671517641
358	141	1248	95.8746893281
359	136	1253	95.8531882177
360	140	1258	95.7826587813
361	144	1262	95.8300577454
362	140	1266	95.7655392702
363	136	1270	95.7048650499
364	134	1271	95.6308885872
365	138	1274	95.5316938439
366	139	1281	95.5836466188
367	142	1286	95.5014403068
368	147	1289	95.4833776209
369	151	1296	95.4650958622
370	151	1302	95.5306832496
371	150	1302	95.6220464788
372	148	1307	95.7186736707
373	153	1314	95.7293888345
374	148	1321	95.7212234964
375	143	1324	95.7293469336
376	144	1327	95.7630979906
377	145	1334	95.7424481601
378	146	1340	95.6553793825
379	151	1345	95.6114074985
380	147	1347	95.5652176231
381	150	1353	95.6290062538
382	152	1358	95.6958651539
383	149	1362	95.6624985545
384	148	1368	95.7488195954
385	151	1375	95.7938525374
386	154	1377	95.8380035849
387	154	1377	95.7475926017
388	152	1377	95.7410092236
389	151	1381	95.762258201
390	156	1385	95.8327632076
391	161	1388	95.8604186953
392	157	1388	95.9474186718
393	162	1395	95.9683121506
394	167	1402	96.0196027364
395	168	1404	96.0023471351
396	165	1410	95.9405560861
397	161	1414	95.9055873289
398	166	1415	95.8493450695
399	162	1415	95.7872581121
400	162	1417	95.7622595325
401	161	1424	95.8353462992
402	156	1431	95.8996665737
403	155	1438	95.8653325546
404	154	1438	95.8538667655
405	150	1439	95.8431010494
406	149	1445	95.8597204423
407	152	1447	95.8521397675
408	149	1451	95.9040374043
409	145	1456	95.812216958
410	144	1459	95.7680671901
411	142	1465	95.7093354599
412	137	1472	95.693994433
413	137	1476	95.7217371125
414	137	1480	95.6605984975
415	138	1483	95.617089122
416	141	1483	95.5408322955
417	139	1490	95.5972072618
418	138	1496	95.563218998
419	139	1497	95.5343920753
420	140	1498	95.6227087167
421	140	1501	95.6586069558
422	139	1506	95.7448242186
423	134	1510	95.8108602037
424	134	1516	95.867234954
425	133	1519	95.8999622379
426	138	1520	95.9939358019
427	133	1527	96.059687646
428	134	1527	96.0534588634
429	137	1527	96.1082292295
430	134	1530	96.1249273482
431	131	1535	96.0815815786
432	126	1538	95.9953872012
433	131	1545	96.0176428627
434	129	1550	95.9476613195
435	124	1554	95.9637543806
436	126	1559	95.8978925147
437	129	1565	95.8482444968
438	133	1571	95.9191444791
439	128	1572	95.8373861362
440	126	1579	95.8401074496
441	125	1579	95.9337289408
442	130	1584	95.9662132052
443	129	1590	95.9668091186
444	125	1595	96.0477107913
445	127	1598	95.9814409345
446	125	1598	95.9403961095
447	126	1601	95.9993469929
448	125	1604	96.0950916871
449	128	1607	96.0040532195
450	128	1613	95.9521974159
451	127	1615	95.8947990208
452	126	1622	95.9443355232
453	122	1624	96.019046191
454	126	1629	96.0128161224
455	123	1635	95.9701786247
456	121	1639	96.0013210472
457	121	1645	95.9830304581
458	118	1647	96.0008758145
459	115	1648	96.0074278297
460	116	1653	95.9556578039
461	118	1658	95.8970726385
462	115	1660	95.8512173868
463	111	1665	95.7785969031
464	111	1668	95.8455241568
465	110	1673	95.8344594081
466	112	1680	95.8387224049
467	113	1687	95.7595034217
468	112	1687	95.7906100041
469	117	1691	95.8146568516
470	122	1698	95.8767185648
471	127	1705	95.948204133
472	127	1707	96.028289453
473	128	1707	96.0329416451
474	128	1712	96.0461266154
475	128	1715	95.975495389
476	129	1718	95.9432463805
477	127	1720	95.8772578114
478	130	1727	95.8716011579
479	128	1727	95.809536249
480	131	1734	95.7686979807
481	129	1740	95.8316612991
482	134	1742	95.793357026
483	136	1746	95.7437370457
484	137	1746	95.6866758273
485	138	1751	95.6308054622
486	141	1751	95.5583500294
487	138	1758	95.6053308712
488	140	1759	95.5414833302
489	136	1762	95.5734690853
490	134	1763	95.4794057413
491	133	1767	95.5367634666
492	134	1770	95.4974460797
493	137	1774	95.416286709
494	135	1781	95.4281603128
495	140	1781	95.5127042201
496	140	1781	95.5444159786
497	137	1788	95.5619968474
498	134	1790	95.6017055799
499	136	1793	95.5781545907
500	133	1793	95.6370625537
501	134	1797	95.55113687
502	138	1803	95.4877523222
503	142	1807	95.5451689156
504	146	1811	95.6257327658
505	146	1818	95.5634757622
506	141	1818	95.6620617457
507	142	1819	95.6995316225
508	140	1823	95.70026131
509	137	1824	95.6168670983
510	142	1824	95.6204871557
511	140	1826	95.5850963198
512	138	1828	95.5914752681
513	137	1831	95.6433149274
514	137	1837	95.7297348942
515	142	1838	95.6620432063
516	146	1840	95.7099617716
517	141	1842	95.7481544889
518	136	1844	95.7075061329
519	138	1850	95.7759352807
520	138	1854	95.8637263559
521	138	1860	95.9314554465
522	141	1867	95.9008467747
523	136	1868	95.9990161992
524	140	1875	96.0046352119
525	138	1875	95.9882572268
526	133	1876	96.0131056635
527	129	1881	96.0227569566
528	129	1882	96.0967129715
529	124	1885	95.9985938655
530	125	1886	95.9914200045
531	130	1891	95.9201683431
532	134	1894	96.0129980055
533	134	1899	96.1075543141
534	129	1903	96.1485011445
535	125	1908	96.2381775222
536	127	1914	96.2227544724
537	125	1920	96.1698037247
538	129	1921	96.2101243026
539	127	1927	96.2581801301
540	124	1934	96.1891736117
541	127	1937	96.1803421096
542	127	1937	96.26765331
543	132	1937	96.1991879643
544	129	1940	96.1391131749
545	124	1947	96.212069389
546	127	1953	96.2240302767
547	131	1953	96.3002896042
548	132	1958	96.3497433577
549	132	1958	96.326466146
550	136	1960	96.2608064878
551	134	1962	96.174148723
552	135	1962	96.1424993079
553	138	1962	96.1026514949
554	133	1968	96.1499400881
555	132	1972	96.0905814408
556	127	1972	96.0884412584
557	123	1979	96.1383890249
558	124	1980	96.0951526372
559	121	1984	95.9966636923
560	123	1987	95.9536264658
561	120	1993	95.9823270047
562	115	1999	96.0230043284
563	116	2001	96.0017028196
564	112	2006	95.9392315214
565	107	2013	95.950328164
566	109	2018	95.9961141239
567	112	2019	95.9049254291
568	109	2023	96.0037542411
569	110	2027	95.9124199419
570	106	2030	95.9737711942
571	106	2033	95.9363770013
572	106	2039	95.9945736439
573	109	2043	96.0046909565
574	114	2047	95.9134256059
575	110	2053	95.9063839311
576	114	2057	95.9851864878
577	117	2061	95.930193997
578	113	2065	95.9479527889
579	110	2067	95.9745667152
580	106	2072	95.9708609005
581	109	2074	96.0401789122
582	112	2074	96.0772320072
583	115	2075	96.0876462548
584	116	2079	96.103758296
585	121	2081	96.138042495
586	120	2082	96.0957951072
587	120	2082	96.0013453509
588	115	2086	96.0542452216
589	118	2090	96.1489980769
590	114	2095	96.0571216574
591	109	2100	96.0898129438
592	109	2102	96.0401687812
593	107	2104	96.0135549485
594	108	2106	95.9965419202
595	110	2109	95.9978676942
596	110	2112	95.9997612596
597	107	2113	95.9224017202
598	110	2117	95.9449464096
599	111	2118	95.8496569698
600	112	2122	95.9093800171
601	117	2129	95.8740405334
602	114	2129	95.8184745888
603	115	2135	95.7677894936
604	120	2140	95.7740253701
605	124	2142	95.6949842593
606	122	2145	95.7417580137
607	127	2150	95.6950205677
608	122	2153	95.7262490475
609	126	2153	95.8154494638
610	123	2156	95.9070931757
611	120	2162	95.8555376111
612	121	2169	95.7753034192
613	119	2172	95.7150238617
614	114	2176	95.7066852321
615	118	2176	95.6867275086
616	117	2182	95.6997511883
617	120	2182	95.6166573084
618	123	2184	95.7092312986
619	121	2188	95.7415989464
620	124	2193	95.6520354245
621	123	2196	95.7414515533
622	125	2203	95.6562856557
623	123	2205	95.6090629705
624	123	2205	95.6492109912
625	126	2205	95.717686118
626	131	2211	95.7782342905
627	131	2213	95.7081244315
628	129	2220	95.6870586961
629	127	2223	95.5898391726
630	125	2227	95.535147338
631	128	2234	95.472736636
632	127	2241	95.5023678965
633	130	2243	95.415895643
634	131	2246	95.3833163323
635	127	2251	95.2862375968
636	131	2256	95.2944909523
637	134	2259	95.2766710867
638	133	2259	95.3578040439
639	128	2263	95.3710211087
640	133	2269	95.3792334431
641	138	2273	95.419221955
642	134	2280	95.4631701639
643	130	2286	95.486932915
644	128	2292	95.4580625174
645	124	2298	95.4887748998
646	120	2301	95.4547323292
647	118	2305	95.3704577281
648	116	2312	95.2760941609
649	121	2317	95.2268543071
650	122	2317	95.2843176492
651	123	2322	95.2466634413
652	118	2326	95.2378400161
653	114	2331	95.3046782309
654	109	2338	95.3898966054
655	108	2344	95.4096002504
656	104	2348	95.3711319803
657	107	2353	95.4686624241
658	102	2353	95.5143199807
659	102	2358	95.5561261917
660	98	2363	95.5428043382
661	98	2370	95.5049017964
662	96	2377	95.4765121726
663	97	2377	95.5603864889
664	92	2377	95.572079441
665	88	2377	95.5133554238
666	90	2379	95.5994163079
667	87	2382	95.5315076139
668	85	2388	95.6108515291
669	81	2389	95.6658258528
670	82	2395	95.682730491
671	77	2401	95.7670289077
672	76	2403	95.6757107925
673	79	2410	95.5809738685
674	75	2416	95.5275867163
675	77	2421	95.4934714767
676	76	2424	95.4958455698
677	76	2431	95.4652574229
678	79	2433	95.5071183414
679	82	2440	95.4404428429
680	86	2440	95.424103998
681	89	2444	95.4522506867
682	91	2451	95.3867346013
683	95	2455	95.4635598169
684	93	2455	95.5051413524
685	97	2455	95.4192375006
686	101	2461	95.3683812529
687	103	2465	95.3679442629
688	100	2469	95.4086862983
689	103	2470	95.4463548867
690	100	2472	95.4158423661
691	98	2473	95.4742806096
692	101	2475	95.4927329095
693	106	2479	95.5811260468
694	110	2486	95.499976857
695	112	2492	95.4598038082
696	108	2495	95.449530689
697	106	2498	95.5401671692
698	109	2504	95.5704246075
699	105	2506	95.6650639248
700	108	2506	95.5826364676
701	107	2510	95.6652039841
702	107	2516	95.5790058518
703	103	2521	95.5493050215
704	107	2528	95.5005141075
705	102	2530	95.4235989881
706	107	2536	95.4772146247
707	111	2536	95.4786848725
708	110	2541	95.4062192146
709	110	2545	95.4865815268
710	106	2552	95.4085982708
711	109	2553	95.4450991297
712	113	2558	95.3709324846
713	108	2563	95.3103337339
714	111	2568	95.2797397876
715	112	2572	95.3269823824
716	110	2579	95.2635986885
717	111	2582	95.3375455516
718	108	2583	95.4148289166
719	108	2587	95.4203619708
720	104	2592	95.4377780581
721	109	2596	95.4369135605
722	109	2601	95.3581313923
723	109	2602	95.2644082585
724	105	2607	95.2467137165
725	100	2614	95.2051967673
726	101	2614	95.2785255016
727	105	2620	95.2356494511
728	102	2626	95.3066728286
729	105	2631	95.2216220816
730	104	2633	95.213527825
731	107	2639	95.2596283557
732	109	2645	95.3198867278
733	112	2649	95.3726734937
734	108	2650	95.4171406602
735	110	2655	95.4997979483
736	113	2655	95.4088172549
737	116	2657	95.370648178
738	119	2658	95.4133560493
739	117	2664	95.334602855
740	114	2664	95.3601667325
741	110	2668	95.3006383087
742	115	2675	95.2390781882
743	113	2681	95.2627488901
744	118	2681	95.2651366389
745	121	2681	95.2762107867
746	124	2687	95.3740432799
747	124	2694	95.3133325887
748	126	2697	95.3912498313
749	123	2702	95.4870906437
750	118	2705	95.4627871865
751	113	2710	95.5560008476
752	112	2715	95.5423706256
753	114	2720	95.5209476039
754	114	2726	95.4356069231
755	111	2726	95.5276189482
756	116	2731	95.5310405411
757	120	2733	95.5110717758
758	115	2739	95.4863886978
759	119	2745	95.4895603072
760	116	2749	95.3956873765
761	117	2749	95.4799147148
762	115	2752	95.4867778851
763	112	2752	95.5615145546
764	114	2752	95.4770888132
765	111	2759	95.488432271
766	112	2760	95.4292060541
767	110	2765	95.4842527827
768	111	2770	95.4775086271
769	110	2776	95.5241134487
770	112	2779	95.531116684
771	111	2779	95.608974688
772	116	2786	95.5731972929
773	117	2787	95.6289074018
774	118	2794	95.6459856576
775	122	2794	95.626225049
776	120	2794	95.6968334499
777	122	2800	95.7472299263
778	117	2806	95.6742047405
779	116	2808	95.7358610552
780	116	2808	95.6482149323
781	115	2813	95.5548871294
782	110	2814	95.4857503315
783	114	2814	95.4393685179
784	119	2817	95.3602453388
785	122	2822	95.3124635139
786	127	2829	95.2556918214
787	129	2829	95.181488731
788	134	2835	95.234616242
789	130	2836	95.1980029118
790	126	2842	95.2040858953
791	129	2847	95.2871579017
792	128	2853	95.3467847784
793	124	2854	95.4198814272
794	121	2858	95.3288472783
795	122	2858	95.408371297
796	119	2862	95.4189405315
797	123	2864	95.3747380447
798	126	2868	95.3628176201
799	131	2872	95.4225231915
800	135	2875	95.3369614866
801	132	2875	95.3088277909
802	135	2882	95.3751787772
803	137	2882	95.3950500297
804	138	2887	95.3412220255
805	135	2894	95.3312600509
806	133	2894	95.2820637111
807	134	2897	95.1842666618
808	136	2903	95.1612969306
809	133	2907	95.1481052323
810	135	2910	95.1236054951
811	131	2912	95.1859923517
812	133	2914	95.2129814637
813	135	2917	95.1721923234
814	132	2924	95.1361109782
815	137	2930	95.0955064053
816	137	2932	95.1816216079
817	136	2934	95.1069458455
818	138	2938	95.0479056435
819	138	2944	95.0539629112
820	143	2946	94.9670964915
821	148	2946	94.9700174082
822	148	2953	94.9956750625
823	151	2954	95.0726334898
824	148	2954	95.1621115061
825	151	2961	95.1270466891
826	153	2963	95.2060714963
827	158	2965	95.1452657147
828	155	2966	95.0920996362
829	151	2970	95.025299494
830	151	2972	94.9393738922
831	147	2975	94.8906585944
832	149	2980	94.7995152251
833	150	2987	94.865403197
834	154	2993	94.8464225971
835	152	2999	94.8153997473
836	148	2999	94.7668176387
837	146	3002	94.7182817372
838	149	3002	94.8060805131
839	153	3006	94.8326500748
840	156	3013	94.7437923042
841	151	3018	94.7835480393
842	146	3018	94.8136711389
843	143	3019	94.9091147715
844	139	3023	94.8121905414
845	143	3027	94.8622743906
846	145	3027	94.9614870152
847	150	3032	94.9000420056
848	151	3036	94.8257728287
849	151	3042	94.7417610048
850	148	3043	94.835104176
851	149	3050	94.9085219539
852	144	3052	94.9687770386
853	149	3057	94.8840592744
854	153	3059	94.8431044469
855	158	3060	94.7789665759
856	158	3063	94.7626077731
857	162	3066	94.8624355997
858	166	3070	94.7747125302
859	168	3071	94.6836859311
860	167	3078	94.6571214017
861	169	3085	94.7389961581
862	166	3085	94.6850862664
863	165	3091	94.6166500459
864	164	3093	94.6631391824
865	162	3098	94.6829174591
866	163	3102	94.6559517049
867	168	3108	94.6500536069
868	168	3111	94.6775927007
869	169	3115	94.7072178672
870	170	3120	94.7149582595
871	175	3122	94.6236507404
872	173	3125	94.630406394
873	177	3131	94.6322331117
874	173	3132	94.6114310244
875	171	3133	94.5416458969
876	174	3140	94.5328373903
877	176	3144	94.5870027471
878	176	3151	94.6265028019
879	180	3157	94.6743392833
880	175	3158	94.6222940886
881	172	3165	94.5899920664
882	168	3168	94.6246643821
883	164	3168	94.675180003
884	163	3169	94.7014858622
885	161	3171	94.7104141191
886	163	3171	94.8041107616
887	161	3174	94.7459051302
888	158	3176	94.6870314558
889	159	3176	94.680621292
890	161	3179	94.6286508324
891	164	3182	94.7032320027
892	164	3183	94.6470996314
893	168	3184	94.6292426727
894	172	3185	94.6756190787
895	167	3190	94.7593337853
896	166	3191	94.7373421274
897	167	3196	94.7096637267
898	164	3200	94.6660711584
899	168	3203	94.6175121156
900	167	3210	94.6615021492
901	163	3210	94.6566278525
902	160	3215	94.6751616946
903	161	3222	94.7042419327
904	159	3227	94.622665027
905	157	3231	94.6696251524
906	160	3237	94.6963724158
907	161	3240	94.7117878441
908	156	3245	94.6317676817
909	160	3245	94.7261940397
910	162	3251	94.776193798
911	157	3253	94.7304788161
912	159	3258	94.7371392218
913	162	3259	94.6521617306
914	159	3260	94.5802355713
915	164	3263	94.6234657813
916	162	3264	94.6075713824
917	165	3266	94.6803231729
918	160	3270	94.7768794968
919	157	3271	94.8757142083
920	155	3272	94.8888998166
921	152	3274	94.8121693583
922	153	3278	94.7698032016
923	152	3283	94.7736244917
924	149	3287	94.7033323601
925	144	3289	94.6037094092
926	149	3296	94.5437240116
927	151	3300	94.4945599542
928	149	3305	94.46257391
929	153	3310	94.415035064
930	150	3315	94.3200344274
931	148	3321	94.295377313
932	146	3324	94.2246874515
933	144	3329	94.1565129079
934	148	3331	94.1362843736
935	145	3333	94.0699597508
936	142	3337	94.0403791649
937	144	3343	94.1396014374
938	147	3348	94.0736969704
939	143	3348	94.0145017243
940	148	3352	94.0305703096
941	148	3353	94.1239626351
942	150	3358	94.1721669083
943	155	3358	94.1025218768
944	150	3364	94.1506214098
945	146	3365	94.2061939264
946	147	3368	94.119151501
947	143	3373	94.0537386936
948	142	3374	94.0172979546
949	139	3377	94.0008757759
950	135	3380	93.9717832343
951	131	3382	93.946440346
952	136	3384	93.9579843932
953	134	3387	93.9658961804
954	136	3393	93.8956613097
955	131	3399	93.9792345435
956	131	3404	93.892913293
957	134	3407	93.816218403
958	138	3414	93.7836391217
959	133	3420	93.7181140249
960	133	3427	93.6916834263
961	137	3432	93.7479458019
962	140	3436	93.7029402783
963	145	3443	93.7512348256
964	148	3450	93.7668514729
965	144	3454	93.6940992287
966	146	3459	93.6302000861
967	147	3460	93.7075124966
968	143	3460	93.662882065
969	148	3467	93.590957002
970	143	3468	93.6577438674
971	139	3475	93.5782027191
972	137	3480	93.5142172924
973	136	3483	93.5530822592
974	136	3490	93.5794562244
975	132	3492	93.5001685939
976	127	3495	93.4847985896
977	124	3500	93.5160911135
978	123	3505	93.480528609
979	120	3505	93.4412074126
980	121	3505	93.5008251394
981	119	3506	93.5734552098
982	115	3506	93.6649895698
983	116	3508	93.7525508978
984	118	3508	93.7927894356
985	122	3515	93.7305205018
986	123	3520	93.8097426798
987	126	3524	93.7578556214
988	128	3530	93.7668173817
989	128	3535	93.6681874001
990	127	3540	93.6610031049
991	131	3547	93.684964042
992	130	3551	93.7700679923
993	131	3555	93.8355706085
994	133	3557	93.8194845252
995	134	3559	93.8884734541
996	131	3561	93.8215265915
997	135	3566	93.792857595
998	134	3572	93.7933896985
999	133	3578	93.8498990548
1000	132	3582	93.9000807505
1001	128	3587	93.9934625088
1002	127	3591	94.0728151781
1003	124	3591	94.1427828289
1004	119	3598	94.2079151445
1005	118	3605	94.1156857886
1006	116	3609	94.0999641658
1007	121	3614	94.1052016123
1008	121	3616	94.1071290312
1009	123	3622	94.0614335039
1010	120	3622	94.0480942081
1011	120	3628	94.0840731344
1012	120	3634	94.029131352
1013	117	3640	93.95768845
1014	119	3641	93.9905308169
1015	114	3647	94.0514054658
1016	114	3652	93.9651840311
1017	115	3657	93.9708973153
1018	115	3657	93.9510292779
1019	118	3663	93.9107942503
1020	115	3670	93.920576004
1021	113	3671	93.8389810774
1022	118	3675	93.7908636178
1023	114	3676	93.696529357
1024	119	3681	93.7035220815
1025	116	3686	93.6634639723
1026	114	3691	93.6086464147
1027	112	3696	93.6077181557
1028	109	3700	93.5141813048
1029	107	3701	93.5282269643
1030	107	3703	93.5347745014
1031	112	3710	93.5126124631
1032	111	3710	93.4736195868
1033	106	3713	93.530755308
1034	107	3720	93.6160327365
1035	109	3720	93.5289987262
1036	106	3727	93.4302574251
1037	105	3728	93.5280543487
1038	104	3735	93.5483550163
1039	100	3739	93.4840311501
1040	102	3740	93.5170942814
1041	107	3747	93.4542362574
1042	102	3752	93.3912373475
1043	105	3758	93.4520453362
1044	102	3762	93.5455213258
1045	102	3763	93.6317333422
1046	97	3765	93.6054541202
1047	93	3772	93.6430449854
1048	92	3773	93.5433982854
1049	93	3779	93.5690983212
1050	90	3781	93.5983414194
