1	130	6	95.049094807
2	127	11	94.9785894151
3	129	18	95.0598870425
4	126	24	95.0593197806
5	131	26	94.9751294257
6	129	29	94.9852398753
7	131	32	94.9566132692
8	129	35	94.9393758599
9	133	42	94.8695965917
10	128	46	94.9344249245
11	133	51	94.9926366874
12	133	56	95.0112976405
13	138	58	95.0463101167
14	140	58	95.0968262272
15	145	65	95.0988674619
16	140	68	95.1105524421
17	140	69	95.1208021294
18	142	70	95.0515408812
19	147	75	95.091766076
20	144	81	95.0669789029
21	139	83	95.1306855287
22	134	87	95.1969382041
23	135	92	95.2595315758
24	138	94	95.3482737995
25	138	99	95.2506946076
26	134	105	95.2118608678
27	136	108	95.1447636212
28	133	113	95.0960675029
29	138	118	95.1169852965
30	135	123	95.1514429886
31	131	125	95.1406243365
32	131	125	95.1309763118
33	131	125	95.2200170079
34	130	127	95.1908840445
35	126	129	95.1558424914
36	128	133	95.1761120618
37	130	134	95.2390729682
38	135	138	95.1838194138
39	138	140	95.1034972541
40	143	142	95.0775443638
41	141	142	95.0297698288
42	140	144	94.9597019027
43	135	147	94.9861271381
44	138	148	95.0523579846
45	141	155	95.1377244295
46	137	158	95.2155872407
47	136	165	95.2925590614
48	141	168	95.3693504
49	146	172	95.4352632034
50	147	174	95.4578059782
51	149	174	95.3772764909
52	146	181	95.4764858769
53	146	188	95.4508704866
54	151	190	95.5452694914
55	149	196	95.5252599577
56	152	203	95.5527229378
57	150	210	95.5996828777
58	155	217	95.5528324911
59	160	220	95.4890186797
60	164	225	95.4286409239
61	164	226	95.4539334502
62	161	232	95.3652137487
63	159	237	95.2941625291
64	154	237	95.3901960815
65	151	244	95.3683399277
66	152	248	95.4158571489
67	150	248	95.3398014455
68	149	252	95.3064002126
69	147	259	95.3379032721
70	149	259	95.3297603376
71	153	261	95.3337296575
72	151	263	95.2653887712
73	156	267	95.3456186639
74	153	271	95.3504494761
75	153	273	95.2946357787
76	154	273	95.2624041229
77	156	274	95.2235800922
78	153	281	95.1524808026
79	156	284	95.2346827696
80	159	288	95.2307039068
81	164	288	95.1607100244
82	164	291	95.1409962361
83	167	295	95.2324163496
84	165	302	95.3234212915
85	170	307	95.3545500375
86	165	311	95.2918931852
87	161	317	95.3330642612
88	165	317	95.2468870579
89	169	318	95.2378103498
90	167	320	95.2571391267
91	165	323	95.2097869975
92	161	328	95.2333368813
93	165	335	95.3031757124
94	166	338	95.3011759918
95	171	342	95.2533933356
96	173	348	95.3157761407
97	177	351	95.3409748959
98	179	353	95.3139930472
99	180	353	95.2928605189
100	178	355	95.2844426695
101	174	359	95.3279424656
102	175	362	95.2518262721
103	180	367	95.200527918
104	178	370	95.202196149
105	176	375	95.2512987922
106	181	380	95.3081578772
107	178	384	95.2746225509
108	178	391	95.2187379252
109	180	393	95.2052311463
110	181	396	95.2939921691
111	185	397	95.3574918427
112	180	398	95.4397827468
113	181	402	95.4205325713
114	186	405	95.5138752649
115	181	409	95.5488477011
116	186	412	95.5808957072
117	187	418	95.5998066637
118	186	420	95.6451879875
119	182	424	95.6910498423
120	177	427	95.7833410038
121	182	432	95.7031896404
122	178	434	95.6240923547
123	179	436	95.7054102354
124	182	443	95.7406710846
125	184	445	95.7064765617
126	187	452	95.6431678305
127	187	455	95.5454145247
128	188	457	95.5763620826
129	192	461	95.6591922572
130	189	461	95.7116655463
131	187	467	95.6436485409
132	188	472	95.7080299637
133	187	474	95.6693252609
134	192	481	95.5868663182
135	191	487	95.5460446946
136	196	489	95.5532573498
137	200	489	95.4599446295
138	200	496	95.444139285
139	200	499	95.4508839191
140	197	503	95.3977982794
141	192	503	95.3637581991
142	189	504	95.353199155
143	193	511	95.346798531
144	194	517	95.2875638159
145	199	523	95.2466451229
146	194	527	95.2316328831
147	195	531	95.1706180826
148	192	537	95.1398037049
149	190	540	95.0614454335
150	185	547	95.0272935853
151	188	553	95.0212729274
152	193	558	94.9584140094
153	196	563	95.0001413364
154	193	569	94.9856092496
155	188	573	95.0430604847
156	183	575	94.966288097
157	180	582	95.0363588203
158	184	583	94.9567322994
159	181	589	95.0180264559
160	179	594	95.0585043429
161	174	597	95.1428673841
162	171	600	95.2372412534
163	167	607	95.3251564259
164	168	613	95.3648115879
165	169	613	95.4156567557
166	169	618	95.3749496617
167	169	625	95.4467225915
168	169	629	95.4609794618
169	171	631	95.5107087959
170	175	637	95.5774420874
171	171	637	95.5077910022
172	175	642	95.4518374788
173	177	649	95.377446687
174	172	654	95.2885072767
175	171	661	95.3505368542
176	166	667	95.4329251661
177	169	672	95.4551731796
178	164	679	95.5303424771
179	160	679	95.4766468296
180	155	685	95.4848671859
181	158	686	95.4880299754
182	161	692	95.5421224821
183	163	693	95.5526581361
184	163	698	95.6053286108
185	166	704	95.5330064041
186	161	710	95.6066978727
187	159	715	95.5192223432
188	154	722	95.5842207466
189	153	724	95.519411695
190	157	726	95.4551222297
191	153	729	95.5388694686
192	150	732	95.5701501829
193	155	734	95.6388933863
194	153	736	95.661440704
195	151	737	95.7505256428
196	153	740	95.7791653097
197	149	740	95.6844813502
198	144	742	95.5937485357
199	146	744	95.6739135866
200	143	746	95.6526896172
201	140	748	95.725249435
202	142	751	95.65114737
203	138	754	95.639163186
204	133	754	95.6094937089
205	135	760	95.6481239097
206	136	767	95.6944151085
207	136	768	95.7320684101
208	141	769	95.809411021
209	138	769	95.8760726038
210	141	774	95.9190245347
211	143	780	95.8429134464
212	141	782	95.8674280712
213	142	783	95.8294225814
214	142	790	95.8639887129
215	141	791	95.8854564193
216	137	798	95.9776131804
217	141	798	96.0101641125
218	139	798	95.9586948841
219	138	798	95.9579467861
220	143	799	95.9491619243
221	139	802	96.019329211
222	143	802	95.9439210663
223	143	807	95.914955023
224	139	807	95.8903330301
225	142	813	95.8545524725
226	141	819	95.8473571549
227	138	823	95.8570875792
228	142	829	95.7908548001
229	147	832	95.8751955728
230	149	839	95.8210097983
231	152	844	95.8842073374
232	150	847	95.8829298181
233	147	850	95.8929192613
234	142	855	95.8108799573
235	140	859	95.7632668837
236	143	865	95.8206241086
237	143	869	95.8871960928
238	141	869	95.8956033666
239	140	876	95.8998233204
240	135	878	95.8936230109
241	135	880	95.914618361
242	130	883	95.9749772035
243	133	890	95.9859479865
244	133	893	96.0620182299
245	132	896	96.1614048642
246	132	901	96.0778094745
247	130	907	96.0159741545
248	130	908	95.9892546625
249	128	914	96.0622981496
250	132	914	96.160425859
251	133	917	96.2204154282
252	131	918	96.2252142712
253	130	921	96.2048864297
254	130	924	96.1834079676
255	126	927	96.138417305
256	124	929	96.0423101219
257	123	932	95.9775168665
258	124	937	96.0225232484
259	125	942	96.119514796
260	122	946	96.1772851632
261	119	946	96.2108970911
262	122	948	96.1911650884
263	122	949	96.0926507189
264	118	952	96.0937110148
265	113	957	96.0087594756
266	115	963	95.928033757
267	118	965	95.9551200987
268	119	966	95.9440798406
269	122	968	96.0386492543
270	119	969	96.0087193943
271	121	975	95.943823264
272	126	981	95.9982365147
273	125	984	95.9146907272
274	123	987	95.9680430429
275	123	991	95.9103659677
276	127	996	95.9566943314
277	131	998	95.9354776845
278	130	998	95.9713025478
279	133	1004	96.0548050272
280	135	1011	95.9943735976
281	137	1014	96.049212651
282	132	1019	96.1026453668
283	134	1022	96.1583296646
284	134	1025	96.2502079269
285	133	1027	96.2162123135
286	132	1030	96.1708309361
287	134	1033	96.0906358802
288	130	1036	96.0251858694
289	125	1037	96.0403715554
290	130	1043	96.1393611552
291	132	1043	96.190445206
292	131	1049	96.1953907949
293	133	1051	96.2946031976
294	131	1055	96.3084840488
295	129	1058	96.3849703803
296	126	1061	96.3757765396
297	127	1067	96.4682271614
298	124	1067	96.4558993293
299	125	1069	96.4712539308
300	124	1069	96.562936409
301	119	1070	96.4805039492
302	120	1075	96.539745586
303	123	1075	96.5110092195
304	124	1082	96.510766743
305	123	1085	96.4577170963
306	128	1088	96.3724039316
307	131	1095	96.367690545
308	134	1101	96.4539865477
309	131	1105	96.3763178154
310	128	1109	96.3225141787
311	131	1115	96.3061927668
312	131	1115	96.2186939629
313	134	1122	96.2651362428
314	139	1123	96.3227435352
315	136	1126	96.2769580676
316	137	1131	96.2841036884
317	140	1136	96.2939914457
318	139	1138	96.2101130269
319	144	1144	96.1771726947
320	148	1148	96.2058498683
321	153	1151	96.2333225909
322	151	1154	96.2169143752
323	151	1158	96.1799765357
324	155	1162	96.2724360071
325	153	1168	96.1970631584
326	150	1173	96.2769544848
327	148	1179	96.3712825883
328	151	1185	96.3644424147
329	146	1186	96.2648752458
330	146	1188	96.2880166719
331	148	1189	96.2512550711
332	144	1189	96.3492864872
333	146	1192	96.2644358201
334	144	1194	96.2723936801
335	144	1195	96.2857390228
336	148	1198	96.349129239
337	148	1198	96.329410767
338	153	1203	96.2680518306
339	153	1206	96.1943231314
340	154	1211	96.1050247481
341	158	1214	96.104472701
342	156	1218	96.0426288479
343	153	1220	95.9526728091
344	156	1224	96.0089990725
345	152	1225	96.029067274
346	155	1227	96.0977020198
347	155	1229	96.1043406704
348	160	1236	96.1721888711
349	165	1239	96.2067720805
350	164	1240	96.205876935
351	168	1246	96.2459393822
352	173	1246	96.1796934593
353	178	1253	96.2426460803
354	178	1256	96.1551564482
355	176	1258	96.1846975649
356	174	1264	96.089137094
357	172	1267	96.0410015073
358	171	1268	96.0012081068
359	166	1274	96.0013805456
360	165	1280	96.0892558078
361	163	1286	96.0545004316
362	161	1290	96.0525158356
363	166	1291	95.9681305274
364	171	1294	95.8833996733
365	176	1298	95.9735621093
366	175	1300	96.0336219552
367	170	1300	96.1170413332
368	172	1302	96.1934288277
369	169	1304	96.2656679064
370	166	1306	96.2892118586
371	163	1307	96.3218014282
372	163	1307	96.3220387071
373	168	1308	96.2233530095
374	171	1315	96.1858135458
375	167	1316	96.148115973
376	172	1321	96.1939952023
377	176	1324	96.2440159295
378	171	1329	96.3005125145
379	166	1335	96.2421169134
380	163	1335	96.2207444343
381	166	1339	96.1681198541
382	170	1339	96.077872513
383	170	1339	96.0286246242
384	170	1346	96.0415611788
385	174	1352	95.9600115855
386	171	1358	95.9442753456
387	166	1364	95.9721625371
388	165	1365	95.9862228025
389	166	1366	95.8958381001
390	163	1373	95.8345339097
391	161	1378	95.8668469729
392	158	1379	95.7845978579
393	153	1385	95.7590756092
394	151	1387	95.8138311874
395	147	1387	95.8935341949
396	152	1389	95.8081116389
397	152	1396	95.7107294501
398	154	1398	95.7600386295
399	151	1403	95.7260685786
400	152	1406	95.6574510458
401	151	1412	95.5727096683
402	154	1414	95.6527106669
403	149	1421	95.733588744
404	153	1421	95.796846297
405	153	1421	95.7493951993
406	157	1425	95.7905815462
407	155	1425	95.691587909
408	150	1427	95.643055488
409	155	1429	95.719392864
410	159	1434	95.7456027615
411	159	1438	95.7222269331
412	155	1445	95.7805566647
413	158	1445	95.8432318799
414	160	1448	95.7806858471
415	163	1449	95.7467173345
416	158	1456	95.7772809797
417	158	1461	95.8142131393
418	163	1463	95.837326196
419	160	1463	95.8498253874
420	159	1470	95.8738118428
421	164	1476	95.860194658
422	166	1478	95.80595491
423	164	1485	95.7102601643
424	163	1492	95.651623495
425	167	1497	95.728093354
426	172	1500	95.7097901461
427	174	1503	95.7637976148
428	170	1507	95.7603930366
429	167	1507	95.8386674758
430	168	1511	95.8490639846
431	171	1516	95.8694088616
432	166	1516	95.9150586428
433	167	1517	95.9598996283
434	165	1522	95.9964538168
435	169	1526	96.002457887
436	170	1526	96.0101775025
437	175	1527	95.917802655
438	173	1534	95.9465048003
439	172	1539	95.9860752574
440	171	1540	95.9897523738
441	172	1544	95.9399935575
442	168	1544	95.8919421844
443	165	1548	95.9111853106
444	164	1548	95.9180004576
445	167	1554	95.8976301318
446	168	1557	95.9316719187
447	170	1561	96.0187780784
448	166	1568	96.1022627621
449	166	1570	96.1559552827
450	170	1572	96.1123048723
451	171	1574	96.1190198901
452	166	1575	96.1943553566
453	166	1575	96.2629624558
454	164	1582	96.1656002932
455	163	1586	96.1715462953
456	163	1587	96.1411587967
457	159	1589	96.2268698458
458	160	1592	96.1714228275
459	165	1599	96.1325762417
460	163	1599	96.1986048024
461	167	1602	96.125467962
462	165	1607	96.0567714556
463	165	1613	96.0492184003
464	162	1618	96.049653828
465	161	1625	96.1421890051
466	162	1629	96.1135032014
467	163	1631	96.1739225254
468	168	1635	96.2363521854
469	169	1638	96.1733805787
470	172	1638	96.1120941814
471	176	1645	96.1165501633
472	176	1650	96.1774221174
473	174	1651	96.1164778598
474	172	1652	96.1531176686
475	177	1653	96.2328542957
476	177	1660	96.164452989
477	182	1662	96.1683334717
478	180	1663	96.1183056226
479	177	1664	96.1230839083
480	180	1664	96.1382436247
481	185	1668	96.0507886088
482	183	1671	95.9930516081
483	184	1675	95.9188607107
484	186	1675	95.8846347328
485	186	1678	95.9737886524
486	187	1683	95.9539776861
487	185	1690	95.8573105017
488	189	1695	95.7725389393
489	188	1696	95.7108296488
490	190	1701	95.619161576
491	187	1704	95.569054796
492	190	1708	95.4934850569
493	187	1712	95.5791744371
494	183	1715	95.6746897946
495	184	1717	95.7612018463
496	180	1720	95.6793682793
497	176	1722	95.6159316155
498	177	1726	95.6703793128
499	181	1730	95.6704667904
500	182	1731	95.70567158
501	179	1733	95.6534371151
502	181	1737	95.5559434973
503	186	1738	95.6102346631
504	181	1744	95.6208274174
505	180	1751	95.6096637481
506	182	1758	95.5199556936
507	181	1761	95.6136804995
508	178	1761	95.6318436931
509	178	1763	95.7095814355
510	177	1766	95.6353396436
511	182	1766	95.6823940644
512	177	1766	95.6070645115
513	176	1773	95.5834158353
514	176	1778	95.5996184422
515	175	1779	95.5930318309
516	170	1779	95.6288842934
517	175	1779	95.640732133
518	172	1782	95.6199697689
519	170	1784	95.7171132811
520	169	1789	95.7797863563
521	170	1796	95.7937785216
522	175	1797	95.7640854155
523	177	1800	95.8495121063
524	181	1800	95.84059207
525	176	1801	95.8921278284
526	179	1807	95.8811984895
527	183	1807	95.8118965079
528	180	1808	95.8599342415
529	175	1815	95.9431484069
530	174	1815	95.9817630651
531	174	1817	95.987346801
532	171	1822	96.0435948299
533	167	1829	96.0369738797
534	164	1834	96.069419111
535	166	1835	96.1091925837
536	162	1836	96.0408463104
537	167	1842	96.1108507952
538	170	1849	96.0519537563
539	175	1856	96.0878160925
540	179	1859	96.177594082
541	181	1866	96.0854140072
542	186	1868	96.1477188761
543	191	1869	96.2265845954
544	195	1873	96.2716547719
545	191	1875	96.2237710622
546	192	1879	96.3237369942
547	188	1882	96.3971653871
548	193	1885	96.4429756229
549	197	1888	96.516256281
550	198	1892	96.5161940778
551	196	1895	96.5996058913
552	193	1901	96.5765864291
553	196	1903	96.649363455
554	196	1908	96.6458217833
555	195	1909	96.5564016253
556	192	1914	96.617032314
557	192	1921	96.6179158196
558	197	1927	96.5712170112
559	200	1927	96.6083416156
560	195	1931	96.6185205227
561	190	1933	96.6603177437
562	190	1938	96.6390700102
563	195	1942	96.5442988172
564	195	1949	96.4987037539
565	197	1951	96.4074713755
566	200	1957	96.4480974267
567	200	1962	96.5040170143
568	200	1963	96.4753169507
569	200	1968	96.5000283091
570	200	1970	96.4865146203
571	199	1975	96.4667260688
572	200	1975	96.401590964
573	199	1981	96.4094157189
574	200	1984	96.4024308549
575	200	1984	96.4117340312
576	197	1984	96.4716039227
577	200	1987	96.4664440942
578	200	1988	96.3916350283
579	200	1988	96.4115017147
580	200	1991	96.373195821
581	197	1993	96.3188228067
582	197	1999	96.3627307324
583	198	1999	96.3797569393
584	194	2000	96.3042545662
585	195	2004	96.278831507
586	195	2009	96.3616603045
587	197	2009	96.3761143448
588	193	2015	96.4416055424
589	197	2021	96.5262586029
590	199	2023	96.4825156767
591	200	2028	96.4044474241
592	195	2028	96.3433346098
593	190	2035	96.418255233
594	195	2042	96.3601469875
595	200	2048	96.2792180878
596	196	2051	96.2657850693
597	196	2056	96.1743938751
598	199	2063	96.1215750503
599	200	2069	96.16286222
600	200	2076	96.1304059542
601	200	2083	96.0915040477
602	195	2087	96.0828978068
603	196	2093	96.1398920872
604	200	2095	96.0928875844
605	200	2098	96.0820732281
606	200	2100	96.1176032803
607	196	2102	96.0737721896
608	197	2103	96.0850937465
609	200	2105	95.9919238475
610	199	2112	95.9804867581
611	200	2116	96.0520815349
612	200	2117	96.0602986861
613	198	2118	96.0204221669
614	193	2120	96.0466974779
615	190	2122	96.0824461447
616	191	2124	95.9969111844
617	193	2129	96.0206099237
618	191	2136	96.0297986079
619	188	2143	95.9834530958
620	189	2144	95.982607906
621	189	2148	95.8925492666
622	189	2148	95.9053962957
623	187	2152	95.8261122521
624	191	2158	95.787179497
625	194	2161	95.8143016793
626	195	2164	95.8689803268
627	199	2168	95.8905769564
628	200	2171	95.8171153562
629	200	2175	95.9145227098
630	197	2177	95.9391704741
631	193	2180	95.9419874638
632	197	2182	95.8958657816
633	195	2186	95.9121700256
634	197	2186	95.9531909123
635	194	2190	96.020262347
636	189	2195	95.9847263899
637	186	2198	95.9515346289
638	191	2200	95.9626168554
639	193	2202	95.8803382793
640	190	2203	95.9043540116
641	193	2203	95.940723835
642	191	2205	95.9721537779
643	193	2206	95.9844357545
644	189	2207	96.0051269648
645	185	2214	95.9548010367
646	189	2221	95.9942616282
647	192	2222	96.0060163479
648	188	2222	95.9729226851
649	184	2229	96.01049251
650	181	2233	96.0359409715
651	176	2238	96.1263974709
652	172	2238	96.0981117615
653	167	2238	96.1093071423
654	171	2240	96.1513647616
655	167	2246	96.2264539454
656	172	2248	96.2323910756
657	173	2250	96.2632093336
658	172	2251	96.1813243964
659	167	2252	96.1855842646
660	166	2253	96.1093259265
661	164	2260	96.0495872762
662	159	2262	96.0509329882
663	164	2263	96.1366626275
664	167	2269	96.0942938756
665	172	2275	96.1496256198
666	171	2276	96.2230481737
667	169	2277	96.2764528197
668	170	2279	96.2044465489
669	171	2279	96.2352431486
670	170	2281	96.2989522441
671	170	2281	96.2915605513
672	171	2284	96.2144343488
673	168	2284	96.2359552025
674	170	2287	96.3159970439
675	166	2287	96.2503634461
676	164	2287	96.3460130569
677	168	2294	96.3310434804
678	170	2301	96.4000558262
679	167	2307	96.4057927898
680	171	2308	96.4674315234
681	171	2310	96.4433930404
682	174	2314	96.4250600669
683	177	2316	96.4782319325
684	177	2320	96.5023807557
685	175	2327	96.4772784248
686	175	2334	96.4063572816
687	171	2336	96.3921605083
688	169	2338	96.4351263263
689	164	2340	96.3474856917
690	169	2346	96.2871891234
691	171	2353	96.1920201804
692	174	2359	96.1973930812
693	178	2366	96.2255562383
694	182	2373	96.3125426339
695	180	2376	96.2297559809
696	183	2383	96.2404466955
697	184	2387	96.1660093853
698	184	2394	96.1213906445
699	187	2399	96.2194379611
700	183	2404	96.2437058526
701	181	2411	96.2286744173
702	185	2415	96.3101387485
703	186	2418	96.304848487
704	191	2422	96.2092328001
705	191	2428	96.2674978307
706	189	2429	96.2437995091
707	184	2434	96.1714293248
708	185	2435	96.0920174331
709	185	2439	96.0791762515
710	183	2443	96.0359326161
711	180	2447	96.0494272932
712	184	2447	96.0541868822
713	185	2453	96.0037973886
714	182	2459	96.1012616989
715	182	2463	96.0198795221
716	182	2465	95.9200738085
717	178	2471	95.9096896532
718	182	2476	95.9533989514
719	182	2477	96.0513178643
720	177	2477	96.1212621447
721	181	2478	96.0568939147
722	178	2483	96.1318201836
723	183	2485	96.1480825433
724	182	2488	96.1134117168
725	183	2491	96.0492424867
726	183	2494	96.1221831509
727	183	2494	96.0687975603
728	183	2494	96.0503618639
729	180	2501	95.9935091381
730	175	2506	96.0283845757
731	177	2509	96.0006041578
732	175	2513	95.9563629576
733	178	2519	95.9193545072
734	174	2522	95.9106576541
735	171	2528	95.8982962628
736	173	2533	95.8969165613
737	171	2538	95.9882192153
738	166	2544	95.9900258665
739	163	2545	96.0852939742
740	165	2551	95.9924886442
741	161	2557	95.9854690149
742	159	2563	95.8989220347
743	154	2564	95.9816678591
744	157	2565	96.0262373708
745	161	2568	95.9617867578
746	166	2569	95.9142675496
747	164	2571	95.9944014296
748	169	2572	96.0369195915
749	165	2576	96.0590460765
750	168	2582	95.9623964862
751	172	2584	95.9241166204
752	176	2591	95.9996614559
753	176	2594	96.0758428527
754	175	2594	96.0451792647
755	172	2596	96.1189786731
756	168	2600	96.1480385869
757	171	2606	96.0700067131
758	175	2612	96.0197502793
759	173	2617	96.0509028221
760	177	2621	96.0411705335
761	177	2625	95.9985106871
762	182	2628	95.9355400755
763	177	2634	95.8618470465
764	173	2634	95.8098756132
765	175	2638	95.8807407474
766	179	2644	95.8829999929
767	177	2645	95.9438111133
768	177	2648	95.9217380685
769	175	2653	95.8779540591
770	174	2654	95.8496099475
771	172	2659	95.7755061511
772	171	2661	95.8245666792
773	172	2662	95.8994331087
774	171	2665	95.9941304385
775	175	2666	96.071647176
776	176	2670	96.0873460284
777	180	2674	96.1793143355
778	181	2681	96.1371181408
779	179	2684	96.0504694223
780	176	2688	96.0148991236
781	177	2688	96.0691254615
782	176	2689	96.1181614367
783	179	2696	96.1680292388
784	183	2701	96.2058304382
785	184	2708	96.2500431202
786	182	2713	96.3068640142
787	186	2719	96.2510170633
788	190	2721	96.2337343854
789	193	2725	96.3055665293
790	189	2731	96.2079214121
791	188	2734	96.1213999702
792	187	2735	96.046316971
793	184	2737	96.0169761933
794	188	2737	96.0326123851
795	190	2738	96.0813417923
796	188	2740	96.1095986938
797	186	2747	96.1525277062
798	191	2747	96.231001947
799	189	2752	96.2227669975
800	194	2753	96.1595121286
801	190	2759	96.0643972558
802	193	2761	96.1158042332
803	190	2761	96.1006115859
804	186	2767	96.157660634
805	181	2774	96.1371957964
806	186	2777	96.2168323605
807	181	2777	96.1282422345
808	183	2782	96.2234675345
809	186	2788	96.1300683673
810	189	2789	96.1183728574
811	189	2790	96.0301175935
812	188	2793	96.0291037037
813	188	2794	96.0981072933
814	183	2795	96.0255777046
815	185	2802	95.9717555731
816	181	2808	96.0181078379
817	184	2811	96.009455216
818	184	2813	96.1060753499
819	186	2815	96.1612678751
820	181	2816	96.1403142468
821	184	2818	96.1906012626
822	184	2825	96.1369696247
823	186	2827	96.0864063499
824	187	2829	96.0659142282
825	191	2832	96.1085623431
826	193	2835	96.1418716627
827	194	2836	96.1435926189
828	191	2841	96.1408923774
829	189	2842	96.1424498773
830	188	2848	96.0922638809
831	193	2852	96.01482624
832	196	2853	96.0355257757
833	197	2855	96.1340772203
834	194	2861	96.2008902529
835	198	2861	96.1726277982
836	199	2864	96.2340656762
837	200	2866	96.1530768282
838	199	2868	96.2248680882
839	200	2874	96.2731866952
840	200	2876	96.1834598375
841	200	2879	96.1203671235
842	198	2886	96.1078813055
843	196	2887	96.1860309148
844	192	2893	96.1321252682
845	194	2894	96.0739581512
846	195	2897	96.0313934086
847	197	2899	96.0900164337
848	200	2902	96.1466836131
849	197	2909	96.0956301085
850	200	2915	96.1020394096
851	199	2919	96.1318602423
852	200	2920	96.0921353297
853	200	2923	96.1729141096
854	200	2927	96.1583849846
855	197	2933	96.2204491544
856	199	2940	96.1727046756
857	200	2941	96.1179836852
858	200	2948	96.0321094958
859	200	2949	95.9438357457
860	200	2951	96.0045093741
861	198	2953	95.9066470045
862	197	2957	95.8276412614
863	193	2961	95.8660528346
864	192	2968	95.7815779268
865	191	2973	95.7970783729
866	190	2976	95.8553813831
867	186	2982	95.7919004554
868	184	2989	95.8871035486
869	189	2992	95.9827615106
870	188	2999	96.0327340052
871	190	2999	96.1066150677
872	190	2999	96.182138338
873	185	3004	96.152885075
874	180	3006	96.0662169262
875	181	3012	96.0828368233
876	177	3019	95.994840745
877	181	3020	96.0163057253
878	186	3024	96.0674197501
879	191	3024	95.9707493059
880	196	3026	95.8923888753
881	200	3027	95.9622600486
882	196	3028	95.869846436
883	191	3033	95.8720888492
884	189	3036	95.7832604028
885	188	3039	95.8048321294
886	183	3046	95.7522565849
887	180	3051	95.6573143023
888	179	3054	95.7567655142
889	178	3061	95.8330951273
890	179	3066	95.7968705073
891	179	3070	95.7269827129
892	180	3071	95.8046560482
893	175	3075	95.7515019996
894	171	3079	95.8356075246
895	172	3085	95.7506297193
896	173	3087	95.7832495763
897	169	3089	95.732148332
898	173	3093	95.7123633478
899	172	3098	95.8070812623
900	167	3105	95.861140684
901	162	3107	95.783626946
902	163	3111	95.7880270956
903	158	3118	95.8017507698
904	157	3124	95.8873691345
905	157	3131	95.8817950528
906	154	3137	95.859134102
907	158	3143	95.9169644254
908	157	3147	95.8444230065
909	152	3154	95.7557597481
910	157	3155	95.8391741328
911	156	3157	95.8982153187
912	157	3160	95.8847282452
913	156	3164	95.8654068898
914	157	3168	95.8389834985
915	158	3173	95.8939437114
916	162	3180	95.8328579556
917	159	3184	95.8964018653
918	162	3185	95.917351955
919	159	3186	95.8420865967
920	162	3193	95.8126471234
921	158	3193	95.7854032681
922	159	3194	95.7039226969
923	154	3194	95.7334151882
924	158	3198	95.8082686186
925	156	3201	95.8182075864
926	157	3207	95.8136601628
927	153	3213	95.7426264082
928	155	3217	95.6911469829
929	155	3218	95.7894482904
930	151	3218	95.8332440308
931	154	3222	95.8635695085
932	159	3229	95.8327438695
933	157	3230	95.8783595274
934	155	3231	95.9582262113
935	155	3237	96.0328255599
936	154	3238	95.9829111922
937	149	3241	95.9458317696
938	146	3242	96.0322683943
939	142	3248	96.0275030008
940	146	3250	96.0744879237
941	148	3252	96.017784965
942	153	3254	96.0306268862
943	149	3256	96.1263404787
944	150	3260	96.0459359981
945	154	3263	95.9945303001
946	155	3264	96.0660614874
947	157	3265	95.972859245
948	155	3267	96.0592824613
949	153	3270	96.0830619366
950	153	3277	96.0559643073
951	153	3278	96.0255739926
952	150	3281	96.1040423745
953	147	3287	96.0840456477
954	147	3289	96.0149863567
955	150	3293	96.1027981488
956	148	3299	96.0724307737
957	144	3303	96.0767390958
958	141	3309	96.1400106417
959	143	3315	96.1605996111
960	147	3315	96.2357886656
961	152	3318	96.2531171325
962	150	3318	96.2422977848
963	154	3321	96.1902177538
964	155	3322	96.2631466709
965	154	3326	96.2180290378
966	154	3328	96.142986698
967	152	3330	96.064449851
968	148	3334	96.0112709898
969	147	3337	96.0413786865
970	151	3344	96.0386846838
971	153	3348	96.0029449476
972	158	3353	96.0140777212
973	158	3354	96.0176033766
974	160	3355	96.0840077272
975	159	3360	96.0793646791
976	162	3362	96.0848210841
977	159	3365	96.0203484494
978	164	3370	96.0797905669
979	167	3373	96.1170876159
980	168	3380	96.0573292044
981	165	3386	96.1534328135
982	169	3390	96.1511460005
983	172	3392	96.1411190808
984	173	3396	96.1111699432
985	173	3402	96.0227103513
986	172	3408	95.9458007241
987	174	3408	95.9006112318
988	177	3411	95.8930329691
989	174	3413	95.8059791566
990	169	3414	95.7813131052
991	167	3420	95.8663821192
992	169	3424	95.905645496
993	174	3431	95.902236146
994	179	3434	95.9382366227
995	181	3436	96.0357157575
996	185	3441	95.9892857805
997	182	3448	96.0102915626
998	185	3453	95.978410552
999	190	3453	95.9411461103
1000	185	3459	96.0165766057
1001	188	3466	95.9488505408
1002	185	3469	95.9243219091
1003	180	3473	95.9063888067
1004	175	3478	95.8185370777
1005	175	3484	95.9183614618
1006	178	3491	95.8425249094
1007	176	3498	95.8326160554
1008	177	3498	95.8774831398
1009	182	3500	95.9336007277
1010	186	3503	95.8978318421
1011	185	3509	95.8852614514
1012	187	3512	95.8523323382
1013	187	3513	95.9099926136
1014	189	3519	95.8565768154
1015	191	3526	95.9041981889
1016	195	3527	95.9962366944
1017	195	3533	96.0598011754
1018	190	3537	96.1313124788
1019	189	3544	96.1190023605
1020	191	3548	96.1545038649
1021	192	3551	96.1119746316
1022	187	3553	96.0275004624
1023	185	3558	96.0908692031
1024	189	3560	96.0036524322
1025	185	3561	96.100519667
1026	181	3563	96.0872811537
1027	185	3570	96.1435477583
1028	185	3571	96.113893446
1029	181	3572	96.1088339149
1030	185	3572	96.0521760049
1031	180	3575	95.9657506251
1032	179	3579	95.9348659464
1033	177	3586	95.8644032283
1034	181	3586	95.9465751223
1035	180	3588	95.8731624822
1036	176	3589	95.8621344421
1037	175	3592	95.8672903367
1038	174	3596	95.9571686879
1039	169	3598	95.8799093359
1040	172	3603	95.807800455
1041	171	3610	95.7505825238
1042	166	3614	95.6970713777
1043	162	3617	95.6826839331
1044	157	3618	95.7566642358
1045	156	3622	95.772701185
1046	159	3627	95.8218195654
1047	154	3632	95.8582256438
1048	153	3632	95.8875869477
1049	154	3637	95.8878722727
1050	149	3640	95.9028500041
1051	151	3641	95.8570663054
1052	156	3641	95.8110000368
1053	151	3648	95.8381974509
1054	153	3648	95.7641518687
1055	157	3652	95.6948316699
1056	162	3652	95.7898193385
1057	160	3656	95.7481402746
1058	159	3663	95.7616414561
1059	154	3670	95.8256828745
1060	158	3677	95.8792823757
1061	153	3681	95.9432164138
1062	149	3684	95.8524347922
1063	152	3687	95.9217598716
1064	152	3687	95.903721676
1065	155	3691	95.8698606228
1066	155	3695	95.9001550845
1067	158	3701	95.8213670269
1068	162	3706	95.8244264148
1069	161	3706	95.8083078769
1070	156	3711	95.9015678488
1071	154	3718	95.9853249644
1072	150	3719	96.0595232986
1073	148	3722	96.0951830444
1074	152	3723	96.1628583454
1075	156	3729	96.1278224994
1076	152	3735	96.1822661427
1077	148	3740	96.220962865
1078	147	3745	96.1224145631
1079	149	3752	96.1199059418
1080	149	3754	96.0735296694
1081	144	3761	96.0265423377
1082	139	3768	96.0951555739
1083	144	3771	96.1870543382
1084	145	3773	96.0947724594
1085	142	3775	96.1659544345
1086	143	3779	96.1860881249
1087	139	3785	96.2480462008
1088	138	3792	96.3174957136
1089	138	3794	96.2673186623
1090	141	3795	96.3058974741
1091	136	3800	96.3896642364
1092	132	3800	96.3705627016
1093	137	3803	96.3397033889
1094	140	3803	96.2429960094
1095	142	3808	96.2057428421
1096	145	3808	96.2653345874
1097	140	3809	96.2473631338
1098	145	3809	96.3044576831
1099	150	3815	96.3230307814
1100	153	3821	96.3569568825
1101	155	3824	96.4271282059
1102	152	3827	96.4136968815
1103	151	3834	96.4485534412
1104	155	3834	96.5143563186
1105	151	3835	96.4799785661
1106	154	3839	96.5360405057
1107	151	3840	96.5763683986
1108	155	3847	96.6054722759
1109	152	3854	96.5348432915
1110	154	3856	96.5502136716
1111	154	3861	96.6022141294
1112	152	3866	96.6973845664
1113	150	3873	96.6320282008
1114	155	3875	96.6626354588
1115	151	3877	96.6958857598
1116	155	3880	96.6242563408
1117	152	3887	96.5881337835
1118	153	3889	96.5343762433
1119	152	3894	96.5204919435
1120	151	3900	96.471525424
1121	147	3901	96.5178651291
1122	142	3905	96.5551601872
1123	138	3908	96.503977696
1124	138	3911	96.4900136483
1125	133	3912	96.4396391109
1126	136	3917	96.4874784502
1127	137	3922	96.480137444
1128	139	3929	96.3873355185
1129	143	3933	96.479352979
1130	148	3933	96.4523866394
1131	144	3940	96.4023894166
1132	143	3943	96.3069514748
1133	140	3950	96.3102362284
1134	141	3956	96.2844978345
1135	144	3958	96.2324443044
1136	141	3960	96.138421433
1137	137	3964	96.2169401194
1138	140	3964	96.2674652141
1139	144	3970	96.1918791677
1140	145	3974	96.2003821014
1141	140	3980	96.1119446832
1142	141	3981	96.1854956707
1143	139	3984	96.1596822624
1144	142	3990	96.1187505776
1145	140	3997	96.0509992371
1146	144	4001	96.0638214515
1147	147	4005	96.0532037906
1148	150	4010	96.0368961396
1149	147	4010	96.0798186633
1150	152	4015	96.0305281206
1151	147	4022	96.1121548154
1152	146	4024	96.0627380714
1153	147	4030	96.0516451762
1154	146	4037	95.9724691736
1155	143	4044	95.9317744278
1156	148	4049	95.9083446331
1157	145	4050	95.8593185416
1158	150	4052	95.7793305895
1159	149	4059	95.7686202799
1160	144	4061	95.7010542573
1161	142	4063	95.7977504134
1162	145	4064	95.7004764779
1163	146	4068	95.7021862159
1164	141	4069	95.7913510796
1165	144	4069	95.7813375035
1166	144	4076	95.6982971912
1167	140	4083	95.6319522725
1168	136	4088	95.5868665287
1169	140	4088	95.6279473554
1170	135	4090	95.5279624271
1171	134	4095	95.4900605704
1172	129	4101	95.399595979
1173	125	4102	95.4262917406
1174	120	4106	95.4315288601
1175	120	4113	95.4098515803
1176	125	4114	95.5042754352
1177	130	4114	95.4557769354
1178	130	4114	95.5297501802
1179	135	4116	95.5344193479
1180	137	4120	95.5000962455
1181	139	4127	95.5674609006
1182	137	4128	95.6610816599
1183	139	4129	95.6265791979
1184	141	4131	95.5369293781
1185	146	4132	95.4904940491
1186	144	4134	95.5364991356
1187	148	4140	95.4484002204
1188	153	4142	95.3944568209
1189	158	4149	95.3390398726
1190	156	4153	95.3942224728
1191	156	4156	95.3787685792
1192	156	4158	95.3761694071
1193	157	4162	95.395764563
1194	155	4165	95.4857787167
1195	151	4172	95.4129404802
1196	152	4172	95.4362022212
1197	150	4172	95.4022963476
1198	154	4179	95.3998394434
1199	151	4182	95.4437617408
1200	153	4188	95.5172683794
1201	155	4192	95.4767321326
1202	152	4192	95.5646610409
1203	152	4196	95.5660549365
1204	154	4198	95.6114947771
1205	159	4204	95.6236591353
1206	164	4208	95.5720168293
1207	159	4210	95.5853144078
1208	161	4212	95.5974437117
1209	158	4213	95.6473595549
1210	160	4219	95.7333455739
1211	164	4220	95.6403002533
1212	159	4225	95.6836586062
1213	154	4229	95.7625986379
1214	155	4236	95.8217664623
1215	152	4243	95.8619805982
1216	149	4244	95.9483597478
1217	148	4245	95.8933449041
1218	143	4250	95.8367150308
1219	144	4254	95.9136862831
1220	144	4254	95.8234171518
1221	144	4254	95.9168055312
1222	141	4259	95.8288268255
1223	141	4265	95.7955951465
1224	142	4267	95.7357513102
1225	137	4270	95.7738354228
1226	134	4275	95.8248330898
1227	137	4276	95.8796434502
1228	137	4276	95.9640123727
1229	138	4276	95.9202452995
1230	142	4283	95.8768583494
1231	138	4286	95.871080556
1232	139	4291	95.9288560573
1233	140	4292	95.9932011299
1234	139	4299	95.8998639139
1235	136	4305	95.9578174679
1236	138	4310	95.9580925435
1237	142	4312	95.9116908177
1238	145	4316	95.974848669
1239	149	4319	95.9229693471
1240	148	4323	95.9011472768
1241	150	4328	95.8796373651
1242	153	4330	95.8596959407
1243	153	4333	95.7724114616
1244	154	4338	95.7896503627
1245	151	4342	95.7954764796
1246	156	4348	95.7298077527
1247	157	4352	95.6426053684
1248	162	4357	95.5744956043
1249	157	4358	95.5274106355
1250	152	4360	95.5370378611
1251	155	4366	95.593959646
1252	158	4369	95.6149590068
1253	155	4369	95.5527277025
1254	158	4370	95.6069229147
1255	163	4371	95.6022081273
1256	167	4374	95.5970693796
1257	168	4374	95.6028210455
1258	168	4377	95.5570036771
1259	172	4381	95.4880452384
1260	173	4383	95.4211688422
1261	169	4383	95.4384512635
1262	170	4384	95.5286503061
1263	173	4389	95.4495887404
1264	170	4390	95.3926006006
1265	174	4395	95.2943016988
1266	174	4395	95.2702994051
1267	177	4400	95.3178468698
1268	181	4401	95.4123666581
1269	183	4403	95.4559878358
1270	178	4404	95.5329588723
1271	177	4409	95.5898302344
1272	181	4415	95.5954756577
1273	178	4418	95.6075936163
1274	180	4424	95.6518117605
1275	181	4430	95.707490467
1276	179	4430	95.7785337138
1277	181	4436	95.7248551968
1278	185	4438	95.7569785536
1279	180	4442	95.755645206
1280	182	4444	95.704356459
1281	184	4445	95.632906543
1282	179	4446	95.7251631751
1283	180	4449	95.6967108046
1284	180	4455	95.6477801232
1285	180	4455	95.663916868
1286	182	4458	95.7598620775
1287	178	4458	95.8265641942
1288	177	4460	95.8931105823
1289	182	4467	95.9206986313
1290	187	4470	96.0066659346
1291	183	4471	95.9885392972
1292	188	4474	96.0128546081
1293	187	4476	96.0605856797
1294	183	4481	96.0438789998
1295	178	4487	96.0869561906
1296	175	4487	96.0819809147
1297	175	4492	95.9869020307
1298	173	4492	95.9697083995
1299	178	4496	96.0259976563
1300	181	4502	95.9572884614
1301	186	4505	96.0043016168
1302	188	4509	96.0018690018
1303	183	4515	95.9294514031
1304	184	4521	95.9106394958
1305	186	4525	95.8393716909
1306	182	4532	95.8179620485
1307	186	4539	95.7275558284
1308	189	4542	95.7932642806
1309	190	4544	95.7249401247
1310	193	4544	95.7826837452
1311	192	4547	95.8477751078
1312	189	4554	95.8217063812
1313	194	4558	95.7486047127
1314	190	4558	95.7014198492
1315	193	4563	95.7963920859
1316	188	4565	95.8437571948
1317	184	4570	95.7984979159
1318	185	4574	95.8525084285
1319	183	4581	95.8000583133
1320	183	4585	95.7629796968
1321	181	4586	95.8123056413
1322	185	4587	95.7914385084
1323	188	4591	95.831975868
1324	191	4598	95.7935879066
1325	194	4602	95.7188050502
1326	190	4609	95.6955838033
1327	186	4611	95.6871916149
1328	191	4617	95.681319425
1329	193	4622	95.7350860408
1330	190	4623	95.7787025222
1331	191	4623	95.8067540072
1332	194	4626	95.8944542525
1333	192	4633	95.9069091711
1334	189	4634	95.8406419323
1335	192	4639	95.9399946848
1336	187	4644	95.9750825724
1337	182	4651	96.008786028
1338	185	4654	96.0756199288
1339	185	4661	96.0074548966
1340	183	4666	95.9578755146
1341	179	4666	95.9595747076
1342	181	4671	95.9543616722
1343	177	4674	95.9552203584
1344	177	4676	95.8862314949
1345	173	4682	95.9459432053
1346	172	4686	95.8926741718
1347	176	4693	95.793883113
1348	178	4698	95.7912034365
1349	173	4699	95.8012935552
1350	173	4703	95.7550935091
1351	175	4705	95.6861010426
1352	175	4708	95.7624899798
1353	177	4713	95.7158237049
1354	180	4720	95.7585728303
1355	185	4720	95.744115699
1356	187	4727	95.7712748356
1357	184	4728	95.695479111
1358	188	4735	95.7552186602
1359	184	4737	95.8055111347
1360	181	4739	95.7739396034
1361	179	4743	95.8392819058
1362	175	4744	95.7679740186
1363	173	4749	95.8541326275
1364	168	4750	95.7963785505
1365	173	4756	95.8643478204
1366	178	4759	95.9287635173
1367	174	4765	95.9090846144
1368	172	4772	95.9489807564
1369	176	4776	96.0267890336
1370	175	4779	96.0617942675
1371	179	4785	96.0016951378
1372	180	4792	96.0629899527
1373	185	4796	96.1069837478
1374	181	4801	96.0076630823
1375	176	4808	96.0239413517
1376	179	4814	96.0450411107
1377	180	4814	96.0073397568
1378	181	4817	96.0969654983
1379	186	4819	96.0334658941
1380	181	4822	96.0234224475
1381	179	4829	96.0090847634
1382	182	4830	95.9619480456
1383	181	4837	95.8977366145
1384	181	4843	95.9588260516
1385	183	4846	95.9912058079
1386	185	4852	95.9109256871
1387	190	4855	95.8414148535
1388	186	4855	95.8307939473
1389	182	4856	95.9277339163
1390	185	4857	95.8667803565
1391	186	4862	95.8718830934
1392	187	4866	95.8162212464
1393	192	4872	95.7620042414
1394	194	4872	95.7541537859
1395	195	4875	95.6667458493
1396	190	4882	95.6242748555
1397	191	4885	95.5720758573
1398	193	4888	95.6462044161
1399	192	4890	95.7259271669
1400	197	4893	95.8154134211
1401	200	4898	95.908598368
1402	200	4904	95.9003618025
1403	200	4911	95.8963455667
1404	200	4915	95.8854022013
1405	200	4917	95.9687182351
1406	199	4921	96.0686716545
1407	200	4927	96.1201825357
1408	200	4929	96.110117892
1409	200	4936	96.0328350264
1410	200	4937	95.964762423
1411	200	4938	95.9775671523
1412	200	4943	96.0506219611
1413	195	4947	96.046822237
1414	196	4948	96.0984987981
1415	191	4950	96.1046425251
1416	195	4957	96.0956619743
