1	125	1	94.9061735239
2	130	4	94.860877156
3	128	6	94.8242278376
4	126	11	94.8646989235
5	122	17	94.7736307834
6	119	17	94.7016927661
7	115	19	94.7013557976
8	111	19	94.7129285226
9	114	22	94.8085782891
10	116	25	94.7167768996
11	113	32	94.6188839179
12	109	34	94.6135678996
13	106	36	94.6955053289
14	103	42	94.6094204146
15	100	48	94.6406338724
16	101	50	94.5690636527
17	103	56	94.6140414528
18	98	56	94.6344126793
19	99	56	94.5438114339
20	103	61	94.478878044
21	105	67	94.4814570708
22	101	68	94.5567469045
23	106	69	94.5979914914
24	105	69	94.6822421553
25	100	70	94.6765352328
26	97	73	94.7444449056
27	100	78	94.8353039201
28	105	81	94.8523826076
29	108	84	94.8872144205
30	113	84	94.8527270874
31	112	88	94.8420042899
32	111	90	94.9291759296
33	110	92	94.9130616227
34	113	97	94.9836099035
35	113	103	94.9933691406
36	118	108	95.0566681163
37	114	114	95.0244960692
38	119	119	95.0126904977
39	115	122	94.972088692
40	119	127	94.9459803021
41	117	128	94.8732932477
42	119	135	94.8593782245
43	122	139	94.8909553832
44	119	143	94.8511558063
45	116	149	94.8731260796
46	113	149	94.8566956598
47	108	153	94.7981307996
48	110	154	94.7189253636
49	106	158	94.8057481236
50	108	162	94.7965708968
51	103	165	94.7089098355
52	102	171	94.7111244182
53	106	177	94.7630148977
54	101	181	94.7197911753
55	105	182	94.7193989624
56	102	188	94.7247271756
57	100	189	94.632310334
58	102	196	94.6832101072
59	103	202	94.682798997
60	106	206	94.7039591069
61	107	207	94.7290785721
62	112	212	94.661194239
63	107	215	94.7351019347
64	110	222	94.8260513641
65	113	222	94.8869447991
66	115	222	94.8354309224
67	110	222	94.9078488658
68	115	224	94.9992623312
69	117	226	95.0992550106
70	121	228	95.0586396895
71	126	234	95.1547896356
72	129	236	95.0550897445
73	132	242	95.0939753901
74	134	243	95.1515362324
75	129	246	95.1804787639
76	133	251	95.1364289893
77	129	256	95.1715543332
78	126	256	95.2377599614
79	125	262	95.2626432152
80	123	267	95.2925194999
81	123	271	95.2156026919
82	119	272	95.1370703775
83	121	277	95.1578288812
84	124	283	95.1942215747
85	120	289	95.2809779139
86	121	295	95.1956306992
87	126	295	95.106745044
88	128	298	95.1921724484
89	125	298	95.2459464803
90	122	298	95.1899739178
91	120	305	95.1527539372
92	121	305	95.0702600475
93	121	311	95.0399412388
94	119	315	95.033706653
95	116	317	94.9883377929
96	118	319	95.0542613229
97	118	322	95.0309648359
98	113	329	95.0979486118
99	114	335	95.0557423975
100	111	340	95.0215752069
101	116	343	95.0496826117
102	120	343	95.0805330734
103	119	346	95.0313476519
104	120	348	95.0087641753
105	116	351	94.993929646
106	121	356	95.0467482021
107	116	361	94.973266709
108	111	364	94.8790817803
109	115	367	94.9706141073
110	111	373	94.9103033671
111	111	376	94.9460939237
112	113	380	95.0052184906
113	118	384	94.9620022295
114	122	385	95.048208092
115	126	392	95.0816976168
116	125	398	95.1684167389
117	127	401	95.2001596354
118	131	407	95.225804816
119	131	412	95.2236476807
120	130	418	95.2082167558
121	126	420	95.205688883
122	129	421	95.2281859135
123	128	423	95.1548546017
124	127	426	95.2524209337
125	123	432	95.2456206824
126	122	436	95.3453229961
127	120	438	95.391635357
128	124	443	95.3291874271
129	128	445	95.3971149933
130	128	449	95.3791290623
131	130	449	95.3303712798
132	135	451	95.2531693777
133	134	455	95.2839204081
134	136	455	95.2084826801
135	135	456	95.2758646254
136	131	461	95.2162484553
137	131	468	95.1195880382
138	129	475	95.0503332337
139	127	480	94.9663703278
140	130	481	94.8841664766
141	128	485	94.7957075637
142	126	489	94.8877038472
143	131	495	94.8503201264
144	136	497	94.8841810735
145	133	504	94.9073924877
146	133	506	94.9434699742
147	137	511	95.0398811205
148	135	516	94.9439650637
149	130	523	94.8737586698
150	125	526	94.9415084125
151	127	529	94.8418054118
152	125	529	94.9069216385
153	121	530	94.86513654
154	120	536	94.8378825652
155	122	540	94.9146116243
156	126	545	94.9484773527
157	129	546	94.8736087219
158	125	552	94.950315378
159	120	558	95.0245405989
160	120	563	95.0765579556
161	119	567	95.1467102733
162	122	570	95.2121451863
163	118	574	95.2914262476
164	116	580	95.339915594
165	118	584	95.4245123582
166	114	588	95.4730708743
167	113	593	95.4149693636
168	118	600	95.5065096936
169	120	603	95.5352983982
170	120	605	95.481358101
171	119	606	95.4970220396
172	114	607	95.5101093924
173	118	608	95.430190736
174	121	612	95.4000593025
175	116	613	95.3105273095
176	118	617	95.2414823486
177	113	621	95.3264695502
178	110	625	95.3772873683
179	114	627	95.2933082779
180	118	629	95.2756936443
181	120	636	95.2725865008
182	125	639	95.341669195
183	125	644	95.4384695763
184	122	648	95.4599784455
185	117	653	95.4608494062
186	119	659	95.4488695555
187	114	661	95.5059232581
188	119	665	95.429111718
189	119	670	95.521395018
190	115	673	95.5173828181
191	110	673	95.6142422746
192	111	678	95.6797741061
193	113	679	95.6652199668
194	113	682	95.717976769
195	111	686	95.6723612108
196	115	686	95.7630177875
197	114	689	95.8041672295
198	114	695	95.9040513082
199	112	698	95.8792030539
200	107	702	95.8404181653
201	109	708	95.8272953189
202	109	712	95.7843832645
203	108	719	95.8174478114
204	107	724	95.8390109784
205	102	729	95.9091326601
206	100	732	95.9851110568
207	98	737	96.0480098295
208	94	737	96.1386775932
209	97	744	96.0924837545
210	92	748	96.0815269367
211	90	750	96.0848369728
212	93	754	96.0310412745
213	97	761	95.9827719883
214	96	762	95.9047622088
215	98	769	95.9841965401
216	93	771	96.0555363697
217	97	775	96.0066994643
218	97	782	96.0005841606
219	96	789	95.9121157772
220	94	792	95.8534101515
221	94	794	95.9495983719
222	98	796	95.8989082282
223	98	796	95.9443898223
224	93	802	95.9351513259
225	96	809	95.9314468738
226	92	809	95.9320859804
227	93	810	96.0243272111
228	88	811	95.9266134817
229	88	816	95.954010258
230	88	817	95.9196657301
231	86	819	96.0141429492
232	82	823	96.0425869133
233	78	829	95.9434977691
234	78	834	95.9656115957
235	75	839	96.0144578438
236	80	846	95.9675677864
237	81	846	95.953871754
238	79	853	96.0512886948
239	75	858	96.0088662593
240	78	858	96.0091479049
241	81	865	96.1065708014
242	79	869	96.0262492426
243	75	876	95.9322158926
244	77	879	95.9801082057
245	77	885	95.9477183561
246	76	888	95.8765130992
247	71	889	95.8982866264
248	73	892	95.9937013036
249	71	892	96.0081441138
250	66	892	96.0371058176
251	62	894	96.024382746
252	60	900	96.0401978013
253	62	902	96.101590172
254	66	902	96.091120085
255	70	903	95.99852932
256	71	908	95.9145060189
257	74	910	96.0026567969
258	74	915	96.0368933269
259	71	918	96.1270583872
260	76	925	96.2005070738
261	71	928	96.1939025451
262	70	931	96.269488195
263	66	938	96.2688872553
264	64	942	96.2799181551
265	67	946	96.3268055494
266	68	946	96.3934766328
267	73	947	96.3438442696
268	68	953	96.2472435157
269	65	957	96.2945446992
270	61	960	96.273929786
271	62	961	96.3555843838
272	60	967	96.3718963264
273	56	969	96.454010791
274	55	969	96.4571361814
275	59	973	96.3965031258
276	55	976	96.4445365917
277	54	982	96.4099420149
278	55	983	96.4037759551
279	59	990	96.3606207669
280	60	995	96.2890883905
281	59	996	96.3857780571
282	54	996	96.3826182433
283	53	1000	96.4594942014
284	52	1000	96.3838589962
285	50	1007	96.4263128227
286	50	1007	96.4862753972
287	55	1007	96.5429204276
288	59	1007	96.4977079339
289	60	1009	96.5519238117
290	56	1016	96.64878455
291	55	1022	96.6773426189
292	51	1028	96.6524852657
293	50	1032	96.654994185
294	50	1036	96.6997271338
295	52	1043	96.7392814844
296	55	1047	96.7776409626
297	50	1053	96.77428269
298	50	1054	96.708397345
299	53	1060	96.7118632348
300	57	1061	96.6877035809
301	57	1064	96.7835230743
302	56	1066	96.6888914707
303	53	1073	96.7283997025
304	51	1080	96.7054001327
305	51	1086	96.6655085799
306	50	1093	96.6141560747
307	50	1095	96.5870704846
308	52	1098	96.6850993824
309	50	1099	96.5956134434
310	51	1102	96.6808326645
311	50	1103	96.6037883917
312	52	1104	96.5793257135
313	50	1107	96.5727661278
314	51	1112	96.4867339494
315	52	1117	96.4357993629
316	57	1117	96.4383579762
317	57	1123	96.3531614662
318	55	1123	96.3912360139
319	59	1126	96.4747923153
320	64	1126	96.3930192825
321	62	1126	96.463706009
322	60	1127	96.4274689901
323	65	1127	96.5197628597
324	67	1130	96.4657906034
325	69	1137	96.4316811822
326	70	1141	96.4861823022
327	65	1145	96.4627518442
328	63	1147	96.5602611967
329	60	1154	96.5976567396
330	55	1155	96.5108082913
331	55	1158	96.4188860938
332	58	1162	96.3446835645
333	53	1167	96.3021316826
334	50	1170	96.3473160033
335	55	1175	96.4271373271
336	60	1176	96.4895015109
337	56	1180	96.5499636882
338	58	1185	96.4871130378
339	55	1192	96.4834899507
340	54	1194	96.5659801704
341	54	1195	96.5734245985
342	59	1202	96.6198859324
343	62	1204	96.5350291144
344	63	1206	96.4802434944
345	65	1209	96.5083373946
346	67	1213	96.5383487343
347	70	1214	96.6204186531
348	65	1215	96.5652128108
349	69	1219	96.5643665027
350	73	1223	96.644290185
351	70	1226	96.6188186824
352	72	1232	96.5967925454
353	76	1238	96.6511061262
354	71	1244	96.6293254384
355	68	1249	96.529503281
356	65	1253	96.5188204671
357	66	1253	96.5402557799
358	65	1260	96.5617831113
359	69	1265	96.5092371274
360	65	1272	96.5864776183
361	64	1273	96.4866862651
362	61	1275	96.5689833359
363	58	1279	96.5310729396
364	61	1280	96.5557495405
365	65	1280	96.6556500227
366	66	1281	96.7376454855
367	69	1288	96.7094844579
368	68	1291	96.6180809256
369	71	1298	96.5449712599
370	75	1300	96.5284311785
371	75	1306	96.4803099497
372	79	1312	96.4930281564
373	76	1317	96.3957454439
374	71	1318	96.4591949888
375	75	1319	96.4727231436
376	70	1320	96.4750851338
377	67	1327	96.5184484174
378	62	1330	96.486378514
379	65	1330	96.3878557985
380	60	1330	96.3131737625
381	58	1331	96.3922860611
382	61	1335	96.4526296081
383	65	1342	96.5390031858
384	69	1344	96.5705163851
385	69	1347	96.5167497296
386	71	1349	96.5398395524
387	75	1356	96.5434180968
388	73	1362	96.5764770472
389	78	1367	96.6009647326
390	78	1371	96.5637443143
391	82	1374	96.5262953353
392	79	1380	96.5938694213
393	74	1384	96.6862768963
394	72	1391	96.6124356042
395	68	1391	96.5880942113
396	67	1395	96.6357233675
397	69	1397	96.6213226103
398	68	1397	96.6261735141
399	72	1403	96.6735077533
400	71	1408	96.5948257821
401	66	1413	96.6195209944
402	64	1418	96.5727181557
403	59	1423	96.5884213197
404	56	1426	96.5754078568
405	58	1432	96.5353729277
406	58	1437	96.5587294291
407	59	1437	96.6220041407
408	64	1441	96.611624435
409	65	1441	96.6577327193
410	65	1445	96.683741399
411	63	1448	96.7741212387
412	61	1455	96.7731757905
413	62	1461	96.7768314802
414	64	1468	96.7522294904
415	60	1470	96.7006640208
416	56	1477	96.681217875
417	55	1477	96.7607277764
418	56	1483	96.8075050321
419	61	1490	96.7077644922
420	58	1493	96.6960559942
421	55	1498	96.6552956312
422	60	1499	96.7238133989
423	58	1500	96.6743212337
424	56	1502	96.5753331636
425	55	1502	96.567553913
426	58	1509	96.6130598736
427	59	1509	96.5277835246
428	60	1512	96.4280699915
429	63	1514	96.4758865419
430	67	1514	96.3994382897
431	63	1517	96.3963188696
432	58	1524	96.4820442932
433	56	1527	96.5099931346
434	56	1529	96.5025982527
435	61	1530	96.5652429091
436	60	1531	96.6167082849
437	61	1533	96.5365810501
438	65	1537	96.4812176313
439	63	1539	96.4342279869
440	66	1541	96.3969745678
441	69	1541	96.4958509163
442	67	1543	96.5381917649
443	71	1546	96.5252146582
444	75	1552	96.5890083885
445	73	1557	96.5789808827
446	73	1558	96.4874644249
447	68	1565	96.5312822942
448	69	1571	96.4455154854
449	65	1572	96.4045049663
450	69	1573	96.3431619789
451	65	1580	96.4424757979
452	61	1585	96.4525785043
453	61	1591	96.3909161825
454	64	1596	96.4748826143
455	62	1596	96.3929849449
456	60	1601	96.3352599183
457	64	1608	96.427954634
458	62	1609	96.3856344973
459	62	1615	96.485141123
460	67	1621	96.5397709284
461	68	1621	96.575805822
462	63	1622	96.6342389371
463	62	1627	96.6903291978
464	61	1629	96.7527151225
465	60	1635	96.8274672655
466	61	1640	96.8150684068
467	63	1645	96.8969637616
468	60	1652	96.9086626283
469	65	1653	96.8765542373
470	60	1660	96.7823303922
471	64	1664	96.6829936879
472	65	1670	96.6825227355
473	62	1676	96.6314768656
474	57	1678	96.555887437
475	54	1683	96.5802060825
476	50	1687	96.5342197592
477	52	1694	96.5631378118
478	54	1696	96.6144863414
479	59	1698	96.5507101118
480	63	1705	96.5983860619
481	59	1711	96.6145411287
482	59	1716	96.5937648249
483	54	1716	96.6389616461
484	51	1721	96.7367472868
485	50	1726	96.8043787284
486	50	1730	96.891171943
487	50	1736	96.9797171299
488	53	1743	96.8941129747
489	56	1743	96.838781507
490	54	1747	96.9315279053
491	56	1750	96.8734317629
492	58	1756	96.807396241
493	53	1762	96.8811777726
494	51	1769	96.7902110584
495	54	1771	96.8318605116
496	54	1773	96.7532251213
497	51	1775	96.8087971237
498	50	1776	96.9037220451
499	50	1783	96.9780179007
500	53	1789	97.0089200887
501	58	1789	96.9185646195
502	59	1791	96.8230995272
503	63	1793	96.7882670626
504	65	1794	96.835832503
505	62	1799	96.8077191867
506	64	1800	96.897962402
507	64	1803	96.9153359975
508	62	1806	96.8204402593
509	67	1809	96.9165736378
510	68	1813	96.9753942416
511	72	1820	97.0468439208
512	72	1822	97.0452712035
513	70	1825	97.0830647454
514	73	1825	97.1057177237
515	74	1826	97.0320207462
516	76	1830	97.0915095312
517	72	1831	97.1083427372
518	76	1832	97.0143319754
519	72	1837	97.0274315841
520	75	1843	97.0658014201
521	72	1848	97.0987616649
522	72	1854	97.085252
523	77	1860	97.0585198908
524	79	1866	97.0615776176
525	77	1866	97.1059759884
526	76	1872	97.1083995787
527	77	1878	97.1309466008
528	75	1882	97.1644972172
529	73	1888	97.1133309783
530	68	1891	97.123316245
531	72	1895	97.1947658692
532	75	1902	97.1731574635
533	74	1908	97.1352621564
534	71	1912	97.0965508334
535	70	1915	97.0119669864
536	72	1922	97.1074494058
537	70	1924	97.0607766912
538	70	1925	96.9749219097
539	69	1926	96.9290041464
540	65	1933	96.9783783455
541	61	1939	96.9378776802
542	60	1945	96.8480214235
543	61	1946	96.760009394
544	66	1953	96.7378587627
545	65	1954	96.6815146053
546	61	1960	96.5864362335
547	56	1962	96.5407675472
548	58	1968	96.5596943697
549	57	1971	96.5121239487
550	52	1978	96.5809254844
551	51	1979	96.5574843834
552	50	1981	96.5625492898
553	50	1988	96.5302722951
554	50	1991	96.5218482117
555	50	1996	96.4885490552
556	53	2003	96.4797173432
557	52	2009	96.5639483387
558	56	2010	96.6121621304
559	56	2016	96.6526009753
560	56	2022	96.6345191878
561	54	2025	96.6714507084
562	50	2026	96.7489760417
563	52	2026	96.7608934666
564	54	2026	96.8384384392
565	58	2032	96.8553831541
566	59	2039	96.7918094802
567	56	2044	96.8380809635
568	51	2046	96.8232795689
569	56	2053	96.8342251288
570	54	2054	96.9078388506
571	56	2057	96.8913059787
572	61	2057	96.9179212349
573	58	2062	96.9534906916
574	53	2066	97.0276021486
575	56	2066	97.0862377931
576	58	2070	97.1047556053
577	57	2074	97.0066133425
578	59	2077	96.9245120046
579	57	2079	96.9651602048
580	52	2083	97.0609532527
581	50	2084	96.9708234962
582	52	2091	96.9223362043
583	52	2097	97.0183562957
584	57	2102	96.9971869897
585	62	2108	96.9647522675
586	66	2111	96.8647608339
587	67	2113	96.8520451446
588	65	2115	96.879845663
589	63	2115	96.906014831
590	66	2118	96.9705733582
591	70	2120	97.0600443932
592	75	2120	96.9619319708
593	79	2125	97.0354501761
594	74	2128	97.0403532217
595	76	2130	96.9975692803
596	80	2132	96.9558837906
597	85	2139	96.8611637679
598	86	2146	96.8102162413
599	83	2148	96.7758074273
600	81	2155	96.7006061296
601	78	2155	96.7016662366
602	79	2160	96.6651742964
603	78	2160	96.760333422
604	74	2161	96.7248367178
605	71	2166	96.6423461125
606	74	2172	96.7282899378
607	75	2175	96.7026142388
608	80	2181	96.7804286331
609	77	2184	96.7649294104
610	77	2190	96.6903428369
611	77	2195	96.6871438123
612	82	2199	96.6586509157
613	87	2200	96.7321282924
614	90	2200	96.8116248024
615	94	2200	96.8530263568
616	95	2207	96.8560943125
617	96	2212	96.8113809817
618	95	2214	96.7260122655
619	94	2216	96.6740306617
620	91	2222	96.6940759042
621	86	2224	96.7745643634
622	81	2229	96.7396363031
623	81	2229	96.6705449151
624	85	2233	96.6719664807
625	85	2233	96.7025691741
626	81	2239	96.6902459527
627	82	2240	96.6605925024
628	80	2244	96.7391852686
629	82	2244	96.6582432737
630	87	2249	96.7260107173
631	87	2251	96.7817338178
632	91	2252	96.8675165852
633	94	2252	96.8484369354
634	91	2255	96.8694816319
635	94	2257	96.9478153938
636	98	2257	96.9514280177
637	96	2260	97.0178523383
638	100	2267	96.9282923529
639	98	2268	96.9505217194
640	101	2270	97.0350088784
641	104	2276	97.1233549038
642	106	2276	97.0646188957
643	103	2276	97.1375056343
644	103	2280	97.1265102995
645	99	2281	97.088512631
646	96	2284	97.0222366747
647	99	2291	97.1202859195
648	104	2294	97.0795344192
649	102	2300	97.1705167013
650	103	2305	97.0986995591
651	99	2310	97.0045756258
652	98	2311	96.9791962939
653	101	2312	96.9426468045
654	101	2318	96.983293906
655	100	2323	96.9468972633
656	98	2329	97.0069914181
657	95	2332	97.0817529114
658	94	2332	97.0785746354
659	99	2332	97.116524616
660	97	2333	97.0599679953
661	100	2339	97.0126392421
662	95	2343	97.0122740047
663	91	2343	97.002960677
664	87	2344	97.0694534274
665	91	2350	97.1606021706
666	96	2357	97.1053527894
667	93	2360	97.1166217315
668	91	2361	97.0602770273
669	90	2367	97.1307678597
670	87	2368	97.0602351825
671	86	2368	97.057664528
672	90	2371	97.0332247621
673	86	2376	97.0370468036
674	87	2379	97.1320721911
675	87	2380	97.1794296578
676	82	2380	97.108165634
677	86	2381	97.0403384693
678	90	2385	97.1183140661
679	91	2389	97.0820682801
680	86	2393	96.9993643151
681	86	2395	96.9959191811
682	91	2401	97.0064325464
683	87	2403	97.0413665081
684	83	2406	97.059172559
685	82	2406	97.1092212723
686	83	2409	97.0657018591
687	78	2415	97.0551104306
688	75	2419	97.0029183466
689	73	2421	97.0386837649
690	74	2422	97.0541219385
691	74	2429	97.0972769476
692	73	2436	97.0081046302
693	75	2438	96.9081254081
694	72	2441	96.9682750212
695	74	2445	96.9504484691
696	74	2448	96.9065274259
697	71	2449	96.971581912
698	67	2454	96.9138563243
699	69	2459	96.8154231947
700	67	2460	96.8510802423
701	71	2463	96.901814029
702	68	2464	96.9401577553
703	70	2467	96.9232959056
704	68	2469	96.9317997927
705	70	2472	97.0167499415
706	71	2473	96.9370429438
707	68	2479	97.0201671127
708	69	2482	97.0849457171
709	64	2484	97.1393486021
710	66	2484	97.2384721901
711	71	2489	97.3250887619
712	76	2490	97.2666354283
713	79	2492	97.3329815689
714	76	2493	97.2453848744
715	72	2496	97.2480381544
716	72	2501	97.1516144026
717	71	2508	97.0966685157
718	76	2513	96.9993162126
719	78	2514	97.0113450793
720	82	2517	96.9451274266
721	82	2518	96.9516979131
722	80	2524	96.9960938848
723	78	2524	97.0225114253
724	83	2524	97.0991230076
725	87	2527	97.015595994
726	87	2528	96.9203086106
727	83	2535	96.9136935086
728	86	2541	96.9835352398
729	82	2545	96.9668915733
730	87	2549	97.0636260444
731	87	2556	96.9806384196
732	82	2556	96.9465864388
733	83	2559	96.8813470057
734	88	2559	96.9218069695
735	90	2562	96.9789649737
736	88	2569	97.0460815744
737	93	2569	96.9892581509
738	88	2574	96.9637583547
739	88	2578	96.9475974577
740	85	2578	96.8728652098
741	87	2581	96.9457715925
742	84	2583	96.8817911051
743	82	2590	96.882666358
744	78	2593	96.8642561805
745	75	2599	96.8527503432
746	78	2603	96.8776058137
747	81	2603	96.9064237879
748	80	2605	96.987518497
749	84	2609	96.9653643856
750	83	2609	96.9393641491
751	86	2613	96.9475364303
752	81	2616	97.0295359358
753	86	2619	96.9834435992
754	87	2621	96.9732464862
755	84	2628	96.8864446472
756	80	2628	96.8495456249
757	79	2629	96.9019543632
758	74	2635	96.8195288909
759	71	2640	96.8113710041
760	68	2647	96.7414547597
761	71	2648	96.8064282514
762	74	2650	96.7262056154
763	69	2655	96.8042000079
764	68	2657	96.7167587551
765	72	2663	96.669116575
766	71	2667	96.6254421255
767	70	2667	96.6518404249
768	66	2669	96.6094720929
769	68	2676	96.5968855885
770	73	2682	96.6427780331
771	69	2686	96.6360028263
772	66	2688	96.7235193827
773	65	2695	96.6369674363
774	68	2696	96.5988936932
775	64	2699	96.5269876719
776	66	2705	96.5190327218
777	63	2709	96.4491235662
778	62	2709	96.4095620075
779	67	2716	96.3395230744
780	65	2719	96.3941939668
781	62	2722	96.4925331679
782	57	2722	96.463779633
783	61	2728	96.3766061173
784	58	2732	96.4005203901
785	57	2735	96.4107382982
786	57	2739	96.3947978898
787	62	2740	96.4429548006
788	62	2747	96.3823643185
789	64	2751	96.3727699658
790	61	2754	96.3160067558
791	65	2754	96.3240202045
792	69	2756	96.388417406
793	71	2759	96.414873639
794	70	2766	96.4285243572
795	71	2770	96.4121454049
796	70	2773	96.3931331358
797	75	2778	96.3505510761
798	71	2778	96.3945186595
799	72	2784	96.3981564349
800	74	2785	96.4499914853
801	69	2787	96.4907627538
802	71	2794	96.4517824559
803	75	2794	96.543667282
804	74	2800	96.6346553527
805	73	2806	96.687207634
806	73	2812	96.7244095732
807	71	2812	96.7805762554
808	70	2815	96.7831380946
809	71	2817	96.8395314319
810	69	2821	96.8418421667
811	65	2825	96.8803039776
812	61	2832	96.9406097836
813	58	2837	96.847634825
814	63	2839	96.7806209331
815	60	2843	96.8193145423
816	55	2844	96.8506049464
817	60	2848	96.8485731148
818	56	2852	96.9070264211
819	52	2858	97.0054485872
820	51	2858	97.0387115675
821	55	2860	97.051964141
822	56	2862	97.0465952437
823	61	2869	97.0469146386
824	62	2873	97.14011744
825	66	2873	97.0510840435
826	70	2877	97.0026897645
827	69	2881	96.9352828752
828	72	2885	96.953642371
829	77	2889	96.9299376734
830	79	2890	96.9719370865
831	76	2895	97.0213126423
832	81	2900	97.1050554404
833	85	2903	97.1539809305
834	85	2909	97.2091952738
835	85	2910	97.1778474013
836	87	2913	97.1417577047
837	89	2920	97.2179522113
838	89	2924	97.2057845846
839	93	2925	97.1713380549
840	91	2931	97.1400300736
841	92	2936	97.0719700927
842	87	2938	97.1391866551
843	90	2945	97.0857105232
844	87	2951	97.1066150423
845	82	2951	97.204583568
846	87	2955	97.2021838011
847	83	2962	97.2804033738
848	83	2963	97.2609215677
849	82	2970	97.1676797611
850	79	2971	97.093611213
851	76	2974	97.1900417845
852	75	2981	97.1328618818
853	74	2986	97.093136455
854	79	2986	97.0303607115
855	74	2992	97.0991706865
856	75	2992	97.0591112223
857	75	2999	97.0544631059
858	79	3005	96.9601418786
859	79	3010	96.9910843366
860	82	3016	96.9453508936
861	81	3023	96.8563300603
862	79	3027	96.8027654827
863	76	3030	96.7823721792
864	80	3030	96.8242516167
865	79	3033	96.7970295847
866	78	3033	96.7650908787
867	79	3037	96.7315306011
868	82	3040	96.7541503915
869	78	3041	96.7254979976
870	79	3042	96.7455066071
871	77	3046	96.6881865801
872	74	3050	96.7140642093
873	72	3051	96.6489439515
874	77	3051	96.678790641
875	72	3058	96.7697320727
876	70	3065	96.6716640034
877	70	3072	96.7412333096
878	70	3076	96.677329475
879	74	3081	96.5941302333
880	72	3087	96.5601408775
881	67	3093	96.5553263194
882	70	3094	96.6308927123
883	74	3095	96.5410164693
884	73	3100	96.4780483972
885	72	3101	96.3797508726
886	77	3103	96.460973015
887	81	3103	96.393788931
888	78	3103	96.3861074382
889	78	3104	96.3953847155
890	79	3104	96.3878328051
891	80	3105	96.3158675908
892	81	3111	96.3208784329
893	85	3117	96.3400509985
894	84	3123	96.4075383688
895	86	3126	96.3996613103
896	89	3130	96.3267839378
897	93	3132	96.2634217568
898	97	3135	96.2712067328
899	95	3142	96.1923390251
900	94	3145	96.2501038559
901	90	3151	96.159707776
902	86	3151	96.137725715
903	86	3152	96.1354405038
904	85	3159	96.1712897413
905	86	3166	96.1797813987
906	85	3170	96.1302979545
907	86	3174	96.2145290808
908	90	3177	96.238313593
909	92	3177	96.261791074
910	92	3184	96.2980364265
911	89	3189	96.3558049009
912	86	3194	96.3001515976
913	81	3194	96.2993801791
914	78	3194	96.309052543
915	73	3197	96.3658453758
916	78	3199	96.293585447
917	80	3205	96.3660801052
918	80	3212	96.335437156
919	76	3218	96.3266639444
920	80	3224	96.2739979312
921	79	3228	96.1914355936
922	80	3230	96.1928765776
923	76	3231	96.2437068294
924	79	3233	96.1697333341
925	80	3234	96.0872940955
926	80	3235	96.0074894887
927	83	3235	96.0728473818
928	80	3242	96.0764345032
929	78	3249	96.1126401799
930	79	3249	96.1167077038
931	81	3252	96.1032067854
932	77	3253	96.0923491475
933	73	3254	96.0897836109
934	74	3257	96.1398608538
935	69	3262	96.0983387696
936	67	3269	96.1486299861
937	62	3270	96.240372454
938	62	3270	96.2798845149
939	67	3277	96.3414511834
940	64	3280	96.3323939817
941	62	3283	96.3295168023
942	60	3288	96.2762700077
943	64	3292	96.2007134148
944	61	3298	96.1515205543
945	62	3304	96.1569020207
946	58	3307	96.1347469747
947	63	3311	96.0767870935
948	61	3313	96.0600166368
949	58	3318	96.1597155771
950	57	3318	96.083779951
951	56	3319	96.0912610816
952	59	3319	96.1213492873
953	61	3325	96.0542943736
954	59	3332	96.0528859576
955	61	3334	96.0261074742
956	56	3336	96.0215548154
957	54	3336	95.9263242528
958	51	3337	95.9235126201
959	50	3337	95.90066788
960	53	3341	95.9014588368
961	50	3344	95.839857591
962	52	3351	95.7774510206
963	55	3357	95.7582221401
964	50	3361	95.767015731
965	50	3362	95.6936280934
966	50	3364	95.6813068281
967	50	3364	95.6127104225
968	50	3368	95.6901666272
969	50	3372	95.639951096
970	53	3378	95.6848702393
971	51	3385	95.7593557335
972	54	3391	95.739318383
973	55	3397	95.7884541389
974	54	3398	95.8238507319
975	50	3403	95.738448979
976	50	3404	95.7989352361
977	54	3411	95.8355446383
978	58	3412	95.8589871127
979	63	3419	95.849345874
980	62	3419	95.9175784891
981	58	3419	95.9542061661
982	57	3426	95.8567484454
983	54	3433	95.7609483499
984	52	3435	95.7401944548
985	52	3436	95.7676572665
986	50	3440	95.7420463186
987	55	3445	95.7311049501
988	59	3448	95.6645429932
989	63	3448	95.6552275707
990	68	3452	95.6278863009
991	73	3457	95.6996377655
992	77	3457	95.7052528138
993	80	3462	95.7376231205
994	85	3464	95.8021714285
995	82	3467	95.7192655698
996	84	3471	95.708178504
997	79	3478	95.7457411748
998	82	3483	95.8387709562
999	86	3484	95.9196933325
1000	85	3487	95.9372957498
1001	83	3494	96.0351441698
1002	80	3496	95.9409272184
1003	83	3499	95.9988299444
1004	88	3502	96.0156359429
1005	86	3504	96.0948442754
1006	88	3506	96.0910318563
1007	84	3506	96.056783244
1008	88	3513	96.1287330181
1009	92	3520	96.070789682
1010	92	3526	96.031771404
1011	88	3533	96.0505085639
1012	92	3537	96.0580667464
1013	96	3544	96.1434260108
1014	99	3544	96.1874612711
1015	94	3551	96.0915773533
1016	96	3553	96.1186459171
1017	95	3554	96.0494276238
1018	96	3560	96.0793588202
1019	93	3564	96.0641707416
1020	92	3565	95.9858092903
1021	96	3568	96.0525205894
1022	98	3568	96.0922318165
1023	96	3572	96.0271724114
1024	92	3578	96.1101043839
1025	94	3582	96.0563934799
1026	92	3589	96.0178794858
1027	88	3594	96.0553848173
1028	91	3599	96.082287933
1029	95	3601	96.0840271829
1030	97	3606	96.174329676
1031	100	3608	96.2732491873
1032	103	3610	96.2358447774
1033	98	3614	96.1753183069
1034	95	3618	96.1077261958
1035	90	3619	96.167643772
1036	87	3620	96.1877436423
1037	87	3621	96.2193346405
1038	88	3622	96.1797163211
1039	91	3628	96.2250401567
1040	91	3629	96.278133425
1041	96	3636	96.1982917957
1042	92	3640	96.2715968814
1043	89	3646	96.3031710466
1044	92	3647	96.2358319769
1045	91	3649	96.2535310804
1046	87	3650	96.2382197212
1047	86	3656	96.270477828
1048	90	3662	96.1790626852
1049	88	3664	96.1560102552
1050	86	3670	96.1632803505
1051	86	3674	96.1835264077
1052	82	3674	96.1842220008
1053	83	3674	96.2069878289
1054	83	3679	96.1478459807
1055	79	3685	96.1870240966
1056	76	3690	96.1370276852
1057	74	3694	96.047874582
1058	75	3698	96.0443302747
1059	74	3701	95.9890561889
1060	77	3703	95.8962138293
1061	76	3708	95.952729979
1062	71	3714	95.8630116369
1063	67	3721	95.8887461863
1064	65	3728	95.9308068341
1065	63	3732	95.8359650891
1066	61	3733	95.920628354
1067	64	3739	95.9265324949
1068	61	3746	95.9118915491
1069	59	3748	95.9498425334
1070	54	3750	95.8650991588
1071	52	3755	95.9508966285
1072	50	3757	95.9497740708
1073	50	3763	95.9353481235
1074	54	3769	95.9172971674
1075	56	3775	95.9323934416
1076	55	3782	95.9534346775
1077	60	3785	96.0059165404
1078	58	3788	96.0648161577
1079	61	3791	95.9883518266
1080	61	3796	96.0488573293
1081	58	3797	95.9854140961
1082	54	3798	95.9776829259
1083	55	3805	96.051662574
1084	56	3805	95.9715234469
1085	52	3805	95.98317333
1086	50	3810	96.0098739205
1087	50	3811	95.9368871807
1088	50	3817	95.8841345634
1089	52	3817	95.7966740143
1090	54	3824	95.8211348681
1091	58	3830	95.7569844513
1092	63	3836	95.658426467
1093	61	3843	95.6707787535
1094	66	3849	95.6424316989
1095	61	3852	95.7382821058
1096	57	3858	95.6777041429
1097	52	3862	95.766725744
1098	56	3868	95.7918756507
1099	51	3872	95.7080023144
1100	56	3874	95.8048330998
1101	59	3880	95.7387404862
1102	57	3881	95.7700142048
1103	54	3883	95.6715776025
1104	53	3885	95.642036471
1105	54	3889	95.5649208937
1106	54	3895	95.5997408828
1107	50	3897	95.6109943789
1108	55	3904	95.6239945871
1109	56	3911	95.5433305842
1110	53	3917	95.4450333205
1111	52	3919	95.3679944216
1112	55	3925	95.4150644084
1113	58	3926	95.4714043139
1114	57	3930	95.3861593899
1115	58	3934	95.3579778398
1116	62	3939	95.3212844344
1117	66	3942	95.2549273571
1118	66	3942	95.2480423582
1119	65	3944	95.2124637757
1120	61	3948	95.1665951876
1121	62	3950	95.1872045775
1122	58	3955	95.2386000126
1123	55	3957	95.2961878043
1124	54	3961	95.2956220475
1125	56	3967	95.3865219316
1126	58	3967	95.385012612
1127	63	3971	95.4664882211
1128	62	3975	95.462311222
1129	61	3982	95.467730275
1130	61	3989	95.4954591469
1131	63	3995	95.3971879121
1132	62	4000	95.4284054006
1133	64	4006	95.4208529473
1134	69	4012	95.387037853
1135	74	4019	95.3218053602
1136	75	4021	95.3782862923
1137	75	4022	95.4427738089
1138	70	4024	95.3896352035
1139	70	4026	95.4658373497
1140	71	4026	95.4401864621
1141	70	4026	95.5277406779
1142	70	4031	95.5889902743
1143	72	4035	95.5072992926
1144	75	4038	95.599799922
1145	72	4039	95.697657021
1146	76	4043	95.6176104895
1147	74	4049	95.6630733714
1148	75	4054	95.7590902353
1149	72	4056	95.838995491
1150	75	4061	95.7503477706
1151	74	4061	95.7950244109
1152	70	4063	95.8010144364
1153	65	4069	95.7673845146
1154	65	4069	95.6828569748
1155	64	4074	95.6208893466
1156	64	4075	95.572393915
1157	68	4077	95.6179323892
1158	66	4084	95.6098187629
1159	71	4084	95.7030144941
1160	71	4087	95.6161683528
1161	67	4089	95.5644573374
1162	71	4094	95.510981935
1163	70	4094	95.5690630126
1164	74	4095	95.6453715854
1165	77	4102	95.6441495566
1166	76	4104	95.6257281401
1167	80	4110	95.7126472921
1168	77	4116	95.7257563847
1169	81	4118	95.8004005308
1170	78	4118	95.7113399373
1171	80	4120	95.6361274414
1172	81	4125	95.5623906567
1173	77	4131	95.5725166971
1174	77	4136	95.4788282784
1175	73	4143	95.544460987
1176	76	4147	95.594699637
1177	73	4153	95.6712072901
1178	69	4157	95.703714352
1179	74	4162	95.7258619943
1180	70	4163	95.7031031251
1181	68	4163	95.7154232353
1182	68	4167	95.6797755342
1183	65	4169	95.6447325267
1184	69	4171	95.6347141695
1185	73	4178	95.6733778149
1186	70	4180	95.6633845955
1187	72	4184	95.676893565
1188	70	4186	95.6735897334
1189	72	4189	95.7699898807
1190	70	4194	95.859505702
1191	74	4198	95.8631981888
1192	72	4200	95.8311272856
1193	76	4205	95.8447659829
1194	75	4210	95.8647611375
1195	72	4213	95.9214278866
1196	76	4216	95.9921200161
1197	74	4216	95.9060036382
1198	74	4223	95.9334641499
1199	75	4227	95.9884790913
1200	72	4234	95.9592317138
1201	68	4240	95.9305668879
1202	72	4247	95.8876666867
1203	77	4247	95.9161085457
1204	81	4253	96.0101633094
1205	86	4256	95.9766753537
1206	85	4261	95.9741783673
1207	86	4268	95.9466418477
1208	81	4271	95.8590135462
1209	79	4277	95.9476621279
1210	82	4278	95.8579953831
1211	83	4278	95.9151425957
1212	87	4283	96.0066093414
1213	85	4285	96.0888205583
1214	86	4291	96.0176980694
1215	83	4293	95.9720943404
1216	81	4296	96.0502241551
1217	81	4298	96.1427693611
1218	85	4301	96.1098114035
1219	83	4301	96.1259078783
1220	79	4304	96.0933363373
1221	83	4311	96.1868833936
1222	78	4312	96.1849200689
1223	77	4317	96.1952059034
1224	74	4320	96.1495897752
1225	73	4324	96.2334729642
1226	77	4328	96.2098832551
1227	73	4331	96.1885902229
1228	74	4336	96.2122999588
1229	74	4341	96.1723369427
1230	73	4347	96.1250452967
1231	68	4348	96.1270706279
1232	64	4353	96.189945812
1233	66	4353	96.1259015654
1234	70	4353	96.0812906315
1235	69	4353	96.0415780489
1236	64	4353	96.1223498516
1237	66	4356	96.1801587429
1238	65	4363	96.1734118444
1239	62	4370	96.2394184893
1240	64	4370	96.2910026079
1241	67	4371	96.2493178878
1242	70	4374	96.1767097504
1243	68	4376	96.1181245155
1244	66	4379	96.1776804282
1245	61	4382	96.1438997849
1246	57	4389	96.2019768344
1247	57	4394	96.2270681008
1248	54	4395	96.2818985115
1249	53	4396	96.1857220753
1250	50	4397	96.1442634417
1251	50	4403	96.2038022702
1252	55	4405	96.1563620324
1253	58	4406	96.2158266507
1254	55	4407	96.1934617253
1255	60	4410	96.2308476536
1256	65	4416	96.2160829763
1257	70	4422	96.3024768124
1258	75	4422	96.2244603928
1259	78	4426	96.1886326882
1260	74	4429	96.1475390911
1261	73	4430	96.1160742402
1262	74	4437	96.2133457124
1263	74	4444	96.2798601051
1264	70	4446	96.1963153988
1265	75	4450	96.2682471629
1266	76	4455	96.2616189168
1267	81	4459	96.2490818651
1268	85	4460	96.342146252
1269	86	4463	96.3031989602
1270	91	4467	96.3962583833
1271	94	4471	96.4583700368
1272	92	4471	96.4507183728
1273	93	4476	96.3645786019
1274	95	4481	96.4495347238
1275	99	4484	96.4654009747
1276	102	4490	96.5064498731
1277	100	4490	96.5452881435
1278	102	4495	96.6097197564
1279	100	4496	96.5991766798
1280	104	4501	96.531840796
1281	108	4501	96.6051797022
1282	106	4504	96.6917662992
1283	101	4508	96.6760676772
1284	103	4509	96.6141499052
1285	101	4511	96.6777295375
1286	100	4518	96.6655191788
1287	103	4523	96.7633815086
1288	98	4528	96.7681040295
1289	97	4530	96.8642915847
1290	102	4533	96.9186282445
1291	100	4534	96.8277209472
1292	102	4534	96.8057767722
1293	106	4539	96.7958391683
1294	108	4540	96.8630518973
1295	103	4546	96.9272385356
1296	100	4549	96.9632393211
1297	99	4552	96.9838108433
1298	94	4558	96.9646179385
1299	93	4565	97.0486832552
1300	97	4570	97.0425712775
1301	93	4570	97.0529310228
1302	94	4573	97.1094147339
1303	93	4579	97.0682368785
1304	95	4581	97.0788149838
1305	92	4582	97.101353715
1306	87	4588	97.1847329907
1307	84	4595	97.139563516
1308	80	4598	97.1877455589
1309	78	4599	97.2815912964
1310	81	4604	97.3579391913
1311	79	4608	97.2892801884
1312	81	4613	97.3271990012
1313	76	4617	97.2874668837
1314	73	4620	97.2988248374
1315	73	4624	97.3323154646
1316	71	4625	97.3815155459
1317	73	4626	97.4732628296
1318	76	4628	97.4718480004
1319	78	4635	97.5203686689
1320	80	4636	97.4263145099
1321	85	4641	97.4325646666
1322	84	4648	97.4618982365
1323	88	4648	97.4777387463
1324	87	4651	97.5363999677
1325	82	4653	97.4766571968
1326	84	4656	97.492102434
1327	86	4660	97.4341295228
1328	91	4663	97.4106978726
1329	92	4669	97.3602025687
1330	93	4669	97.3152213502
1331	91	4675	97.337022038
1332	91	4677	97.352626252
1333	95	4679	97.2909447917
1334	93	4686	97.2289526299
1335	92	4690	97.1935607634
1336	91	4693	97.1438376465
1337	91	4700	97.0442259727
1338	96	4707	97.1049141004
1339	99	4713	97.1528140574
1340	94	4718	97.0703083884
1341	89	4721	97.1082807426
1342	89	4721	97.1061513623
1343	92	4722	97.0390038935
1344	94	4724	96.9610960835
1345	96	4730	96.9848090257
1346	97	4730	96.9308924345
1347	102	4731	97.0270503965
1348	107	4738	96.9523377101
1349	104	4741	96.9184041885
1350	105	4744	96.9784649276
1351	110	4745	96.9608365321
1352	109	4748	97.0215216787
1353	109	4755	97.0387299006
1354	105	4757	97.0116592852
1355	100	4758	96.9299508974
1356	102	4759	97.0213099919
1357	99	4763	96.954038273
1358	101	4770	96.9970659044
1359	101	4774	96.9851081713
1360	100	4779	96.9148508512
1361	97	4780	96.9813517277
1362	93	4781	97.0433856221
1363	93	4787	96.9840314762
1364	90	4791	96.899440735
1365	89	4791	96.899111331
1366	86	4796	96.978261039
1367	86	4803	97.0630379174
1368	85	4805	97.0391996568
1369	88	4807	97.0798887832
1370	90	4812	97.0211126494
1371	91	4812	96.9696753552
1372	95	4815	96.8761156001
1373	97	4821	96.9445823867
1374	94	4825	96.915762876
1375	93	4825	96.9178750904
1376	97	4825	96.9554507232
1377	94	4830	96.9040182124
1378	91	4830	96.9671131548
1379	86	4830	97.0390826128
1380	90	4833	97.0463431536
1381	95	4839	97.0009759862
1382	90	4845	96.9389617385
1383	94	4849	96.8568200353
1384	94	4851	96.8616745208
1385	89	4853	96.8409862383
1386	87	4858	96.9140174662
1387	88	4861	96.8340506269
1388	87	4862	96.7456226872
1389	89	4864	96.7372776996
1390	87	4865	96.8322548442
1391	82	4872	96.9037622705
1392	86	4878	96.9473962934
1393	86	4882	96.8563870898
1394	89	4882	96.7924963165
1395	91	4882	96.8877943892
1396	86	4887	96.8911204789
1397	87	4889	96.8917661857
1398	85	4892	96.8577163201
1399	80	4893	96.904776098
1400	76	4898	96.9182370903
1401	78	4899	96.847590236
1402	79	4903	96.8631324407
1403	74	4907	96.8924223691
1404	71	4909	96.8884745391
1405	76	4911	96.8031244825
1406	79	4912	96.7295892325
1407	82	4918	96.769651128
1408	86	4925	96.6964580177
1409	90	4932	96.6149856713
1410	85	4932	96.5607277198
1411	89	4932	96.483045788
1412	92	4938	96.5720697897
1413	94	4941	96.5075747445
1414	95	4941	96.4968186955
1415	92	4941	96.4899919132
1416	92	4941	96.5653356624
1417	92	4941	96.5827235061
1418	87	4944	96.6236908818
1419	83	4945	96.6424693351
1420	81	4951	96.6713834238
1421	76	4957	96.6805184986
1422	78	4964	96.7313969054
1423	80	4966	96.7442627981
1424	85	4972	96.6738789622
1425	90	4972	96.6712562735
1426	90	4975	96.5756799612
1427	94	4982	96.5605795231
1428	95	4982	96.6339287535
1429	100	4988	96.6879447623
1430	104	4989	96.6166816756
1431	103	4993	96.5530414625
1432	105	4998	96.539484487
1433	105	5001	96.4565761827
1434	109	5004	96.3576782787
1435	106	5011	96.3623020868
1436	101	5015	96.3939413075
1437	102	5017	96.3390964748
1438	106	5020	96.2797363788
1439	109	5022	96.2858043638
1440	108	5027	96.2094861142
1441	108	5032	96.2999547692
1442	103	5037	96.3225426811
1443	104	5037	96.2242988745
1444	103	5040	96.3024602043
1445	107	5042	96.3107709302
1446	111	5046	96.2514558422
1447	106	5051	96.1773995462
1448	102	5057	96.146425509
1449	101	5064	96.1386596479
1450	104	5068	96.2291900081
1451	103	5072	96.2148810202
1452	102	5073	96.280611041
1453	99	5077	96.3048687858
1454	94	5077	96.370232741
1455	94	5079	96.3357546583
1456	99	5084	96.2743450288
1457	100	5086	96.3341426589
1458	100	5089	96.299391152
1459	97	5096	96.2504310911
1460	101	5100	96.2671391472
1461	105	5105	96.2585569347
1462	104	5111	96.1832006517
1463	107	5111	96.2213906336
1464	104	5113	96.289156481
1465	104	5113	96.2491488107
1466	107	5120	96.2534228661
1467	104	5127	96.3258120768
1468	109	5131	96.3860890143
1469	111	5136	96.4136293494
1470	109	5136	96.4870435585
1471	113	5136	96.501101646
1472	116	5140	96.4866220622
1473	118	5147	96.4539836321
1474	116	5147	96.3570261728
1475	111	5148	96.258734478
1476	116	5152	96.3105025758
1477	118	5154	96.3809804002
1478	115	5157	96.4525320128
1479	120	5160	96.509191117
1480	117	5167	96.6011099073
1481	112	5174	96.6316530227
1482	117	5181	96.687195597
1483	120	5187	96.5928745026
1484	118	5189	96.5996570534
1485	114	5190	96.6869616958
1486	110	5195	96.5892960106
1487	112	5199	96.5519103167
1488	109	5201	96.6206129332
1489	112	5203	96.5450398509
1490	117	5205	96.5559041141
1491	120	5206	96.4629054872
1492	122	5209	96.4081631942
1493	121	5210	96.319596444
1494	117	5211	96.2595384331
1495	122	5212	96.2295402695
1496	118	5216	96.157613081
1497	123	5218	96.2158538993
1498	128	5220	96.2371099144
1499	125	5223	96.3135556502
1500	122	5228	96.4006332971
1501	126	5228	96.3883700794
1502	121	5228	96.418355422
1503	118	5229	96.4902966113
1504	115	5231	96.5497220822
1505	113	5232	96.5240188858
1506	108	5239	96.4347027405
1507	108	5241	96.3663643185
1508	103	5248	96.3596309349
1509	100	5251	96.3208235804
1510	98	5252	96.3624612861
1511	93	5258	96.3618773321
1512	90	5265	96.2697537354
1513	89	5265	96.2601439433
1514	92	5265	96.2058628908
1515	88	5270	96.2715987402
1516	93	5273	96.2039393855
1517	92	5276	96.1301964717
1518	94	5278	96.2159920208
1519	94	5281	96.2658420207
1520	90	5285	96.2601375198
1521	93	5289	96.1708981163
1522	88	5290	96.0822189946
1523	83	5291	96.1270560451
1524	85	5294	96.22277179
1525	81	5301	96.1548254554
1526	83	5308	96.1532568994
1527	80	5312	96.2040144387
1528	80	5318	96.2807701343
1529	84	5325	96.3103203336
1530	88	5325	96.2388223227
1531	86	5326	96.2466205217
1532	82	5330	96.3326967238
1533	77	5332	96.3655816556
1534	75	5338	96.3758473185
1535	71	5341	96.4000565162
1536	76	5344	96.3544723622
1537	80	5344	96.289666543
1538	84	5350	96.2815368977
1539	80	5351	96.3774113044
1540	82	5356	96.4131801078
1541	77	5361	96.3692170917
1542	76	5366	96.420674219
1543	71	5368	96.5161172292
1544	72	5375	96.5441817229
1545	70	5378	96.5476589647
1546	67	5383	96.6458765871
1547	71	5383	96.6171319983
1548	74	5390	96.6466274633
1549	79	5397	96.6179238239
1550	81	5402	96.700274072
1551	80	5403	96.7799659022
1552	76	5406	96.710774718
1553	79	5406	96.7562859988
1554	81	5406	96.7746184678
1555	83	5412	96.7156334621
1556	78	5412	96.7022272605
1557	80	5413	96.6224227701
1558	77	5420	96.713611022
1559	72	5420	96.7879473439
1560	69	5426	96.8275069907
1561	65	5429	96.7636641168
1562	67	5433	96.7601717601
1563	65	5438	96.7593571174
1564	62	5439	96.667551826
1565	65	5439	96.7341757465
1566	60	5445	96.8026748941
1567	59	5452	96.7977506946
1568	63	5455	96.7526518444
1569	62	5462	96.7235217357
1570	60	5464	96.8193546885
1571	65	5464	96.8950498856
1572	70	5467	96.9240841417
1573	66	5470	96.8632887719
1574	71	5476	96.7670037151
1575	76	5477	96.7427564223
1576	71	5479	96.6456771854
1577	69	5479	96.6281052358
1578	73	5483	96.5745093727
1579	70	5488	96.5354955759
1580	69	5491	96.4679372835
1581	66	5493	96.3765171091
1582	66	5494	96.3923417763
1583	65	5501	96.3277287568
1584	66	5505	96.3138691222
1585	66	5512	96.3963166126
1586	70	5516	96.4323257812
1587	70	5517	96.4622892531
1588	75	5519	96.4424603431
1589	74	5526	96.5149596082
1590	76	5529	96.4899691228
1591	81	5535	96.4652492641
1592	81	5539	96.4940017046
1593	81	5544	96.5817725694
1594	84	5548	96.6426356394
1595	86	5555	96.7304564298
1596	81	5561	96.8178215152
1597	86	5561	96.8530696401
1598	89	5561	96.8352114374
1599	88	5567	96.8286161253
1600	83	5567	96.7558554793
1601	87	5574	96.7005563078
1602	87	5580	96.7902152551
1603	89	5581	96.7073091711
1604	91	5586	96.663885286
1605	91	5593	96.6580361158
1606	96	5596	96.5815004454
1607	98	5598	96.6147931354
1608	94	5601	96.675259503
1609	89	5608	96.5898554781
1610	84	5612	96.5026219266
1611	81	5617	96.5166987078
1612	81	5619	96.4404653948
1613	78	5620	96.5007151003
1614	79	5622	96.5369984509
1615	74	5622	96.5499601767
1616	79	5625	96.5336004077
1617	81	5625	96.5075604675
1618	82	5626	96.4892436061
1619	87	5626	96.4651213363
1620	92	5627	96.5196693795
1621	91	5629	96.5655458365
