1	127	2.62	5.000
2	127	2.35	4.371
3	126	2.60	4.381
4	127	2.77	4.662
5	126	2.79	4.614
6	123	1.80	3.838
7	121	2.37	4.093
8	120	1.74	3.889
9	120	2.36	4.018
10	120	2.53	4.459
11	118	1.94	3.541
12	118	2.16	3.949
13	119	1.72	3.400
14	121	2.64	3.776
15	122	1.78	3.713
16	123	1.93	4.436
17	123	2.04	4.654
18	123	2.67	3.818
19	122	2.50	4.227
20	121	2.41	4.386
21	120	2.59	3.596
22	122	2.57	4.314
23	124	1.81	3.957
24	126	2.32	4.916
25	123	2.30	3.795
26	123	2.13	4.233
27	120	1.91	4.145
28	122	1.82	3.778
29	121	1.89	4.225
30	118	1.90	3.321
31	119	2.57	3.804
32	119	2.13	3.465
33	121	2.06	3.979
34	120	2.38	3.945
35	119	1.99	3.856
36	120	1.97	3.717
37	120	2.41	3.497
38	121	1.88	3.933
39	119	2.40	4.134
40	117	2.47	3.516
41	116	2.22	4.038
42	117	2.48	4.165
43	119	1.66	3.489
44	122	2.20	4.056
45	122	2.28	4.648
46	125	2.16	4.761
47	127	2.43	4.643
48	125	2.54	4.232
49	124	2.38	4.532
50	123	2.17	4.721
51	122	2.62	4.644
52	123	2.63	4.580
53	121	2.68	3.888
54	124	2.58	4.095
55	124	2.05	4.106
56	124	1.87	4.481
57	123	2.22	4.365
58	121	2.47	3.628
59	121	1.83	4.132
60	121	1.92	3.990
61	119	2.41	3.389
62	120	1.85	3.988
63	118	2.07	3.898
64	118	2.31	3.633
65	120	2.14	3.690
66	122	2.31	4.655
67	125	1.93	4.885
68	122	2.51	3.748
69	122	2.44	3.796
70	121	2.34	4.468
71	121	2.03	4.431
72	124	2.29	4.104
73	121	2.42	4.272
74	123	2.13	4.359
75	126	2.20	4.772
76	125	2.63	4.114
77	122	2.40	4.309
78	121	2.62	4.131
79	119	2.40	4.154
80	119	1.77	3.359
81	119	1.65	3.556
82	122	2.66	4.617
83	119	2.38	4.019
84	120	2.55	4.249
85	119	2.38	3.707
86	117	2.29	3.632
87	118	1.94	3.956
88	118	1.68	3.905
89	119	2.15	3.363
90	119	2.33	3.457
91	122	2.18	4.115
92	124	2.59	4.124
93	121	2.35	4.547
94	119	1.89	3.830
95	121	2.37	4.088
96	123	2.39	4.407
97	126	2.76	4.852
98	127	2.79	5.245
99	124	2.11	4.857
100	122	2.03	4.335
101	124	2.24	4.874
102	127	2.84	5.043
103	126	2.31	4.142
104	125	2.50	4.409
105	123	2.59	3.834
106	124	2.58	4.355
107	122	1.86	4.006
108	121	2.45	3.656
109	120	1.67	3.931
110	117	1.97	3.493
111	114	1.71	3.430
112	117	2.26	3.975
113	115	1.54	3.552
114	113	1.95	3.749
115	113	1.99	2.948
116	114	1.99	3.544
117	117	1.82	3.377
118	118	1.79	3.703
119	115	1.97	3.955
120	112	1.69	2.851
121	112	1.89	3.590
122	113	1.88	3.584
123	112	2.23	2.820
124	110	1.52	3.027
125	108	2.32	2.510
126	105	2.01	2.530
127	102	1.55	2.336
128	101	1.53	2.356
129	102	1.72	2.087
130	102	2.18	2.938
131	104	1.85	2.721
132	103	1.29	2.751
133	103	1.92	3.049
134	106	1.40	2.372
135	106	2.27	3.090
136	106	1.33	2.764
137	105	1.43	3.076
138	107	1.90	2.923
139	105	1.87	2.271
140	104	1.76	3.077
141	107	1.64	2.864
142	106	1.32	2.533
143	103	1.28	2.744
144	101	2.01	2.681
145	101	1.23	2.690
146	101	2.07	2.452
147	103	1.49	3.037
148	105	1.55	2.301
149	108	2.34	3.124
150	110	1.52	3.459
151	108	2.00	2.772
152	109	1.95	2.803
153	111	1.79	3.446
154	111	1.95	2.666
155	112	1.66	3.217
156	111	2.28	3.283
157	111	2.11	3.128
158	112	2.21	2.933
159	113	1.68	3.354
160	113	2.15	3.175
161	112	1.88	2.867
162	113	1.90	3.193
163	112	1.61	3.287
164	109	2.33	3.116
165	106	1.39	3.061
166	109	1.52	2.725
167	106	2.15	2.846
168	106	1.68	2.599
169	106	1.33	2.747
170	109	1.79	3.246
171	111	1.68	3.591
172	110	2.38	3.531
173	109	1.83	3.243
174	110	2.08	3.533
175	107	1.78	2.526
176	109	1.87	2.689
177	107	1.72	3.233
178	106	1.91	2.415
179	104	1.78	2.907
180	102	1.62	2.227
181	99	1.96	2.032
182	102	2.05	2.149
183	104	1.71	2.580
184	104	2.26	2.867
185	102	1.25	2.959
186	103	1.70	2.757
187	102	1.65	2.617
188	100	1.77	2.147
189	100	2.01	2.018
190	103	1.29	2.180
191	101	1.63	2.233
192	99	1.38	2.333
193	99	1.48	2.824
194	100	1.22	2.016
195	99	1.39	2.785
196	102	1.43	2.155
197	99	1.97	2.524
198	97	1.89	2.336
199	100	1.24	2.878
200	98	1.60	1.914
201	99	1.97	2.628
202	102	1.50	2.999
203	105	2.00	2.899
204	107	1.46	2.609
205	108	1.43	2.476
206	105	1.35	2.422
207	105	1.54	3.195
208	105	1.65	2.484
209	108	1.73	3.114
210	110	1.98	2.898
211	108	1.87	3.360
212	110	1.44	3.208
213	108	1.54	3.070
214	105	1.38	2.610
215	105	1.29	2.429
216	103	1.54	2.456
217	102	2.20	2.659
218	102	1.37	2.120
219	105	2.21	2.813
220	103	1.69	2.710
221	103	1.65	2.287
222	103	1.81	2.259
223	104	2.05	2.545
224	101	1.71	2.555
225	102	2.17	2.603
226	101	1.31	2.321
227	103	2.17	2.984
228	104	1.86	2.293
229	106	1.83	2.441
230	106	1.43	2.414
231	106	1.43	3.053
232	108	2.11	2.749
233	110	1.60	3.143
234	108	2.00	3.215
235	109	1.62	2.972
236	112	2.06	2.825
237	112	1.93	3.180
238	111	1.50	3.632
239	114	1.51	3.504
240	111	2.27	2.876
241	114	1.79	3.716
242	111	1.62	2.786
243	112	2.30	2.742
244	109	2.11	3.388
245	108	2.30	2.928
246	111	1.90	3.429
247	113	1.65	3.792
248	111	2.02	3.364
249	109	2.16	2.945
250	106	1.33	2.652
251	106	1.97	3.073
252	109	1.72	3.184
253	107	1.81	3.317
254	104	2.04	3.058
255	103	1.46	2.252
256	102	2.21	2.660
257	105	2.05	2.275
258	104	1.60	2.902
259	101	2.09	2.236
260	98	1.31	2.501
261	98	2.12	2.342
262	95	1.46	1.827
263	92	1.45	2.327
264	91	1.10	1.720
265	92	1.30	2.334
266	92	1.55	1.634
267	91	1.26	1.925
268	90	1.29	1.913
269	93	1.63	1.929
270	92	1.62	2.369
271	89	1.61	2.198
272	87	1.09	1.794
273	85	1.47	1.351
274	85	0.93	1.987
275	88	1.54	1.473
276	88	1.44	2.103
277	87	1.36	1.354
278	85	1.75	1.297
279	88	1.16	1.632
280	86	1.59	1.809
281	84	0.93	2.029
282	85	1.31	1.833
283	88	1.85	1.741
284	85	1.50	2.195
285	88	1.47	2.085
286	89	1.18	2.364
287	91	1.21	2.376
288	92	1.76	2.317
289	93	1.36	1.553
290	94	2.02	2.294
291	96	2.05	2.062
292	96	1.34	2.546
293	97	1.91	2.548
294	98	1.40	2.012
295	98	1.71	2.688
296	98	2.11	2.093
297	98	2.00	2.660
298	97	1.87	2.663
299	98	1.37	2.628
300	99	1.45	2.497
301	96	1.14	1.999
302	95	1.88	1.727
303	96	1.63	2.583
304	95	1.80	2.289
305	98	1.25	2.304
306	98	1.36	2.658
307	101	2.16	2.533
308	99	1.63	2.472
309	102	1.82	2.716
310	99	1.47	2.344
311	98	1.81	2.478
312	99	1.34	2.539
313	96	1.75	2.627
314	95	1.67	2.586
315	96	1.99	1.848
316	99	1.27	2.691
317	98	1.94	2.755
318	100	1.96	2.402
319	102	1.66	2.487
320	103	2.19	2.178
321	106	2.02	2.598
322	109	2.02	2.764
323	108	2.34	2.918
324	109	1.57	2.768
325	111	1.60	2.929
326	109	2.11	3.451
327	108	1.63	2.527
328	108	1.98	3.397
329	110	2.38	2.872
330	111	1.79	3.509
331	109	1.93	3.065
332	106	2.12	3.153
333	108	1.77	2.464
334	108	1.52	3.093
335	110	2.29	2.628
336	107	2.15	2.950
337	107	1.66	3.203
338	109	1.59	2.922
339	107	2.27	2.935
340	109	2.25	3.272
341	112	2.19	3.553
342	112	1.78	2.704
343	113	1.78	3.118
344	111	1.49	3.057
345	109	2.34	2.482
346	109	1.44	2.690
347	108	1.66	3.155
348	111	2.10	2.843
349	111	1.76	2.785
350	108	1.57	2.853
351	109	2.05	3.455
352	112	2.22	3.604
353	110	2.33	3.045
354	113	2.09	3.671
355	116	1.81	3.550
356	114	1.57	3.316
357	114	1.73	3.028
358	115	1.52	3.796
359	112	2.01	3.452
360	115	1.72	3.769
361	117	2.52	3.903
362	115	2.41	3.298
363	116	2.12	3.137
364	119	1.72	4.203
365	117	2.29	3.406
366	115	2.19	3.398
367	117	2.09	4.095
368	118	2.46	3.927
369	116	2.15	3.611
370	118	2.28	3.638
371	115	1.97	3.241
372	113	1.56	3.144
373	112	1.62	3.607
374	112	1.73	2.984
375	113	1.85	3.196
376	110	1.53	3.528
377	111	2.29	2.983
378	110	1.48	2.651
379	112	1.52	3.405
380	112	1.94	3.278
381	115	1.72	3.871
382	118	2.37	3.824
383	117	2.00	3.776
384	114	2.02	3.820
385	112	1.94	3.285
386	109	2.20	3.270
387	108	1.38	3.151
388	105	2.02	3.097
389	104	1.58	2.486
390	102	1.69	2.496
391	103	1.60	2.518
392	105	1.37	2.621
393	102	2.20	2.649
394	103	1.39	2.618
395	106	1.41	3.044
396	105	1.74	2.532
397	108	1.96	3.371
398	106	1.96	2.612
399	104	1.58	2.648
400	104	2.24	2.324
401	101	1.37	2.376
402	103	1.90	2.429
403	103	1.81	2.212
404	102	1.41	2.050
405	103	2.23	2.181
406	105	1.74	2.933
407	103	2.02	2.579
408	105	2.12	2.606
409	102	1.71	2.224
410	101	2.06	2.683
411	104	1.31	3.039
412	107	2.31	2.643
413	104	2.26	2.739
414	101	1.29	1.956
415	102	2.09	2.217
416	100	1.27	2.480
417	103	1.49	2.521
418	101	1.43	2.577
419	100	1.50	1.895
420	101	1.97	2.248
421	99	1.68	2.310
422	100	1.62	2.047
423	102	1.85	2.882
424	101	1.52	2.191
425	103	2.06	2.396
426	105	2.11	2.296
427	102	1.31	2.372
428	99	1.21	2.498
429	97	2.06	2.030
430	95	1.37	2.098
431	98	1.59	2.058
432	101	1.26	2.224
433	104	1.84	2.437
434	102	1.83	2.564
435	104	2.23	2.627
436	102	1.63	2.208
437	100	1.54	2.000
438	98	1.47	2.088
439	96	1.53	2.606
440	96	1.46	1.680
441	95	1.48	2.265
442	92	1.30	2.200
443	94	1.80	2.356
444	96	1.59	2.138
445	93	2.00	2.064
446	93	1.55	1.641
447	95	1.60	2.250
448	95	1.23	2.344
449	98	1.21	2.514
450	99	1.60	1.977
451	97	1.86	2.547
452	95	2.01	2.254
453	92	1.04	2.308
454	92	1.99	1.562
455	95	1.73	2.213
456	98	2.07	2.523
457	97	1.57	1.943
458	94	1.29	2.103
459	94	1.73	1.878
460	91	1.71	1.618
461	93	1.61	2.518
462	96	1.19	2.586
463	93	1.06	1.788
464	96	1.85	2.550
465	96	1.22	2.498
466	99	1.32	2.379
467	99	1.80	2.716
468	102	2.10	2.916
469	102	1.60	2.494
470	102	1.72	2.421
471	105	1.80	2.299
472	108	2.29	2.754
473	105	1.97	2.505
474	105	1.33	2.462
475	106	1.94	2.311
476	109	2.10	2.627
477	110	2.21	3.158
478	111	2.26	3.504
479	108	1.57	2.434
480	105	1.69	2.740
481	107	1.41	3.117
482	107	1.99	2.920
483	104	1.40	2.289
484	101	2.07	2.663
485	103	1.77	2.129
486	104	1.99	2.546
487	105	1.33	2.732
488	107	1.34	2.360
489	104	1.71	3.008
490	107	1.88	3.308
491	108	1.55	2.989
492	111	1.56	3.549
493	111	2.41	3.053
494	108	1.37	2.416
495	111	2.12	3.424
496	108	1.92	2.856
497	110	1.99	3.522
498	110	1.41	3.308
499	112	2.07	3.235
500	114	2.08	3.012
501	114	1.87	3.849
502	112	1.56	3.176
503	113	2.17	3.238
504	111	1.97	3.212
505	111	1.93	3.563
506	108	1.41	3.152
507	107	2.14	2.871
508	110	2.25	3.068
509	113	1.57	3.175
510	115	2.41	3.561
511	118	1.89	4.217
512	116	2.28	3.767
513	114	1.71	3.740
514	115	1.98	3.566
515	118	2.41	4.081
516	120	1.93	4.286
517	123	2.19	3.961
518	126	2.70	4.197
519	126	2.16	4.212
520	126	2.69	5.029
521	123	2.20	4.374
522	123	2.42	4.177
523	120	2.37	3.441
524	118	2.37	3.395
525	121	2.67	3.935
526	122	2.33	3.880
527	122	2.52	4.518
528	125	2.41	4.008
529	126	2.35	4.357
530	127	2.05	4.523
531	127	2.24	4.324
532	127	2.71	4.448
533	124	2.70	4.532
534	125	2.53	4.620
535	128	2.46	4.375
536	127	2.30	4.895
537	126	2.57	4.755
538	125	1.95	4.233
539	126	2.23	4.437
540	123	1.76	4.258
541	121	2.13	4.065
542	120	2.07	3.526
543	119	1.68	3.775
544	118	2.03	3.240
545	121	2.53	4.000
546	123	1.76	4.443
547	124	1.97	4.702
548	121	2.26	4.394
549	121	1.71	3.930
550	120	2.62	3.882
551	118	2.55	3.664
552	116	2.16	3.766
553	119	2.59	3.398
554	119	2.58	3.750
555	117	2.20	3.308
556	114	2.33	3.421
557	116	2.08	3.871
558	115	2.35	3.882
559	114	1.54	3.337
560	114	1.60	3.577
561	112	2.02	2.908
562	114	2.41	2.858
563	113	1.75	3.730
564	112	2.30	3.473
565	113	2.17	3.688
566	113	2.06	3.417
567	110	2.31	3.011
568	113	1.90	3.372
569	115	2.22	3.226
570	118	1.78	3.328
571	117	2.39	3.952
572	120	2.58	4.337
573	122	2.02	3.962
574	122	2.22	3.650
575	121	2.37	3.867
576	123	1.98	4.559
577	123	2.66	4.692
578	126	2.04	4.859
579	124	2.38	4.522
580	123	2.09	4.307
581	122	2.61	4.020
582	120	2.01	4.141
583	123	2.67	4.563
584	121	2.44	4.297
585	120	2.47	4.144
586	122	1.73	3.931
587	125	2.02	4.912
588	126	2.39	4.215
589	127	2.07	5.100
590	130	2.39	4.923
591	130	1.96	4.965
592	131	2.56	4.803
593	133	2.97	5.128
594	136	3.00	6.173
595	139	2.42	6.946
596	136	2.99	5.731
597	138	2.44	6.876
598	135	3.01	5.630
599	137	3.15	6.185
600	140	2.32	6.403
601	137	2.38	6.564
602	134	2.94	6.070
603	136	2.78	6.013
604	133	2.25	5.574
605	136	2.44	5.853
606	133	2.32	5.416
607	134	2.16	5.742
608	136	2.95	6.317
609	138	2.89	5.947
610	135	2.60	6.167
611	134	2.75	5.692
612	135	3.12	6.059
613	132	2.99	4.965
614	132	2.69	5.264
615	133	2.61	5.137
616	136	2.25	5.880
617	134	2.44	6.209
618	132	2.15	5.548
619	131	2.18	4.896
620	133	2.26	5.697
621	131	2.00	5.202
622	132	2.37	5.467
623	132	2.09	5.772
624	131	2.36	4.767
625	128	2.63	4.814
626	128	2.12	5.145
627	127	2.53	4.688
628	129	2.65	4.961
629	130	2.28	4.928
630	128	2.88	4.772
631	125	2.21	4.631
632	125	2.71	4.150
633	124	2.36	4.731
634	123	2.56	4.479
635	124	2.30	4.812
636	121	2.53	4.101
637	121	2.35	3.657
638	118	2.19	3.875
639	117	1.84	3.500
640	114	1.63	2.902
641	114	2.45	2.958
642	114	1.64	3.756
643	116	2.02	3.796
644	116	1.62	3.785
645	113	1.56	3.649
646	114	1.97	3.587
647	114	2.44	3.134
648	112	2.06	3.317
649	110	1.93	3.331
650	107	1.51	2.779
651	107	2.28	2.548
652	107	1.71	2.847
653	107	1.74	2.380
654	106	1.92	2.726
655	105	1.46	3.006
656	105	2.11	2.686
657	102	1.84	2.249
658	105	1.64	2.585
659	104	1.91	2.431
660	106	1.65	2.352
661	107	1.69	3.290
662	107	1.63	3.261
663	104	1.67	2.874
664	106	2.07	2.278
665	107	1.55	2.638
666	104	1.56	2.332
667	102	1.43	2.372
668	104	1.92	2.484
669	105	2.04	2.874
670	105	2.28	2.532
671	107	1.69	2.629
672	109	1.76	2.474
673	106	1.76	2.714
674	106	1.81	3.097
675	103	1.62	2.134
676	103	2.19	2.606
677	100	1.70	2.390
678	97	1.31	1.774
679	99	1.25	1.817
680	99	1.94	2.548
681	99	1.63	2.358
682	101	1.26	2.514
683	101	1.48	2.532
684	103	1.32	2.677
685	102	1.64	1.980
686	105	2.14	2.588
687	107	1.84	2.837
688	105	1.50	2.958
689	106	1.64	3.102
690	108	1.52	2.623
691	111	1.71	2.919
692	114	1.98	3.090
693	114	1.70	3.231
694	112	2.29	2.995
695	112	1.92	3.463
696	109	1.54	2.585
697	109	1.63	3.078
698	108	2.07	3.208
699	107	1.54	2.673
700	109	1.65	3.037
701	107	1.73	3.238
702	104	2.04	2.967
703	107	1.56	2.678
704	106	2.00	3.186
705	105	1.99	3.055
706	102	1.78	2.115
707	102	1.45	2.766
708	99	1.51	2.102
709	99	2.04	2.228
710	101	1.75	2.519
711	99	1.52	2.113
712	100	1.45	1.900
713	100	1.33	2.437
714	103	1.79	2.218
715	102	1.70	2.578
716	101	1.52	2.687
717	102	1.30	2.537
718	105	1.32	3.024
719	104	1.85	2.603
720	105	1.85	2.770
721	102	2.08	2.535
722	99	1.80	2.307
723	96	1.84	2.631
724	96	1.54	1.892
725	98	1.27	2.229
726	96	1.13	1.778
727	95	1.45	2.537
728	93	1.38	1.729
729	92	1.72	2.090
730	89	1.69	1.408
731	86	1.40	1.624
732	86	1.70	1.954
733	83	1.53	1.290
734	82	1.05	1.242
735	80	1.33	1.586
736	83	1.07	1.674
737	82	1.15	1.196
738	82	1.50	1.797
739	83	1.56	1.643
740	84	1.49	1.994
741	87	1.87	1.506
742	90	1.44	1.970
743	87	1.54	1.530
744	89	1.01	1.995
745	92	1.73	1.734
746	91	1.39	2.192
747	91	1.37	1.888
748	92	1.94	1.560
749	90	1.44	2.176
750	90	1.86	2.067
751	93	1.64	1.530
752	95	1.37	1.619
753	96	1.40	2.202
754	98	1.53	1.813
755	101	1.22	2.744
756	102	1.32	2.134
757	103	1.95	2.235
758	102	2.03	2.965
759	101	1.60	2.227
760	103	1.82	2.180
761	103	1.75	2.614
762	102	2.12	2.591
763	99	2.12	2.377
764	96	1.68	2.222
765	96	1.20	2.139
766	97	1.33	2.162
767	94	1.54	1.837
768	95	1.38	2.135
769	97	2.02	2.368
770	100	1.54	2.413
771	100	1.42	2.001
772	98	1.24	2.218
773	101	1.32	2.176
774	98	1.99	1.964
775	98	1.90	2.036
776	97	2.10	2.378
777	94	2.05	2.365
778	94	1.63	1.673
779	97	1.27	1.762
780	100	1.29	2.107
781	101	1.57	2.415
782	101	1.34	2.726
783	103	1.52	2.659
784	104	1.92	2.451
785	101	1.29	2.771
786	98	1.86	2.588
787	98	1.87	2.567
788	99	1.50	2.188
789	97	1.25	2.691
790	97	1.38	2.146
791	96	2.02	2.272
792	96	1.69	2.289
793	98	1.75	1.924
794	97	1.99	2.544
795	94	1.26	1.994
796	94	1.42	1.589
797	97	1.24	1.866
798	99	1.41	2.021
799	102	1.35	2.311
800	101	2.15	2.394
801	103	1.50	2.135
802	104	1.48	2.434
803	105	1.96	2.298
804	104	1.67	2.940
805	107	1.79	2.403
806	104	1.29	2.489
807	105	1.75	2.985
808	104	2.14	3.061
809	105	1.57	2.626
810	103	1.92	2.948
811	106	2.09	2.523
812	109	1.93	3.096
813	108	1.55	3.196
814	111	2.17	2.878
815	108	1.84	2.495
816	106	1.65	2.548
817	105	1.83	2.366
818	106	1.52	2.341
819	104	1.59	2.810
820	103	1.65	3.022
821	104	1.33	2.750
822	104	1.94	2.347
823	102	1.88	2.840
824	103	1.40	2.556
825	105	1.72	2.635
826	106	2.20	3.007
827	103	1.26	2.722
828	101	1.29	2.664
829	100	1.66	2.661
830	103	1.51	2.070
831	102	2.05	2.336
832	103	1.40	2.566
833	102	1.42	2.890
834	100	1.37	2.400
835	98	1.58	1.749
836	99	1.52	1.845
837	99	1.88	2.732
838	98	1.90	2.485
839	98	1.53	1.744
840	99	1.99	2.381
841	100	1.51	2.477
842	103	2.23	2.366
843	100	1.55	2.638
844	101	1.67	2.142
845	102	1.29	2.956
846	101	1.52	2.541
847	101	2.18	2.491
848	98	1.98	2.305
849	97	2.01	1.716
850	96	1.37	1.817
851	99	2.09	2.023
852	98	1.72	1.781
853	98	1.47	2.098
854	95	1.62	2.501
855	97	1.62	2.245
856	97	1.40	2.249
857	95	1.10	1.609
858	97	1.69	2.674
859	97	1.82	1.822
860	96	1.35	2.149
861	99	1.37	1.830
862	100	1.66	2.002
863	101	1.24	2.794
864	102	1.94	2.627
865	101	2.02	2.762
866	99	1.38	2.418
867	102	1.31	2.660
868	100	1.73	2.361
869	99	1.18	2.023
870	97	1.66	2.268
871	96	1.67	2.597
872	95	1.23	2.300
873	95	1.70	2.547
874	98	1.22	2.096
875	97	1.55	2.097
876	95	1.83	2.299
877	96	1.32	2.312
878	93	1.38	1.585
879	96	1.97	2.237
880	95	1.66	2.111
881	96	1.60	2.477
882	99	1.58	2.126
883	102	1.43	2.312
884	101	1.35	2.335
885	99	1.77	1.875
886	98	1.74	2.058
887	98	2.02	2.287
888	98	1.45	2.432
889	98	1.16	1.814
890	95	1.44	2.217
891	94	1.72	1.727
892	97	1.48	1.756
893	100	1.31	2.643
894	97	1.73	1.827
895	95	1.14	2.097
896	98	1.21	2.571
897	99	2.05	1.935
898	96	1.73	1.947
899	95	1.59	1.792
900	95	1.16	2.066
901	92	2.03	1.479
902	94	1.13	1.718
903	93	1.48	1.894
904	91	1.61	2.099
905	92	1.40	2.446
906	94	1.46	1.549
907	93	1.55	2.316
908	94	1.56	2.395
909	91	1.10	2.229
910	88	1.10	1.771
911	90	1.96	2.175
912	88	1.78	1.852
913	89	1.17	2.158
914	88	1.83	2.090
915	89	1.82	2.311
916	91	1.50	2.330
917	91	1.63	1.766
918	88	1.00	1.766
919	88	1.75	1.291
920	85	1.61	1.881
921	86	1.67	1.620
922	85	1.86	1.768
923	87	0.98	1.711
924	88	1.07	1.658
925	87	1.57	1.316
926	84	1.19	1.821
927	83	1.10	2.025
928	81	1.66	1.142
929	80	1.62	1.533
930	80	0.97	1.761
931	77	0.96	1.351
932	79	1.43	1.444
933	77	1.53	1.152
934	80	1.29	1.833
935	78	1.17	0.966
936	80	0.96	1.348
937	83	1.73	1.935
938	84	1.05	1.139
939	84	1.53	1.848
940	82	0.99	1.671
941	82	1.10	1.128
942	81	1.78	1.235
943	81	0.95	1.379
944	83	1.42	1.716
945	81	1.64	1.060
946	79	1.02	1.543
947	76	1.61	0.946
948	73	1.68	0.942
949	75	1.69	0.975
950	76	1.00	1.145
951	74	1.30	1.110
952	71	1.30	1.507
953	73	1.44	1.068
954	74	1.60	1.050
955	76	1.58	0.986
956	78	1.82	1.761
957	77	1.30	1.430
958	79	1.54	1.126
959	76	1.74	1.487
960	73	1.73	1.194
961	76	1.39	1.885
962	76	1.76	1.147
963	76	1.40	0.918
964	78	0.84	1.545
965	78	1.20	1.262
966	81	1.29	2.017
967	79	1.15	1.745
968	78	1.27	1.816
969	75	1.63	1.091
970	73	1.57	1.369
971	73	1.09	1.177
972	75	1.36	0.999
973	74	1.47	1.039
974	71	0.77	1.052
975	73	1.70	1.098
976	73	1.42	1.249
977	71	1.10	1.544
978	70	1.18	0.997
979	69	0.82	0.853
980	67	1.21	1.658
981	67	0.91	1.376
982	66	1.02	1.243
983	67	1.18	1.106
984	69	1.20	1.241
985	69	1.67	0.992
986	69	1.49	0.845
987	69	1.55	1.234
988	72	0.92	1.596
989	70	1.51	1.419
990	73	1.38	1.557
991	72	1.26	1.616
992	74	0.96	1.817
993	75	1.47	1.483
994	74	0.92	1.383
995	72	1.32	1.571
996	70	0.85	1.614
997	72	1.62	1.386
998	73	1.10	1.184
999	72	0.97	0.948
1000	69	1.09	0.846
1001	67	1.59	1.305
1002	67	0.82	1.023
1003	64	0.70	0.737
1004	61	1.54	0.872
1005	61	0.88	0.759
1006	61	1.08	1.185
1007	62	0.63	1.568
1008	63	1.02	1.103
1009	64	0.72	0.679
1010	67	1.44	1.531
1011	64	0.73	0.897
1012	62	0.74	0.827
1013	62	1.00	1.280
1014	63	1.34	0.611
1015	60	0.65	1.009
1016	58	0.84	1.155
1017	55	0.62	0.508
1018	56	0.69	0.661
1019	55	1.36	0.485
1020	53	1.35	1.129
1021	55	0.70	0.800
1022	55	1.17	0.687
1023	54	0.65	0.657
1024	54	1.29	0.902
1025	57	1.34	1.175
1026	58	1.39	0.948
1027	60	0.90	0.821
1028	61	1.61	1.131
1029	60	1.28	1.494
1030	57	0.96	1.216
1031	56	1.39	0.789
1032	58	1.38	1.349
1033	60	0.85	1.501
1034	60	1.00	1.343
1035	57	1.37	0.980
1036	55	1.52	0.644
1037	52	1.15	1.176
1038	52	0.57	1.327
1039	54	1.22	0.785
1040	55	1.23	0.581
1041	55	1.01	1.316
1042	54	1.04	0.608
1043	55	0.74	0.756
1044	54	1.01	0.867
1045	52	0.63	0.838
1046	55	0.80	1.230
1047	52	0.99	0.462
1048	51	0.56	1.185
1049	50	1.26	1.160
1050	50	1.33	0.674
1051	50	0.76	0.407
1052	52	0.83	1.120
1053	51	0.81	0.757
1054	54	1.42	0.589
1055	56	1.43	0.491
1056	58	1.16	0.778
1057	61	1.21	1.417
1058	61	0.98	1.455
1059	58	1.52	1.221
1060	61	1.24	0.998
1061	60	1.38	1.254
1062	62	1.22	1.116
1063	59	1.55	0.741
1064	62	1.46	0.833
1065	65	0.93	1.443
1066	68	0.89	0.785
1067	69	1.04	1.638
1068	69	1.14	1.199
1069	71	1.61	1.499
1070	72	1.01	1.759
1071	73	0.88	0.999
1072	76	1.45	1.218
1073	77	1.47	1.513
1074	79	1.33	1.124
1075	79	1.27	1.495
1076	79	1.43	1.128
1077	77	1.08	1.713
1078	79	1.10	1.131
1079	80	1.50	1.633
1080	83	1.07	1.750
1081	82	0.94	1.887
1082	80	1.55	1.072
1083	77	1.53	1.329
1084	78	0.89	1.407
1085	75	1.37	0.980
1086	77	1.33	1.657
1087	75	1.11	1.158
1088	76	1.64	1.786
1089	75	0.93	1.174
1090	72	1.13	1.646
1091	70	1.65	1.411
1092	70	1.49	1.652
1093	73	1.68	0.975
1094	70	1.62	1.250
1095	70	1.37	1.276
1096	69	0.77	1.626
1097	72	1.22	1.754
1098	75	1.34	1.517
1099	78	1.77	0.951
1100	75	1.64	0.941
1101	73	1.32	1.016
1102	71	1.16	0.836
1103	72	1.28	1.465
1104	69	1.58	0.934
1105	71	1.61	0.876
1106	74	1.29	1.779
1107	76	1.12	1.063
1108	75	1.01	0.963
1109	72	1.29	1.433
1110	75	0.95	1.812
1111	75	1.23	1.103
1112	75	1.48	1.627
1113	76	0.80	1.730
1114	75	0.96	1.461
1115	78	1.51	1.673
1116	81	1.40	1.636
1117	79	1.68	1.476
1118	78	0.92	1.122
1119	75	1.26	1.553
1120	78	1.79	1.680
1121	75	1.74	1.264
1122	75	1.30	1.281
1123	76	1.71	1.099
1124	79	1.80	1.933
1125	78	1.12	1.181
1126	78	1.70	1.701
1127	76	1.19	1.232
1128	77	1.64	1.292
1129	80	0.90	1.574
1130	80	1.45	1.594
1131	80	1.00	1.944
1132	80	1.52	1.693
1133	79	1.56	1.749
1134	79	1.28	1.766
1135	81	1.39	1.767
1136	83	1.40	1.975
1137	86	1.56	1.763
1138	88	1.17	1.685
1139	85	1.07	1.881
1140	85	1.57	1.316
1141	84	1.01	1.328
1142	86	1.48	1.841
1143	86	1.87	1.559
1144	86	1.36	1.728
1145	85	1.46	1.718
1146	83	1.63	1.148
1147	82	1.20	1.655
1148	83	1.85	2.037
1149	81	1.44	1.526
1150	83	1.59	1.238
1151	85	1.66	1.379
1152	87	1.44	1.557
1153	90	1.78	1.608
1154	90	1.37	1.469
1155	90	1.31	1.454
1156	91	1.08	2.152
1157	92	1.55	1.637
1158	95	1.90	1.768
1159	95	1.66	1.735
1160	97	1.53	2.221
1161	100	1.87	2.775
1162	100	1.85	2.516
1163	100	1.59	2.037
1164	102	1.70	2.240
1165	101	1.46	2.767
1166	103	1.89	2.769
1167	106	1.42	2.222
1168	104	1.92	2.813
1169	104	1.42	2.861
1170	104	1.57	2.117
1171	104	2.03	2.912
1172	102	2.14	2.069
1173	101	1.28	2.572
1174	99	1.34	2.200
1175	96	1.40	2.493
1176	95	2.03	2.367
1177	93	1.98	2.082
1178	95	1.16	2.283
1179	94	1.29	2.408
1180	96	1.57	2.395
1181	93	1.28	2.233
1182	91	1.50	1.507
1183	89	1.77	1.740
1184	86	1.78	2.127
1185	83	1.31	1.579
1186	80	0.89	1.258
1187	77	1.24	0.939
1188	78	1.06	1.053
1189	77	1.39	1.236
1190	78	1.45	1.633
1191	81	1.81	1.384
1192	80	1.35	1.177
1193	83	1.55	1.649
1194	86	1.16	1.778
1195	86	1.26	1.342
1196	84	1.26	1.317
1197	87	1.39	1.682
1198	90	1.51	1.818
1199	90	1.04	1.718
1200	93	1.90	1.662
1201	93	1.30	1.866
1202	94	1.50	2.154
1203	96	2.01	1.898
1204	97	1.70	2.251
1205	95	1.80	1.963
1206	94	1.47	2.106
1207	94	1.86	1.632
1208	92	1.70	2.388
1209	90	1.70	1.587
1210	88	1.72	1.672
1211	86	1.02	1.967
1212	84	0.97	1.117
1213	83	0.92	2.049
1214	83	1.24	1.313
1215	85	1.85	1.616
1216	86	1.19	1.361
1217	84	1.18	1.506
1218	81	1.16	1.609
1219	79	1.27	1.802
1220	81	1.83	1.645
1221	81	1.84	1.869
1222	84	0.94	1.796
1223	84	1.48	2.017
1224	85	1.92	1.277
1225	87	1.45	1.279
1226	85	1.41	1.280
1227	86	1.15	1.348
1228	83	1.59	2.009
1229	85	1.91	1.595
1230	84	1.72	1.636
1231	86	1.00	1.998
1232	89	1.37	2.260
1233	90	1.77	2.074
1234	88	1.78	1.683
1235	89	1.44	1.440
1236	90	1.35	1.988
1237	88	1.61	2.086
1238	88	1.32	1.439
1239	88	1.25	1.492
1240	87	1.62	1.406
1241	88	1.96	1.296
1242	88	1.14	1.383
1243	88	1.13	1.290
1244	86	1.26	1.654
1245	87	0.98	2.194
1246	87	1.53	1.398
1247	90	1.54	1.798
1248	88	1.45	1.564
1249	89	1.81	2.105
1250	90	1.93	2.158
1251	88	1.12	2.117
1252	88	1.07	2.122
1253	89	1.23	2.036
1254	88	1.16	1.459
1255	85	1.39	1.618
1256	86	1.39	2.102
1257	86	1.90	1.188
1258	89	1.34	2.242
1259	91	1.98	1.696
1260	90	1.52	1.672
1261	88	1.86	1.653
1262	86	1.12	1.585
1263	85	1.90	1.245
1264	86	1.91	1.353
1265	84	1.10	2.087
1266	81	1.10	1.897
1267	78	1.27	1.540
1268	76	1.06	1.222
1269	73	1.73	0.842
1270	70	1.39	1.040
1271	71	1.30	0.817
1272	69	1.03	1.129
1273	69	1.39	1.540
1274	66	1.56	1.495
1275	66	1.62	0.750
1276	65	0.98	1.563
1277	66	1.33	1.138
1278	65	1.26	1.494
1279	63	1.42	1.096
1280	65	1.57	1.456
1281	62	0.73	1.013
1282	59	0.65	0.640
1283	61	1.54	1.225
1284	64	1.34	1.307
1285	67	1.12	1.533
1286	65	1.08	1.282
1287	66	0.93	1.061
1288	67	1.55	0.665
1289	70	1.12	0.711
1290	73	0.97	1.721
1291	76	0.92	1.830
1292	79	1.26	1.825
1293	76	1.68	1.829
1294	79	1.02	1.223
1295	81	1.16	1.447
1296	79	1.46	1.516
1297	79	1.09	1.356
1298	78	0.96	1.007
1299	78	1.25	1.837
1300	81	1.49	1.889
1301	82	1.68	1.842
1302	80	1.69	1.956
1303	81	1.85	1.720
1304	82	1.04	1.231
1305	81	1.30	1.947
1306	81	1.40	1.653
1307	82	1.66	1.170
1308	84	1.73	1.464
1309	87	1.40	1.605
1310	86	1.33	1.209
1311	88	1.56	2.136
1312	86	1.49	2.081
1313	88	1.67	1.579
1314	85	1.16	1.672
1315	86	1.84	1.628
1316	89	1.81	2.201
1317	89	1.36	2.260
1318	89	1.55	1.881
1319	92	1.65	1.862
1320	90	1.31	1.443
1321	87	1.10	1.207
1322	90	1.67	2.234
1323	93	1.66	1.464
1324	95	1.52	1.930
1325	98	1.25	1.859
1326	97	1.13	2.524
1327	99	2.13	1.918
1328	96	2.09	2.384
1329	93	1.11	2.136
1330	91	1.90	1.644
1331	93	1.33	1.999
1332	94	1.30	1.968
1333	95	1.81	2.286
1334	98	1.38	2.363
1335	97	2.09	1.893
1336	96	2.09	2.480
1337	97	1.14	1.902
1338	96	1.32	2.162
1339	99	1.50	2.280
1340	99	1.43	1.788
1341	102	1.97	1.939
1342	101	1.53	1.968
1343	104	2.06	2.117
1344	102	1.63	2.267
1345	104	1.73	2.268
1346	101	1.90	2.124
1347	100	1.24	1.864
1348	102	1.46	2.642
1349	100	1.54	2.359
1350	102	1.75	2.307
1351	105	2.27	2.712
1352	104	2.19	2.052
1353	102	1.39	2.322
1354	103	1.36	2.238
1355	104	2.26	2.335
1356	106	2.14	2.414
1357	104	1.64	2.883
1358	103	1.68	2.013
1359	100	1.67	2.630
1360	98	1.15	2.533
1361	99	1.25	2.031
1362	96	1.84	2.364
1363	95	1.79	2.322
1364	92	1.69	2.093
1365	90	1.50	1.896
1366	91	2.01	1.892
1367	91	1.71	1.600
1368	89	0.99	1.828
1369	87	1.92	1.361
1370	89	1.02	1.648
1371	90	1.11	1.618
1372	88	1.45	1.822
1373	86	1.38	1.247
1374	87	1.00	1.751
1375	86	1.24	1.736
1376	88	1.06	2.075
1377	88	1.92	1.477
1378	90	1.22	1.568
1379	88	1.23	1.748
1380	85	1.51	1.395
1381	84	1.87	2.019
1382	83	1.12	1.475
1383	81	1.62	1.201
1384	84	1.68	1.148
1385	86	1.51	1.205
1386	86	1.37	1.177
1387	88	1.14	1.557
1388	90	1.90	1.418
1389	91	1.08	2.193
1390	88	1.88	1.261
1391	86	1.48	1.391
1392	89	1.90	1.955
1393	90	1.26	1.749
1394	90	1.71	2.116
1395	88	1.84	1.483
1396	86	1.69	1.180
1397	89	1.88	1.346
1398	90	1.60	1.730
1399	91	1.98	1.568
1400	93	1.85	1.682
1401	95	2.02	2.231
1402	98	1.50	2.541
1403	96	1.74	2.352
1404	93	1.29	2.099
1405	95	1.96	1.821
1406	95	1.66	1.844
1407	93	1.95	1.836
1408	96	1.27	1.761
1409	95	1.75	1.559
1410	95	2.02	2.116
1411	95	1.81	2.199
1412	97	1.54	2.099
1413	95	2.02	2.018
1414	95	1.95	1.896
1415	95	1.91	2.198
1416	93	1.85	2.229
1417	90	1.37	1.466
1418	87	1.13	1.266
1419	89	1.53	1.546
1420	87	1.60	1.666
1421	86	1.27	1.729
1422	83	1.08	1.984
1423	85	1.49	2.036
1424	84	1.23	1.375
1425	86	1.74	1.327
1426	88	0.97	2.147
1427	88	1.12	2.096
1428	88	1.82	2.026
1429	91	1.62	1.518
1430	88	1.44	2.129
1431	86	1.66	1.270
1432	87	1.10	1.204
1433	88	1.72	2.185
1434	85	1.32	1.184
1435	82	1.11	1.437
1436	80	1.77	1.548
1437	80	1.16	1.300
1438	82	1.84	1.882
1439	79	1.27	1.860
1440	76	0.94	1.255
1441	75	1.35	0.896
1442	75	1.27	1.586
1443	76	0.91	1.511
1444	76	0.83	1.053
1445	75	1.50	1.751
1446	75	1.21	1.594
1447	77	1.42	1.007
1448	79	1.31	1.639
1449	81	1.81	1.707
1450	82	0.90	1.069
1451	81	1.63	0.987
1452	84	1.04	1.269
1453	83	1.13	1.078
1454	84	1.30	1.405
1455	87	1.56	1.273
1456	86	1.01	1.187
1457	83	1.65	1.897
1458	82	1.48	1.563
1459	83	1.13	1.317
1460	86	1.55	1.319
1461	85	1.00	1.572
1462	83	1.67	1.707
1463	81	1.67	1.531
1464	81	1.05	1.743
1465	84	1.27	1.556
1466	83	1.77	1.995
1467	84	1.37	2.027
1468	84	1.29	1.327
1469	82	1.46	1.884
1470	79	1.63	1.298
1471	81	1.01	1.073
1472	81	1.21	1.726
1473	78	1.74	1.046
1474	77	0.83	1.164
1475	74	1.68	1.781
1476	74	1.39	1.531
1477	77	1.56	1.224
1478	77	1.79	1.549
1479	74	1.47	1.312
1480	76	1.47	0.905
1481	73	1.05	1.503
1482	71	0.92	1.456
1483	68	0.78	0.728
1484	71	0.79	0.799
1485	74	1.04	1.526
1486	73	1.12	0.769
1487	74	1.20	0.939
1488	76	1.70	1.660
1489	75	0.78	0.859
1490	77	1.43	1.187
1491	79	1.37	1.278
1492	80	1.31	1.186
1493	80	0.91	1.457
1494	79	1.51	1.664
1495	78	1.15	1.160
1496	78	1.76	1.586
1497	78	1.15	1.551
1498	78	1.51	1.386
1499	81	1.15	1.878
1500	84	1.67	1.737
