1	130	2.52	5.449
2	128	2.27	4.720
3	125	1.89	4.514
4	123	2.54	4.139
5	121	2.14	3.727
6	124	2.06	4.154
7	123	2.49	4.274
8	122	1.98	3.927
9	122	2.52	4.636
10	119	2.29	3.880
11	121	1.95	3.807
12	118	2.08	3.323
13	117	2.33	3.764
14	118	2.36	3.602
15	119	1.70	4.330
16	121	2.32	3.913
17	118	2.45	3.278
18	118	2.55	3.984
19	115	1.61	3.741
20	116	2.04	3.919
21	116	2.01	3.251
22	119	2.57	4.161
23	121	1.82	3.698
24	120	2.53	3.824
25	122	2.52	4.604
26	121	1.86	4.415
27	122	2.57	3.833
28	123	2.65	4.439
29	120	1.81	4.114
30	122	1.83	4.678
31	123	2.06	4.206
32	123	2.07	4.291
33	126	2.22	4.487
34	126	2.11	4.861
35	123	2.16	4.580
36	123	1.83	4.645
37	125	2.74	4.397
38	127	2.06	5.253
39	126	1.90	5.032
40	129	2.26	5.221
41	129	2.00	5.352
42	130	2.89	4.892
43	128	2.21	4.598
44	129	2.65	5.310
45	127	1.93	4.650
46	125	2.77	4.060
47	123	2.15	3.956
48	120	2.45	3.952
49	121	2.08	4.433
50	121	2.66	3.790
51	124	2.19	4.838
52	122	1.83	3.886
53	122	2.67	3.811
54	121	2.53	4.077
55	122	2.54	4.197
56	120	1.98	4.155
57	122	2.16	4.527
58	124	2.54	4.551
59	123	2.32	3.810
60	122	2.57	3.902
61	125	1.83	5.012
62	124	1.80	4.826
63	123	2.57	4.003
64	120	2.59	3.711
65	123	2.65	3.801
66	121	1.91	4.141
67	122	1.91	3.978
68	121	1.68	4.356
69	120	2.61	4.097
70	117	2.43	3.619
71	114	2.47	3.849
72	113	1.70	3.272
73	115	2.44	2.993
74	115	2.50	3.859
75	113	2.20	3.763
76	111	1.95	3.444
77	110	1.76	2.591
78	108	1.91	3.370
79	105	1.50	2.752
80	104	1.96	2.441
81	104	1.37	2.991
82	104	1.42	2.382
83	107	2.09	2.813
84	106	1.86	2.982
85	106	2.17	3.029
86	106	1.77	2.399
87	106	1.32	2.803
88	109	2.24	3.358
89	108	2.33	2.874
90	109	2.22	3.474
91	112	1.70	3.149
92	109	1.96	3.158
93	108	2.08	3.193
94	111	2.38	3.043
95	112	1.66	3.286
96	109	1.97	3.005
97	111	1.51	2.832
98	110	1.67	3.363
99	111	2.14	3.393
100	113	2.17	3.493
101	114	2.05	3.689
102	116	2.16	3.484
103	116	2.04	3.158
104	113	2.05	3.140
105	112	2.29	3.678
106	109	2.07	2.497
107	109	1.76	3.171
108	109	1.55	3.252
109	108	1.45	2.875
110	108	1.77	3.152
111	107	2.22	2.551
112	105	1.91	2.936
113	108	1.68	3.150
114	110	2.10	2.925
115	108	2.22	3.401
116	106	1.54	2.434
117	109	1.40	2.969
118	110	1.83	3.460
119	110	1.69	3.456
120	109	1.69	2.896
121	111	1.46	3.646
122	111	1.90	2.833
123	112	2.21	2.734
124	114	1.84	3.249
125	113	1.74	2.957
126	116	2.33	3.567
127	116	2.23	3.629
128	113	1.75	3.136
129	110	1.52	3.007
130	110	2.35	3.208
131	110	2.04	2.805
132	112	1.97	3.540
133	112	1.97	3.184
134	112	1.66	3.044
135	110	2.33	2.701
136	110	1.69	3.252
137	111	1.53	3.059
138	114	1.58	3.715
139	115	1.64	3.210
140	118	2.20	3.828
141	118	2.25	4.081
142	117	1.70	3.837
143	116	1.64	3.687
144	119	2.02	4.107
145	121	1.69	4.508
146	124	2.09	4.201
147	127	2.55	4.985
148	126	2.15	4.581
149	126	1.95	4.498
150	123	1.81	4.527
151	123	2.11	4.261
152	121	1.82	4.300
153	120	2.25	3.849
154	120	1.81	4.226
155	123	2.25	4.273
156	124	1.84	4.322
157	125	2.08	4.810
158	122	1.98	3.770
159	123	2.17	4.158
160	120	1.79	3.745
161	120	1.70	3.997
162	118	2.59	3.855
163	115	2.20	3.495
164	118	2.15	3.864
165	118	1.64	4.079
166	120	2.01	4.045
167	119	2.25	3.478
168	122	2.39	4.248
169	120	1.71	4.414
170	121	2.59	3.944
171	119	2.58	4.264
172	116	1.57	3.085
173	118	1.78	3.368
174	115	2.15	2.997
175	116	2.54	3.749
176	114	1.79	3.553
177	111	1.99	2.850
178	113	2.03	3.433
179	112	1.78	3.678
180	109	1.88	3.219
181	108	1.81	3.013
182	110	2.26	3.068
183	111	1.59	2.744
184	112	1.86	3.516
185	115	2.26	3.064
186	116	1.88	3.370
187	119	2.50	4.026
188	119	1.94	3.497
189	118	2.09	3.857
190	115	2.25	3.869
191	114	1.54	3.569
192	111	1.92	3.313
193	114	2.07	3.498
194	112	1.67	3.336
195	114	1.69	2.980
196	116	1.65	3.344
197	119	1.92	4.154
198	119	2.17	3.586
199	117	2.11	3.504
200	118	1.70	3.810
201	117	2.45	3.427
202	116	2.03	3.890
203	115	2.18	3.747
204	113	2.32	3.093
205	113	1.61	2.864
206	114	1.63	3.350
207	116	2.22	3.813
208	115	1.76	3.280
209	114	2.19	3.264
210	115	2.07	3.640
211	114	2.48	3.315
212	117	1.88	3.554
213	116	2.11	3.429
214	118	1.67	4.187
215	121	2.47	4.363
216	121	2.53	4.046
217	122	1.98	4.414
218	119	2.62	3.595
219	122	2.18	3.945
220	124	2.00	4.507
221	123	2.30	4.360
222	125	2.45	4.078
223	128	1.89	4.823
224	125	1.99	4.727
225	124	2.69	3.996
226	121	1.72	4.160
227	121	2.42	4.402
228	124	1.95	4.350
229	126	2.55	4.354
230	123	2.06	4.514
231	123	2.06	4.386
232	122	1.94	3.742
233	121	2.02	4.012
234	119	1.83	4.153
235	118	2.36	4.174
236	116	1.59	3.368
237	113	1.85	3.610
238	113	1.98	3.311
239	113	1.92	3.134
240	116	2.33	3.422
241	115	2.43	3.218
242	116	2.03	3.305
243	119	1.86	3.507
244	119	1.77	3.703
245	117	2.48	3.875
246	116	2.32	3.061
247	115	1.99	3.700
248	112	1.60	3.010
249	112	2.43	3.466
250	112	1.73	3.656
251	114	1.78	3.538
252	117	1.69	3.563
253	115	2.16	3.460
254	115	1.80	3.595
255	115	2.18	3.194
256	118	1.80	3.878
257	117	2.01	3.351
258	115	2.39	3.575
259	113	1.96	3.614
260	116	2.40	3.621
261	113	2.45	3.586
262	112	2.39	3.005
263	110	2.34	2.779
264	107	2.06	3.120
265	110	2.03	3.050
266	107	1.92	2.866
267	104	1.74	2.854
268	106	1.86	2.550
269	103	1.57	3.066
270	102	1.72	2.387
271	100	1.71	2.348
272	100	1.72	2.383
273	102	1.93	2.860
274	100	1.90	2.884
275	97	2.11	2.585
276	98	1.95	1.801
277	95	1.79	2.423
278	97	1.68	2.225
279	97	2.10	2.482
280	97	1.49	2.293
281	98	1.86	2.391
282	101	1.94	2.253
283	99	1.75	2.018
284	97	1.89	1.956
285	96	1.93	1.929
286	98	1.71	2.064
287	99	2.06	2.395
288	100	2.06	2.270
289	98	1.79	1.986
290	99	1.47	2.159
291	98	1.57	2.284
292	96	1.81	2.167
293	97	1.54	2.172
294	96	1.52	1.707
295	97	1.33	2.304
296	100	1.47	2.486
297	100	1.55	2.103
298	97	1.46	1.873
299	100	1.24	2.773
300	102	1.86	2.788
301	100	1.27	2.037
302	98	1.18	2.426
303	95	1.58	2.104
304	98	1.51	2.223
305	97	1.50	2.359
306	98	1.59	1.904
307	100	1.28	2.357
308	97	1.70	1.839
309	100	1.36	2.617
310	98	1.49	2.693
311	97	1.30	2.241
312	96	1.51	1.992
313	98	1.27	1.930
314	98	1.61	2.453
315	97	1.59	2.192
316	95	1.61	2.367
317	95	1.43	1.799
318	92	1.15	2.222
319	90	1.62	1.924
320	89	1.67	1.393
321	92	1.95	1.949
322	95	1.89	2.430
323	97	1.72	2.068
324	95	1.27	1.676
325	96	1.92	1.991
326	98	1.51	2.658
327	98	1.29	2.003
328	97	1.22	2.433
329	100	1.21	2.070
330	102	1.65	2.592
331	103	1.48	2.603
332	105	1.67	2.657
333	104	1.64	2.889
334	103	1.93	2.180
335	100	1.69	2.130
336	102	1.31	2.512
337	104	1.60	3.099
338	101	1.26	2.565
339	103	1.25	2.524
340	101	1.57	2.337
341	100	1.35	2.645
342	98	1.84	1.822
343	97	1.69	2.735
344	98	1.66	2.778
345	97	1.52	2.688
346	99	1.58	2.028
347	99	1.61	2.654
348	96	1.65	1.728
349	93	1.37	1.974
350	93	1.67	2.412
351	96	1.98	2.050
352	99	2.07	1.933
353	97	1.26	2.489
354	97	1.31	2.274
355	99	1.94	1.842
356	101	1.37	2.631
357	99	1.75	2.160
358	100	2.12	2.708
359	100	1.49	2.743
360	103	1.57	2.766
361	105	1.85	2.284
362	105	1.41	2.478
363	105	1.71	2.520
364	104	1.79	3.118
365	102	1.80	2.498
366	102	1.42	2.986
367	104	1.97	2.263
368	104	1.81	2.488
369	105	2.22	3.136
370	108	1.44	2.821
371	110	1.49	2.815
372	108	2.29	3.343
373	106	1.35	2.413
374	104	2.05	2.367
375	104	2.00	2.470
376	101	1.91	2.113
377	104	1.78	2.488
378	107	1.59	2.921
379	110	2.17	2.871
380	108	1.76	2.791
381	108	1.52	3.061
382	109	2.18	2.827
383	108	2.19	2.577
384	108	1.47	3.204
385	111	1.71	3.147
386	112	1.93	3.200
387	113	1.88	3.176
388	113	1.66	2.948
389	110	1.60	2.768
390	109	1.75	3.178
391	112	1.50	3.358
392	113	2.07	3.711
393	110	1.99	3.210
394	111	1.67	3.335
395	114	2.06	3.382
396	114	1.60	3.296
397	113	2.27	3.490
398	115	1.81	3.312
399	115	2.20	3.623
400	118	1.96	3.983
401	119	1.76	4.138
402	121	2.01	4.446
403	120	1.73	4.102
404	118	1.82	3.845
405	115	1.92	2.960
406	117	1.59	3.159
407	118	2.55	3.696
408	117	2.43	3.747
409	118	2.42	4.187
410	116	2.48	3.279
411	118	2.24	3.504
412	120	1.78	4.349
413	120	2.01	4.001
414	121	2.07	4.074
415	120	1.68	4.064
416	117	1.93	3.309
417	117	1.71	3.573
418	119	1.69	3.724
419	120	2.29	3.721
420	121	2.26	4.099
421	119	2.13	3.790
422	118	2.14	3.496
423	116	2.01	3.367
424	118	2.34	3.603
425	121	2.41	3.826
426	119	1.93	3.430
427	122	2.48	3.957
428	122	2.52	3.764
429	123	2.73	4.238
430	120	2.29	3.663
431	122	2.44	4.308
432	124	2.72	4.285
433	122	1.84	4.417
434	121	1.73	3.965
435	122	1.94	3.706
436	119	2.37	3.649
437	118	1.75	3.668
438	116	2.10	3.467
439	114	1.79	2.860
440	114	1.86	3.436
441	114	2.14	3.115
442	115	2.35	3.086
443	116	1.78	3.131
444	119	1.90	3.625
445	119	2.01	3.370
446	121	2.52	4.448
447	124	1.81	4.135
448	127	2.07	4.706
449	127	2.57	4.801
450	129	2.03	4.933
451	127	2.73	4.998
452	130	2.48	5.401
453	131	2.34	5.591
454	128	2.29	5.193
455	130	2.66	5.162
456	127	2.46	4.899
457	130	2.07	5.363
458	129	2.89	4.964
459	127	2.10	4.682
460	130	2.71	5.060
461	128	2.70	5.223
462	125	2.40	4.740
463	127	2.85	5.076
464	130	2.82	5.079
465	130	2.08	5.406
466	131	2.75	5.357
467	129	2.86	4.700
468	127	2.67	4.466
469	129	2.49	5.099
470	130	2.26	4.720
471	128	2.02	4.656
472	128	2.57	4.883
473	125	2.61	4.683
474	122	1.85	3.882
475	120	1.81	4.221
476	119	1.72	4.287
477	120	2.10	3.978
478	117	1.64	4.045
479	118	2.07	3.762
480	116	1.82	3.809
481	114	2.25	3.522
482	113	1.85	3.583
483	115	2.11	2.972
484	112	2.22	3.565
485	110	2.23	2.972
486	112	1.61	3.099
487	110	1.71	3.214
488	109	1.95	2.655
489	109	2.36	2.940
490	107	2.28	2.564
491	106	1.32	2.487
492	106	1.34	3.000
493	109	2.34	2.484
494	107	1.45	2.802
495	108	1.63	3.082
496	111	1.51	3.384
497	114	2.33	3.123
498	117	1.85	3.235
499	120	2.02	3.765
500	123	1.74	4.681
501	126	2.65	4.853
502	126	2.28	4.855
503	129	1.94	5.295
504	129	2.17	5.076
505	128	2.04	5.227
506	130	2.24	5.443
507	127	2.50	4.617
508	127	2.55	4.249
509	130	1.97	4.771
510	129	2.69	4.528
511	132	2.70	5.364
512	134	2.13	5.877
513	131	2.59	5.564
514	130	2.36	5.457
515	128	2.53	5.270
516	127	2.71	4.889
517	129	2.85	5.328
518	126	2.01	4.650
519	125	1.82	4.256
520	126	2.49	4.667
521	128	2.58	4.742
522	125	2.56	4.009
523	122	2.03	4.225
524	119	2.15	3.967
525	118	2.55	3.686
526	115	1.84	3.239
527	112	1.74	3.516
528	111	1.49	2.924
529	108	1.54	2.706
530	106	2.16	2.524
531	103	1.59	2.315
532	102	1.35	2.920
533	103	2.02	2.709
534	101	1.28	2.026
535	102	2.17	2.802
536	100	1.99	1.929
537	97	1.68	2.493
538	99	1.39	2.591
539	102	1.95	2.110
540	100	1.29	2.074
541	100	1.30	2.066
542	103	1.30	2.823
543	102	1.32	2.720
544	103	1.57	2.675
545	103	2.12	2.341
546	106	2.03	2.405
547	105	1.61	2.899
548	102	2.04	2.966
549	101	1.72	2.346
550	104	1.45	2.722
551	104	1.98	3.095
552	105	1.61	2.843
553	104	1.87	2.977
554	102	2.14	2.414
555	102	1.86	2.377
556	103	1.49	2.245
557	100	2.03	2.132
558	103	2.16	2.637
559	103	1.36	2.735
560	103	2.24	2.876
561	104	1.79	2.374
562	106	1.98	2.764
563	105	1.60	3.062
564	103	2.11	2.922
565	106	1.48	2.830
566	103	1.64	2.391
567	106	2.15	3.083
568	106	2.20	2.810
569	109	2.21	3.275
570	109	1.75	2.975
571	110	1.95	3.337
572	110	1.75	3.209
573	110	1.72	2.842
574	112	2.09	3.171
575	109	1.63	2.723
576	110	2.18	2.583
577	109	2.38	2.543
578	112	2.31	2.989
579	111	1.77	2.889
580	112	1.71	2.834
581	111	2.05	3.455
582	113	1.92	2.836
583	115	1.91	3.638
584	115	2.28	3.550
585	112	1.62	3.652
586	114	2.03	3.296
587	113	2.02	2.929
588	115	1.59	3.869
589	117	1.81	3.465
590	120	2.15	4.397
591	117	2.36	3.119
592	114	2.31	3.689
593	111	2.39	2.676
594	110	1.93	2.641
595	109	1.95	2.704
596	106	2.23	2.408
597	108	2.35	3.320
598	105	2.24	2.399
599	103	1.44	2.894
600	105	1.80	2.406
601	107	2.18	2.901
602	107	1.71	3.197
603	110	1.87	3.443
604	109	1.58	3.147
605	112	1.69	3.528
606	114	2.05	3.497
607	113	1.49	2.862
608	114	1.51	3.194
609	111	2.26	2.932
610	109	1.97	3.116
611	108	2.14	2.550
612	106	2.25	2.617
613	106	1.71	2.543
614	106	1.46	2.253
615	103	1.82	2.178
616	104	1.99	3.098
617	105	2.15	2.227
618	107	1.53	2.457
619	107	1.36	2.466
620	110	2.14	3.075
621	110	2.27	2.953
622	107	2.21	2.630
623	108	2.12	2.883
624	110	2.04	2.938
625	110	1.76	2.947
626	107	1.36	3.144
627	106	1.78	2.839
628	106	1.60	3.063
629	109	2.11	2.587
630	107	1.60	2.329
631	106	1.38	2.576
632	105	1.95	3.049
633	107	1.79	3.070
634	110	1.70	3.441
635	110	1.71	2.540
636	111	2.41	3.573
637	110	2.10	3.005
638	112	2.04	2.717
639	109	1.40	2.649
640	106	1.43	2.860
641	109	2.14	2.500
642	106	1.73	2.592
643	106	1.95	2.504
644	103	1.74	2.624
645	101	1.74	2.182
646	101	2.14	2.098
647	104	1.79	2.529
648	105	1.88	2.546
649	106	1.94	3.215
650	107	1.95	2.594
651	109	2.31	3.361
652	111	1.62	3.155
653	108	1.37	2.601
654	109	1.80	2.681
655	106	1.31	3.037
656	108	1.41	3.184
657	105	1.63	2.172
658	105	1.33	2.176
659	104	2.09	2.174
660	106	2.13	2.897
661	106	1.98	2.517
662	103	1.89	2.373
663	105	1.81	2.824
664	105	2.01	2.799
665	105	1.87	2.813
666	103	1.79	2.578
667	106	1.47	2.247
668	106	1.36	2.795
669	107	1.36	3.069
670	110	1.82	3.365
671	109	2.27	2.833
672	110	2.38	3.206
673	111	2.26	2.925
674	110	1.64	2.546
675	109	1.86	2.932
676	112	2.08	2.671
677	112	1.75	2.941
678	112	1.61	3.062
679	109	2.14	2.865
680	112	2.35	3.485
681	110	1.56	3.049
682	110	2.40	3.436
683	113	2.39	3.146
684	111	2.40	2.615
685	108	2.24	2.452
686	111	2.01	2.701
687	114	1.59	3.238
688	116	2.08	3.644
689	113	1.88	2.983
690	114	1.98	2.887
691	117	2.33	3.643
692	115	1.55	3.699
693	118	2.55	3.739
694	120	1.76	3.530
695	119	2.10	3.863
696	120	2.25	3.858
697	123	2.63	3.827
698	122	2.46	4.557
699	120	2.01	3.534
700	117	2.49	4.061
701	116	1.75	3.783
702	118	2.23	3.876
703	117	2.57	3.716
704	114	2.19	3.354
705	117	2.32	3.429
706	119	2.21	3.482
707	120	2.12	4.052
708	119	2.61	3.759
709	117	2.31	3.451
710	117	1.80	3.853
711	117	1.85	3.297
712	118	2.38	3.600
713	116	1.69	3.971
714	119	2.25	3.738
715	119	2.20	4.065
716	117	2.28	3.336
717	116	1.95	3.761
718	118	2.54	3.943
719	120	2.54	3.497
720	120	2.48	3.814
721	119	1.66	4.057
722	116	2.44	3.646
723	117	1.93	3.160
724	115	2.44	3.473
725	117	1.96	3.498
726	114	2.21	3.452
727	114	1.74	3.477
728	116	2.22	3.738
729	117	2.11	3.139
730	118	2.27	3.903
731	121	1.75	3.882
732	118	1.91	3.637
733	120	2.50	3.899
734	122	1.71	3.735
735	121	2.59	4.401
736	124	2.10	4.226
737	127	2.18	4.635
738	125	2.73	4.386
739	124	1.92	4.183
740	125	1.95	4.325
741	122	2.70	3.816
742	124	2.49	3.877
743	127	1.98	4.939
744	124	2.01	4.524
745	127	2.30	4.233
746	125	1.93	4.224
747	127	2.21	4.859
748	127	2.78	4.223
749	126	2.70	4.545
750	127	2.26	4.524
751	126	2.53	4.859
752	129	2.87	4.777
753	127	2.02	4.859
754	127	2.79	4.254
755	126	2.21	4.967
756	128	2.04	5.137
757	127	2.12	4.871
758	129	2.37	4.942
759	127	2.28	4.723
760	128	2.29	4.615
761	127	2.01	4.820
762	124	2.45	4.659
763	127	1.88	4.819
764	130	2.55	4.804
765	127	2.46	5.047
766	126	2.28	4.419
767	125	1.97	4.489
768	122	2.32	3.922
769	120	2.24	3.964
770	117	2.02	3.442
771	117	2.07	3.896
772	119	2.36	3.611
773	117	2.41	4.068
774	119	2.14	3.784
775	120	2.38	3.610
776	118	2.08	3.835
777	117	2.14	4.009
778	117	1.61	4.052
779	117	1.66	3.874
780	120	2.43	3.514
781	120	1.78	3.753
782	118	1.88	3.408
783	116	1.98	3.145
784	114	2.09	3.127
785	117	2.05	3.948
786	116	2.41	3.536
787	116	2.34	3.242
788	115	2.16	3.603
789	115	2.17	3.779
790	116	1.83	3.215
791	114	1.64	3.814
792	113	1.93	3.029
793	113	1.55	3.335
794	111	1.56	3.385
795	109	2.33	3.003
796	110	2.08	2.979
797	108	1.58	2.874
798	108	2.30	3.318
799	108	1.78	2.968
800	106	2.15	3.163
801	107	1.71	2.717
802	106	1.39	3.122
803	104	1.38	2.433
804	106	1.49	2.782
805	104	2.04	2.987
806	105	1.48	2.575
807	105	1.37	2.845
808	106	2.15	2.299
809	104	1.84	2.191
810	102	1.28	2.871
811	100	1.44	2.755
812	97	1.78	1.723
813	99	1.87	1.963
814	99	1.30	2.692
815	99	1.60	2.521
816	97	2.08	2.289
817	94	1.40	2.392
818	91	1.13	1.554
819	93	1.53	1.919
820	95	1.13	2.149
821	92	1.08	1.631
822	93	1.98	2.354
823	90	1.34	2.058
824	92	1.46	1.523
825	91	1.09	1.595
826	93	1.43	2.468
827	90	1.08	1.507
828	92	1.65	1.929
829	93	1.26	2.040
830	94	1.18	2.183
831	95	1.71	2.077
832	92	1.91	1.726
833	95	1.84	1.868
834	98	1.57	2.311
835	101	1.83	2.333
836	101	1.87	2.276
837	101	1.27	2.315
838	100	2.10	1.901
839	97	1.20	2.583
840	100	2.04	2.547
841	99	1.42	1.981
842	96	1.87	1.709
843	95	1.17	2.293
844	92	1.75	1.920
845	92	1.25	1.516
846	94	1.22	2.129
847	96	1.99	2.186
848	97	1.79	2.385
849	95	1.76	2.393
850	97	1.32	1.902
851	96	1.64	1.880
852	94	1.77	1.749
853	91	1.40	1.615
854	92	1.87	1.894
855	91	1.57	1.481
856	88	1.22	1.795
857	91	1.93	2.380
858	90	1.23	1.445
859	91	1.84	1.546
860	90	1.57	1.562
861	93	2.05	1.985
862	90	1.99	1.577
863	88	1.16	2.138
864	85	0.95	1.710
865	88	1.00	2.024
866	87	1.06	2.170
867	86	1.61	1.814
868	86	1.60	1.807
869	89	1.24	1.380
870	92	1.15	2.217
871	89	1.09	1.866
872	91	1.83	2.134
873	93	1.11	2.291
874	91	1.05	1.873
875	94	1.37	1.613
876	95	1.19	2.193
877	92	1.05	1.774
878	94	2.07	2.377
879	94	1.39	2.113
880	91	1.11	1.973
881	92	1.84	1.511
882	90	1.10	1.887
883	92	1.23	1.730
884	95	1.82	2.104
885	98	1.76	2.302
886	95	1.61	1.885
887	92	1.66	2.198
888	93	1.07	1.923
889	94	2.00	1.982
890	91	1.79	2.134
891	88	1.73	2.073
892	87	1.11	2.131
893	86	1.76	1.252
894	85	0.99	1.509
895	83	1.86	1.300
896	83	1.77	1.657
897	81	1.81	1.507
898	83	1.38	1.486
899	84	1.78	1.793
900	87	1.70	1.943
901	90	1.74	1.379
902	93	1.14	1.566
903	90	1.83	1.577
904	92	2.02	1.963
905	95	1.69	2.246
906	96	1.61	2.080
907	97	1.17	2.169
908	100	1.67	2.719
909	102	1.89	2.723
910	101	1.57	2.504
911	103	1.71	2.845
912	100	2.05	2.456
913	101	1.63	2.845
914	100	1.69	2.431
915	102	1.47	2.196
916	101	1.66	2.227
917	98	1.28	1.865
918	97	1.86	2.292
919	98	1.78	1.834
920	97	1.68	2.582
921	97	1.33	2.654
922	99	2.03	1.987
923	102	2.13	2.466
924	101	2.06	2.186
925	99	1.69	1.999
926	98	1.88	2.009
927	98	1.97	2.043
928	97	1.40	1.837
929	100	2.01	2.085
930	98	1.69	2.623
931	101	1.86	2.813
932	98	1.82	2.085
933	101	1.89	2.009
934	103	1.52	2.762
935	100	1.79	2.289
936	101	2.11	2.399
937	102	1.25	2.372
938	100	1.46	2.415
939	98	1.83	2.139
940	97	1.22	2.010
941	97	1.69	1.808
942	94	1.30	1.950
943	96	2.00	2.473
944	96	2.00	1.747
945	99	1.37	2.461
946	96	1.51	2.598
947	93	1.85	1.883
948	96	1.40	2.406
949	99	1.22	2.720
950	98	1.91	2.148
951	100	1.85	2.136
952	101	1.97	2.016
953	100	1.74	2.739
954	101	1.30	2.641
955	104	1.75	2.483
956	105	2.15	2.497
957	107	1.33	2.369
958	108	1.71	3.285
959	111	2.35	3.311
960	113	1.81	2.908
961	110	2.30	2.585
962	111	1.58	3.110
963	110	1.45	2.958
964	112	2.25	3.021
965	114	2.33	3.095
966	112	1.59	3.199
967	113	2.24	2.855
968	113	1.84	3.620
969	116	2.47	3.017
970	117	1.96	3.295
971	119	2.02	3.308
972	122	2.46	3.954
973	121	2.17	3.580
974	122	1.99	3.627
975	125	2.23	4.609
976	125	2.71	4.757
977	124	2.02	4.027
978	126	2.60	4.420
979	129	2.64	5.127
980	129	2.41	4.549
981	127	2.04	4.729
982	129	2.30	4.790
983	127	2.69	5.094
984	125	1.94	4.641
985	128	2.59	5.024
986	126	1.84	4.239
987	125	2.36	4.862
988	122	2.56	3.609
989	119	1.73	3.515
990	121	2.43	4.053
991	118	1.83	3.819
992	117	2.28	3.424
993	115	2.00	3.344
994	113	2.44	3.598
995	115	2.50	3.780
996	118	2.33	3.348
997	120	2.50	3.992
998	122	2.32	3.628
999	122	1.72	3.815
1000	123	2.32	3.799
1001	121	1.86	4.400
1002	124	2.29	4.754
1003	122	2.25	4.095
1004	119	2.19	4.240
1005	119	1.73	4.040
1006	117	2.55	3.535
1007	120	2.20	3.907
1008	119	2.34	3.811
1009	121	2.67	4.087
1010	120	2.22	3.483
1011	119	2.45	3.487
1012	121	2.16	4.338
1013	121	2.24	3.857
1014	121	2.01	3.979
1015	122	1.78	4.385
1016	122	2.11	3.755
1017	125	2.24	4.236
1018	125	2.55	4.600
1019	125	2.75	3.987
1020	122	2.43	4.333
1021	125	1.85	4.744
1022	127	2.23	4.946
1023	124	2.14	4.675
1024	123	2.47	4.598
1025	120	2.15	3.494
1026	119	2.16	3.415
1027	117	1.93	3.960
1028	119	1.63	4.188
1029	120	2.65	3.855
1030	122	1.80	4.059
1031	121	1.86	4.306
1032	120	2.02	3.420
1033	117	2.52	3.772
1034	118	2.50	3.545
1035	117	2.20	3.250
1036	118	2.19	4.095
1037	121	2.56	4.066
1038	121	2.10	3.492
1039	121	1.78	4.314
1040	122	2.09	4.301
1041	121	2.12	4.207
1042	122	1.84	3.883
1043	122	2.44	3.877
1044	122	2.23	3.675
1045	121	2.27	4.446
1046	121	2.04	4.215
1047	121	2.59	4.319
1048	118	2.04	3.488
1049	119	2.47	3.958
1050	117	1.86	3.838
1051	117	1.67	3.698
1052	118	1.75	3.281
1053	118	2.33	3.900
1054	118	2.13	3.444
1055	120	1.74	3.816
1056	117	2.22	3.678
1057	116	1.79	3.327
1058	116	1.64	3.706
1059	113	1.49	3.692
1060	116	1.92	3.770
1061	113	2.01	2.891
1062	112	1.84	3.289
1063	110	1.73	2.654
1064	110	1.97	2.740
1065	113	1.91	2.942
1066	114	2.29	3.650
1067	116	2.54	3.405
1068	114	1.88	3.265
1069	113	2.45	3.143
1070	116	2.16	3.883
1071	114	1.75	3.135
1072	117	2.26	3.294
1073	119	2.57	3.808
1074	117	2.01	3.798
1075	118	1.67	3.214
1076	120	2.37	3.964
1077	118	2.16	3.828
1078	115	2.27	3.231
1079	118	2.54	3.518
1080	121	2.24	4.423
1081	121	2.34	3.815
1082	121	2.58	4.021
1083	123	2.48	4.621
1084	125	2.42	4.541
1085	126	1.83	4.703
1086	127	2.21	4.912
1087	126	2.37	4.765
1088	127	2.81	4.728
1089	127	1.88	4.259
1090	130	2.20	5.216
1091	128	2.74	4.470
1092	127	2.04	4.671
1093	125	2.47	4.819
1094	127	1.86	4.502
1095	126	2.15	4.490
1096	127	2.49	4.795
1097	124	2.55	4.121
1098	125	2.37	4.073
1099	126	2.26	4.124
1100	129	1.94	4.554
1101	127	2.53	4.315
1102	128	2.01	5.003
1103	131	2.26	5.442
1104	131	2.15	5.144
1105	130	2.06	5.128
1106	132	2.98	5.656
1107	131	2.84	5.406
1108	134	2.78	6.050
1109	131	2.64	5.499
1110	133	2.06	5.291
1111	131	2.18	5.705
1112	131	2.93	5.186
1113	128	2.03	4.706
1114	130	2.18	5.326
1115	128	2.32	4.430
1116	126	2.26	4.149
1117	124	2.73	4.781
1118	126	2.30	4.458
1119	125	2.35	4.739
1120	125	2.54	4.888
1121	126	2.19	4.919
1122	125	2.05	4.379
1123	126	2.41	4.488
1124	127	2.03	4.198
1125	124	2.20	3.875
1126	122	2.65	4.430
1127	121	1.77	3.902
1128	124	2.22	4.711
1129	123	2.70	3.750
1130	120	1.70	3.560
1131	120	2.21	3.749
1132	117	1.90	3.145
1133	118	1.79	3.719
1134	116	1.62	3.933
1135	116	2.36	3.352
1136	116	1.75	3.187
1137	113	1.55	2.911
1138	114	2.23	3.232
1139	112	1.64	3.583
1140	109	2.05	3.143
1141	109	1.84	2.657
1142	111	1.89	2.882
1143	114	1.69	3.468
1144	113	1.72	3.531
1145	115	2.15	3.371
1146	118	1.80	3.998
1147	116	2.03	3.287
1148	115	1.88	3.597
1149	116	2.18	3.038
1150	113	2.23	3.120
1151	110	1.82	3.321
1152	109	1.99	2.652
1153	108	2.15	2.507
1154	107	1.33	2.999
1155	107	2.32	2.915
1156	110	1.50	2.784
1157	112	2.37	3.575
1158	110	1.97	3.235
1159	107	1.52	3.106
1160	104	1.71	2.857
1161	104	1.39	2.288
1162	105	1.76	2.698
1163	103	1.62	2.414
1164	105	1.46	2.367
1165	105	1.88	2.601
1166	107	1.70	3.196
1167	104	1.62	2.058
1168	106	1.81	2.454
1169	103	1.96	2.522
1170	100	1.77	2.604
1171	101	2.04	2.634
1172	101	1.39	2.517
1173	99	1.54	1.970
1174	96	1.40	2.045
1175	94	1.26	2.014
1176	91	1.51	1.746
1177	90	1.98	2.025
1178	92	1.94	1.992
1179	92	1.43	1.969
1180	92	1.92	1.476
1181	90	1.86	1.571
1182	87	1.05	2.013
1183	84	1.51	1.411
1184	87	1.45	1.453
1185	87	1.80	1.637
1186	89	1.27	1.507
1187	91	1.23	1.684
1188	89	1.52	2.248
1189	90	1.63	1.537
1190	90	1.50	1.775
1191	87	1.08	2.079
1192	86	1.59	1.940
1193	86	1.54	1.998
1194	83	1.21	1.386
1195	80	0.96	1.506
1196	77	1.19	1.682
1197	78	1.55	1.142
1198	79	1.58	1.356
1199	78	1.41	1.043
1200	75	0.89	1.015
1201	77	1.54	1.119
1202	78	1.77	1.203
1203	79	1.39	1.451
1204	76	1.66	1.561
1205	77	1.15	1.116
1206	78	1.50	0.967
1207	81	1.67	1.792
1208	80	1.17	1.815
1209	79	1.48	1.560
1210	77	0.83	1.835
1211	80	1.48	1.854
1212	78	1.75	1.321
1213	75	1.39	1.658
1214	76	1.34	1.355
1215	75	1.45	1.435
1216	77	1.06	0.905
1217	74	1.04	1.492
1218	74	1.25	1.445
1219	71	1.67	1.350
1220	72	1.52	1.164
1221	69	1.09	1.396
1222	68	1.27	1.228
1223	69	1.21	1.161
1224	71	0.81	1.203
1225	68	1.66	1.658
1226	71	1.54	1.155
1227	72	1.60	0.784
1228	74	1.09	1.668
1229	73	0.99	1.719
1230	72	1.54	1.055
1231	73	1.39	0.998
1232	70	1.37	1.001
1233	68	1.62	1.198
1234	66	1.32	1.323
1235	68	1.39	1.543
1236	68	1.33	1.501
1237	65	1.07	1.544
1238	67	1.52	1.081
1239	69	0.89	0.807
1240	68	1.12	1.495
1241	66	1.57	1.251
1242	66	0.80	0.761
1243	68	1.39	1.028
1244	66	1.23	1.447
1245	64	1.53	0.884
1246	66	0.71	0.686
1247	64	1.23	1.383
1248	67	1.48	1.297
1249	67	0.70	1.120
1250	68	1.23	0.784
1251	70	0.98	1.450
1252	69	1.28	1.077
1253	70	0.82	0.867
1254	70	1.16	1.131
1255	69	1.64	1.439
1256	72	1.49	1.560
1257	75	1.43	1.505
1258	78	1.78	1.834
1259	75	1.11	1.330
1260	76	0.90	1.846
1261	75	1.37	0.895
1262	76	1.08	1.709
1263	78	1.81	1.744
1264	76	1.66	1.153
1265	77	1.44	1.234
1266	76	1.17	1.731
1267	75	1.36	1.420
1268	76	1.10	1.322
1269	75	1.54	1.743
1270	75	1.17	1.058
1271	75	1.45	0.857
1272	77	1.56	1.276
1273	80	1.04	1.835
1274	79	1.62	1.205
1275	78	1.21	1.541
1276	78	0.94	1.006
1277	78	1.79	1.683
1278	80	1.02	1.186
1279	83	1.64	1.143
1280	81	1.74	1.458
1281	79	1.22	1.030
1282	77	1.62	1.822
1283	75	1.02	1.623
1284	77	1.25	1.794
1285	77	1.16	1.232
1286	76	1.79	1.290
1287	77	1.54	1.193
1288	77	1.00	1.701
1289	74	1.66	1.178
1290	73	1.29	1.568
1291	72	1.68	1.002
1292	71	1.55	1.591
1293	71	0.99	0.766
1294	70	1.53	1.403
1295	69	1.20	0.868
1296	67	1.47	1.428
1297	68	1.62	1.321
1298	70	1.03	1.064
1299	71	0.93	1.604
1300	74	1.63	0.968
1301	77	1.62	1.362
1302	74	1.18	1.158
1303	73	1.68	0.806
1304	71	1.19	0.814
1305	74	1.05	1.441
1306	72	0.94	1.300
1307	71	1.62	0.908
1308	71	1.08	1.284
1309	72	0.98	0.792
1310	69	1.68	1.155
1311	70	0.98	1.449
1312	71	0.81	1.500
1313	74	1.37	1.434
1314	72	1.53	0.758
1315	71	1.00	0.967
1316	70	0.92	1.215
1317	69	0.89	1.579
1318	69	1.25	0.890
1319	66	1.52	0.785
1320	63	1.15	0.784
1321	65	1.44	1.446
1322	63	1.42	0.847
1323	66	1.52	1.215
1324	66	0.97	0.807
1325	63	1.58	0.950
1326	63	1.07	1.378
1327	62	1.29	1.534
1328	60	1.30	1.186
1329	59	0.99	1.348
1330	58	1.45	1.412
1331	57	1.52	0.560
1332	55	1.27	0.889
1333	56	0.92	1.320
1334	55	1.55	1.023
1335	53	0.94	0.526
1336	55	1.28	1.202
1337	53	1.43	1.279
1338	52	0.77	0.655
1339	50	0.71	0.529
1340	51	1.48	1.287
1341	52	1.26	0.615
1342	51	0.85	0.722
1343	52	0.70	1.027
1344	53	0.89	0.542
1345	53	1.13	0.765
1346	55	1.16	0.834
1347	57	1.56	0.790
1348	56	1.36	0.882
1349	58	1.22	0.529
1350	56	0.97	1.222
1351	54	1.11	0.808
1352	56	1.55	1.085
1353	57	1.51	0.553
1354	58	1.05	0.887
1355	57	1.15	1.218
1356	57	1.43	0.675
1357	54	0.96	0.696
1358	52	1.02	0.766
1359	54	0.82	0.737
1360	51	1.19	1.217
1361	54	1.47	1.272
1362	57	1.52	0.670
1363	60	1.34	0.990
1364	58	1.04	0.571
1365	59	1.08	1.477
1366	60	0.82	0.947
1367	62	1.60	1.058
1368	61	1.38	1.016
1369	58	0.97	1.035
1370	61	1.34	0.975
1371	58	1.48	0.988
1372	57	1.30	1.012
1373	56	1.53	0.681
1374	55	0.76	0.696
1375	55	1.53	1.030
1376	57	1.27	1.426
1377	59	0.66	0.838
1378	61	1.40	1.053
1379	64	0.73	1.273
1380	61	1.21	0.940
1381	62	1.47	1.460
1382	59	0.86	0.809
1383	56	1.42	1.114
1384	55	1.43	0.585
1385	53	0.93	0.544
1386	54	0.92	1.175
1387	55	1.29	1.021
1388	52	1.25	0.920
1389	52	0.81	0.691
1390	54	0.97	0.653
1391	53	0.59	0.712
1392	50	1.48	1.079
1393	50	0.88	0.966
1394	53	1.43	1.002
1395	56	0.91	0.651
1396	57	0.82	0.747
1397	60	0.89	0.954
1398	59	1.47	1.368
1399	62	1.25	0.736
1400	63	1.21	0.668
1401	64	1.25	1.152
1402	61	0.62	0.738
1403	64	1.45	1.446
1404	63	1.42	1.035
1405	60	1.21	0.704
1406	57	0.78	1.009
1407	54	0.82	0.898
1408	57	1.04	0.592
1409	60	1.25	1.458
1410	58	1.09	0.817
1411	57	0.98	0.617
1412	58	0.96	0.468
1413	59	1.04	1.087
1414	58	1.52	0.556
1415	59	1.25	1.023
1416	57	1.12	1.177
1417	54	0.96	1.043
1418	51	1.38	0.795
1419	52	0.69	0.755
1420	51	1.46	0.933
1421	52	0.59	1.139
1422	50	0.56	0.865
1423	52	1.38	1.057
1424	50	1.16	0.938
1425	51	0.55	0.914
1426	50	1.07	0.907
1427	53	0.93	0.730
1428	55	0.83	1.053
1429	57	1.56	0.843
1430	56	1.15	1.302
1431	54	1.26	0.486
1432	51	1.30	1.202
1433	54	0.80	1.222
1434	56	1.02	0.838
1435	59	1.18	1.099
1436	58	0.95	1.070
1437	55	0.68	1.040
1438	52	0.73	0.821
1439	55	1.19	1.029
1440	56	0.77	0.573
1441	57	0.85	1.287
1442	57	1.01	1.384
1443	54	0.68	0.407
1444	52	1.32	0.447
1445	54	1.40	1.333
1446	55	1.16	0.679
1447	52	1.36	0.753
1448	50	0.80	0.592
1449	50	1.47	0.833
1450	52	0.59	0.839
1451	53	1.38	0.827
1452	53	0.83	1.287
1453	50	0.73	0.814
1454	50	1.17	1.103
1455	50	1.23	1.242
1456	50	0.91	1.005
1457	50	0.76	1.049
1458	50	0.76	1.103
1459	50	1.46	0.640
1460	53	1.15	0.950
1461	56	1.55	1.000
1462	53	0.85	1.257
1463	51	0.71	0.781
1464	54	1.36	0.553
1465	56	0.97	0.756
1466	56	0.60	0.955
1467	58	0.63	1.385
1468	55	0.65	1.221
1469	53	0.63	1.022
1470	51	0.61	0.609
1471	50	1.10	0.847
1472	50	1.24	0.417
1473	50	1.37	0.606
1474	50	1.17	0.927
1475	50	0.67	1.263
1476	53	0.75	0.711
1477	56	0.96	0.713
1478	54	1.25	1.305
1479	51	1.31	0.750
1480	52	0.98	0.966
1481	55	0.95	0.978
1482	58	1.24	0.801
1483	60	0.88	1.098
1484	57	1.07	0.893
1485	60	1.43	1.444
1486	62	1.56	1.384
1487	60	1.21	1.097
1488	63	1.43	0.627
1489	65	0.79	0.738
1490	65	1.34	0.839
1491	67	1.57	1.255
1492	67	1.27	0.917
1493	69	0.99	0.847
1494	70	1.70	0.714
1495	68	1.28	1.038
1496	69	1.10	0.668
1497	68	1.27	1.340
1498	70	0.98	1.640
1499	72	0.85	1.328
1500	73	1.09	0.906
